# Simulation:  ..\ModelFiles\t3700_s1500_p44.3355
# TRAPPIST-1 e, 1.00% N2, 0.00% CO2, 0.00% CH4
# Mean Vertical Profile
# Mass mixing ratios (kg/kg) relative to the moist air mass (i.e dry air mass + water vapor mass)
# Pressure are total pressure (i.e P_dry + P_h2o)
# Surf Press (mb)    Surf Temp (K)        Surf Albedo          Dry Molar Weight     Phase
#1.0066584           #236.4373996         #0.0080850           #28.0000000          #195.0000000         
# Lev          Height (m)      Pressure (bar)     Temperature (K)            N2 (vmr)           CO2 (vmr)           CH4 (vmr)           H2O (vmr)       Liquid Clouds          Ice Clouds         Liquid Size            Ice Size
    0       63014.8516540           0.0009559         191.2786852           0.9999781       0.0000000E+00       0.0000000E+00       2.1941036E-05       0.0000000E+00       1.2619089E-18              14.000              11.121
    1       60939.2172299           0.0012448         190.9476651           0.9999782       0.0000000E+00       0.0000000E+00       2.1830173E-05       0.0000000E+00       2.1140779E-10              14.000              11.070
    2       58910.4549641           0.0016128         190.0862898           0.9999780       0.0000000E+00       0.0000000E+00       2.1953789E-05       0.0000000E+00       1.3768753E-09              14.000              10.559
    3       56929.9570619           0.0020793         189.2662320           0.9999777       0.0000000E+00       0.0000000E+00       2.2270684E-05       0.0000000E+00       7.8876621E-09              14.000              10.056
    4       54994.1645013           0.0026674         188.8954967           0.9999773       0.0000000E+00       0.0000000E+00       2.2740467E-05       0.0000000E+00       2.1858793E-08              14.000               9.872
    5       53099.3627584           0.0034049         188.7856972           0.9999769       0.0000000E+00       0.0000000E+00       2.3102883E-05       0.0000000E+00       4.7515835E-08              14.000               9.814
    6       51241.9508850           0.0043246         189.1093170           0.9999764       0.0000000E+00       0.0000000E+00       2.3602229E-05       0.0000000E+00       8.6175565E-08              14.000               9.972
    7       49417.8620159           0.0054654         189.8560163           0.9999757       0.0000000E+00       0.0000000E+00       2.4321890E-05       0.0000000E+00       1.3600172E-07              14.000              10.377
    8       47623.9975263           0.0068729         190.9136386           0.9999744       0.0000000E+00       0.0000000E+00       2.5564165E-05       0.0000000E+00       1.8603375E-07              14.000              10.977
    9       45857.8082671           0.0085997         192.3127561           0.9999723       0.0000000E+00       0.0000000E+00       2.7695977E-05       0.0000000E+00       2.2595565E-07              14.000              11.833
   10       44116.8892383           0.0107070         194.0083532           0.9999688       0.0000000E+00       0.0000000E+00       3.1152616E-05       0.0000000E+00       2.6481119E-07              14.000              12.965
   11       42398.1697758           0.0132648         196.1749169           0.9999623       0.0000000E+00       0.0000000E+00       3.7657126E-05       0.0000000E+00       2.9074460E-07              14.000              14.574
   12       40697.1386308           0.0163518         199.0728857           0.9999509       0.0000000E+00       0.0000000E+00       4.9099167E-05       0.0000000E+00       2.9538444E-07              14.000              17.042
   13       39008.2530399           0.0200568         202.8423024           0.9999326       0.0000000E+00       0.0000000E+00       6.7352039E-05       0.0000000E+00       2.5284441E-07              14.000              20.821
   14       37326.8860801           0.0244790         207.2293771           0.9999075       0.0000000E+00       0.0000000E+00       9.2464033E-05       4.2752278E-41       1.7980264E-07              14.000              25.528
   15       35650.5375024           0.0297280         212.0642429           0.9998731       0.0000000E+00       0.0000000E+00       1.2688956E-04       1.6417958E-33       1.4138126E-07              14.000              29.647
   16       33979.0528528           0.0359233         217.0319564           0.9998247       0.0000000E+00       0.0000000E+00       1.7533829E-04       6.8475605E-35       1.4712892E-07              14.000              32.702
   17       32314.1074256           0.0431938         222.0201827           0.9997592       0.0000000E+00       0.0000000E+00       2.4077450E-04       2.4772386E-22       1.4481209E-07              14.000              35.501
   18       30658.3315969           0.0516775         226.8843453           0.9996758       0.0000000E+00       0.0000000E+00       3.2417752E-04       6.9915285E-13       1.2480571E-07              14.000              38.545
   19       29015.2076525           0.0615205         231.4470767           0.9995785       0.0000000E+00       0.0000000E+00       4.2150085E-04       3.7930634E-10       1.0207738E-07              14.000              41.998
   20       27389.4410837           0.0728745         235.4645928           0.9994664       0.0000000E+00       0.0000000E+00       5.3360291E-04       3.3760465E-09       1.0015477E-07              14.000              46.185
   21       25808.4621519           0.0857051         238.8409498           0.9993442       0.0000000E+00       0.0000000E+00       6.5580219E-04       1.0363362E-08       1.0188623E-07              14.000              51.500
   22       24219.0685402           0.1006671         241.6679544           0.9991992       0.0000000E+00       0.0000000E+00       8.0078218E-04       2.2216761E-08       1.1156891E-07              14.000              57.862
   23       22588.5692034           0.1185256         244.0855052           0.9990395       0.0000000E+00       0.0000000E+00       9.6048152E-04       4.1053858E-08       1.3452838E-07              14.000              65.024
   24       20943.7991231           0.1395351         246.2813369           0.9988781       0.0000000E+00       0.0000000E+00       1.1219308E-03       6.2172104E-08       1.3817222E-07              14.000              73.079
   25       19285.5100280           0.1642518         248.3954903           0.9987094       0.0000000E+00       0.0000000E+00       1.2906422E-03       7.0817371E-08       1.0443190E-07              14.000              81.968
   26       17613.6674135           0.1933297         250.5266306           0.9985432       0.0000000E+00       0.0000000E+00       1.4567896E-03       7.9468986E-08       7.8821278E-08              14.000              91.693
   27       15928.2053840           0.2275383         252.6337773           0.9983562       0.0000000E+00       0.0000000E+00       1.6438420E-03       1.1381237E-07       7.8435075E-08              14.000             101.968
   28       14229.1226546           0.2677831         254.7647762           0.9981596       0.0000000E+00       0.0000000E+00       1.8404197E-03       1.4154430E-07       6.9135457E-08              14.000             112.951
   29       12516.0831904           0.3151288         256.9701875           0.9979525       0.0000000E+00       0.0000000E+00       2.0475480E-03       1.6049481E-07       5.5714352E-08              14.000             124.944
   30       10788.2781005           0.3708287         259.3236060           0.9977382       0.0000000E+00       0.0000000E+00       2.2618239E-03       2.0712093E-07       4.5213082E-08              14.000             138.522
   31        9045.0057453           0.4363567         261.7147000           0.9974215       0.0000000E+00       0.0000000E+00       2.5784650E-03       4.5981302E-07       5.4329883E-08              14.000             153.266
   32        7285.9575813           0.5134470         264.1891993           0.9971023       0.0000000E+00       0.0000000E+00       2.8976864E-03       9.8746893E-07       4.9222986E-08              14.000             169.725
   33        5511.2851397           0.6041398         266.5570081           0.9967063       0.0000000E+00       0.0000000E+00       3.2937056E-03       2.3619719E-06       1.7690250E-08              14.000             186.787
   34        3876.6821732           0.7010787         267.9231730           0.9965787       0.0000000E+00       0.0000000E+00       3.4213428E-03       4.4182097E-06       5.7498000E-09              14.000             197.315
   35        2526.3542831           0.7926141         267.1737156           0.9964356       0.0000000E+00       0.0000000E+00       3.5644352E-03       1.0020350E-05       4.2421403E-08              14.000             191.715
   36        1480.4224994           0.8726231         260.6696677           0.9976095       0.0000000E+00       0.0000000E+00       2.3905075E-03       2.9029964E-05       2.2737714E-06              14.000             146.867
   37         742.5680143           0.9355440         252.8356243           0.9989202       0.0000000E+00       0.0000000E+00       1.0798230E-03       1.2948315E-05       5.8799761E-06              14.000             103.042
   38         298.5088557           0.9767333         245.4453867           0.9994847       0.0000000E+00       0.0000000E+00       5.1534955E-04       8.7717075E-06       1.0049579E-05              14.000              70.015
   39          73.5997032           0.9988829         238.1630565           0.9997257       0.0000000E+00       0.0000000E+00       2.7429353E-04       5.3428198E-06       1.0092408E-05              14.000              52.853
