# Simulation:  ..\ModelFiles\t3700_s1500_p44.3355
# TRAPPIST-1 e, 1.00% N2, 0.00% CO2, 0.00% CH4
# Mean Vertical Profile
# Mass mixing ratios (kg/kg) relative to the moist air mass (i.e dry air mass + water vapor mass)
# Pressure are total pressure (i.e P_dry + P_h2o)
# Surf Press (mb)    Surf Temp (K)        Surf Albedo          Dry Molar Weight     Phase
#1.0047641           #244.4755188         #0.1165310           #28.0000000          #240.0000000         
# Lev          Height (m)      Pressure (bar)     Temperature (K)            N2 (vmr)           CO2 (vmr)           CH4 (vmr)           H2O (vmr)       Liquid Clouds          Ice Clouds         Liquid Size            Ice Size
    0       63009.7680792           0.0009559         190.9965306           0.9999780       0.0000000E+00       0.0000000E+00       2.1952279E-05       0.0000000E+00       2.0475588E-18              14.000              10.943
    1       60934.9671123           0.0012448         190.8885703           0.9999782       0.0000000E+00       0.0000000E+00       2.1827991E-05       0.0000000E+00       2.5619993E-10              14.000              11.006
    2       58905.4361789           0.0016128         190.1637691           0.9999781       0.0000000E+00       0.0000000E+00       2.1931262E-05       0.0000000E+00       2.1337944E-09              14.000              10.622
    3       56923.5120758           0.0020793         189.3984200           0.9999778       0.0000000E+00       0.0000000E+00       2.2220234E-05       0.0000000E+00       9.3222476E-09              14.000              10.150
    4       54986.9367101           0.0026674         188.9274152           0.9999775       0.0000000E+00       0.0000000E+00       2.2538014E-05       0.0000000E+00       2.4553948E-08              14.000               9.901
    5       53092.2530728           0.0034049         188.6974320           0.9999773       0.0000000E+00       0.0000000E+00       2.2713125E-05       0.0000000E+00       5.0152529E-08              14.000               9.785
    6       51235.3604511           0.0043246         189.0248671           0.9999769       0.0000000E+00       0.0000000E+00       2.3097099E-05       0.0000000E+00       8.9888756E-08              14.000               9.941
    7       49412.0317732           0.0054654         189.7301779           0.9999762       0.0000000E+00       0.0000000E+00       2.3799434E-05       0.0000000E+00       1.4252671E-07              14.000              10.317
    8       47619.2361338           0.0068729         190.7430094           0.9999750       0.0000000E+00       0.0000000E+00       2.5016074E-05       0.0000000E+00       2.1145740E-07              14.000              10.884
    9       45854.4005081           0.0085997         192.1205389           0.9999728       0.0000000E+00       0.0000000E+00       2.7191252E-05       0.0000000E+00       2.8193451E-07              14.000              11.718
   10       44115.2436503           0.0107070         193.7618936           0.9999692       0.0000000E+00       0.0000000E+00       3.0774863E-05       0.0000000E+00       3.7107809E-07              14.000              12.801
   11       42398.8697729           0.0132648         195.8973539           0.9999620       0.0000000E+00       0.0000000E+00       3.7980255E-05       0.0000000E+00       4.8020107E-07              14.000              14.367
   12       40700.5745480           0.0163518         198.8144967           0.9999484       0.0000000E+00       0.0000000E+00       5.1648180E-05       2.0208083E-34       6.0528394E-07              14.000              16.818
   13       39014.4269933           0.0200568         202.6429849           0.9999251       0.0000000E+00       0.0000000E+00       7.4884685E-05       1.5492686E-28       7.2176058E-07              14.000              20.619
   14       37335.6692893           0.0244790         207.0565131           0.9998898       0.0000000E+00       0.0000000E+00       1.1024128E-04       1.2626649E-26       8.4910415E-07              14.000              25.350
   15       35661.4106221           0.0297280         211.9790537           0.9998326       0.0000000E+00       0.0000000E+00       1.6737264E-04       2.5620329E-26       1.0918554E-06              14.000              29.588
   16       33990.7681347           0.0359233         217.0679474           0.9997392       0.0000000E+00       0.0000000E+00       2.6075838E-04       3.0795449E-26       1.4431966E-06              14.000              32.723
   17       32325.2236875           0.0431938         222.1354299           0.9996078       0.0000000E+00       0.0000000E+00       3.9218551E-04       6.5481257E-13       1.6379177E-06              14.000              35.568
   18       30667.9922810           0.0516775         226.9849508           0.9994506       0.0000000E+00       0.0000000E+00       5.4939338E-04       2.3367351E-09       1.6020054E-06              14.000              38.603
   19       29023.2635217           0.0615205         231.5299355           0.9992909       0.0000000E+00       0.0000000E+00       7.0906503E-04       5.7692779E-08       1.5112600E-06              14.000              42.036
   20       27396.0627153           0.0728745         235.5590358           0.9991510       0.0000000E+00       0.0000000E+00       8.4900632E-04       2.0782249E-07       1.4303688E-06              14.000              46.180
   21       25816.1345398           0.0856852         238.9633623           0.9990346       0.0000000E+00       0.0000000E+00       9.6539717E-04       3.6425307E-07       1.2475400E-06              14.000              51.475
   22       24229.4883544           0.1006037         241.8142376           0.9989141       0.0000000E+00       0.0000000E+00       1.0858879E-03       4.2053258E-07       9.5418965E-07              14.000              57.890
   23       22601.1958477           0.1184111         244.2445718           0.9987838       0.0000000E+00       0.0000000E+00       1.2162297E-03       3.8905178E-07       6.6161206E-07              14.000              65.098
   24       20958.2898496           0.1393605         246.4313822           0.9986548       0.0000000E+00       0.0000000E+00       1.3451841E-03       3.4449432E-07       4.5163395E-07              14.000              73.311
   25       19301.7044016           0.1640065         248.5322160           0.9985223       0.0000000E+00       0.0000000E+00       1.4777443E-03       3.0552780E-07       2.9858257E-07              14.000              82.371
   26       17631.6408251           0.1930012         250.6113764           0.9983812       0.0000000E+00       0.0000000E+00       1.6188170E-03       2.9245606E-07       2.1313766E-07              14.000              91.977
   27       15948.0743972           0.2271120         252.6599539           0.9981936       0.0000000E+00       0.0000000E+00       1.8064001E-03       3.5569735E-07       1.9617458E-07              14.000             102.028
   28       14250.8657220           0.2672415         254.7280916           0.9979382       0.0000000E+00       0.0000000E+00       2.0618262E-03       6.2819548E-07       2.5372240E-07              14.000             112.713
   29       12539.5850698           0.3144518         256.8890270           0.9975870       0.0000000E+00       0.0000000E+00       2.4129893E-03       1.5862654E-06       4.2193989E-07              14.000             124.459
   30       10813.4180573           0.3699923         259.2130411           0.9971939       0.0000000E+00       0.0000000E+00       2.8061465E-03       4.1313248E-06       6.1481364E-07              14.000             137.835
   31        9071.7437469           0.4353328         261.5734802           0.9967346       0.0000000E+00       0.0000000E+00       3.2654451E-03       1.0859849E-05       6.6380137E-07              14.000             152.342
   32        7314.3433279           0.5122026         263.9686466           0.9963528       0.0000000E+00       0.0000000E+00       3.6472421E-03       2.1767996E-05       2.4484632E-07              14.000             168.202
   33        5540.8886355           0.6026359         266.4786713           0.9959459       0.0000000E+00       0.0000000E+00       4.0541250E-03       2.2364951E-05       4.0003873E-08              14.000             186.224
   34        3906.3544040           0.6992974         268.0583064           0.9958833       0.0000000E+00       0.0000000E+00       4.1167439E-03       1.7115800E-05       6.9922666E-09              14.000             198.417
   35        2554.4056256           0.7905709         268.1147594           0.9958890       0.0000000E+00       0.0000000E+00       4.1109652E-03       1.6134796E-05       1.2789106E-08              14.000             198.960
   36        1504.1071919           0.8703511         262.3659799           0.9971608       0.0000000E+00       0.0000000E+00       2.8391666E-03       3.8459525E-05       1.5984337E-06              14.000             157.977
   37         759.1459687           0.9330920         255.0067167           0.9985501       0.0000000E+00       0.0000000E+00       1.4498641E-03       1.8153424E-05       5.2222060E-06              14.000             115.355
   38         307.4030688           0.9741634         249.3714470           0.9989956       0.0000000E+00       0.0000000E+00       1.0043955E-03       1.0033463E-05       8.5927554E-06              14.000              90.265
   39          76.2311549           0.9962513         245.1557538           0.9991412       0.0000000E+00       0.0000000E+00       8.5884115E-04       5.9578790E-06       8.3585358E-06              14.000              80.684
