# Simulation:  C:\Users\dgatl_000\OneDrive\College\Senior_1\Wolf\ModelFiles\trappist1e_1barN2_0.4barCO2_aqua
# TRAPPIST-1 e, 0.71% N2, 0.29% CO2, 0.00% CH4
# Mean Vertical Profile
# Mass mixing ratios (kg/kg) relative to the moist air mass (i.e dry air mass + water vapor mass)
# Pressure are total pressure (i.e P_dry + P_h2o)
# Surf Press (mb)    Surf Temp (K)        Surf Albedo          Dry Molar Weight     Phase
#1.4034739           #312.8481777         #0.0589476           #32.5714286          #15.0000000          
# Lev          Height (m)      Pressure (bar)     Temperature (K)            N2 (vmr)           CO2 (vmr)           CH4 (vmr)           H2O (vmr)       Liquid Clouds          Ice Clouds         Liquid Size            Ice Size
    0       56638.7480364           0.0009559         182.2016148           0.7142826       2.8571303E-01       0.0000000E+00       4.4122207E-06       0.0000000E+00       4.9777682E-10              14.000               7.394
    1       54948.4219718           0.0012448         181.0429379           0.7142827       2.8571310E-01       0.0000000E+00       4.1556320E-06       0.0000000E+00       7.1198146E-09              14.000               7.071
    2       53292.4799043           0.0016128         181.3630582           0.7142829       2.8571315E-01       0.0000000E+00       3.9890189E-06       0.0000000E+00       1.2609904E-08              14.000               7.193
    3       51658.0368397           0.0020793         183.1480478           0.7142828       2.8571312E-01       0.0000000E+00       4.0919843E-06       0.0000000E+00       1.4804132E-08              14.000               7.763
    4       50037.3442355           0.0026674         185.4147697           0.7142825       2.8571300E-01       0.0000000E+00       4.4986392E-06       0.0000000E+00       1.4696404E-08              14.000               8.647
    5       48429.8003892           0.0034049         187.5388512           0.7142820       2.8571279E-01       0.0000000E+00       5.2186328E-06       0.0000000E+00       1.4740316E-08              14.000               9.629
    6       46838.4043382           0.0043246         189.2659852           0.7142814       2.8571257E-01       0.0000000E+00       5.9989949E-06       3.9759178E-38       1.5246555E-08              14.000              10.517
    7       45267.0166103           0.0054654         190.5796517           0.7142810       2.8571238E-01       0.0000000E+00       6.6571593E-06       1.3120285E-32       1.6964296E-08              14.000              11.230
    8       43718.9754813           0.0068729         191.6126898           0.7142806       2.8571223E-01       0.0000000E+00       7.1945642E-06       6.6821132E-29       1.9878596E-08              14.000              11.808
    9       42195.8729131           0.0085997         192.6612062           0.7142802       2.8571208E-01       0.0000000E+00       7.7310409E-06       4.1190882E-29       2.3746498E-08              14.000              12.425
   10       40696.8865484           0.0107070         194.0243392           0.7142797       2.8571189E-01       0.0000000E+00       8.3724859E-06       6.0571906E-31       2.6303159E-08              14.000              13.308
   11       39220.0474589           0.0132648         195.7518737           0.7142792       2.8571168E-01       0.0000000E+00       9.1104489E-06       0.0000000E+00       2.4340332E-08              14.000              14.554
   12       37764.4802319           0.0163518         197.6199243           0.7142787       2.8571147E-01       0.0000000E+00       9.8416504E-06       0.0000000E+00       1.9962438E-08              14.000              16.047
   13       36331.0925577           0.0200568         199.3640178           0.7142783       2.8571130E-01       0.0000000E+00       1.0441326E-05       1.9770918E-38       1.5275250E-08              14.000              17.553
   14       34922.2461268           0.0244790         200.7390520           0.7142779       2.8571118E-01       0.0000000E+00       1.0876152E-05       1.4934604E-26       1.2423517E-08              14.000              18.794
   15       33541.5637182           0.0297280         201.4742826           0.7142778       2.8571110E-01       0.0000000E+00       1.1149360E-05       1.5664289E-23       1.9492661E-08              14.000              19.497
   16       32192.4862003           0.0359233         201.7028430           0.7142776       2.8571104E-01       0.0000000E+00       1.1370508E-05       1.7000039E-22       7.1756950E-08              14.000              19.798
   17       30875.6665855           0.0431938         202.1220159           0.7142772       2.8571089E-01       0.0000000E+00       1.1896317E-05       1.2108665E-23       2.0741108E-07              14.000              20.278
   18       29588.4171131           0.0516775         203.2717395           0.7142764       2.8571055E-01       0.0000000E+00       1.3087863E-05       1.5119812E-25       3.9842879E-07              14.000              21.380
   19       28327.0509875           0.0615205         205.1919816           0.7142746       2.8570985E-01       0.0000000E+00       1.5523453E-05       5.8485331E-25       6.3739020E-07              14.000              23.174
   20       27088.1517171           0.0728745         207.8869305           0.7142710       2.8570839E-01       0.0000000E+00       2.0645931E-05       3.2774253E-23       9.5640503E-07              14.000              25.733
   21       25623.8896311           0.0887055         212.2272653           0.7142616       2.8570465E-01       0.0000000E+00       3.3743560E-05       2.3909234E-24       1.4399386E-06              14.000              29.587
   22       23971.0646831           0.1101975         218.2135372           0.7142386       2.8569544E-01       0.0000000E+00       6.5962558E-05       2.2348107E-09       2.1831062E-06              14.000              33.400
   23       22336.2466999           0.1357383         225.0369913           0.7141880       2.8567521E-01       0.0000000E+00       1.3679344E-04       2.0099012E-07       2.8784053E-06              14.000              37.466
   24       20718.7428452           0.1657857         232.2186119           0.7140949       2.8563798E-01       0.0000000E+00       2.6712648E-04       1.9403225E-06       3.6776095E-06              14.000              43.311
   25       19106.6267675           0.2011349         239.4515864           0.7139472       2.8557895E-01       0.0000000E+00       4.7389219E-04       5.8178278E-06       3.5653153E-06              14.000              55.148
   26       17492.2700861           0.2427214         246.5832106           0.7137128       2.8548536E-01       0.0000000E+00       8.0187606E-04       1.1057045E-05       2.5385608E-06              14.000              78.065
   27       15870.2972714           0.2916458         253.5790090           0.7133153       2.8532687E-01       0.0000000E+00       1.3577804E-03       1.5591642E-05       1.6606437E-06              14.000             109.960
   28       14236.2419107           0.3492029         260.4394834           0.7127050       2.8508397E-01       0.0000000E+00       2.2109969E-03       1.6231516E-05       9.8795753E-07              14.000             148.800
   29       12585.1280711           0.4169157         267.5153742           0.7118842       2.8475816E-01       0.0000000E+00       3.3576788E-03       1.1932540E-05       3.8724571E-07              14.000             195.473
   30       10910.9660491           0.4965764         275.0776647           0.7108502       2.8434924E-01       0.0000000E+00       4.8006080E-03       6.5649292E-06       8.7394916E-08              14.000             231.063
   31        9208.2365140           0.5902930         283.0216244           0.7093572       2.8376171E-01       0.0000000E+00       6.8810559E-03       4.5533409E-06       9.5543067E-09              14.000             242.896
   32        7473.1808414           0.7005457         291.0901259           0.7072135       2.8292392E-01       0.0000000E+00       9.8625875E-03       3.5832282E-06       1.4004692E-10              14.000             245.353
   33        5704.4765166           0.8302524         298.9093748           0.7044582       2.8185719E-01       0.0000000E+00       1.3684565E-02       2.4743743E-06       8.9543585E-28              14.000             245.784
   34        4059.6669901           0.9688922         305.3706029           0.7015634       2.8074833E-01       0.0000000E+00       1.7688294E-02       2.5458599E-06       2.9331691E-30              14.000             245.805
   35        2686.2271802           1.0998040         309.6759978           0.6990810       2.7980701E-01       0.0000000E+00       2.1111953E-02       3.2120487E-06       7.3027581E-34              14.000             245.806
   36        1602.8833581           1.2142311         311.8498825           0.6964160       2.7880603E-01       0.0000000E+00       2.4777997E-02       3.1825747E-06       3.4440829E-32              14.000             245.804
   37         817.5712890           1.3042191         312.6268771           0.6913803       2.7694121E-01       0.0000000E+00       3.1678475E-02       4.2622141E-06       1.8641343E-30              14.000             245.806
   38         332.2725437           1.3631270         313.0927133           0.6866881       2.7523393E-01       0.0000000E+00       3.8078006E-02       6.2133383E-06       1.6538195E-28              14.000             245.806
   39          82.0386158           1.3945496         313.4808491           0.6849308       2.7460188E-01       0.0000000E+00       4.0467351E-02       4.1893417E-06       6.4110708E-28              14.000             245.804
