# Simulation:  C:\Users\dgatl_000\OneDrive\College\Senior_1\Wolf\ModelFiles\trappist1e_1barN2_0.4barCO2_aqua
# TRAPPIST-1 e, 0.71% N2, 0.29% CO2, 0.00% CH4
# Mean Vertical Profile
# Mass mixing ratios (kg/kg) relative to the moist air mass (i.e dry air mass + water vapor mass)
# Pressure are total pressure (i.e P_dry + P_h2o)
# Surf Press (mb)    Surf Temp (K)        Surf Albedo          Dry Molar Weight     Phase
#1.4037384           #311.7273971         #0.0591464           #32.5714286          #335.0000000         
# Lev          Height (m)      Pressure (bar)     Temperature (K)            N2 (vmr)           CO2 (vmr)           CH4 (vmr)           H2O (vmr)       Liquid Clouds          Ice Clouds         Liquid Size            Ice Size
    0       56785.3177892           0.0009559         184.1782647           0.7142826       2.8571302E-01       0.0000000E+00       4.4169037E-06       0.0000000E+00       1.3584710E-10              14.000               7.883
    1       55082.5100672           0.0012448         182.7311629           0.7142827       2.8571308E-01       0.0000000E+00       4.2238156E-06       0.0000000E+00       3.7324433E-09              14.000               7.455
    2       53414.6277025           0.0016128         182.8275045           0.7142828       2.8571310E-01       0.0000000E+00       4.1345513E-06       0.0000000E+00       8.5438279E-09              14.000               7.553
    3       51768.6766071           0.0020793         184.6001355           0.7142826       2.8571305E-01       0.0000000E+00       4.3421476E-06       0.0000000E+00       1.0974838E-08              14.000               8.212
    4       50136.7344847           0.0026674         186.8911105           0.7142823       2.8571290E-01       0.0000000E+00       4.8407122E-06       0.0000000E+00       1.1029427E-08              14.000               9.229
    5       48518.5670595           0.0034049         188.9528844           0.7142817       2.8571268E-01       0.0000000E+00       5.6168729E-06       0.0000000E+00       1.1268864E-08              14.000              10.300
    6       46917.8947648           0.0043246         190.4669846           0.7142812       2.8571246E-01       0.0000000E+00       6.3826390E-06       7.1694967E-38       1.2246677E-08              14.000              11.166
    7       45339.2634637           0.0054654         191.4511790           0.7142807       2.8571228E-01       0.0000000E+00       7.0072078E-06       2.3502913E-32       1.4537517E-08              14.000              11.745
    8       43786.2569015           0.0068729         192.1492224           0.7142803       2.8571213E-01       0.0000000E+00       7.5282340E-06       1.1385525E-28       1.8202802E-08              14.000              12.147
    9       42260.0819129           0.0085997         192.9928425           0.7142799       2.8571198E-01       0.0000000E+00       8.0765744E-06       7.4329075E-29       2.2945782E-08              14.000              12.650
   10       40759.0508885           0.0107070         194.3429598           0.7142795       2.8571179E-01       0.0000000E+00       8.7412891E-06       1.3038738E-30       2.5711612E-08              14.000              13.544
   11       39280.3287291           0.0132648         196.1867360           0.7142789       2.8571157E-01       0.0000000E+00       9.4906696E-06       0.0000000E+00       2.3171312E-08              14.000              14.911
   12       37822.6276731           0.0163518         198.1641281           0.7142784       2.8571137E-01       0.0000000E+00       1.0191444E-05       0.0000000E+00       1.8758024E-08              14.000              16.536
   13       36387.0075872           0.0200568         199.8940293           0.7142781       2.8571122E-01       0.0000000E+00       1.0714671E-05       1.7424888E-38       1.4456854E-08              14.000              18.063
   14       34976.3886362           0.0244790         201.0733281           0.7142778       2.8571113E-01       0.0000000E+00       1.1050359E-05       1.4938369E-26       1.2554775E-08              14.000              19.135
   15       33595.1142041           0.0297280         201.4853509           0.7142777       2.8571108E-01       0.0000000E+00       1.1218610E-05       3.5855383E-23       2.2771028E-08              14.000              19.540
   16       32247.2708454           0.0359233         201.3647644           0.7142776       2.8571104E-01       0.0000000E+00       1.1355378E-05       2.8562330E-22       8.3826345E-08              14.000              19.509
   17       30933.7067863           0.0431938         201.5087628           0.7142772       2.8571089E-01       0.0000000E+00       1.1875833E-05       1.4758637E-22       2.3927883E-07              14.000              19.707
   18       29651.2217352           0.0516775         202.4302799           0.7142763       2.8571052E-01       0.0000000E+00       1.3181366E-05       2.5012304E-25       4.8028498E-07              14.000              20.566
   19       28395.1041267           0.0615205         204.1935430           0.7142743       2.8570973E-01       0.0000000E+00       1.5939636E-05       7.3466740E-25       8.1436182E-07              14.000              22.211
   20       27161.0637820           0.0728745         206.8746202           0.7142700       2.8570799E-01       0.0000000E+00       2.2029162E-05       3.7048678E-23       1.2893346E-06              14.000              24.814
   21       25701.3849962           0.0887058         211.4445109           0.7142579       2.8570314E-01       0.0000000E+00       3.9000386E-05       3.1034653E-24       2.0767504E-06              14.000              29.006
   22       24051.6703120           0.1101987         217.9669933           0.7142258       2.8569034E-01       0.0000000E+00       8.3815115E-05       2.3288899E-09       3.3338100E-06              14.000              33.258
   23       22416.9278416           0.1357404         225.4287054           0.7141539       2.8566158E-01       0.0000000E+00       1.8451729E-04       2.7278967E-07       4.5941575E-06              14.000              37.724
   24       20796.5125070           0.1657889         233.0957915           0.7140248       2.8560998E-01       0.0000000E+00       3.6521308E-04       2.8986080E-06       6.2543263E-06              14.000              44.231
   25       19179.1541363           0.2011394         240.6220656           0.7138282       2.8553144E-01       0.0000000E+00       6.4036740E-04       9.0872254E-06       6.4684001E-06              14.000              57.511
   26       17557.9819710           0.2427275         247.8420063           0.7135354       2.8541461E-01       0.0000000E+00       1.0499728E-03       1.7120578E-05       4.2637679E-06              14.000              82.201
   27       15928.4931538           0.2916537         254.7514517           0.7130592       2.8522487E-01       0.0000000E+00       1.7158979E-03       2.3668661E-05       2.1588201E-06              14.000             115.168
   28       14286.9955467           0.3492128         261.4525820           0.7123650       2.8494888E-01       0.0000000E+00       2.6861020E-03       2.3335435E-05       7.6677593E-07              14.000             154.447
   29       12628.8806704           0.4169281         268.3992492           0.7114720       2.8459496E-01       0.0000000E+00       3.9330425E-03       1.5666095E-05       1.8338216E-07              14.000             201.296
   30       10948.1384019           0.4965917         275.9071476           0.7103424       2.8414905E-01       0.0000000E+00       5.5085066E-03       7.8467736E-06       3.3042706E-08              14.000             234.794
   31        9239.0291000           0.5903117         283.8761079           0.7086679       2.8349158E-01       0.0000000E+00       7.8404796E-03       5.0513495E-06       3.9003808E-09              14.000             243.949
   32        7497.5841934           0.7005686         292.0239150           0.7063142       2.8257451E-01       0.0000000E+00       1.1111308E-02       4.0242064E-06       5.5087235E-11              14.000             245.510
   33        5722.3261795           0.8302800         299.9354358           0.7033476       2.8143035E-01       0.0000000E+00       1.5222010E-02       2.7833980E-06       3.3462404E-28              14.000             245.791
   34        4071.3181223           0.9689249         306.4619777           0.7003571       2.8028981E-01       0.0000000E+00       1.9353102E-02       2.6163917E-06       8.5940701E-31              14.000             245.804
   35        2692.6764391           1.0998415         310.7457496           0.6981437       2.7945384E-01       0.0000000E+00       2.2402445E-02       2.9365905E-06       3.4054855E-34              14.000             245.805
   36        1605.5549336           1.2142727         312.6255647           0.6962448       2.7874207E-01       0.0000000E+00       2.5013141E-02       2.6528348E-06       3.3347041E-32              14.000             245.804
   37         818.2230823           1.3042641         312.6512492           0.6923795       2.7730853E-01       0.0000000E+00       3.0311921E-02       3.5898393E-06       2.5307789E-30              14.000             245.805
   38         332.3094137           1.3631742         312.3605020           0.6879772       2.7570013E-01       0.0000000E+00       3.6322655E-02       6.7294343E-06       1.3769282E-28              14.000             245.805
   39          82.0289739           1.3945979         312.4562030           0.6862986       2.7509349E-01       0.0000000E+00       3.8607937E-02       4.2109284E-06       5.7734903E-28              14.000             245.803
