# Simulation:  C:\Users\dgatl_000\OneDrive\College\Senior_1\Wolf\ModelFiles\trappist1e_1barN2_1barCO2_aqua
# TRAPPIST-1 e, 0.50% N2, 0.50% CO2, 0.00% CH4
# Mean Vertical Profile
# Mass mixing ratios (kg/kg) relative to the moist air mass (i.e dry air mass + water vapor mass)
# Pressure are total pressure (i.e P_dry + P_h2o)
# Surf Press (mb)    Surf Temp (K)        Surf Albedo          Dry Molar Weight     Phase
#2.0360286           #331.4989499         #0.0416385           #36.0000000          #95.0000000          
# Lev          Height (m)      Pressure (bar)     Temperature (K)            N2 (vmr)           CO2 (vmr)           CH4 (vmr)           H2O (vmr)       Liquid Clouds          Ice Clouds         Liquid Size            Ice Size
    0       56702.1776419           0.0009559         182.5636579           0.4999970       4.9999700E-01       0.0000000E+00       5.9970559E-06       1.9507363E-40       4.6855159E-09              14.000               7.501
    1       55160.1632621           0.0012448         181.2561793           0.4999971       4.9999706E-01       0.0000000E+00       5.8710562E-06       6.1998077E-34       2.1116894E-08              14.000               7.067
    2       53652.6397778           0.0016128         180.7163798           0.4999971       4.9999711E-01       0.0000000E+00       5.7863741E-06       9.7970468E-17       5.2128877E-08              14.000               7.003
    3       52170.6739733           0.0020793         181.5146619           0.4999971       4.9999709E-01       0.0000000E+00       5.8141234E-06       1.7127029E-31       7.6911025E-08              14.000               7.284
    4       50707.1517455           0.0026674         183.0625391           0.4999970       4.9999704E-01       0.0000000E+00       5.9257098E-06       1.9057349E-21       7.7492287E-08              14.000               7.780
    5       49259.2123311           0.0034049         185.1091441           0.4999969       4.9999689E-01       0.0000000E+00       6.2245636E-06       1.0268488E-21       7.0847442E-08              14.000               8.511
    6       47825.6509348           0.0043246         187.4811571           0.4999967       4.9999666E-01       0.0000000E+00       6.6725870E-06       8.1885752E-41       6.0819999E-08              14.000               9.533
    7       46406.3274954           0.0054654         189.8995135           0.4999964       4.9999640E-01       0.0000000E+00       7.1920130E-06       5.0434129E-24       5.3806945E-08              14.000              10.777
    8       45001.9433286           0.0068729         192.2847634           0.4999961       4.9999612E-01       0.0000000E+00       7.7630584E-06       1.0057894E-36       4.7408224E-08              14.000              12.187
    9       43613.3501359           0.0085997         194.5921967           0.4999958       4.9999582E-01       0.0000000E+00       8.3685091E-06       8.1977074E-36       4.1623529E-08              14.000              13.743
   10       42241.4651740           0.0107070         196.7283593           0.4999955       4.9999549E-01       0.0000000E+00       9.0221678E-06       3.0906321E-23       3.7125571E-08              14.000              15.381
   11       40887.7385164           0.0132648         198.6109240           0.4999951       4.9999506E-01       0.0000000E+00       9.8727978E-06       3.9271529E-23       3.6849841E-08              14.000              16.999
   12       39554.0716511           0.0163518         200.3157697           0.4999945       4.9999448E-01       0.0000000E+00       1.1040223E-05       2.0610747E-23       3.9500613E-08              14.000              18.556
   13       38241.6484732           0.0200568         201.9911536           0.4999938       4.9999378E-01       0.0000000E+00       1.2447987E-05       1.9279432E-23       4.7196245E-08              14.000              20.095
   14       36950.4362938           0.0244790         203.7817781           0.4999929       4.9999294E-01       0.0000000E+00       1.4115066E-05       4.5841202E-23       6.1058788E-08              14.000              21.738
   15       35679.7950698           0.0297280         205.7918225           0.4999919       4.9999185E-01       0.0000000E+00       1.6291487E-05       4.7787482E-22       8.6048522E-08              14.000              23.590
   16       34429.1224810           0.0359233         207.9956271           0.4999902       4.9999022E-01       0.0000000E+00       1.9566727E-05       5.4897273E-21       1.2289289E-07              14.000              25.621
   17       33198.0190229           0.0431938         210.3333562           0.4999875       4.9998749E-01       0.0000000E+00       2.5013204E-05       2.7154263E-20       1.8965638E-07              14.000              27.744
   18       31986.0181574           0.0516775         212.8082416           0.4999828       4.9998281E-01       0.0000000E+00       3.4372616E-05       1.4487131E-11       3.1173894E-07              14.000              29.865
   19       30792.4320427           0.0615205         215.5153332           0.4999749       4.9997489E-01       0.0000000E+00       5.0226044E-05       1.2157173E-09       4.9628325E-07              14.000              31.857
   20       29616.1565749           0.0728745         218.6622343           0.4999625       4.9996255E-01       0.0000000E+00       7.4897538E-05       1.0193356E-08       8.0784417E-07              14.000              33.769
   21       27844.3616437           0.0934520         224.3539413           0.4999254       4.9992538E-01       0.0000000E+00       1.4925388E-04       9.6317100E-08       1.2704938E-06              14.000              37.110
   22       25700.4595488           0.1252746         232.3386106           0.4998431       4.9984315E-01       0.0000000E+00       3.1379279E-04       7.3795021E-07       1.9281377E-06              14.000              43.587
   23       23704.6314023           0.1629688         241.2516233           0.4996836       4.9968397E-01       0.0000000E+00       6.3245492E-04       3.0276633E-06       2.8860222E-06              14.000              58.861
   24       21810.0899693           0.2073140         250.1537553           0.4994007       4.9940210E-01       0.0000000E+00       1.1972241E-03       6.8024245E-06       2.4276447E-06              14.000              91.543
   25       19981.6325290           0.2594839         258.5087304           0.4989355       4.9893997E-01       0.0000000E+00       2.1245599E-03       1.0740403E-05       1.0671318E-06              14.000             135.329
   26       18197.4559577           0.3208590         266.3848316           0.4982318       4.9824414E-01       0.0000000E+00       3.5240918E-03       1.0931527E-05       1.3261051E-07              14.000             186.839
   27       16440.7100121           0.3930636         274.2885804           0.4972833       4.9731231E-01       0.0000000E+00       5.4044302E-03       7.2113534E-06       1.6528111E-09              14.000             234.937
   28       14696.4180397           0.4780088         282.6049727           0.4960384       4.9609974E-01       0.0000000E+00       7.8618548E-03       3.5444661E-06       1.0830254E-13              14.000             245.432
   29       12951.8938933           0.5779422         291.3858043           0.4943110       4.9443623E-01       0.0000000E+00       1.1252763E-02       2.2246281E-06       6.8070990E-29              14.000             245.805
   30       11197.0991319           0.6955087         300.5419927           0.4919864       4.9223157E-01       0.0000000E+00       1.5782071E-02       1.5255571E-06       8.2001900E-33              14.000             245.805
   31        9424.5332255           0.8338196         309.8952374           0.4892009       4.8963934E-01       0.0000000E+00       2.1159774E-02       4.7722689E-07       6.8364814E-37              14.000             245.804
   32        7629.1740694           0.9965353         319.2356752           0.4860907       4.8680593E-01       0.0000000E+00       2.7103350E-02       2.3702506E-07       1.2955070E-39              14.000             245.805
   33        5808.5937836           1.1879618         328.1761270           0.4826849       4.8377347E-01       0.0000000E+00       3.3541586E-02       1.6098413E-07       1.9399021E-38              14.000             245.807
   34        4122.5385064           1.3925722         335.6872168           0.4792414       4.8077838E-01       0.0000000E+00       3.9980212E-02       1.1075469E-07       1.1566936E-37              14.000             245.805
   35        2718.8346578           1.5857774         340.5850393           0.4763311       4.7830006E-01       0.0000000E+00       4.5368894E-02       1.3311432E-07       3.4808289E-36              14.000             245.804
   36        1614.7777794           1.7546536         342.3243862           0.4738043       4.7618613E-01       0.0000000E+00       5.0009576E-02       2.2989006E-07       2.9511651E-33              14.000             245.806
   37         817.7697636           1.8874618         341.0237061           0.4711898       4.7403435E-01       0.0000000E+00       5.4775875E-02       5.2680908E-07       3.9394879E-31              14.000             245.805
   38         328.4608541           1.9744006         337.7133807           0.4662260       4.7004415E-01       0.0000000E+00       6.3729867E-02       1.8266952E-06       9.9216658E-29              14.000             245.807
   39          79.9554010           2.0204930         334.2984134           0.4625668       4.6717852E-01       0.0000000E+00       7.0254694E-02       9.7312942E-06       2.8578636E-28              14.000             245.804
