# Simulation:  C:\Users\dgatl_000\OneDrive\College\Senior_1\Wolf\ModelFiles\trappist1e_0.9barN2_0.1barH2_aqua
# TRAPPIST-1 e, 1.00% N2, 0.00% CO2, 0.00% CH4
# Mean Vertical Profile
# Mass mixing ratios (kg/kg) relative to the moist air mass (i.e dry air mass + water vapor mass)
# Pressure are total pressure (i.e P_dry + P_h2o)
# Surf Press (mb)    Surf Temp (K)        Surf Albedo          Dry Molar Weight     Phase
#1.0044674           #216.4353777         #0.0000000           #28.0000000          #175.0000000         
# Lev          Height (m)      Pressure (bar)     Temperature (K)            N2 (vmr)           CO2 (vmr)           CH4 (vmr)           H2O (vmr)       Liquid Clouds          Ice Clouds         Liquid Size            Ice Size
    0       55309.9512748           0.0009559         177.7809098           0.9999999       0.0000000E+00       0.0000000E+00       9.4306664E-08       0.0000000E+00       0.0000000E+00              14.000               6.119
    1       53399.7420895           0.0012448         174.3437047           0.9999999       0.0000000E+00       0.0000000E+00       1.0189040E-07       0.0000000E+00       0.0000000E+00              14.000               6.103
    2       51540.6737165           0.0016128         174.7449000           0.9999999       0.0000000E+00       0.0000000E+00       1.0434848E-07       0.0000000E+00       0.0000000E+00              14.000               6.117
    3       49709.9750914           0.0020793         175.7417072           0.9999999       0.0000000E+00       0.0000000E+00       1.0489053E-07       0.0000000E+00       0.0000000E+00              14.000               6.135
    4       47900.0631041           0.0026674         177.6397830           0.9999999       0.0000000E+00       0.0000000E+00       1.0503198E-07       0.0000000E+00       0.0000000E+00              14.000               6.185
    5       46110.3060099           0.0034049         178.9724969           0.9999999       0.0000000E+00       0.0000000E+00       1.0513240E-07       0.0000000E+00       0.0000000E+00              14.000               6.241
    6       44344.3993148           0.0043246         180.2374297           0.9999999       0.0000000E+00       0.0000000E+00       1.0525399E-07       0.0000000E+00       0.0000000E+00              14.000               6.446
    7       42607.1118410           0.0054654         180.6944141           0.9999999       0.0000000E+00       0.0000000E+00       1.0549299E-07       0.0000000E+00       0.0000000E+00              14.000               6.533
    8       40901.0189458           0.0068729         181.4187843           0.9999999       0.0000000E+00       0.0000000E+00       1.0590095E-07       0.0000000E+00       0.0000000E+00              14.000               6.619
    9       39227.5470519           0.0085997         181.6824656           0.9999999       0.0000000E+00       0.0000000E+00       1.0658303E-07       0.0000000E+00       0.0000000E+00              14.000               6.683
   10       37588.1451296           0.0107070         182.1157398           0.9999999       0.0000000E+00       0.0000000E+00       1.0775367E-07       0.0000000E+00       0.0000000E+00              14.000               6.768
   11       35984.1071426           0.0132648         182.1990023           0.9999999       0.0000000E+00       0.0000000E+00       1.0995524E-07       0.0000000E+00       1.9486171E-39              14.000               6.800
   12       34415.0827022           0.0163518         182.7550748           0.9999999       0.0000000E+00       0.0000000E+00       1.1407836E-07       0.0000000E+00       8.2927946E-34              14.000               7.020
   13       32880.8933597           0.0200568         182.9420660           0.9999999       0.0000000E+00       0.0000000E+00       1.2486778E-07       0.0000000E+00       4.4972396E-29              14.000               7.187
   14       31382.9379422           0.0244790         183.1057872           0.9999999       0.0000000E+00       0.0000000E+00       1.4487303E-07       0.0000000E+00       1.3463798E-24              14.000               7.265
   15       29923.9225589           0.0297280         182.5965316           0.9999998       0.0000000E+00       0.0000000E+00       1.7097361E-07       0.0000000E+00       1.7254195E-15              14.000               7.087
   16       28508.0082671           0.0359233         181.7089605           0.9999998       0.0000000E+00       0.0000000E+00       2.0037517E-07       0.0000000E+00       1.2649763E-11              14.000               6.845
   17       27139.0415590           0.0431938         180.2392265           0.9999998       0.0000000E+00       0.0000000E+00       2.2749805E-07       0.0000000E+00       1.0852408E-10              14.000               6.729
   18       25817.7283119           0.0516775         179.0235610           0.9999997       0.0000000E+00       0.0000000E+00       2.5356306E-07       0.0000000E+00       1.6661546E-09              14.000               6.697
   19       24531.7888054           0.0615205         180.6349121           0.9999997       0.0000000E+00       0.0000000E+00       3.1114743E-07       0.0000000E+00       4.4949472E-09              14.000               6.919
   20       23266.7427190           0.0728745         183.6685640           0.9999996       0.0000000E+00       0.0000000E+00       4.2583717E-07       0.0000000E+00       8.7801039E-09              14.000               7.722
   21       22035.8402376           0.0856898         187.1749939           0.9999994       0.0000000E+00       0.0000000E+00       5.7626452E-07       0.0000000E+00       1.1306861E-08              14.000               9.276
   22       20792.5084986           0.1006184         190.7111367           0.9999992       0.0000000E+00       0.0000000E+00       7.5411782E-07       0.0000000E+00       1.6714999E-08              14.000              11.331
   23       19506.6391503           0.1184377         194.3808683           0.9999990       0.0000000E+00       0.0000000E+00       9.8830346E-07      -1.3139801E-56       2.4255197E-08              14.000              13.857
   24       18196.0287517           0.1394011         198.2239532           0.9999986       0.0000000E+00       0.0000000E+00       1.3545569E-06       2.9305177E-37       3.0751108E-08              14.000              16.777
   25       16858.7054984           0.1640635         202.3198933           0.9999980       0.0000000E+00       0.0000000E+00       2.0179686E-06       7.9338014E-39       3.2520064E-08              14.000              20.153
   26       15492.4117798           0.1930776         206.7774525           0.9999967       0.0000000E+00       0.0000000E+00       3.3077517E-06       6.3473282E-33       2.7656827E-08              14.000              24.313
   27       14094.1867463           0.2272111         211.7289740           0.9999940       0.0000000E+00       0.0000000E+00       5.9698370E-06       4.6919339E-29       1.8578138E-08              14.000              29.143
   28       12660.4277541           0.2673674         217.2071346           0.9999877       0.0000000E+00       0.0000000E+00       1.2310273E-05       2.4692168E-27       2.3352107E-08              14.000              32.931
   29       11188.6470785           0.3146092         222.8521895           0.9999728       0.0000000E+00       0.0000000E+00       2.7242412E-05       4.4355442E-26       5.6580839E-08              14.000              35.908
   30        9680.0717885           0.3701868         227.8714147           0.9999384       0.0000000E+00       0.0000000E+00       6.1580365E-05       1.7234053E-11       1.9891436E-07              14.000              39.204
   31        8139.4453429           0.4355709         231.9439456           0.9998755       0.0000000E+00       0.0000000E+00       1.2447837E-04       4.3206567E-08       6.4460784E-07              14.000              43.421
   32        6572.1113059           0.5124919         235.2461302           0.9997737       0.0000000E+00       0.0000000E+00       2.2632377E-04       5.9265774E-07       1.8279547E-06              14.000              51.397
   33        4980.3986443           0.6029855         238.5833311           0.9996450       0.0000000E+00       0.0000000E+00       3.5496128E-04       1.7943172E-06       2.7680040E-06              14.000              63.419
   34        3508.4978661           0.6997115         239.7984939           0.9995876       0.0000000E+00       0.0000000E+00       4.1239354E-04       2.6296189E-06       3.2671070E-06              14.000              69.171
   35        2289.2369946           0.7910459         239.8517080           0.9996042       0.0000000E+00       0.0000000E+00       3.9580802E-04       1.6641903E-06       1.4955538E-06              14.000              70.492
   36        1342.3304175           0.8708793         233.9826201           0.9997681       0.0000000E+00       0.0000000E+00       2.3187973E-04       5.0553582E-07       8.2654742E-07              14.000              54.665
   37         672.3838225           0.9336620         228.4621544           0.9998965       0.0000000E+00       0.0000000E+00       1.0346182E-04       1.1467885E-07       5.8044602E-07              14.000              43.429
   38         269.9984050           0.9747608         218.8381446           0.9999550       0.0000000E+00       0.0000000E+00       4.5011755E-05       1.3028414E-08       5.5478266E-07              14.000              33.400
   39          67.1530567           0.9968630         216.7327317           0.9999616       0.0000000E+00       0.0000000E+00       3.8368259E-05       1.0252356E-08       4.8382674E-07              14.000              31.638
