# Simulation:  C:\Users\dgatl_000\OneDrive\College\Senior_1\Wolf\ModelFiles\trappist1e_1barN2_1barCO2_aqua
# TRAPPIST-1 e, 0.50% N2, 0.50% CO2, 0.00% CH4
# Mean Vertical Profile
# Mass mixing ratios (kg/kg) relative to the moist air mass (i.e dry air mass + water vapor mass)
# Pressure are total pressure (i.e P_dry + P_h2o)
# Surf Press (mb)    Surf Temp (K)        Surf Albedo          Dry Molar Weight     Phase
#2.0344908           #332.3932811         #0.0523863           #36.0000000          #300.0000000         
# Lev          Height (m)      Pressure (bar)     Temperature (K)            N2 (vmr)           CO2 (vmr)           CH4 (vmr)           H2O (vmr)       Liquid Clouds          Ice Clouds         Liquid Size            Ice Size
    0       57105.8801090           0.0009559         187.0576129           0.4999970       4.9999699E-01       0.0000000E+00       6.0195759E-06       1.5023964E-40       1.5650285E-10              14.000               9.228
    1       55531.0559610           0.0012448         187.0479116           0.4999970       4.9999700E-01       0.0000000E+00       6.0069418E-06       4.1597748E-34       2.8393981E-09              14.000               9.171
    2       53981.6939788           0.0016128         188.1561350           0.4999970       4.9999697E-01       0.0000000E+00       6.0671385E-06       6.5730840E-17       7.2175962E-09              14.000               9.795
    3       52450.0144092           0.0020793         190.0802646           0.4999968       4.9999684E-01       0.0000000E+00       6.3166672E-06       7.6872200E-31       1.0710652E-08              14.000              10.940
    4       50933.7268640           0.0026674         191.8312850           0.4999967       4.9999667E-01       0.0000000E+00       6.6630667E-06       2.6993959E-19       1.4157585E-08              14.000              12.096
    5       49436.1351658           0.0034049         192.9911355           0.4999965       4.9999647E-01       0.0000000E+00       7.0506877E-06       5.2860709E-20       1.7862716E-08              14.000              12.903
    6       47961.6172686           0.0043246         193.5951199           0.4999962       4.9999624E-01       0.0000000E+00       7.5163530E-06       8.0264756E-33       2.1473316E-08              14.000              13.296
    7       46513.1356101           0.0054654         193.9055641           0.4999959       4.9999592E-01       0.0000000E+00       8.1628153E-06       1.2915157E-24       2.5358511E-08              14.000              13.450
    8       45091.6610226           0.0068729         194.2769347           0.4999955       4.9999551E-01       0.0000000E+00       8.9842239E-06       5.9909376E-32       3.0445012E-08              14.000              13.638
    9       43696.1655216           0.0085997         195.0118272           0.4999950       4.9999500E-01       0.0000000E+00       1.0001871E-05       1.3070241E-24       3.8031299E-08              14.000              14.117
   10       42324.5669482           0.0107070         196.1138486           0.4999944       4.9999444E-01       0.0000000E+00       1.1125437E-05       1.0946609E-21       4.9850556E-08              14.000              14.935
   11       40975.5205083           0.0132648         197.3700879           0.4999938       4.9999382E-01       0.0000000E+00       1.2365248E-05       8.3575115E-21       6.9218532E-08              14.000              15.959
   12       39649.1041321           0.0163518         198.6486478           0.4999931       4.9999312E-01       0.0000000E+00       1.3767963E-05       1.2159185E-21       1.0538687E-07              14.000              17.063
   13       38345.6810870           0.0200568         200.0006708           0.4999923       4.9999229E-01       0.0000000E+00       1.5421192E-05       3.5431675E-22       1.6375913E-07              14.000              18.261
   14       37065.0428345           0.0244790         201.5189392           0.4999913       4.9999127E-01       0.0000000E+00       1.7463060E-05       1.2052901E-22       2.5584333E-07              14.000              19.634
   15       35806.4610624           0.0297280         203.2649057           0.4999898       4.9998975E-01       0.0000000E+00       2.0498016E-05       5.8498500E-21       4.1215072E-07              14.000              21.246
   16       34568.5344755           0.0359233         205.3632262           0.4999871       4.9998708E-01       0.0000000E+00       2.5839099E-05       1.4172480E-21       6.7901279E-07              14.000              23.218
   17       33349.1558533           0.0431938         207.9662906           0.4999819       4.9998194E-01       0.0000000E+00       3.6115125E-05       2.0476230E-21       1.1011795E-06              14.000              25.696
   18       32145.9404523           0.0516775         211.1644557           0.4999722       4.9997217E-01       0.0000000E+00       5.5666843E-05       2.0360231E-09       1.7187932E-06              14.000              28.672
   19       30956.7194078           0.0615205         214.9682440           0.4999541       4.9995408E-01       0.0000000E+00       9.1846412E-05       1.2823209E-08       2.5751801E-06              14.000              31.562
   20       29779.7881869           0.0728745         219.3201101           0.4999231       4.9992308E-01       0.0000000E+00       1.5386246E-04       6.4953568E-08       3.8317054E-06              14.000              34.105
   21       27997.7074029           0.0934433         226.5507639           0.4998391       4.9983921E-01       0.0000000E+00       3.2168683E-04       5.8874590E-07       5.4553993E-06              14.000              38.628
   22       25834.2305196           0.1252471         235.6465679           0.4996702       4.9967060E-01       0.0000000E+00       6.5924016E-04       4.3229489E-06       7.6331424E-06              14.000              47.938
   23       23816.6993647           0.1629191         244.6783801           0.4994001       4.9940150E-01       0.0000000E+00       1.1984345E-03       1.2034402E-05       7.2360357E-06              14.000              69.009
   24       21903.2245695           0.2072382         253.0720911           0.4989981       4.9900211E-01       0.0000000E+00       1.9997719E-03       1.9694390E-05       3.4192299E-06              14.000             105.362
   25       20059.8804930           0.2593774         260.8666439           0.4983654       4.9837601E-01       0.0000000E+00       3.2585675E-03       2.4830183E-05       9.4802892E-07              14.000             149.372
   26       18263.9130871           0.3207164         268.4151716           0.4974875       4.9751240E-01       0.0000000E+00       5.0000858E-03       1.9782587E-05       1.2431968E-08              14.000             200.794
   27       16496.8559026           0.3928786         276.2746330           0.4963996       4.9645031E-01       0.0000000E+00       7.1501352E-03       1.0819155E-05       1.0678645E-10              14.000             242.440
   28       14742.4762627           0.4777738         284.7122719           0.4949929       4.9509027E-01       0.0000000E+00       9.9168437E-03       4.7632055E-06       5.0378382E-15              14.000             245.741
   29       12987.8355251           0.5776484         293.5324097           0.4931147       4.9329687E-01       0.0000000E+00       1.3588437E-02       3.0400865E-06       3.9955530E-30              14.000             245.804
   30       11222.9496316           0.6951458         302.7606386           0.4908998       4.9121413E-01       0.0000000E+00       1.7886024E-02       1.2993017E-06       2.5206942E-34              14.000             245.806
   31        9440.4545250           0.8333754         312.0708624           0.4884427       4.8894277E-01       0.0000000E+00       2.2614563E-02       2.9122621E-07       1.3868760E-38              14.000             245.806
   32        7636.1502917           0.9959953         321.0904596           0.4856864       4.8644218E-01       0.0000000E+00       2.7871391E-02       1.3871891E-07       2.8837841E-40              14.000             245.804
   33        5808.7132705           1.1873093         329.4447229           0.4825058       4.8361592E-01       0.0000000E+00       3.3878281E-02       8.8618268E-08       3.7097835E-38              14.000             245.805
   34        4119.0543979           1.3917993         336.1249930           0.4792438       4.8078044E-01       0.0000000E+00       3.9975758E-02       8.7412430E-08       1.8280418E-37              14.000             245.805
   35        2714.9979374           1.5848908         340.1768606           0.4766884       4.7860185E-01       0.0000000E+00       4.4709713E-02       1.1323110E-07       5.5223859E-36              14.000             245.805
   36        1612.3487463           1.7536678         341.4195327           0.4740946       4.7642724E-01       0.0000000E+00       4.9478198E-02       1.4488540E-07       1.4523372E-34              14.000             245.806
   37         816.8682912           1.8863978         340.1429446           0.4703413       4.7334360E-01       0.0000000E+00       5.6315107E-02       2.7063314E-07       2.0811993E-31              14.000             245.805
   38         328.3609427           1.9732854         337.2288007           0.4646614       4.6881125E-01       0.0000000E+00       6.6527310E-02       1.4997251E-06       2.9420784E-29              14.000             245.805
   39          79.9983399           2.0193511         334.5777863           0.4608762       4.6587532E-01       0.0000000E+00       7.3248529E-02       9.0412584E-06       2.1753709E-28              14.000             245.806
