# ----------------------------------------------------------------------------------------------
# NASA-GSFC Planetary Spectrum Generator (PSG, Villanueva et al. 2018)
# Atmospheric layering information considered by PUMAS
# Synthesized on Wed Feb 13 19:10:52 2019
# Radiative transfer method: correlated-k
# Synthesis spectral resolution [cm-1] and resolving power: 0.168098 5.001e+03
# Scattering parameters (nmax, lmax): 0 0
# ----------------------------------------------------------------------------------------------
# Molecular abundance atmprofile: TRAPPIST-1 e-CU Boulder GCM (Eric Wolf)
# Molecules considered: N2,CO2,H2O
# Molecular sources: HIT[22],HIT[2],HIT[1]
# Molecular abundances: 1,1,1
# Molecular abundance units: scl,scl,scl
# Collission-Induced-Absorption:  N2-N2(18.05-500000.00um) N2-N2(3.33-5.41um)
# ----------------------------------------------------------------------------------------------
# Aerosols considered: Cloud,WaterIce
# Aerosols sources: White_GSFC[reff=1.0um 0.10-1000000.00um],CRISM_Wolff[reff=2.0um 0.31-99.57um]
# Aerosols abundances: 1,1
# Aerosols abundance units: scl,scl
# Aerosols sizes: 10,91.398
# Aerosols size units: um,um
# ----------------------------------------------------------------------------------------------
# Input layer-by-layer atmospheric atmprofile
# Molecular abundances in molec/molec and aerosols in kg/kg
# ----------------------------------------------------------------------------------------------
# Alt[km] Pressure[bar] Temp[K]         N2        CO2        H2O       Cloud size[m]     WaterIce size[m] 
# ----------------------------------------------------------------------------------------------
    0.000   1.411e+00   297.994   7.010e-01  2.805e-01  1.853e-02  1.114e-05 1.000e-05  1.723e-27 9.140e-05
    0.162   1.369e+00   300.500   7.015e-01  2.807e-01  1.779e-02  1.018e-05 1.000e-05  4.776e-28 9.140e-05
    0.469   1.310e+00   302.300   7.029e-01  2.813e-01  1.584e-02  4.635e-06 1.000e-05  5.131e-30 9.140e-05
    0.918   1.220e+00   302.800   7.035e-01  2.815e-01  1.505e-02  4.237e-06 1.000e-05  1.296e-34 9.140e-05
    1.506   1.105e+00   301.200   7.039e-01  2.817e-01  1.439e-02  4.534e-06 1.000e-05  3.494e-32 9.140e-05
    2.224   9.731e-01   297.300   7.051e-01  2.821e-01  1.279e-02  5.435e-06 1.000e-05  1.277e-28 9.140e-05
    3.058   8.338e-01   291.200   7.071e-01  2.829e-01  1.005e-02  6.476e-06 1.000e-05  2.924e-26 9.140e-05
    3.877   7.035e-01   283.600   7.090e-01  2.836e-01  7.330e-03  1.034e-05 1.000e-05  5.530e-09 9.140e-05
    4.680   5.927e-01   275.700   7.105e-01  2.842e-01  5.252e-03  1.348e-05 1.000e-05  2.105e-07 9.140e-05
    5.468   4.986e-01   267.700   7.117e-01  2.847e-01  3.647e-03  1.507e-05 1.000e-05  1.143e-06 9.140e-05
    6.242   4.185e-01   260.000   7.125e-01  2.850e-01  2.450e-03  1.395e-05 1.000e-05  2.844e-06 9.140e-05
    7.005   3.505e-01   252.900   7.132e-01  2.853e-01  1.559e-03  1.047e-05 1.000e-05  3.929e-06 9.140e-05
    7.762   2.927e-01   246.500   7.136e-01  2.854e-01  9.303e-04  6.233e-06 1.000e-05  3.396e-06 9.140e-05
    8.517   2.435e-01   240.900   7.139e-01  2.856e-01  5.308e-04  3.069e-06 1.000e-05  2.628e-06 9.140e-05
    9.275   2.017e-01   235.700   7.141e-01  2.856e-01  2.953e-04  1.361e-06 1.000e-05  2.396e-06 9.140e-05
   10.041   1.662e-01   230.500   7.142e-01  2.857e-01  1.606e-04  2.611e-07 1.000e-05  1.555e-06 9.140e-05
   10.811   1.360e-01   225.400   7.142e-01  2.857e-01  8.377e-05  7.393e-09 1.000e-05  9.114e-07 9.140e-05
   11.601   1.103e-01   220.400   7.143e-01  2.857e-01  4.132e-05  1.451e-13 1.000e-05  5.034e-07 9.140e-05
   12.401   8.875e-02   216.000   7.143e-01  2.857e-01  2.247e-05  9.713e-26 1.000e-05  2.045e-07 9.140e-05
   13.001   7.287e-02   212.500   7.143e-01  2.857e-01  1.531e-05  4.932e-26 1.000e-05  9.253e-08 9.140e-05
   13.611   6.152e-02   210.000   7.143e-01  2.857e-01  1.280e-05  1.329e-26 1.000e-05  5.849e-08 9.140e-05
   14.231   5.168e-02   207.500   7.143e-01  2.857e-01  1.156e-05  1.462e-27 1.000e-05  4.427e-08 9.140e-05
   14.861   4.319e-02   205.200   7.143e-01  2.857e-01  1.088e-05  1.406e-28 1.000e-05  2.777e-08 9.140e-05
   15.511   3.592e-02   203.300   7.143e-01  2.857e-01  1.054e-05  1.712e-30 1.000e-05  1.350e-08 9.140e-05
   16.161   2.973e-02   201.600   7.143e-01  2.857e-01  1.024e-05  6.922e-34 1.000e-05  1.154e-08 9.140e-05
   16.821   2.448e-02   199.900   7.143e-01  2.857e-01  9.809e-06  0.000e+00 1.000e-05  1.863e-08 9.140e-05
   17.491   2.006e-02   198.000   7.143e-01  2.857e-01  9.200e-06  0.000e+00 1.000e-05  3.500e-08 9.140e-05
   18.171   1.635e-02   196.000   7.143e-01  2.857e-01  8.471e-06  0.000e+00 1.000e-05  4.507e-08 9.140e-05
   18.861   1.326e-02   194.000   7.143e-01  2.857e-01  7.649e-06  0.000e+00 1.000e-05  4.926e-08 9.140e-05
   19.561   1.071e-02   192.100   7.143e-01  2.857e-01  6.820e-06  0.000e+00 1.000e-05  4.754e-08 9.140e-05
   20.261   8.600e-03   190.400   7.143e-01  2.857e-01  6.117e-06  0.000e+00 1.000e-05  3.979e-08 9.140e-05
   20.981   6.873e-03   188.900   7.143e-01  2.857e-01  5.573e-06  0.000e+00 1.000e-05  3.150e-08 9.140e-05
   21.701   5.465e-03   187.500   7.143e-01  2.857e-01  5.119e-06  0.000e+00 1.000e-05  2.606e-08 9.140e-05
   22.431   4.325e-03   185.900   7.143e-01  2.857e-01  4.652e-06  0.000e+00 1.000e-05  2.407e-08 9.140e-05
   23.171   3.405e-03   184.100   7.143e-01  2.857e-01  4.155e-06  0.000e+00 1.000e-05  2.431e-08 9.140e-05
   23.921   2.667e-03   182.200   7.143e-01  2.857e-01  3.727e-06  0.000e+00 1.000e-05  2.560e-08 9.140e-05
   24.671   2.079e-03   180.300   7.143e-01  2.857e-01  3.534e-06  0.000e+00 1.000e-05  2.888e-08 9.140e-05
   25.431   1.613e-03   178.700   7.143e-01  2.857e-01  3.609e-06  0.000e+00 1.000e-05  3.235e-08 9.140e-05
   26.201   1.245e-03   178.000   7.143e-01  2.857e-01  3.934e-06  0.000e+00 1.000e-05  2.978e-08 9.140e-05
   26.981   9.559e-04   178.100   7.143e-01  2.857e-01  4.380e-06  0.000e+00 1.000e-05  6.696e-09 9.140e-05
   28.981   7.455e-04   178.100   7.143e-01  2.857e-01  4.380e-06  0.000e+00 1.000e-05  6.696e-09 9.140e-05
   34.491   3.761e-04   178.100   7.143e-01  2.857e-01  4.380e-06  0.000e+00 1.000e-05  6.696e-09 9.140e-05
   41.031   1.667e-04   178.100   7.143e-01  2.857e-01  4.380e-06  0.000e+00 1.000e-05  6.696e-09 9.140e-05
   48.821   6.333e-05   178.100   7.143e-01  2.857e-01  4.380e-06  0.000e+00 1.000e-05  6.696e-09 9.140e-05
   58.081   2.003e-05   178.100   7.143e-01  2.857e-01  4.380e-06  0.000e+00 1.000e-05  6.696e-09 9.140e-05
   69.091   5.095e-06   178.100   7.143e-01  2.857e-01  4.380e-06  0.000e+00 1.000e-05  6.696e-09 9.140e-05
   82.191   1.000e-06   178.100   7.143e-01  2.857e-01  4.380e-06  0.000e+00 1.000e-05  6.696e-09 9.140e-05
#
# ----------------------------------------------------------------------------------------------
# Curtis-Godson integrated layer information used by the radiative transfer analysis
# Oblique molecular layer columns in molec/m2 and aerosols in kg/m2
# ----------------------------------------------------------------------------------------------
# Low[km]  High[km]  Path[km] Pressure[bar] Temp[K]   Airmass   dcol[m-2]         N2        CO2        H2O      Cloud   WaterIce
# ----------------------------------------------------------------------------------------------
    0.000     0.162     0.162   1.390e+00   299.231    1.0000   5.491e+27  3.851e+27  1.541e+27  9.973e+25  3.166e-03  2.911e-25
    0.162     0.469     0.306   1.340e+00   301.390    1.0000   9.898e+27  6.950e+27  2.781e+27  1.664e+26  3.791e-03  6.245e-26
    0.469     0.918     0.449   1.265e+00   302.546    1.0000   1.363e+28  9.586e+27  3.836e+27  2.106e+26  3.271e-03  6.736e-28
    0.918     1.506     0.588   1.163e+00   302.014    1.0000   1.641e+28  1.155e+28  4.621e+27  2.416e+26  3.888e-03  6.198e-30
    1.506     2.224     0.718   1.039e+00   299.290    1.0000   1.806e+28  1.272e+28  5.090e+27  2.454e+26  4.846e-03  2.097e-26
    2.224     3.058     0.834   9.033e-01   294.322    1.0000   1.853e+28  1.308e+28  5.235e+27  2.112e+26  5.941e-03  5.870e-24
    3.058     3.877     0.819   7.685e-01   287.496    1.0000   1.584e+28  1.122e+28  4.488e+27  1.371e+26  7.035e-03  7.335e-07
    3.877     4.680     0.803   6.479e-01   279.749    1.0000   1.346e+28  9.553e+27  3.821e+27  8.426e+25  8.592e-03  4.097e-05
    4.680     5.468     0.788   5.455e-01   271.801    1.0000   1.145e+28  8.139e+27  3.256e+27  5.061e+25  8.816e-03  3.350e-04
    5.468     6.242     0.774   4.584e-01   263.949    1.0000   9.729e+27  6.928e+27  2.771e+27  2.942e+25  7.639e-03  9.708e-04
    6.242     7.005     0.763   3.844e-01   256.543    1.0000   8.274e+27  5.898e+27  2.359e+27  1.641e+25  5.447e-03  1.496e-03
    7.005     7.762     0.757   3.215e-01   249.787    1.0000   7.051e+27  5.030e+27  2.012e+27  8.647e+24  3.137e-03  1.397e-03
    7.762     8.517     0.755   2.680e-01   243.779    1.0000   6.006e+27  4.287e+27  1.715e+27  4.310e+24  1.465e-03  9.766e-04
    8.517     9.275     0.758   2.226e-01   238.376    1.0000   5.119e+27  3.655e+27  1.462e+27  2.074e+24  5.887e-04  6.960e-04
    9.275    10.041     0.766   1.839e-01   233.178    1.0000   4.370e+27  3.121e+27  1.248e+27  9.753e+23  1.618e-04  4.627e-04
   10.041    10.811     0.770   1.511e-01   228.029    1.0000   3.689e+27  2.634e+27  1.054e+27  4.399e+23  1.559e-05  2.424e-04
   10.811    11.601     0.790   1.231e-01   222.981    1.0000   3.153e+27  2.252e+27  9.009e+26  1.916e+23  2.355e-07  1.184e-04
   11.601    12.401     0.800   9.950e-02   218.275    1.0000   2.635e+27  1.882e+27  7.529e+26  8.241e+22  3.821e-12  4.804e-05
   12.401    13.001     0.600   8.080e-02   214.306    1.0000   1.636e+27  1.169e+27  4.675e+26  3.073e+22  6.313e-24  1.266e-05
   13.001    13.611     0.610   6.719e-02   211.285    1.0000   1.404e+27  1.003e+27  4.012e+26  1.973e+22  2.128e-24  5.673e-06
   13.611    14.231     0.620   5.660e-02   208.786    1.0000   1.216e+27  8.689e+26  3.475e+26  1.483e+22  3.667e-25  3.372e-06
   14.231    14.861     0.630   4.743e-02   206.384    1.0000   1.048e+27  7.484e+26  2.994e+26  1.176e+22  3.342e-26  2.019e-06
   14.861    15.511     0.650   3.956e-02   204.279    1.0000   9.106e+26  6.504e+26  2.602e+26  9.756e+21  1.788e-27  9.854e-07
   15.511    16.161     0.650   3.283e-02   202.477    1.0000   7.623e+26  5.445e+26  2.178e+26  7.923e+21  1.390e-29  5.164e-07
   16.161    16.821     0.660   2.711e-02   200.778    1.0000   6.444e+26  4.603e+26  1.841e+26  6.463e+21  3.999e-35  5.120e-07
   16.821    17.491     0.670   2.227e-02   198.982    1.0000   5.422e+26  3.873e+26  1.549e+26  5.157e+21  0.000e+00  7.535e-07
   17.491    18.171     0.680   1.821e-02   197.034    1.0000   4.542e+26  3.245e+26  1.298e+26  4.017e+21  0.000e+00  9.742e-07
   18.171    18.861     0.690   1.480e-02   195.035    1.0000   3.786e+26  2.704e+26  1.082e+26  3.054e+21  0.000e+00  9.637e-07
   18.861    19.561     0.700   1.199e-02   193.084    1.0000   3.140e+26  2.243e+26  8.971e+25  2.274e+21  0.000e+00  8.225e-07
   19.561    20.261     0.700   9.655e-03   191.281    1.0000   2.553e+26  1.824e+26  7.294e+25  1.653e+21  0.000e+00  6.033e-07
   20.261    20.981     0.720   7.737e-03   189.678    1.0000   2.121e+26  1.515e+26  6.061e+25  1.241e+21  0.000e+00  4.089e-07
   20.981    21.701     0.720   6.169e-03   188.227    1.0000   1.704e+26  1.217e+26  4.869e+25  9.121e+20  0.000e+00  2.655e-07
   21.701    22.431     0.730   4.895e-03   186.731    1.0000   1.382e+26  9.871e+25  3.948e+25  6.759e+20  0.000e+00  1.875e-07
   22.431    23.171     0.740   3.865e-03   185.036    1.0000   1.116e+26  7.971e+25  3.188e+25  4.920e+20  0.000e+00  1.460e-07
   23.171    23.921     0.750   3.036e-03   183.188    1.0000   8.972e+25  6.409e+25  2.563e+25  3.540e+20  0.000e+00  1.209e-07
   23.921    24.671     0.750   2.373e-03   181.289    1.0000   7.085e+25  5.061e+25  2.024e+25  2.574e+20  0.000e+00  1.040e-07
   24.671    25.431     0.760   1.846e-03   179.534    1.0000   5.638e+25  4.027e+25  1.611e+25  2.013e+20  0.000e+00  9.304e-08
   25.431    26.201     0.770   1.429e-03   178.365    1.0000   4.450e+25  3.179e+25  1.271e+25  1.674e+20  0.000e+00  7.486e-08
   26.201    26.981     0.780   1.101e-03   178.048    1.0000   3.477e+25  2.483e+25  9.933e+24  1.440e+20  0.000e+00  3.014e-08
   26.981    28.981     2.000   8.508e-04   178.100    1.0000   6.888e+25  4.920e+25  1.968e+25  3.017e+20  0.000e+00  2.494e-08
   28.981    34.491     5.510   5.615e-04   178.100    1.0000   1.210e+26  8.645e+25  3.458e+25  5.301e+20  0.000e+00  4.383e-08
   34.491    41.031     6.540   2.720e-04   178.100    1.0000   6.847e+25  4.891e+25  1.956e+25  2.999e+20  0.000e+00  2.480e-08
   41.031    48.821     7.790   1.155e-04   178.100    1.0000   3.385e+25  2.418e+25  9.672e+24  1.483e+20  0.000e+00  1.226e-08
   48.821    58.081     9.260   4.201e-05   178.100    1.0000   1.418e+25  1.013e+25  4.050e+24  6.209e+19  0.000e+00  5.134e-09
   58.081    69.091    11.010   1.275e-05   178.100    1.0000   4.891e+24  3.494e+24  1.397e+24  2.142e+19  0.000e+00  1.771e-09
   69.091    82.191    13.100   3.130e-06   178.100    1.0000   1.343e+24  9.594e+23  3.837e+23  5.883e+18  0.000e+00  4.864e-10
# ----------------------------------------------------------------------------------------------
# Integrated atmospheric columns                       1.0000   1.836e+29  1.301e+29  5.203e+28  1.510e+27  6.780e-02  6.816e-03
# ----------------------------------------------------------------------------------------------
