# Simulation:  trappist1e_1barN2_0.4barCO2_aqua
# TRAPPIST-1 e, 0.71% N2, 0.29% CO2, 0.00% CH4
# Mean Vertical Profile
# Mass mixing ratios (kg/kg) relative to the moist air mass (i.e dry air mass + water vapor mass)
# Pressure are total pressure (i.e P_dry + P_h2o)
# Surf Press (mb)    Surf Temp (K)        Surf Albedo          Dry Molar Weight     Phase
#1.4010249           #317.0985495         #0.0000000           #32.5714286          #160.0000000         
# Lev          Height (m)      Pressure (bar)     Temperature (K)            N2 (vmr)           CO2 (vmr)           CH4 (vmr)           H2O (vmr)       Liquid Clouds          Ice Clouds         Liquid Size            Ice Size
    0       27344.6769568           0.0009559         185.3182992           0.7142826       2.8571303E-01       0.0000000E+00       4.3939803E-06       0.0000000E+00      -2.7170106E-10              14.000               8.241
    1       26544.3817848           0.0012448         183.1365521           0.7142827       2.8571309E-01       0.0000000E+00       4.1792113E-06       0.0000000E+00       3.0155445E-09              14.000               7.598
    2       25760.3755784           0.0016128         182.6759889           0.7142828       2.8571313E-01       0.0000000E+00       4.0440121E-06       0.0000000E+00       8.4079922E-09              14.000               7.541
    3       24987.8366101           0.0020793         184.2071611           0.7142827       2.8571309E-01       0.0000000E+00       4.1899839E-06       0.0000000E+00       1.1443414E-08              14.000               8.118
    4       24222.1101202           0.0026674         186.3043025           0.7142824       2.8571296E-01       0.0000000E+00       4.6364248E-06       0.0000000E+00       1.2621564E-08              14.000               9.055
    5       23461.8548850           0.0034049         188.1064680           0.7142819       2.8571275E-01       0.0000000E+00       5.3788194E-06       0.0000000E+00       1.4644349E-08              14.000               9.987
    6       22708.0966455           0.0043246         189.3276982           0.7142813       2.8571253E-01       0.0000000E+00       6.1322229E-06       7.9015039E-38       1.8352834E-08              14.000              10.661
    7       21962.7109312           0.0054654         190.0920222           0.7142809       2.8571235E-01       0.0000000E+00       6.7780444E-06       2.5916215E-32       2.4139554E-08              14.000              11.059
    8       21227.5711471           0.0068729         190.7096090           0.7142805       2.8571218E-01       0.0000000E+00       7.3579707E-06       1.2596067E-28       3.1794203E-08              14.000              11.350
    9       20503.9181895           0.0085997         191.6233705           0.7142800       2.8571200E-01       0.0000000E+00       8.0057815E-06       8.1878582E-29       4.0665622E-08              14.000              11.831
   10       19791.6747459           0.0107070         193.1416512           0.7142794       2.8571178E-01       0.0000000E+00       8.7825743E-06       1.4178453E-30       4.6355146E-08              14.000              12.768
   11       19089.5747757           0.0132648         195.1760332           0.7142788       2.8571154E-01       0.0000000E+00       9.6169945E-06       0.0000000E+00       4.2520552E-08              14.000              14.202
   12       18396.4637435           0.0163518         197.3285307           0.7142783       2.8571133E-01       0.0000000E+00       1.0361527E-05       0.0000000E+00       3.3995947E-08              14.000              15.894
   13       17712.3065555           0.0200568         199.2484018           0.7142779       2.8571118E-01       0.0000000E+00       1.0886134E-05       2.3893371E-38       2.3451927E-08              14.000              17.517
   14       17037.8756509           0.0244790         200.6316218           0.7142777       2.8571109E-01       0.0000000E+00       1.1172105E-05       1.7979509E-26       1.5716599E-08              14.000              18.725
   15       16374.5117412           0.0297280         201.1553078           0.7142777       2.8571107E-01       0.0000000E+00       1.1265636E-05       4.0321921E-23       2.5793443E-08              14.000              19.218
   16       15723.9169395           0.0359233         201.0489188           0.7142776       2.8571104E-01       0.0000000E+00       1.1372310E-05       3.1757879E-22       9.5855712E-08              14.000              19.218
   17       15087.2786793           0.0431938         201.2569592           0.7142772       2.8571087E-01       0.0000000E+00       1.1950504E-05       1.5895564E-22       2.7461207E-07              14.000              19.508
   18       14464.2729641           0.0516775         202.3328629           0.7142762       2.8571047E-01       0.0000000E+00       1.3356912E-05       2.9477778E-25       5.4808060E-07              14.000              20.544
   19       13853.3339312           0.0615205         204.1853058           0.7142741       2.8570965E-01       0.0000000E+00       1.6238527E-05       8.6926791E-25       9.2987663E-07              14.000              22.279
   20       13252.7641598           0.0728745         206.8433464           0.7142695       2.8570781E-01       0.0000000E+00       2.2680549E-05       4.2923118E-23       1.4846520E-06              14.000              24.831
   21       12661.0901312           0.0887237         211.3711679           0.7142567       2.8570267E-01       0.0000000E+00       4.0648175E-05       2.9088875E-24       2.3995330E-06              14.000              28.955
   22       11872.9828613           0.1102554         217.8424859           0.7142231       2.8568923E-01       0.0000000E+00       8.7691822E-05       2.8408473E-09       3.8283541E-06              14.000              33.138
   23       11088.1321960           0.1358428         225.1595457           0.7141486       2.8565945E-01       0.0000000E+00       1.9196857E-04       3.2455853E-07       5.2446672E-06              14.000              37.469
   24       10314.1940666           0.1659451         232.6052728           0.7140154       2.8560623E-01       0.0000000E+00       3.7832353E-04       3.3945437E-06       7.0908154E-06              14.000              43.639
   25        9544.6732174           0.2013589         239.9650584           0.7138125       2.8552517E-01       0.0000000E+00       6.6233991E-04       1.0481309E-05       7.2311276E-06              14.000              56.144
   26        8775.6431331           0.2430214         247.2232314           0.7135088       2.8540400E-01       0.0000000E+00       1.0871900E-03       1.9701025E-05       4.9591743E-06              14.000              79.892
   27        8004.5333319           0.2920351         254.4043221           0.7130079       2.8520442E-01       0.0000000E+00       1.7877286E-03       2.7200870E-05       2.9894674E-06              14.000             112.850
   28        7229.2210109           0.3496973         261.4276220           0.7122728       2.8491226E-01       0.0000000E+00       2.8149802E-03       2.7207206E-05       1.4306792E-06              14.000             153.265
   29        6447.4230325           0.4175338         268.6271927           0.7113248       2.8453675E-01       0.0000000E+00       4.1384163E-03       1.8740407E-05       2.1659955E-07              14.000             201.538
   30        5656.1735802           0.4973400         276.3089236           0.7101440       2.8407089E-01       0.0000000E+00       5.7851559E-03       8.9661438E-06      -1.3625241E-07              14.000             236.682
   31        4852.3572864           0.5912278         284.4069429           0.7083582       2.8337040E-01       0.0000000E+00       8.2714426E-03       5.2233925E-06      -7.0176669E-08              14.000             246.950
   32        4033.6942461           0.7016819         292.7258894           0.7057707       2.8236393E-01       0.0000000E+00       1.1865376E-02       3.8309324E-06      -3.9602363E-09              14.000             247.332
   33        3198.9401524           0.8316255         300.8822528           0.7024830       2.8109927E-01       0.0000000E+00       1.6417760E-02       2.7600000E-06      -2.4379039E-26              14.000             246.064
   34        2348.1510491           0.9705185         307.6956976           0.6991821       2.7984519E-01       0.0000000E+00       2.0972667E-02       2.8499642E-06      -1.4032307E-28              14.000             245.805
   35        1615.8316686           1.1016694         312.3786283           0.6966561       2.7889583E-01       0.0000000E+00       2.4448033E-02       3.5255649E-06      -3.4134682E-32              14.000             245.805
   36        1016.8549906           1.2163055         314.9252517           0.6941720       2.7797081E-01       0.0000000E+00       2.7857155E-02       3.0622254E-06       6.0400468E-32              14.000             245.804
   37         559.0223454           1.3064579         315.8741470           0.6887233       2.7597090E-01       0.0000000E+00       3.5305832E-02       3.3525733E-06       1.8696270E-30              14.000             245.806
   38         246.6374483           1.3654734         316.6749941           0.6830049       2.7391369E-01       0.0000000E+00       4.3081429E-02       4.3044342E-06       9.2736515E-29              14.000             245.805
   39          80.9706462           1.3969523         317.5516026           0.6809999       2.7320220E-01       0.0000000E+00       4.5797881E-02       2.0542685E-06       6.2491270E-28              14.000             245.803
