# Simulation:  trappist1e_1barN2_0.4barCO2_aqua
# TRAPPIST-1 e, 0.71% N2, 0.29% CO2, 0.00% CH4
# Mean Vertical Profile
# Mass mixing ratios (kg/kg) relative to the moist air mass (i.e dry air mass + water vapor mass)
# Pressure are total pressure (i.e P_dry + P_h2o)
# Surf Press (mb)    Surf Temp (K)        Surf Albedo          Dry Molar Weight     Phase
#1.4059727           #308.5589149         #0.0000000           #32.5714286          #235.0000000         
# Lev          Height (m)      Pressure (bar)     Temperature (K)            N2 (vmr)           CO2 (vmr)           CH4 (vmr)           H2O (vmr)       Liquid Clouds          Ice Clouds         Liquid Size            Ice Size
    0       27184.0616643           0.0009559         178.8445157           0.7142826       2.8571303E-01       0.0000000E+00       4.4034965E-06       0.0000000E+00       2.5468781E-09              14.000               6.715
    1       26396.7508569           0.0012448         178.2421238           0.7142828       2.8571314E-01       0.0000000E+00       4.0254970E-06       0.0000000E+00       1.8026511E-08              14.000               6.578
    2       25624.6295764           0.0016128         178.8915955           0.7142830       2.8571322E-01       0.0000000E+00       3.7391237E-06       0.0000000E+00       2.3010699E-08              14.000               6.715
    3       24862.8411130           0.0020793         180.6221203           0.7142831       2.8571323E-01       0.0000000E+00       3.6955223E-06       0.0000000E+00       2.2466207E-08              14.000               7.124
    4       24107.5000031           0.0026674         182.7616761           0.7142829       2.8571316E-01       0.0000000E+00       3.9467853E-06       0.0000000E+00       2.0894995E-08              14.000               7.764
    5       23357.2635200           0.0034049         184.8878527           0.7142825       2.8571300E-01       0.0000000E+00       4.5100992E-06       0.0000000E+00       2.0448631E-08              14.000               8.550
    6       22612.6178816           0.0043246         186.8519695           0.7142820       2.8571280E-01       0.0000000E+00       5.1951492E-06       0.0000000E+00       2.0768696E-08              14.000               9.389
    7       21874.6872121           0.0054654         188.5952436           0.7142816       2.8571263E-01       0.0000000E+00       5.8106731E-06       0.0000000E+00       2.2712644E-08              14.000              10.215
    8       21144.8526370           0.0068729         190.1230104           0.7142812       2.8571248E-01       0.0000000E+00       6.3367600E-06       1.5544218E-35       2.6246607E-08              14.000              10.996
    9       20424.3908908           0.0085997         191.5572573           0.7142808       2.8571232E-01       0.0000000E+00       6.8749715E-06       0.0000000E+00       3.0950220E-08              14.000              11.787
   10       19713.8524442           0.0107070         193.0835030           0.7142803       2.8571213E-01       0.0000000E+00       7.5297775E-06       0.0000000E+00       3.4419818E-08              14.000              12.713
   11       19012.8562216           0.0132648         194.7827088           0.7142798       2.8571191E-01       0.0000000E+00       8.3006752E-06       0.0000000E+00       3.3017831E-08              14.000              13.860
   12       18320.8468608           0.0163518         196.5828599           0.7142792       2.8571169E-01       0.0000000E+00       9.0915637E-06       0.0000000E+00       2.7823439E-08              14.000              15.201
   13       17637.8758268           0.0200568         198.3773870           0.7142787       2.8571149E-01       0.0000000E+00       9.7988401E-06       1.2999638E-38       2.0507060E-08              14.000              16.656
   14       16964.3934726           0.0244790         200.0516196           0.7142783       2.8571132E-01       0.0000000E+00       1.0374089E-05       7.1696976E-27       1.3400006E-08              14.000              18.109
   15       16301.1811449           0.0297280         201.4186777           0.7142780       2.8571120E-01       0.0000000E+00       1.0794279E-05       5.4849701E-25       1.2838158E-08              14.000              19.381
   16       15649.3077157           0.0359233         202.5355090           0.7142778       2.8571111E-01       0.0000000E+00       1.1116359E-05       1.6144249E-23       3.6030035E-08              14.000              20.534
   17       15009.5296062           0.0431938         203.8053866           0.7142774       2.8571098E-01       0.0000000E+00       1.1579341E-05       1.0805048E-24       1.0025966E-07              14.000              21.866
   18       14381.7620523           0.0516775         205.6059927           0.7142768       2.8571072E-01       0.0000000E+00       1.2475157E-05       2.9112586E-26       1.7194902E-07              14.000              23.594
   19       13765.1832713           0.0615205         207.8369274           0.7142756       2.8571023E-01       0.0000000E+00       1.4188342E-05       1.9471127E-25       2.4520747E-07              14.000              25.583
   20       13159.0092070           0.0728745         210.4429821           0.7142731       2.8570926E-01       0.0000000E+00       1.7591920E-05       1.1768383E-23       3.4017646E-07              14.000              27.839
   21       12562.3507563           0.0887243         214.2136989           0.7142674       2.8570696E-01       0.0000000E+00       2.5633414E-05       7.6552718E-25       4.7376530E-07              14.000              30.878
   22       11769.3090561           0.1102573         219.1906571           0.7142546       2.8570183E-01       0.0000000E+00       4.3604076E-05       1.0600518E-09       6.8731738E-07              14.000              33.959
   23       10982.6585841           0.1358462         224.8267145           0.7142271       2.8569085E-01       0.0000000E+00       8.2039245E-05       6.1660919E-08       8.8041478E-07              14.000              37.424
   24       10210.6087562           0.1659503         230.8739555           0.7141744       2.8566976E-01       0.0000000E+00       1.5586844E-04       5.4971155E-07       1.0699983E-06              14.000              42.286
   25        9446.1184856           0.2013662         237.1249245           0.7140806       2.8563226E-01       0.0000000E+00       2.8715691E-04       1.6417884E-06       1.1770274E-06              14.000              51.698
   26        8684.4556773           0.2430311         243.5229949           0.7139115       2.8556471E-01       0.0000000E+00       5.2379281E-04       3.3458369E-06       1.5024626E-06              14.000              70.040
   27        7922.1711754           0.2920478         250.1429419           0.7136088       2.8544386E-01       0.0000000E+00       9.4739024E-04       5.6639465E-06       2.1949164E-06              14.000              96.695
   28        7156.1967429           0.3497134         257.0134616           0.7131104       2.8524523E-01       0.0000000E+00       1.6444116E-03       8.5884008E-06       2.4948185E-06              14.000             131.265
   29        6383.5021989           0.4175539         264.2650372           0.7123942       2.8496046E-01       0.0000000E+00       2.6453853E-03       9.9691521E-06       1.4579581E-06              14.000             175.295
   30        5600.8539991           0.4973648         271.9426507           0.7114776       2.8459717E-01       0.0000000E+00       3.9252448E-03       8.6345171E-06       4.4969455E-07              14.000             215.074
   31        4805.3239755           0.5912582         279.8654016           0.7102380       2.8410791E-01       0.0000000E+00       5.6541084E-03       7.2916457E-06       6.4603785E-08              14.000             235.615
   32        3994.9409608           0.7017189         287.8204073           0.7085111       2.8343023E-01       0.0000000E+00       8.0586324E-03       5.3137229E-06       1.5968298E-09              14.000             243.614
   33        3168.6882559           0.8316702         295.4628444           0.7062516       2.8255025E-01       0.0000000E+00       1.1198122E-02       3.3012819E-06       8.7726619E-27              14.000             245.655
   34        2326.7615647           0.9705714         301.7689420           0.7038428       2.8162045E-01       0.0000000E+00       1.4536722E-02       3.1546169E-06       2.3062151E-29              14.000             245.806
   35        1602.2221384           1.1017302         305.9774576           0.7017881       2.8083398E-01       0.0000000E+00       1.7377899E-02       3.4800759E-06       1.5432500E-33              14.000             245.807
   36        1009.5263048           1.2163730         308.1527751           0.6995362       2.7997897E-01       0.0000000E+00       2.0484814E-02       3.5981457E-06       4.3792924E-32              14.000             245.804
   37         555.8964751           1.3065308         308.9995638           0.6953330       2.7840206E-01       0.0000000E+00       2.6264992E-02       4.6052979E-06       6.5284600E-31              14.000             245.806
   38         245.5879818           1.3655498         309.1822384           0.6914465       2.7696548E-01       0.0000000E+00       3.1588058E-02       6.8578450E-06       2.9419137E-28              14.000             245.808
   39          80.6558118           1.3970305         309.2360736           0.6900101       2.7643966E-01       0.0000000E+00       3.3550254E-02       5.7858224E-06       8.7862411E-28              14.000             245.804
