# ----------------------------------------------------------------------------------------------
# NASA-GSFC Planetary Spectrum Generator (PSG, Villanueva et al. 2015)
# Atmospheric layering information considered by PUMAS
# Synthesized on Thu May 31 23:19:24 2018
# Radiative transfer method: correlated-k
# Synthesis spectral resolution [cm-1] and resolving power: 0.168098 5.001e+03
# Scattering parameters (nmax, lmax): 0 0
# ----------------------------------------------------------------------------------------------
# Molecular abundance atmprofile: TRAPPIST-1 e - CU Boulder GCM (Eric Wolf)
# Molecules considered: N2,CO2,H2O
# Molecular sources: HIT[22],HIT[2],HIT[1]
# Molecular abundances: 1,1,1
# Molecular abundance units: scl,scl,scl
# Collission-Induced-Absorption:  N2-N2(18.05-500000.00um) N2-N2(3.71-5.00um)
# ----------------------------------------------------------------------------------------------
# Aerosols considered: WaterIce,Cloud
# Aerosols sources: CRISM_Wolff[reff=2.0um 0.31-99.57um],White_GSFC[reff=1.0um 0.10-1000000.00um]
# Aerosols abundances: 1,1
# Aerosols abundance units: scl,scl
# Aerosols sizes [um]: 181.88133652826207,7.0
# ----------------------------------------------------------------------------------------------
# Input layer-by-layer atmospheric atmprofile
# Molecular abundances in molec/molec and aerosols in kg/kg
# ----------------------------------------------------------------------------------------------
# Alt[km] Pressure[bar] Temp[K]         N2        CO2        H2O   WaterIce      Cloud
# ----------------------------------------------------------------------------------------------
    0.000   1.405e+00   283.996   6.245e-02  2.974e-01  1.012e-02  7.467e-11  2.738e-05
    0.254   1.363e+00   287.800   2.539e-01  2.974e-01  1.032e-02  1.259e-29  1.498e-05
    0.628   1.304e+00   290.300   6.280e-01  2.976e-01  9.514e-03  1.458e-27  1.162e-05
    1.236   1.214e+00   290.500   1.236e+00  2.979e-01  8.212e-03  4.864e-13  1.051e-05
    2.074   1.100e+00   288.400   2.074e+00  2.982e-01  6.972e-03  4.299e-09  1.198e-05
    3.134   9.691e-01   283.900   3.134e+00  2.985e-01  5.577e-03  3.818e-08  1.435e-05
    4.402   8.304e-01   277.600   4.402e+00  2.988e-01  4.312e-03  1.612e-07  1.555e-05
    5.764   7.007e-01   270.300   5.764e+00  2.991e-01  3.054e-03  8.284e-07  1.932e-05
    7.101   5.904e-01   262.900   7.101e+00  2.993e-01  1.936e-03  2.385e-06  1.452e-05
    8.413   4.967e-01   255.800   8.413e+00  2.995e-01  1.135e-03  4.005e-06  7.920e-06
    9.705   4.170e-01   249.000   9.705e+00  2.996e-01  6.967e-04  4.027e-06  4.540e-06
   10.980   3.493e-01   242.600   1.098e+01  2.997e-01  4.374e-04  3.597e-06  2.585e-06
   12.240   2.917e-01   236.100   1.224e+01  2.997e-01  2.615e-04  4.087e-06  1.060e-06
   13.490   2.428e-01   229.400   1.349e+01  2.997e-01  1.510e-04  2.467e-06  1.858e-08
   14.740   2.012e-01   222.400   1.474e+01  2.998e-01  7.843e-05  2.330e-06  1.903e-24
   15.980   1.658e-01   215.700   1.598e+01  2.998e-01  3.627e-05  1.391e-06  1.509e-25
   17.220   1.358e-01   210.100   1.722e+01  2.998e-01  1.769e-05  3.876e-07  5.933e-26
   18.500   1.102e-01   207.100   1.850e+01  2.998e-01  1.205e-05  5.969e-08  1.193e-28
   19.810   8.871e-02   206.200   1.981e+01  2.998e-01  1.107e-05  8.176e-09  0.000e+00
   20.990   7.287e-02   206.200   2.099e+01  2.998e-01  1.084e-05  1.676e-09  0.000e+00
   22.020   6.152e-02   206.400   2.202e+01  2.998e-01  1.070e-05  9.818e-10  0.000e+00
   23.070   5.168e-02   206.200   2.307e+01  2.998e-01  1.056e-05  1.034e-09  0.000e+00
   24.150   4.319e-02   205.500   2.415e+01  2.998e-01  1.043e-05  1.947e-09  0.000e+00
   25.250   3.592e-02   204.300   2.525e+01  2.998e-01  1.034e-05  2.434e-09  0.000e+00
   26.380   2.973e-02   202.800   2.638e+01  2.998e-01  1.040e-05  3.237e-09  0.000e+00
   27.530   2.448e-02   200.900   2.753e+01  2.998e-01  1.063e-05  6.464e-09  0.000e+00
   28.700   2.006e-02   198.900   2.870e+01  2.998e-01  1.072e-05  1.540e-08  0.000e+00
   29.880   1.635e-02   196.700   2.988e+01  2.998e-01  1.053e-05  2.713e-08  0.000e+00
   31.080   1.326e-02   194.600   3.108e+01  2.998e-01  1.020e-05  2.952e-08  0.000e+00
   32.290   1.071e-02   192.700   3.229e+01  2.998e-01  9.853e-06  2.707e-08  0.000e+00
   33.520   8.600e-03   191.200   3.352e+01  2.998e-01  9.519e-06  3.304e-08  0.000e+00
   34.770   6.873e-03   189.900   3.477e+01  2.998e-01  9.215e-06  4.198e-08  0.000e+00
   36.040   5.465e-03   188.500   3.604e+01  2.998e-01  8.961e-06  5.199e-08  0.000e+00
   37.330   4.325e-03   186.800   3.733e+01  2.998e-01  8.715e-06  7.017e-08  0.000e+00
   38.630   3.405e-03   184.800   3.863e+01  2.998e-01  8.356e-06  1.025e-07  0.000e+00
   39.940   2.667e-03   182.700   3.994e+01  2.998e-01  7.911e-06  1.302e-07  0.000e+00
   41.260   2.079e-03   180.600   4.126e+01  2.998e-01  7.574e-06  1.209e-07  0.000e+00
   42.600   1.613e-03   178.900   4.260e+01  2.998e-01  7.423e-06  7.246e-08  0.000e+00
   43.950   1.245e-03   178.400   4.395e+01  2.998e-01  7.537e-06  4.577e-08  0.000e+00
   45.330   9.559e-04   178.500   4.533e+01  2.998e-01  7.759e-06  9.908e-09  0.000e+00
   47.330   7.832e-04   178.500   4.733e+01  2.998e-01  7.759e-06  9.908e-09  0.000e+00
   54.820   3.716e-04   178.500   5.482e+01  2.998e-01  7.759e-06  9.908e-09  0.000e+00
   63.490   1.567e-04   178.500   6.349e+01  2.998e-01  7.759e-06  9.908e-09  0.000e+00
   73.520   5.762e-05   178.500   7.352e+01  2.998e-01  7.759e-06  9.908e-09  0.000e+00
   85.150   1.809e-05   178.500   8.515e+01  2.998e-01  7.759e-06  9.908e-09  0.000e+00
   98.620   4.729e-06   178.500   9.862e+01  2.998e-01  7.759e-06  9.908e-09  0.000e+00
  114.200   1.000e-06   178.500   1.142e+02  2.998e-01  7.759e-06  9.908e-09  0.000e+00
#
# ----------------------------------------------------------------------------------------------
# Curtis-Godson integrated layer information used by the radiative transfer analysis
# Oblique molecular layer columns in molec/m2 and aerosols in kg/m2
# ----------------------------------------------------------------------------------------------
# Low[km]  High[km]  Path[km] Pressure[bar] Temp[K]   Airmass   dcol[m-2]         N2        CO2        H2O   WaterIce      Cloud
# ----------------------------------------------------------------------------------------------
    0.000     0.254     0.380   1.384e+00   285.879    1.4980   1.337e+28  1.814e+27  3.977e+27  1.366e+26  6.575e-09  1.564e-02
    0.254     0.628     0.560   1.334e+00   289.037    1.4979   1.876e+28  7.712e+27  5.580e+27  1.860e+26  3.201e-25  1.409e-02
    0.628     1.236     0.911   1.259e+00   290.399    1.4977   2.861e+28  2.558e+28  8.520e+27  2.534e+26  4.278e-11  1.796e-02
    1.236     2.074     1.255   1.157e+00   289.467    1.4975   3.633e+28  5.858e+28  1.083e+28  2.756e+26  9.686e-07  2.312e-02
    2.074     3.134     1.587   1.034e+00   286.193    1.4972   4.152e+28  1.062e+29  1.239e+28  2.600e+26  3.586e-05  3.087e-02
    3.134     4.402     1.898   8.995e-01   280.821    1.4968   4.398e+28  1.635e+29  1.314e+28  2.169e+26  2.098e-04  3.724e-02
    4.402     5.764     2.038   7.653e-01   274.039    1.4964   4.116e+28  2.073e+29  1.231e+28  1.508e+26  9.338e-04  4.044e-02
    5.764     7.101     2.000   6.453e-01   266.691    1.4960   3.500e+28  2.238e+29  1.047e+28  8.633e+25  2.886e-03  3.348e-02
    7.101     8.413     1.962   5.434e-01   259.438    1.4955   2.972e+28  2.295e+29  8.898e+27  4.488e+25  5.235e-03  1.849e-02
    8.413     9.705     1.932   4.567e-01   252.486    1.4951   2.527e+28  2.281e+29  7.569e+27  2.283e+25  5.755e-03  8.766e-03
    9.705    10.980     1.906   3.830e-01   245.882    1.4947   2.147e+28  2.214e+29  6.433e+27  1.203e+25  4.643e-03  4.257e-03
   10.980    12.240     1.883   3.204e-01   239.435    1.4943   1.822e+28  2.110e+29  5.460e+27  6.271e+24  3.958e-03  1.788e-03
   12.240    13.490     1.867   2.671e-01   232.838    1.4939   1.549e+28  1.989e+29  4.643e+27  3.140e+24  2.839e-03  2.402e-04
   13.490    14.740     1.867   2.219e-01   225.994    1.4935   1.325e+28  1.867e+29  3.973e+27  1.481e+24  1.804e-03  1.691e-06
   14.740    15.980     1.851   1.834e-01   219.143    1.4931   1.120e+28  1.718e+29  3.358e+27  6.189e+23  1.165e-03  4.549e-22
   15.980    17.220     1.851   1.507e-01   212.983    1.4928   9.467e+27  1.569e+29  2.838e+27  2.476e+23  4.296e-04  5.340e-23
   17.220    18.500     1.910   1.230e-01   208.649    1.4924   8.132e+27  1.450e+29  2.438e+27  1.202e+23  8.332e-05  5.053e-24
   18.500    19.810     1.954   9.945e-02   206.666    1.4920   6.790e+27  1.298e+29  2.036e+27  7.856e+22  1.033e-05  2.608e-29
   19.810    20.990     1.760   8.080e-02   206.200    1.4916   4.982e+27  1.015e+29  1.494e+27  5.459e+22  1.189e-06  0.000e+00
   20.990    22.020     1.536   6.720e-02   206.297    1.4912   3.618e+27  7.773e+28  1.085e+27  3.897e+22  2.684e-07  0.000e+00
   22.020    23.070     1.565   5.660e-02   206.303    1.4909   3.105e+27  6.994e+28  9.309e+26  3.301e+22  1.773e-07  0.000e+00
   23.070    24.150     1.610   4.744e-02   205.861    1.4906   2.681e+27  6.325e+28  8.039e+26  2.815e+22  2.174e-07  0.000e+00
   24.150    25.250     1.639   3.955e-02   204.918    1.4902   2.287e+27  5.644e+28  6.856e+26  2.375e+22  2.820e-07  0.000e+00
   25.250    26.380     1.684   3.282e-02   203.573    1.4899   1.962e+27  5.060e+28  5.881e+26  2.034e+22  3.120e-07  0.000e+00
   26.380    27.530     1.713   2.710e-02   201.880    1.4895   1.662e+27  4.475e+28  4.982e+26  1.747e+22  4.351e-07  0.000e+00
   27.530    28.700     1.742   2.227e-02   199.932    1.4892   1.402e+27  3.938e+28  4.203e+26  1.496e+22  8.073e-07  0.000e+00
   28.700    29.880     1.757   1.820e-02   197.836    1.4888   1.168e+27  3.417e+28  3.500e+26  1.241e+22  1.359e-06  0.000e+00
   29.880    31.080     1.786   1.480e-02   195.685    1.4884   9.758e+26  2.972e+28  2.926e+26  1.012e+22  1.565e-06  0.000e+00
   31.080    32.290     1.801   1.198e-02   193.683    1.4881   8.045e+26  2.547e+28  2.412e+26  8.070e+21  1.292e-06  0.000e+00
   32.290    33.520     1.830   9.654e-03   191.977    1.4877   6.643e+26  2.184e+28  1.992e+26  6.438e+21  1.125e-06  0.000e+00
   33.520    34.770     1.859   7.736e-03   190.574    1.4873   5.447e+26  1.858e+28  1.633e+26  5.105e+21  1.148e-06  0.000e+00
   34.770    36.040     1.888   6.169e-03   189.226    1.4869   4.442e+26  1.572e+28  1.332e+26  4.039e+21  1.175e-06  0.000e+00
   36.040    37.330     1.918   4.895e-03   187.682    1.4865   3.608e+26  1.323e+28  1.082e+26  3.190e+21  1.234e-06  0.000e+00
   37.330    38.630     1.932   3.864e-03   185.839    1.4862   2.898e+26  1.100e+28  8.689e+25  2.475e+21  1.392e-06  0.000e+00
   38.630    39.940     1.946   3.036e-03   183.791    1.4858   2.319e+26  9.102e+27  6.951e+25  1.887e+21  1.516e-06  0.000e+00
   39.940    41.260     1.961   2.373e-03   181.692    1.4854   1.846e+26  7.490e+27  5.535e+25  1.431e+21  1.316e-06  0.000e+00
   41.260    42.600     1.990   1.846e-03   179.785    1.4849   1.473e+26  6.171e+27  4.415e+25  1.105e+21  7.988e-07  0.000e+00
   42.600    43.950     2.004   1.429e-03   178.661    1.4845   1.155e+26  4.996e+27  3.463e+25  8.638e+20  3.845e-07  0.000e+00
   43.950    45.330     2.048   1.101e-03   178.448    1.4841   9.100e+25  4.059e+27  2.728e+25  6.955e+20  1.251e-07  0.000e+00
   45.330    47.330     2.967   8.696e-04   178.500    1.4836   1.044e+26  4.832e+27  3.130e+25  8.100e+20  5.867e-08  0.000e+00
   47.330    54.820    11.102   5.776e-04   178.500    1.4822   2.487e+26  1.257e+28  7.457e+25  1.930e+21  1.398e-07  0.000e+00
   54.820    63.490    12.830   2.643e-04   178.500    1.4798   1.296e+26  7.572e+27  3.885e+25  1.006e+21  7.283e-08  0.000e+00
   63.490    73.520    14.814   1.073e-04   178.500    1.4770   5.955e+25  4.023e+27  1.785e+25  4.620e+20  3.347e-08  0.000e+00
   73.520    85.150    17.141   3.793e-05   178.500    1.4738   2.374e+25  1.854e+27  7.118e+24  1.842e+20  1.334e-08  0.000e+00
   85.150    98.620    19.803   1.145e-05   178.500    1.4702   8.007e+24  7.226e+26  2.400e+24  6.212e+19  4.500e-09  0.000e+00
   98.620   114.200    22.841   2.881e-06   178.500    1.4660   2.226e+24  2.321e+26  6.674e+23  1.727e+19  1.251e-09  0.000e+00
# ----------------------------------------------------------------------------------------------
# Integrated atmospheric columns                       1.4956   4.460e+29  3.411e+30  1.333e+29  1.658e+27  3.001e-02  2.464e-01
# ----------------------------------------------------------------------------------------------
