# Simulation:  trappist1e_1barN2_0.4barCO2_aqua
# TRAPPIST-1 e, 0.71% N2, 0.29% CO2, 0.00% CH4
# Mean Vertical Profile
# Mass mixing ratios (kg/kg) relative to the moist air mass (i.e dry air mass + water vapor mass)
# Pressure are total pressure (i.e P_dry + P_h2o)
# Surf Press (mb)    Surf Temp (K)        Surf Albedo          Dry Molar Weight     Phase
#1.4111691           #297.1341043         #0.0000000           #32.5714286          #320.0000000         
# Lev          Height (m)      Pressure (bar)     Temperature (K)            N2 (vmr)           CO2 (vmr)           CH4 (vmr)           H2O (vmr)       Liquid Clouds          Ice Clouds         Liquid Size            Ice Size
    0       27136.6593034           0.0009559         176.8532344           0.7142826       2.8571302E-01       0.0000000E+00       4.4131744E-06       0.0000000E+00       4.2036891E-09              14.000               6.237
    1       26356.5928163           0.0012448         177.2187053           0.7142829       2.8571314E-01       0.0000000E+00       4.0098993E-06       0.0000000E+00       1.9683261E-08              14.000               6.362
    2       25588.5926960           0.0016128         178.5141435           0.7142831       2.8571323E-01       0.0000000E+00       3.7067799E-06       0.0000000E+00       2.1895966E-08              14.000               6.642
    3       24828.9066876           0.0020793         180.3953696           0.7142831       2.8571324E-01       0.0000000E+00       3.6545767E-06       0.0000000E+00       1.9217639E-08              14.000               7.059
    4       24075.2091869           0.0026674         182.5941944           0.7142829       2.8571317E-01       0.0000000E+00       3.9091149E-06       0.0000000E+00       1.5950429E-08              14.000               7.663
    5       23326.4691783           0.0034049         184.8728770           0.7142825       2.8571301E-01       0.0000000E+00       4.4496616E-06       0.0000000E+00       1.3499744E-08              14.000               8.472
    6       22582.8786431           0.0043246         187.0628692           0.7142821       2.8571284E-01       0.0000000E+00       5.0656241E-06       0.0000000E+00       1.1612162E-08              14.000               9.411
    7       21845.2321578           0.0054654         188.9899628           0.7142817       2.8571269E-01       0.0000000E+00       5.5765102E-06       0.0000000E+00       1.1002404E-08              14.000              10.351
    8       21114.9002562           0.0068729         190.6148335           0.7142814       2.8571258E-01       0.0000000E+00       5.9831029E-06       0.0000000E+00       1.1913628E-08              14.000              11.216
    9       20393.3914737           0.0085997         192.0733921           0.7142811       2.8571246E-01       0.0000000E+00       6.3959568E-06       0.0000000E+00       1.3723160E-08              14.000              12.052
   10       19681.6210522           0.0107070         193.5876978           0.7142808       2.8571231E-01       0.0000000E+00       6.9306560E-06       0.0000000E+00       1.5021303E-08              14.000              13.002
   11       18979.5573534           0.0132648         195.2666446           0.7142803       2.8571211E-01       0.0000000E+00       7.6198783E-06       0.0000000E+00       1.4812596E-08              14.000              14.166
   12       18286.8556932           0.0163518         197.0367892           0.7142797       2.8571189E-01       0.0000000E+00       8.3752300E-06       0.0000000E+00       1.3237361E-08              14.000              15.514
   13       17603.5985297           0.0200568         198.7693935           0.7142792       2.8571168E-01       0.0000000E+00       9.1123966E-06       0.0000000E+00       1.0622600E-08              14.000              16.951
   14       16930.1771572           0.0244790         200.4333514           0.7142787       2.8571148E-01       0.0000000E+00       9.8083276E-06       0.0000000E+00       7.8855505E-09              14.000              18.429
   15       16267.0978776           0.0297280         202.1203994           0.7142783       2.8571132E-01       0.0000000E+00       1.0380248E-05       0.0000000E+00       5.2591352E-09              14.000              20.027
   16       15614.7075321           0.0359233         203.9160578           0.7142780       2.8571121E-01       0.0000000E+00       1.0771186E-05       0.0000000E+00       4.4449911E-09              14.000              21.830
   17       14973.1128417           0.0431938         205.7985794           0.7142778       2.8571110E-01       0.0000000E+00       1.1139349E-05       0.0000000E+00       7.4308807E-09              14.000              23.740
   18       14342.4095014           0.0516775         207.7632526           0.7142773       2.8571093E-01       0.0000000E+00       1.1742976E-05       6.9725375E-31       1.6721592E-08              14.000              25.567
   19       13722.4208335           0.0615205         209.8772614           0.7142765       2.8571059E-01       0.0000000E+00       1.2945139E-05       9.6131959E-30       3.0778385E-08              14.000              27.308
   20       13112.8134394           0.0728745         212.3486637           0.7142748       2.8570991E-01       0.0000000E+00       1.5318281E-05       1.7299128E-28       4.5105939E-08              14.000              29.261
   21       12512.9320169           0.0887504         215.8767600           0.7142707       2.8570828E-01       0.0000000E+00       2.1012151E-05       4.0716437E-26       6.0332050E-08              14.000              31.894
   22       11714.5420755           0.1103403         220.4602756           0.7142614       2.8570456E-01       0.0000000E+00       3.4033081E-05       1.2923786E-21       1.1592061E-07              14.000              34.770
   23       10924.0705460           0.1359963         225.6191393           0.7142405       2.8569621E-01       0.0000000E+00       6.3281134E-05       1.0836335E-10       2.1054219E-07              14.000              38.135
   24       10149.5877764           0.1661791         231.1088964           0.7141979       2.8567916E-01       0.0000000E+00       1.2296984E-04       1.1692226E-08       3.9979271E-07              14.000              42.947
   25        9383.8653075           0.2016877         236.6546433           0.7141150       2.8564600E-01       0.0000000E+00       2.3904183E-04       2.0098662E-07       9.2911049E-07              14.000              51.903
   26        8622.2242431           0.2434617         242.1184657           0.7139575       2.8558307E-01       0.0000000E+00       4.5946664E-04       1.0931952E-06       1.8144249E-06              14.000              67.589
   27        7861.4697084           0.2926066         247.6825421           0.7136758       2.8547060E-01       0.0000000E+00       8.5363097E-04       4.0435155E-06       2.7479393E-06              14.000              88.968
   28        7098.6081873           0.3504231         253.7389013           0.7132216       2.8528954E-01       0.0000000E+00       1.4888138E-03       9.3469805E-06       2.8401927E-06              14.000             116.542
   29        6330.1194015           0.4184412         260.5300534           0.7125811       2.8503471E-01       0.0000000E+00       2.3841793E-03       1.2245372E-05       2.0967551E-06              14.000             154.124
   30        5552.2209634           0.4984609         267.9483385           0.7117497       2.8470488E-01       0.0000000E+00       3.5454503E-03       1.2504019E-05       1.0938137E-06              14.000             196.100
   31        4761.7302608           0.5926000         275.6552141           0.7107089       2.8429351E-01       0.0000000E+00       4.9975800E-03       1.1422198E-05       3.0654618E-07              14.000             222.847
   32        3956.6698890           0.7033498         283.3391738           0.7094361       2.8379267E-01       0.0000000E+00       6.7711984E-03       9.1701371E-06       1.7436194E-08              14.000             237.827
   33        3136.1533228           0.8336411         290.5834375           0.7078518       2.8317265E-01       0.0000000E+00       8.9755646E-03       5.8415335E-06       1.0395568E-25              14.000             244.784
   34        2300.6137275           0.9729059         296.3877737           0.7061065       2.8249398E-01       0.0000000E+00       1.1399541E-02       4.8267809E-06       4.5231210E-28              14.000             245.803
   35        1582.1649360           1.1044078         299.9477153           0.7047237       2.8195949E-01       0.0000000E+00       1.3316793E-02       4.2794353E-06       1.0728874E-31              14.000             245.806
   36         995.1558609           1.2193507         301.2420842           0.7039594       2.8166523E-01       0.0000000E+00       1.4375409E-02       4.4557410E-06       7.6950733E-34              14.000             245.804
   37         546.7506730           1.3097444         300.7092136           0.7030991       2.8133507E-01       0.0000000E+00       1.5565826E-02       6.2732322E-06       4.9116058E-30              14.000             245.804
   38         240.9222590           1.3689179         299.1928440           0.7019953       2.8091300E-01       0.0000000E+00       1.7091717E-02       1.3009098E-05       4.6920232E-28              14.000             245.804
   39          78.9807331           1.4004794         298.0922732           0.7015531       2.8074442E-01       0.0000000E+00       1.7702471E-02       1.1878032E-05       1.0094141E-27              14.000             245.802
