# ------------------------------------------------------------------------
# Radiance spectrum
# NASA-GSFC Planetary Spectrum Generator (PSG) (Villanueva et al. 2015)
# Synthesized on Tue Nov 21 15:09:06 2017
# ------------------------------------------------------------------------
# Atmospheric radiances synthesized with PUMAS (Villanueva et al. 2016, Smith et al. 2009, Edwards 1992)
# Molecular abundance profile: 
# Molecules considered: N2,CO2,H2O
# Molecular sources: HIT[22],HIT[2],HIT[1]
# Molecular abundances: 1,1,1
# Molecular abundance units: scl,scl,scl
# Collission-Induced-Absorption:  N2-N2(3.33-5.41um)
# Rayleigh scattering included
# ------------------------------------------------------------------------
# Spectral unit: Wavelength [um]
# Radiance unit: Spectral radiance [W/sr/m2/um]
# Wave/freq Total Stellar TRAPPIST-1-e
1.000000000e+00  3.68049e-03  3.68049e-03  6.00436e-10
1.010000000e+00  3.70309e-03  3.70309e-03  6.04073e-10
1.020000000e+00  3.72363e-03  3.72363e-03  6.07387e-10
1.030000000e+00  3.74214e-03  3.74214e-03  6.10374e-10
1.040000000e+00  3.75867e-03  3.75867e-03  5.97697e-10
1.050000000e+00  3.77328e-03  3.77327e-03  6.15255e-10
1.060000000e+00  3.78601e-03  3.78601e-03  6.16529e-10
1.070000000e+00  3.79691e-03  3.79691e-03  6.14842e-10
1.080000000e+00  3.80605e-03  3.80605e-03  6.20347e-10
1.090000000e+00  3.81347e-03  3.81347e-03  6.21837e-10
1.100000000e+00  3.81923e-03  3.81922e-03  6.22626e-10
1.110000000e+00  3.82337e-03  3.82337e-03  6.23276e-10
1.120000000e+00  3.82595e-03  3.82595e-03  6.20104e-10
1.130000000e+00  3.82703e-03  3.82703e-03  6.18619e-10
1.140000000e+00  3.82666e-03  3.82666e-03  6.21863e-10
1.150000000e+00  3.82489e-03  3.82489e-03  6.20569e-10
1.160000000e+00  3.82177e-03  3.82177e-03  6.22635e-10
1.170000000e+00  3.81735e-03  3.81734e-03  6.22382e-10
1.180000000e+00  3.81168e-03  3.81168e-03  6.21361e-10
1.190000000e+00  3.80481e-03  3.80481e-03  6.20201e-10
1.200000000e+00  3.79680e-03  3.79679e-03  6.18973e-10
1.210000000e+00  3.78768e-03  3.78768e-03  5.32057e-10
1.220000000e+00  3.77751e-03  3.77751e-03  5.70830e-10
1.230000000e+00  3.76632e-03  3.76632e-03  5.87246e-10
1.240000000e+00  3.75418e-03  3.75418e-03  6.03962e-10
1.250000000e+00  3.74111e-03  3.74111e-03  6.09739e-10
1.260000000e+00  3.72717e-03  3.72717e-03  6.05535e-10
1.270000000e+00  3.71239e-03  3.71239e-03  6.03218e-10
1.280000000e+00  3.69682e-03  3.69682e-03  6.03024e-10
1.290000000e+00  3.68050e-03  3.68049e-03  5.96591e-10
1.300000000e+00  3.66345e-03  3.66345e-03  5.88780e-10
1.310000000e+00  3.64573e-03  3.64573e-03  5.94476e-10
1.320000000e+00  3.62737e-03  3.62736e-03  5.53203e-10
1.330000000e+00  3.60839e-03  3.60839e-03  5.87998e-10
1.340000000e+00  3.58885e-03  3.58885e-03  5.61464e-10
1.350000000e+00  3.56877e-03  3.56877e-03  5.75172e-10
1.360000000e+00  3.54817e-03  3.54817e-03  5.65148e-10
1.370000000e+00  3.52711e-03  3.52711e-03  5.58603e-10
1.380000000e+00  3.50559e-03  3.50559e-03  5.56002e-10
1.390000000e+00  3.48366e-03  3.48366e-03  5.56372e-10
1.400000000e+00  3.46134e-03  3.46134e-03  5.53518e-10
1.410000000e+00  3.43866e-03  3.43866e-03  5.48086e-10
1.420000000e+00  3.41564e-03  3.41564e-03  5.55539e-10
1.430000000e+00  3.39231e-03  3.39231e-03  5.48360e-10
1.440000000e+00  3.36870e-03  3.36870e-03  3.04815e-10
1.450000000e+00  3.34482e-03  3.34482e-03  4.63044e-10
1.460000000e+00  3.32070e-03  3.32070e-03  5.36910e-10
1.470000000e+00  3.29637e-03  3.29636e-03  5.33554e-10
1.480000000e+00  3.27183e-03  3.27183e-03  4.99426e-10
1.490000000e+00  3.24712e-03  3.24711e-03  5.20629e-10
1.500000000e+00  3.22224e-03  3.22224e-03  4.97030e-10
1.510000000e+00  3.19723e-03  3.19723e-03  5.19147e-10
1.520000000e+00  3.17209e-03  3.17209e-03  5.15720e-10
1.530000000e+00  3.14685e-03  3.14685e-03  4.80793e-10
1.540000000e+00  3.12152e-03  3.12152e-03  4.47391e-10
1.550000000e+00  3.09611e-03  3.09611e-03  4.93828e-10
1.560000000e+00  3.07064e-03  3.07064e-03  4.97983e-10
1.570000000e+00  3.04513e-03  3.04513e-03  4.51164e-10
1.580000000e+00  3.01959e-03  3.01959e-03  3.35172e-10
1.590000000e+00  2.99402e-03  2.99402e-03  4.66831e-10
1.600000000e+00  2.96846e-03  2.96846e-03  4.36269e-10
1.610000000e+00  2.94289e-03  2.94289e-03  3.28535e-10
1.620000000e+00  2.91734e-03  2.91734e-03  4.21716e-10
1.630000000e+00  2.89182e-03  2.89182e-03  4.52375e-10
1.640000000e+00  2.86634e-03  2.86634e-03  4.33285e-10
1.650000000e+00  2.84091e-03  2.84091e-03  4.22803e-10
1.660000000e+00  2.81553e-03  2.81553e-03  4.41849e-10
1.670000000e+00  2.79021e-03  2.79021e-03  4.42418e-10
1.680000000e+00  2.76497e-03  2.76497e-03  4.43058e-10
1.690000000e+00  2.73981e-03  2.73981e-03  4.45634e-10
1.700000000e+00  2.71474e-03  2.71474e-03  4.43084e-10
1.710000000e+00  2.68977e-03  2.68977e-03  4.35881e-10
1.720000000e+00  2.66490e-03  2.66490e-03  4.34462e-10
1.730000000e+00  2.64013e-03  2.64013e-03  4.31362e-10
1.740000000e+00  2.61549e-03  2.61549e-03  4.27471e-10
1.750000000e+00  2.59096e-03  2.59096e-03  4.23367e-10
1.760000000e+00  2.56656e-03  2.56656e-03  4.18869e-10
1.770000000e+00  2.54229e-03  2.54229e-03  4.15105e-10
1.780000000e+00  2.51815e-03  2.51815e-03  4.11354e-10
1.790000000e+00  2.49415e-03  2.49415e-03  4.07080e-10
1.800000000e+00  2.47030e-03  2.47030e-03  4.03154e-10
1.810000000e+00  2.44660e-03  2.44660e-03  3.98701e-10
1.820000000e+00  2.42304e-03  2.42304e-03  3.91664e-10
1.830000000e+00  2.39965e-03  2.39964e-03  3.84912e-10
1.840000000e+00  2.37640e-03  2.37640e-03  3.75894e-10
1.850000000e+00  2.35332e-03  2.35332e-03  3.73307e-10
1.860000000e+00  2.33041e-03  2.33041e-03  3.66806e-10
1.870000000e+00  2.30765e-03  2.30765e-03  3.66876e-10
1.880000000e+00  2.28507e-03  2.28507e-03  3.30470e-10
1.890000000e+00  2.26266e-03  2.26266e-03  3.29890e-10
1.900000000e+00  2.24041e-03  2.24041e-03  3.51151e-10
1.910000000e+00  2.21834e-03  2.21834e-03  3.47901e-10
1.920000000e+00  2.19645e-03  2.19645e-03  3.50776e-10
1.930000000e+00  2.17473e-03  2.17473e-03  3.47598e-10
1.940000000e+00  2.15319e-03  2.15319e-03  3.34044e-10
1.950000000e+00  2.13183e-03  2.13183e-03  2.09376e-10
1.960000000e+00  2.11065e-03  2.11065e-03  1.05035e-10
1.970000000e+00  2.08964e-03  2.08964e-03  1.10979e-10
1.980000000e+00  2.06882e-03  2.06882e-03  2.09904e-10
1.990000000e+00  2.04818e-03  2.04818e-03  2.65710e-10
2.000000000e+00  2.02772e-03  2.02772e-03  1.81898e-10
2.010000000e+00  2.00745e-03  2.00745e-03  7.39825e-11
2.020000000e+00  1.98735e-03  1.98735e-03  8.55755e-11
2.030000000e+00  1.96744e-03  1.96744e-03  1.49593e-10
2.040000000e+00  1.94771e-03  1.94771e-03  1.66265e-10
2.050000000e+00  1.92816e-03  1.92816e-03  1.55644e-10
2.060000000e+00  1.90880e-03  1.90880e-03  1.00211e-10
2.070000000e+00  1.88961e-03  1.88961e-03  1.06092e-10
2.080000000e+00  1.87061e-03  1.87061e-03  1.50268e-10
2.090000000e+00  1.85179e-03  1.85179e-03  1.77273e-10
2.100000000e+00  1.83315e-03  1.83315e-03  2.16500e-10
2.110000000e+00  1.81469e-03  1.81469e-03  2.50761e-10
2.120000000e+00  1.79641e-03  1.79641e-03  2.59366e-10
2.130000000e+00  1.77831e-03  1.77831e-03  2.78885e-10
2.140000000e+00  1.76039e-03  1.76039e-03  2.80600e-10
2.150000000e+00  1.74264e-03  1.74264e-03  2.58519e-10
2.160000000e+00  1.72507e-03  1.72507e-03  2.56190e-10
2.170000000e+00  1.70768e-03  1.70768e-03  2.53069e-10
2.180000000e+00  1.69046e-03  1.69046e-03  2.63285e-10
2.190000000e+00  1.67341e-03  1.67341e-03  2.68888e-10
2.200000000e+00  1.65654e-03  1.65654e-03  2.68265e-10
2.210000000e+00  1.63984e-03  1.63984e-03  2.66195e-10
2.220000000e+00  1.62331e-03  1.62331e-03  2.62543e-10
2.230000000e+00  1.60696e-03  1.60695e-03  2.60191e-10
2.240000000e+00  1.59076e-03  1.59076e-03  2.58651e-10
2.250000000e+00  1.57474e-03  1.57474e-03  2.55934e-10
2.260000000e+00  1.55889e-03  1.55889e-03  2.52179e-10
2.270000000e+00  1.54320e-03  1.54319e-03  2.50660e-10
2.280000000e+00  1.52767e-03  1.52767e-03  2.47907e-10
2.290000000e+00  1.51230e-03  1.51230e-03  2.45833e-10
2.300000000e+00  1.49710e-03  1.49710e-03  2.43301e-10
2.310000000e+00  1.48206e-03  1.48206e-03  2.40818e-10
2.320000000e+00  1.46718e-03  1.46718e-03  2.38372e-10
2.330000000e+00  1.45245e-03  1.45245e-03  2.35913e-10
2.340000000e+00  1.43788e-03  1.43788e-03  2.33478e-10
2.350000000e+00  1.42347e-03  1.42347e-03  2.31070e-10
2.360000000e+00  1.40921e-03  1.40921e-03  2.28685e-10
2.370000000e+00  1.39510e-03  1.39510e-03  2.26349e-10
2.380000000e+00  1.38115e-03  1.38115e-03  2.23966e-10
2.390000000e+00  1.36734e-03  1.36734e-03  2.21538e-10
2.400000000e+00  1.35368e-03  1.35368e-03  2.19142e-10
2.410000000e+00  1.34017e-03  1.34017e-03  2.16851e-10
2.420000000e+00  1.32681e-03  1.32681e-03  2.14859e-10
2.430000000e+00  1.31359e-03  1.31359e-03  2.12901e-10
2.440000000e+00  1.30051e-03  1.30051e-03  2.09874e-10
2.450000000e+00  1.28757e-03  1.28757e-03  2.08209e-10
2.460000000e+00  1.27478e-03  1.27478e-03  2.06439e-10
2.470000000e+00  1.26212e-03  1.26212e-03  2.04142e-10
2.480000000e+00  1.24960e-03  1.24960e-03  2.00825e-10
2.490000000e+00  1.23722e-03  1.23722e-03  1.93797e-10
2.500000000e+00  1.22498e-03  1.22498e-03  1.93124e-10
2.510000000e+00  1.21286e-03  1.21286e-03  1.91370e-10
2.520000000e+00  1.20088e-03  1.20088e-03  1.88474e-10
2.530000000e+00  1.18903e-03  1.18903e-03  1.89817e-10
2.540000000e+00  1.17731e-03  1.17731e-03  1.86514e-10
2.550000000e+00  1.16572e-03  1.16572e-03  1.81816e-10
2.560000000e+00  1.15425e-03  1.15425e-03  1.81999e-10
2.570000000e+00  1.14291e-03  1.14291e-03  1.69294e-10
2.580000000e+00  1.13170e-03  1.13170e-03  1.61190e-10
2.590000000e+00  1.12060e-03  1.12060e-03  1.54737e-10
2.600000000e+00  1.10963e-03  1.10963e-03  1.42313e-10
2.610000000e+00  1.09878e-03  1.09878e-03  1.47275e-10
2.620000000e+00  1.08805e-03  1.08805e-03  1.44674e-10
2.630000000e+00  1.07744e-03  1.07744e-03  1.51001e-10
2.640000000e+00  1.06694e-03  1.06694e-03  1.48096e-10
2.650000000e+00  1.05656e-03  1.05656e-03  1.56499e-10
2.660000000e+00  1.04629e-03  1.04629e-03  1.25565e-10
2.670000000e+00  1.03614e-03  1.03614e-03  2.72453e-11
2.680000000e+00  1.02610e-03  1.02610e-03  7.13728e-12
2.690000000e+00  1.01616e-03  1.01616e-03  2.50836e-12
2.700000000e+00  1.00634e-03  1.00634e-03  3.39091e-12
2.710000000e+00  9.96623e-04  9.96623e-04  3.45524e-12
2.720000000e+00  9.87014e-04  9.87014e-04  6.81828e-12
2.730000000e+00  9.77511e-04  9.77511e-04  1.08431e-11
2.740000000e+00  9.68112e-04  9.68112e-04  1.04140e-11
2.750000000e+00  9.58816e-04  9.58816e-04  6.11328e-12
2.760000000e+00  9.49622e-04  9.49622e-04  2.21441e-12
2.770000000e+00  9.40529e-04  9.40529e-04  1.73952e-12
2.780000000e+00  9.31536e-04  9.31536e-04  1.30688e-12
2.790000000e+00  9.22641e-04  9.22641e-04  1.50148e-12
2.800000000e+00  9.13844e-04  9.13844e-04  2.11843e-12
2.810000000e+00  9.05143e-04  9.05143e-04  2.68470e-12
2.820000000e+00  8.96538e-04  8.96538e-04  2.82938e-12
2.830000000e+00  8.88027e-04  8.88027e-04  2.80296e-12
2.840000000e+00  8.79608e-04  8.79608e-04  3.02608e-12
2.850000000e+00  8.71282e-04  8.71282e-04  2.18461e-12
2.860000000e+00  8.63047e-04  8.63047e-04  3.51313e-12
2.870000000e+00  8.54902e-04  8.54902e-04  8.45296e-12
2.880000000e+00  8.46846e-04  8.46846e-04  1.37937e-11
2.890000000e+00  8.38878e-04  8.38878e-04  2.25915e-11
2.900000000e+00  8.30996e-04  8.30996e-04  3.31903e-11
2.910000000e+00  8.23201e-04  8.23201e-04  3.89822e-11
2.920000000e+00  8.15490e-04  8.15490e-04  4.23790e-11
2.930000000e+00  8.07863e-04  8.07863e-04  4.35125e-11
2.940000000e+00  8.00320e-04  8.00320e-04  4.47124e-11
2.950000000e+00  7.92858e-04  7.92858e-04  4.62355e-11
2.960000000e+00  7.85477e-04  7.85477e-04  4.60776e-11
2.970000000e+00  7.78176e-04  7.78176e-04  4.26801e-11
2.980000000e+00  7.70955e-04  7.70954e-04  3.79417e-11
2.990000000e+00  7.63811e-04  7.63811e-04  3.70446e-11
3.000000000e+00  7.56745e-04  7.56745e-04  4.13277e-11
3.010000000e+00  7.49755e-04  7.49755e-04  4.56041e-11
3.020000000e+00  7.42841e-04  7.42841e-04  4.25248e-11
3.030000000e+00  7.36002e-04  7.36001e-04  4.49258e-11
3.040000000e+00  7.29236e-04  7.29236e-04  4.75883e-11
3.050000000e+00  7.22543e-04  7.22543e-04  4.89004e-11
3.060000000e+00  7.15922e-04  7.15922e-04  4.90694e-11
3.070000000e+00  7.09372e-04  7.09372e-04  5.00257e-11
3.080000000e+00  7.02893e-04  7.02893e-04  5.04421e-11
3.090000000e+00  6.96483e-04  6.96483e-04  5.01970e-11
3.100000000e+00  6.90142e-04  6.90142e-04  5.01211e-11
3.110000000e+00  6.83869e-04  6.83869e-04  4.96653e-11
3.120000000e+00  6.77663e-04  6.77663e-04  4.82222e-11
3.130000000e+00  6.71523e-04  6.71523e-04  4.71189e-11
3.140000000e+00  6.65449e-04  6.65449e-04  4.77994e-11
3.150000000e+00  6.59440e-04  6.59440e-04  4.89615e-11
3.160000000e+00  6.53495e-04  6.53494e-04  4.87119e-11
3.170000000e+00  6.47613e-04  6.47612e-04  4.82869e-11
3.180000000e+00  6.41793e-04  6.41793e-04  4.92011e-11
3.190000000e+00  6.36035e-04  6.36035e-04  5.01679e-11
3.200000000e+00  6.30339e-04  6.30339e-04  5.09407e-11
3.210000000e+00  6.24703e-04  6.24702e-04  5.17440e-11
3.220000000e+00  6.19126e-04  6.19126e-04  5.28166e-11
3.230000000e+00  6.13608e-04  6.13608e-04  5.35965e-11
3.240000000e+00  6.08149e-04  6.08149e-04  5.50214e-11
3.250000000e+00  6.02747e-04  6.02747e-04  5.58129e-11
3.260000000e+00  5.97402e-04  5.97402e-04  5.71024e-11
3.270000000e+00  5.92114e-04  5.92114e-04  5.79533e-11
3.280000000e+00  5.86881e-04  5.86881e-04  5.93388e-11
3.290000000e+00  5.81703e-04  5.81702e-04  6.07532e-11
3.300000000e+00  5.76579e-04  5.76579e-04  6.17558e-11
3.310000000e+00  5.71509e-04  5.71508e-04  6.28800e-11
3.320000000e+00  5.66491e-04  5.66491e-04  6.43817e-11
3.330000000e+00  5.61527e-04  5.61527e-04  6.51686e-11
3.340000000e+00  5.56614e-04  5.56614e-04  6.63485e-11
3.350000000e+00  5.51752e-04  5.51752e-04  6.71412e-11
3.360000000e+00  5.46941e-04  5.46941e-04  6.71665e-11
3.370000000e+00  5.42180e-04  5.42180e-04  6.90923e-11
3.380000000e+00  5.37468e-04  5.37468e-04  7.01364e-11
3.390000000e+00  5.32805e-04  5.32805e-04  7.09601e-11
3.400000000e+00  5.28190e-04  5.28190e-04  7.14219e-11
3.410000000e+00  5.23623e-04  5.23623e-04  7.17913e-11
3.420000000e+00  5.19104e-04  5.19104e-04  7.21805e-11
3.430000000e+00  5.14631e-04  5.14631e-04  7.25383e-11
3.440000000e+00  5.10204e-04  5.10203e-04  7.28822e-11
3.450000000e+00  5.05822e-04  5.05822e-04  7.31543e-11
3.460000000e+00  5.01485e-04  5.01485e-04  7.31293e-11
3.470000000e+00  4.97193e-04  4.97193e-04  7.30155e-11
3.480000000e+00  4.92945e-04  4.92945e-04  7.28841e-11
3.490000000e+00  4.88741e-04  4.88741e-04  7.27537e-11
3.500000000e+00  4.84579e-04  4.84579e-04  7.26193e-11
3.510000000e+00  4.80460e-04  4.80460e-04  7.24816e-11
3.520000000e+00  4.76383e-04  4.76383e-04  7.22827e-11
3.530000000e+00  4.72347e-04  4.72347e-04  7.19114e-11
3.540000000e+00  4.68352e-04  4.68352e-04  7.15292e-11
3.550000000e+00  4.64398e-04  4.64398e-04  7.11339e-11
3.560000000e+00  4.60484e-04  4.60484e-04  7.06907e-11
3.570000000e+00  4.56609e-04  4.56609e-04  7.01609e-11
3.580000000e+00  4.52774e-04  4.52774e-04  6.95657e-11
3.590000000e+00  4.48977e-04  4.48977e-04  6.87004e-11
3.600000000e+00  4.45219e-04  4.45219e-04  6.71160e-11
3.610000000e+00  4.41498e-04  4.41498e-04  6.54953e-11
3.620000000e+00  4.37815e-04  4.37815e-04  6.42624e-11
3.630000000e+00  4.34169e-04  4.34169e-04  6.50226e-11
3.640000000e+00  4.30559e-04  4.30559e-04  6.43065e-11
3.650000000e+00  4.26986e-04  4.26986e-04  6.31317e-11
3.660000000e+00  4.23448e-04  4.23448e-04  6.39002e-11
3.670000000e+00  4.19945e-04  4.19945e-04  6.48097e-11
3.680000000e+00  4.16478e-04  4.16478e-04  6.48703e-11
3.690000000e+00  4.13045e-04  4.13044e-04  6.44266e-11
3.700000000e+00  4.09645e-04  4.09645e-04  6.39680e-11
3.710000000e+00  4.06280e-04  4.06280e-04  6.35439e-11
3.720000000e+00  4.02948e-04  4.02948e-04  6.29518e-11
3.730000000e+00  3.99649e-04  3.99649e-04  6.24832e-11
3.740000000e+00  3.96383e-04  3.96383e-04  6.20405e-11
3.750000000e+00  3.93148e-04  3.93148e-04  6.14105e-11
3.760000000e+00  3.89946e-04  3.89946e-04  6.03233e-11
3.770000000e+00  3.86775e-04  3.86775e-04  5.90220e-11
3.780000000e+00  3.83635e-04  3.83635e-04  5.77302e-11
3.790000000e+00  3.80527e-04  3.80526e-04  5.61202e-11
3.800000000e+00  3.77448e-04  3.77448e-04  5.26350e-11
3.810000000e+00  3.74400e-04  3.74400e-04  4.80707e-11
3.820000000e+00  3.71381e-04  3.71381e-04  4.82708e-11
3.830000000e+00  3.68392e-04  3.68392e-04  5.14212e-11
3.840000000e+00  3.65432e-04  3.65432e-04  4.90568e-11
3.850000000e+00  3.62500e-04  3.62500e-04  4.75922e-11
3.860000000e+00  3.59597e-04  3.59597e-04  4.92912e-11
3.870000000e+00  3.56723e-04  3.56723e-04  5.18760e-11
3.880000000e+00  3.53876e-04  3.53876e-04  5.33642e-11
3.890000000e+00  3.51056e-04  3.51056e-04  5.37972e-11
3.900000000e+00  3.48264e-04  3.48264e-04  5.38452e-11
3.910000000e+00  3.45499e-04  3.45499e-04  5.35724e-11
3.920000000e+00  3.42760e-04  3.42760e-04  5.31034e-11
3.930000000e+00  3.40048e-04  3.40048e-04  5.24297e-11
3.940000000e+00  3.37361e-04  3.37361e-04  5.15250e-11
3.950000000e+00  3.34701e-04  3.34701e-04  5.04622e-11
3.960000000e+00  3.32066e-04  3.32066e-04  4.88014e-11
3.970000000e+00  3.29456e-04  3.29456e-04  4.71402e-11
3.980000000e+00  3.26870e-04  3.26870e-04  4.44458e-11
3.990000000e+00  3.24310e-04  3.24310e-04  4.27674e-11
4.000000000e+00  3.21774e-04  3.21774e-04  4.42567e-11
4.010000000e+00  3.19262e-04  3.19262e-04  4.48104e-11
4.020000000e+00  3.16773e-04  3.16773e-04  4.23446e-11
4.030000000e+00  3.14309e-04  3.14309e-04  4.22064e-11
4.040000000e+00  3.11867e-04  3.11867e-04  4.32632e-11
4.050000000e+00  3.09449e-04  3.09449e-04  4.45866e-11
4.060000000e+00  3.07053e-04  3.07053e-04  4.56990e-11
4.070000000e+00  3.04680e-04  3.04680e-04  4.57431e-11
4.080000000e+00  3.02329e-04  3.02329e-04  4.46974e-11
4.090000000e+00  3.00000e-04  3.00000e-04  4.33761e-11
4.100000000e+00  2.97694e-04  2.97693e-04  4.23403e-11
4.110000000e+00  2.95408e-04  2.95408e-04  4.22705e-11
4.120000000e+00  2.93144e-04  2.93144e-04  4.24997e-11
4.130000000e+00  2.90901e-04  2.90901e-04  4.22165e-11
4.140000000e+00  2.88679e-04  2.88679e-04  4.12042e-11
4.150000000e+00  2.86478e-04  2.86478e-04  4.12825e-11
4.160000000e+00  2.84297e-04  2.84297e-04  3.73920e-11
4.170000000e+00  2.82136e-04  2.82136e-04  1.83184e-11
4.180000000e+00  2.79995e-04  2.79995e-04  9.96030e-12
4.190000000e+00  2.77874e-04  2.77874e-04  6.83071e-12
4.200000000e+00  2.75773e-04  2.75773e-04  3.89842e-12
4.210000000e+00  2.73691e-04  2.73691e-04  1.45545e-12
4.220000000e+00  2.71628e-04  2.71628e-04  4.33444e-13
4.230000000e+00  2.69584e-04  2.69584e-04  2.04368e-13
4.240000000e+00  2.67559e-04  2.67559e-04  1.38415e-13
4.250000000e+00  2.65552e-04  2.65552e-04  1.24465e-13
4.260000000e+00  2.63564e-04  2.63564e-04  1.65301e-13
4.270000000e+00  2.61594e-04  2.61594e-04  1.82085e-13
4.280000000e+00  2.59642e-04  2.59642e-04  1.32414e-13
4.290000000e+00  2.57707e-04  2.57707e-04  1.35323e-13
4.300000000e+00  2.55790e-04  2.55790e-04  1.65817e-13
4.310000000e+00  2.53891e-04  2.53891e-04  2.05576e-13
4.320000000e+00  2.52009e-04  2.52009e-04  2.69832e-13
4.330000000e+00  2.50144e-04  2.50144e-04  4.34679e-13
4.340000000e+00  2.48295e-04  2.48295e-04  6.43392e-13
4.350000000e+00  2.46463e-04  2.46463e-04  8.30451e-13
4.360000000e+00  2.44648e-04  2.44648e-04  8.31828e-13
4.370000000e+00  2.42849e-04  2.42849e-04  8.96303e-13
4.380000000e+00  2.41067e-04  2.41067e-04  1.18161e-12
4.390000000e+00  2.39300e-04  2.39300e-04  1.60233e-12
4.400000000e+00  2.37549e-04  2.37549e-04  1.20900e-12
4.410000000e+00  2.35814e-04  2.35814e-04  1.21385e-12
4.420000000e+00  2.34094e-04  2.34094e-04  1.41409e-12
4.430000000e+00  2.32390e-04  2.32390e-04  1.78565e-12
4.440000000e+00  2.30700e-04  2.30700e-04  2.24845e-12
4.450000000e+00  2.29026e-04  2.29026e-04  2.97766e-12
4.460000000e+00  2.27367e-04  2.27367e-04  3.92671e-12
4.470000000e+00  2.25722e-04  2.25722e-04  4.59823e-12
4.480000000e+00  2.24092e-04  2.24092e-04  5.77927e-12
4.490000000e+00  2.22476e-04  2.22476e-04  6.82964e-12
4.500000000e+00  2.20874e-04  2.20874e-04  9.12508e-12
4.510000000e+00  2.19287e-04  2.19287e-04  1.34520e-11
4.520000000e+00  2.17714e-04  2.17714e-04  1.80107e-11
4.530000000e+00  2.16154e-04  2.16154e-04  2.27916e-11
4.540000000e+00  2.14608e-04  2.14608e-04  2.55852e-11
4.550000000e+00  2.13075e-04  2.13075e-04  2.73636e-11
4.560000000e+00  2.11556e-04  2.11556e-04  2.78589e-11
4.570000000e+00  2.10051e-04  2.10051e-04  2.83235e-11
4.580000000e+00  2.08558e-04  2.08558e-04  2.84544e-11
4.590000000e+00  2.07078e-04  2.07078e-04  2.85055e-11
4.600000000e+00  2.05611e-04  2.05611e-04  2.84788e-11
4.610000000e+00  2.04157e-04  2.04157e-04  2.83591e-11
4.620000000e+00  2.02716e-04  2.02716e-04  2.74363e-11
4.630000000e+00  2.01287e-04  2.01287e-04  2.69975e-11
4.640000000e+00  1.99870e-04  1.99870e-04  2.70919e-11
4.650000000e+00  1.98466e-04  1.98466e-04  2.70072e-11
4.660000000e+00  1.97073e-04  1.97073e-04  2.71544e-11
4.670000000e+00  1.95693e-04  1.95693e-04  2.70865e-11
4.680000000e+00  1.94324e-04  1.94324e-04  2.58744e-11
4.690000000e+00  1.92967e-04  1.92967e-04  2.51524e-11
4.700000000e+00  1.91622e-04  1.91622e-04  2.42273e-11
4.710000000e+00  1.90288e-04  1.90288e-04  1.76399e-11
4.720000000e+00  1.88966e-04  1.88966e-04  2.14464e-11
4.730000000e+00  1.87655e-04  1.87655e-04  1.90885e-11
4.740000000e+00  1.86355e-04  1.86355e-04  1.75720e-11
4.750000000e+00  1.85066e-04  1.85066e-04  1.65420e-11
4.760000000e+00  1.83788e-04  1.83788e-04  1.59890e-11
4.770000000e+00  1.82521e-04  1.82521e-04  1.63744e-11
4.780000000e+00  1.81265e-04  1.81265e-04  1.39180e-11
4.790000000e+00  1.80019e-04  1.80019e-04  1.17665e-11
4.800000000e+00  1.78783e-04  1.78783e-04  9.97082e-12
4.810000000e+00  1.77559e-04  1.77559e-04  7.42910e-12
4.820000000e+00  1.76344e-04  1.76344e-04  4.63915e-12
4.830000000e+00  1.75140e-04  1.75140e-04  5.36632e-12
4.840000000e+00  1.73945e-04  1.73945e-04  5.60342e-12
4.850000000e+00  1.72761e-04  1.72761e-04  5.49539e-12
4.860000000e+00  1.71587e-04  1.71587e-04  5.16738e-12
4.870000000e+00  1.70422e-04  1.70422e-04  5.44364e-12
4.880000000e+00  1.69267e-04  1.69267e-04  6.08372e-12
4.890000000e+00  1.68122e-04  1.68122e-04  6.70633e-12
4.900000000e+00  1.66986e-04  1.66986e-04  9.30518e-12
4.910000000e+00  1.65860e-04  1.65860e-04  1.16948e-11
4.920000000e+00  1.64743e-04  1.64743e-04  1.10243e-11
4.930000000e+00  1.63635e-04  1.63635e-04  1.57608e-11
4.940000000e+00  1.62536e-04  1.62536e-04  1.69292e-11
4.950000000e+00  1.61447e-04  1.61447e-04  1.65338e-11
4.960000000e+00  1.60366e-04  1.60366e-04  1.79837e-11
4.970000000e+00  1.59294e-04  1.59294e-04  1.94447e-11
4.980000000e+00  1.58232e-04  1.58232e-04  2.00687e-11
4.990000000e+00  1.57177e-04  1.57177e-04  2.14778e-11
5.000000000e+00  1.56132e-04  1.56132e-04  1.99384e-11
