results_atm.txt
# ------------------------------------------------------------------------
# Atmospheric radiances synthesized with PUMAS (Villanueva et al. 2016, Smith et al. 2009, Edwards 1992)
# Molecular abundance profile: 
# Molecules considered: N2,CO2,H2O
# Molecular sources: HIT[22],HIT[2],HIT[1]
# Molecular abundances: 1,1,1
# Molecular abundance units: scl,scl,scl
# Collission-Induced-Absorption:  N2-N2(3.33-5.41um)
# Rayleigh scattering included
# ------------------------------------------------------------------------
# Wave/freq TRAPPIST-1-e
1.000000000e+00  2.35919e-10
1.010000000e+00  2.37342e-10
1.020000000e+00  2.38643e-10
1.030000000e+00  2.39816e-10
1.040000000e+00  2.32850e-10
1.050000000e+00  2.41706e-10
1.060000000e+00  2.42016e-10
1.070000000e+00  2.40901e-10
1.080000000e+00  2.43662e-10
1.090000000e+00  2.44341e-10
1.100000000e+00  2.44625e-10
1.110000000e+00  2.44890e-10
1.120000000e+00  2.42965e-10
1.130000000e+00  2.42435e-10
1.140000000e+00  2.44104e-10
1.150000000e+00  2.43433e-10
1.160000000e+00  2.44627e-10
1.170000000e+00  2.44652e-10
1.180000000e+00  2.44241e-10
1.190000000e+00  2.43791e-10
1.200000000e+00  2.43343e-10
1.210000000e+00  2.01910e-10
1.220000000e+00  2.20776e-10
1.230000000e+00  2.27323e-10
1.240000000e+00  2.36208e-10
1.250000000e+00  2.39742e-10
1.260000000e+00  2.37687e-10
1.270000000e+00  2.36717e-10
1.280000000e+00  2.37252e-10
1.290000000e+00  2.33819e-10
1.300000000e+00  2.30681e-10
1.310000000e+00  2.33848e-10
1.320000000e+00  2.14024e-10
1.330000000e+00  2.31214e-10
1.340000000e+00  2.18516e-10
1.350000000e+00  2.25325e-10
1.360000000e+00  2.21007e-10
1.370000000e+00  2.18233e-10
1.380000000e+00  2.17221e-10
1.390000000e+00  2.17862e-10
1.400000000e+00  2.16806e-10
1.410000000e+00  2.14354e-10
1.420000000e+00  2.18412e-10
1.430000000e+00  2.15042e-10
1.440000000e+00  1.08530e-10
1.450000000e+00  1.75274e-10
1.460000000e+00  2.10605e-10
1.470000000e+00  2.09729e-10
1.480000000e+00  1.94092e-10
1.490000000e+00  2.03818e-10
1.500000000e+00  1.92974e-10
1.510000000e+00  2.04423e-10
1.520000000e+00  2.03209e-10
1.530000000e+00  1.85846e-10
1.540000000e+00  1.71133e-10
1.550000000e+00  1.93398e-10
1.560000000e+00  1.95723e-10
1.570000000e+00  1.73811e-10
1.580000000e+00  1.22328e-10
1.590000000e+00  1.81538e-10
1.600000000e+00  1.67114e-10
1.610000000e+00  1.20072e-10
1.620000000e+00  1.60931e-10
1.630000000e+00  1.75276e-10
1.640000000e+00  1.67164e-10
1.650000000e+00  1.63245e-10
1.660000000e+00  1.71901e-10
1.670000000e+00  1.72219e-10
1.680000000e+00  1.72843e-10
1.690000000e+00  1.75219e-10
1.700000000e+00  1.74558e-10
1.710000000e+00  1.71058e-10
1.720000000e+00  1.71029e-10
1.730000000e+00  1.70040e-10
1.740000000e+00  1.68538e-10
1.750000000e+00  1.66890e-10
1.760000000e+00  1.64985e-10
1.770000000e+00  1.63559e-10
1.780000000e+00  1.62118e-10
1.790000000e+00  1.60339e-10
1.800000000e+00  1.58800e-10
1.810000000e+00  1.56956e-10
1.820000000e+00  1.53911e-10
1.830000000e+00  1.51051e-10
1.840000000e+00  1.47117e-10
1.850000000e+00  1.46180e-10
1.860000000e+00  1.43496e-10
1.870000000e+00  1.43684e-10
1.880000000e+00  1.26870e-10
1.890000000e+00  1.26250e-10
1.900000000e+00  1.36362e-10
1.910000000e+00  1.35796e-10
1.920000000e+00  1.37429e-10
1.930000000e+00  1.36266e-10
1.940000000e+00  1.29559e-10
1.950000000e+00  7.65475e-11
1.960000000e+00  3.49830e-11
1.970000000e+00  3.84644e-11
1.980000000e+00  7.59824e-11
1.990000000e+00  9.92561e-11
2.000000000e+00  6.58772e-11
2.010000000e+00  1.98253e-11
2.020000000e+00  2.60178e-11
2.030000000e+00  5.35927e-11
2.040000000e+00  5.86092e-11
2.050000000e+00  5.53822e-11
2.060000000e+00  3.44526e-11
2.070000000e+00  3.79113e-11
2.080000000e+00  5.37092e-11
2.090000000e+00  6.37924e-11
2.100000000e+00  7.94020e-11
2.110000000e+00  9.40895e-11
2.120000000e+00  9.84737e-11
2.130000000e+00  1.07790e-10
2.140000000e+00  1.09186e-10
2.150000000e+00  9.89002e-11
2.160000000e+00  9.82693e-11
2.170000000e+00  9.70820e-11
2.180000000e+00  1.01734e-10
2.190000000e+00  1.05178e-10
2.200000000e+00  1.05131e-10
2.210000000e+00  1.04399e-10
2.220000000e+00  1.02730e-10
2.230000000e+00  1.01877e-10
2.240000000e+00  1.01512e-10
2.250000000e+00  1.00412e-10
2.260000000e+00  9.87257e-11
2.270000000e+00  9.82723e-11
2.280000000e+00  9.71389e-11
2.290000000e+00  9.64250e-11
2.300000000e+00  9.54108e-11
2.310000000e+00  9.44220e-11
2.320000000e+00  9.34549e-11
2.330000000e+00  9.24713e-11
2.340000000e+00  9.14951e-11
2.350000000e+00  9.05293e-11
2.360000000e+00  8.95671e-11
2.370000000e+00  8.86242e-11
2.380000000e+00  8.76443e-11
2.390000000e+00  8.66253e-11
2.400000000e+00  8.56225e-11
2.410000000e+00  8.46802e-11
2.420000000e+00  8.39351e-11
2.430000000e+00  8.31782e-11
2.440000000e+00  8.18369e-11
2.450000000e+00  8.12116e-11
2.460000000e+00  8.05337e-11
2.470000000e+00  7.95609e-11
2.480000000e+00  7.81119e-11
2.490000000e+00  7.47187e-11
2.500000000e+00  7.44167e-11
2.510000000e+00  7.37082e-11
2.520000000e+00  7.25472e-11
2.530000000e+00  7.34268e-11
2.540000000e+00  7.21724e-11
2.550000000e+00  7.01267e-11
2.560000000e+00  7.02341e-11
2.570000000e+00  6.47743e-11
2.580000000e+00  6.13250e-11
2.590000000e+00  5.83639e-11
2.600000000e+00  5.33270e-11
2.610000000e+00  5.52540e-11
2.620000000e+00  5.41659e-11
2.630000000e+00  5.70911e-11
2.640000000e+00  5.59267e-11
2.650000000e+00  5.96395e-11
2.660000000e+00  4.59240e-11
2.670000000e+00  9.69326e-12
2.680000000e+00  1.51329e-12
2.690000000e+00  5.11986e-13
2.700000000e+00  6.79849e-13
2.710000000e+00  6.88995e-13
2.720000000e+00  1.46947e-12
2.730000000e+00  3.01515e-12
2.740000000e+00  3.02980e-12
2.750000000e+00  1.41102e-12
2.760000000e+00  4.42132e-13
2.770000000e+00  3.46967e-13
2.780000000e+00  2.60157e-13
2.790000000e+00  2.99120e-13
2.800000000e+00  4.50728e-13
2.810000000e+00  6.63155e-13
2.820000000e+00  7.92812e-13
2.830000000e+00  8.53831e-13
2.840000000e+00  9.99839e-13
2.850000000e+00  7.28682e-13
2.860000000e+00  1.15021e-12
2.870000000e+00  2.63001e-12
2.880000000e+00  4.49467e-12
2.890000000e+00  7.75780e-12
2.900000000e+00  1.20685e-11
2.910000000e+00  1.46087e-11
2.920000000e+00  1.61353e-11
2.930000000e+00  1.66749e-11
2.940000000e+00  1.71700e-11
2.950000000e+00  1.78630e-11
2.960000000e+00  1.77060e-11
2.970000000e+00  1.61050e-11
2.980000000e+00  1.39657e-11
2.990000000e+00  1.35251e-11
3.000000000e+00  1.55603e-11
3.010000000e+00  1.73471e-11
3.020000000e+00  1.59418e-11
3.030000000e+00  1.70066e-11
3.040000000e+00  1.82265e-11
3.050000000e+00  1.88425e-11
3.060000000e+00  1.89663e-11
3.070000000e+00  1.94421e-11
3.080000000e+00  1.96617e-11
3.090000000e+00  1.95868e-11
3.100000000e+00  1.95697e-11
3.110000000e+00  1.93747e-11
3.120000000e+00  1.87287e-11
3.130000000e+00  1.82230e-11
3.140000000e+00  1.85315e-11
3.150000000e+00  1.90124e-11
3.160000000e+00  1.89183e-11
3.170000000e+00  1.87266e-11
3.180000000e+00  1.91187e-11
3.190000000e+00  1.95284e-11
3.200000000e+00  1.99265e-11
3.210000000e+00  2.02444e-11
3.220000000e+00  2.06548e-11
3.230000000e+00  2.09749e-11
3.240000000e+00  2.15990e-11
3.250000000e+00  2.19021e-11
3.260000000e+00  2.24656e-11
3.270000000e+00  2.27594e-11
3.280000000e+00  2.33189e-11
3.290000000e+00  2.38974e-11
3.300000000e+00  2.42714e-11
3.310000000e+00  2.47123e-11
3.320000000e+00  2.53523e-11
3.330000000e+00  2.56190e-11
3.340000000e+00  2.60996e-11
3.350000000e+00  2.63753e-11
3.360000000e+00  2.61794e-11
3.370000000e+00  2.71556e-11
3.380000000e+00  2.75938e-11
3.390000000e+00  2.79456e-11
3.400000000e+00  2.81448e-11
3.410000000e+00  2.82877e-11
3.420000000e+00  2.84450e-11
3.430000000e+00  2.85851e-11
3.440000000e+00  2.87186e-11
3.450000000e+00  2.88206e-11
3.460000000e+00  2.88056e-11
3.470000000e+00  2.87611e-11
3.480000000e+00  2.87052e-11
3.490000000e+00  2.86505e-11
3.500000000e+00  2.85937e-11
3.510000000e+00  2.85351e-11
3.520000000e+00  2.84521e-11
3.530000000e+00  2.82998e-11
3.540000000e+00  2.81415e-11
3.550000000e+00  2.79738e-11
3.560000000e+00  2.77743e-11
3.570000000e+00  2.75179e-11
3.580000000e+00  2.72223e-11
3.590000000e+00  2.68081e-11
3.600000000e+00  2.60636e-11
3.610000000e+00  2.53859e-11
3.620000000e+00  2.48193e-11
3.630000000e+00  2.52013e-11
3.640000000e+00  2.49341e-11
3.650000000e+00  2.44399e-11
3.660000000e+00  2.48287e-11
3.670000000e+00  2.52940e-11
3.680000000e+00  2.53888e-11
3.690000000e+00  2.52244e-11
3.700000000e+00  2.50511e-11
3.710000000e+00  2.48981e-11
3.720000000e+00  2.46380e-11
3.730000000e+00  2.44571e-11
3.740000000e+00  2.42956e-11
3.750000000e+00  2.40159e-11
3.760000000e+00  2.35010e-11
3.770000000e+00  2.29045e-11
3.780000000e+00  2.22800e-11
3.790000000e+00  2.15404e-11
3.800000000e+00  1.99392e-11
3.810000000e+00  1.78824e-11
3.820000000e+00  1.80582e-11
3.830000000e+00  1.95151e-11
3.840000000e+00  1.84775e-11
3.850000000e+00  1.78156e-11
3.860000000e+00  1.86460e-11
3.870000000e+00  1.99078e-11
3.880000000e+00  2.05999e-11
3.890000000e+00  2.08473e-11
3.900000000e+00  2.09535e-11
3.910000000e+00  2.08895e-11
3.920000000e+00  2.07062e-11
3.930000000e+00  2.04007e-11
3.940000000e+00  1.99767e-11
3.950000000e+00  1.94815e-11
3.960000000e+00  1.87209e-11
3.970000000e+00  1.80121e-11
3.980000000e+00  1.67851e-11
3.990000000e+00  1.60377e-11
4.000000000e+00  1.67459e-11
4.010000000e+00  1.70388e-11
4.020000000e+00  1.59575e-11
4.030000000e+00  1.59094e-11
4.040000000e+00  1.63854e-11
4.050000000e+00  1.70035e-11
4.060000000e+00  1.75594e-11
4.070000000e+00  1.76212e-11
4.080000000e+00  1.71302e-11
4.090000000e+00  1.65680e-11
4.100000000e+00  1.61651e-11
4.110000000e+00  1.61772e-11
4.120000000e+00  1.63046e-11
4.130000000e+00  1.61978e-11
4.140000000e+00  1.57749e-11
4.150000000e+00  1.58327e-11
4.160000000e+00  1.38994e-11
4.170000000e+00  6.46750e-12
4.180000000e+00  3.51306e-12
4.190000000e+00  1.79447e-12
4.200000000e+00  8.59190e-13
4.210000000e+00  3.26729e-13
4.220000000e+00  1.20677e-13
4.230000000e+00  6.59289e-14
4.240000000e+00  4.92364e-14
4.250000000e+00  4.64774e-14
4.260000000e+00  5.73163e-14
4.270000000e+00  6.25675e-14
4.280000000e+00  5.02321e-14
4.290000000e+00  5.17467e-14
4.300000000e+00  6.01772e-14
4.310000000e+00  7.20729e-14
4.320000000e+00  8.87397e-14
4.330000000e+00  1.24499e-13
4.340000000e+00  1.68282e-13
4.350000000e+00  2.07351e-13
4.360000000e+00  2.08866e-13
4.370000000e+00  2.23310e-13
4.380000000e+00  2.85507e-13
4.390000000e+00  3.78539e-13
4.400000000e+00  2.94692e-13
4.410000000e+00  2.97195e-13
4.420000000e+00  3.43548e-13
4.430000000e+00  4.28502e-13
4.440000000e+00  5.45693e-13
4.450000000e+00  7.58805e-13
4.460000000e+00  1.12402e-12
4.470000000e+00  1.46024e-12
4.480000000e+00  2.14466e-12
4.490000000e+00  2.66738e-12
4.500000000e+00  3.37374e-12
4.510000000e+00  4.74026e-12
4.520000000e+00  6.39110e-12
4.530000000e+00  8.36131e-12
4.540000000e+00  9.60176e-12
4.550000000e+00  1.04320e-11
4.560000000e+00  1.07038e-11
4.570000000e+00  1.09302e-11
4.580000000e+00  1.10062e-11
4.590000000e+00  1.10457e-11
4.600000000e+00  1.10488e-11
4.610000000e+00  1.09927e-11
4.620000000e+00  1.05485e-11
4.630000000e+00  1.03331e-11
4.640000000e+00  1.03951e-11
4.650000000e+00  1.03688e-11
4.660000000e+00  1.04370e-11
4.670000000e+00  1.04120e-11
4.680000000e+00  9.86486e-12
4.690000000e+00  9.55019e-12
4.700000000e+00  9.10064e-12
4.710000000e+00  6.54415e-12
4.720000000e+00  7.98020e-12
4.730000000e+00  6.98375e-12
4.740000000e+00  6.36943e-12
4.750000000e+00  5.96565e-12
4.760000000e+00  5.77449e-12
4.770000000e+00  5.88227e-12
4.780000000e+00  5.04248e-12
4.790000000e+00  4.21143e-12
4.800000000e+00  3.62820e-12
4.810000000e+00  2.93967e-12
4.820000000e+00  1.89560e-12
4.830000000e+00  2.32873e-12
4.840000000e+00  2.46066e-12
4.850000000e+00  2.45273e-12
4.860000000e+00  2.30022e-12
4.870000000e+00  2.43606e-12
4.880000000e+00  2.62884e-12
4.890000000e+00  2.72252e-12
4.900000000e+00  3.54051e-12
4.910000000e+00  4.22668e-12
4.920000000e+00  4.14204e-12
4.930000000e+00  5.80865e-12
4.940000000e+00  6.23170e-12
4.950000000e+00  6.09811e-12
4.960000000e+00  6.66339e-12
4.970000000e+00  7.31512e-12
4.980000000e+00  7.61026e-12
4.990000000e+00  8.18065e-12
5.000000000e+00  7.44058e-12
results_cfg.txt
<OBJECT-SUMMARY>Target: TRAPPIST-1 e for date (2017/05/25 15:22 UT); geometry: Observatory.
<OBJECT>Exoplanet
<OBJECT-NAME>TRAPPIST-1 e
<OBJECT-DATE>2017/05/25 15:22
<OBJECT-DIAMETER>11697
<OBJECT-GRAVITY>3.703632e+24
<OBJECT-GRAVITY-UNIT>kg
<OBJECT-STAR-DISTANCE>0.028170
<OBJECT-STAR-VELOCITY>0
<OBJECT-SOLAR-LONGITUDE>0
<OBJECT-SOLAR-LATITUDE>0
<OBJECT-SEASON>95
<OBJECT-SEASON-YEAR>2016
<OBJECT-STAR-TYPE>M
<OBJECT-STAR-TEMPERATURE>2559.0
<OBJECT-STAR-RADIUS>0.12
<OBJECT-OBS-LONGITUDE>0.0
<OBJECT-OBS-LATITUDE>89.860
<GEOMETRY>Observatory
<GEOMETRY-OFFSET-UNIT>arcsec
<GEOMETRY-OBS-ALTITUDE>12.10
<GEOMETRY-ALTITUDE-UNIT>pc
<GEOMETRY-OBS-ANGLE>48.121
<GEOMETRY-SOLAR-ANGLE>79.402
<GEOMETRY-PLANET-FRACTION>9.985186e-01
<GEOMETRY-STAR-DISTANCE>0.000000e+00
<GEOMETRY-STAR-FRACTION>0.000000e+00
<GEOMETRY-SOLAR-ANGLE>79.402
<GEOMETRY-PHASE>265.000
<ATMOSPHERE-STRUCTURE>Equilibrium
<ATMOSPHERE-WEIGHT>34.1509195935
<ATMOSPHERE-PRESSURE>1.4012840576
<ATMOSPHERE-PUNIT>bar
<ATMOSPHERE-NGAS>3
<ATMOSPHERE-GAS>N2,CO2,H2O
<ATMOSPHERE-TYPE>HIT[22],HIT[2],HIT[1]
<ATMOSPHERE-ABUN>1,1,1
<ATMOSPHERE-UNIT>scl,scl,scl
<ATMOSPHERE-NAERO>2
<ATMOSPHERE-AEROS>WaterIce,Cloud
<ATMOSPHERE-ATYPE>CRISM_Wolff[reff=2.0um 0.31-99.57um],White_GSFC[reff=1.0um 0.10-1000000.00um]
<ATMOSPHERE-AABUN>1,1
<ATMOSPHERE-AUNIT>scl,scl
<ATMOSPHERE-NMAX>0
<ATMOSPHERE-LMAX>0
<ATMOSPHERE-ASIZE>155.435837464,14.0
<ATMOSPHERE-LAYERS-MOLECULES>Altitude,N2,CO2,H2O,WaterIce,Cloud
<ATMOSPHERE-LAYERS>47
<ATMOSPHERE-LAYER-1>1.391E+00,2.896E+02,6.332E-02,7.412E-01,2.965E-01,1.410E-02,5.679E-10,1.866E-04
<ATMOSPHERE-LAYER-2>1.360E+00,2.899E+02,2.566E-01,7.413E-01,2.965E-01,1.386E-02,4.960E-15,9.162E-05
<ATMOSPHERE-LAYER-3>1.301E+00,2.908E+02,6.320E-01,7.417E-01,2.967E-01,1.323E-02,2.156E-26,5.286E-05
<ATMOSPHERE-LAYER-4>1.211E+00,2.900E+02,1.239E+00,7.427E-01,2.971E-01,1.159E-02,2.550E-12,3.443E-05
<ATMOSPHERE-LAYER-5>1.097E+00,2.877E+02,2.075E+00,7.443E-01,2.977E-01,8.759E-03,1.506E-08,2.771E-05
<ATMOSPHERE-LAYER-6>9.664E-01,2.834E+02,3.133E+00,7.458E-01,2.983E-01,6.274E-03,1.810E-07,2.634E-05
<ATMOSPHERE-LAYER-7>8.281E-01,2.771E+02,4.398E+00,7.466E-01,2.986E-01,4.868E-03,8.190E-07,3.160E-05
<ATMOSPHERE-LAYER-8>6.988E-01,2.697E+02,5.758E+00,7.474E-01,2.990E-01,3.487E-03,1.614E-06,3.849E-05
<ATMOSPHERE-LAYER-9>5.889E-01,2.626E+02,7.091E+00,7.481E-01,2.992E-01,2.309E-03,3.213E-06,4.546E-05
<ATMOSPHERE-LAYER-10>4.954E-01,2.560E+02,8.403E+00,7.486E-01,2.994E-01,1.452E-03,5.551E-06,4.602E-05
<ATMOSPHERE-LAYER-11>4.160E-01,2.498E+02,9.697E+00,7.489E-01,2.996E-01,9.155E-04,9.523E-06,3.221E-05
<ATMOSPHERE-LAYER-12>3.484E-01,2.437E+02,1.098E+01,7.491E-01,2.996E-01,5.710E-04,1.096E-05,1.397E-05
<ATMOSPHERE-LAYER-13>2.910E-01,2.374E+02,1.224E+01,7.492E-01,2.997E-01,3.465E-04,1.081E-05,4.664E-06
<ATMOSPHERE-LAYER-14>2.423E-01,2.306E+02,1.350E+01,7.493E-01,2.997E-01,1.922E-04,5.231E-06,1.885E-07
<ATMOSPHERE-LAYER-15>2.008E-01,2.234E+02,1.475E+01,7.494E-01,2.998E-01,9.599E-05,4.101E-06,0.000E+00
<ATMOSPHERE-LAYER-16>1.655E-01,2.162E+02,1.599E+01,7.494E-01,2.998E-01,4.301E-05,3.504E-06,0.000E+00
<ATMOSPHERE-LAYER-17>1.356E-01,2.099E+02,1.724E+01,7.494E-01,2.998E-01,1.949E-05,2.712E-06,0.000E+00
<ATMOSPHERE-LAYER-18>1.101E-01,2.060E+02,1.850E+01,7.494E-01,2.998E-01,1.226E-05,1.769E-06,0.000E+00
<ATMOSPHERE-LAYER-19>8.868E-02,2.056E+02,1.981E+01,7.494E-01,2.998E-01,1.105E-05,3.748E-07,0.000E+00
<ATMOSPHERE-LAYER-20>7.287E-02,2.063E+02,2.099E+01,7.494E-01,2.998E-01,1.085E-05,2.376E-08,0.000E+00
<ATMOSPHERE-LAYER-21>6.152E-02,2.067E+02,2.201E+01,7.494E-01,2.998E-01,1.070E-05,1.155E-08,0.000E+00
<ATMOSPHERE-LAYER-22>5.168E-02,2.067E+02,2.307E+01,7.494E-01,2.998E-01,1.053E-05,7.923E-09,0.000E+00
<ATMOSPHERE-LAYER-23>4.319E-02,2.061E+02,2.415E+01,7.494E-01,2.998E-01,1.039E-05,5.483E-09,0.000E+00
<ATMOSPHERE-LAYER-24>3.592E-02,2.050E+02,2.526E+01,7.494E-01,2.998E-01,1.029E-05,4.377E-09,0.000E+00
<ATMOSPHERE-LAYER-25>2.973E-02,2.035E+02,2.639E+01,7.494E-01,2.998E-01,1.030E-05,4.073E-09,0.000E+00
<ATMOSPHERE-LAYER-26>2.448E-02,2.016E+02,2.754E+01,7.494E-01,2.998E-01,1.051E-05,1.585E-08,0.000E+00
<ATMOSPHERE-LAYER-27>2.006E-02,1.995E+02,2.871E+01,7.494E-01,2.998E-01,1.069E-05,7.552E-08,0.000E+00
<ATMOSPHERE-LAYER-28>1.635E-02,1.972E+02,2.990E+01,7.494E-01,2.998E-01,1.062E-05,1.477E-07,0.000E+00
<ATMOSPHERE-LAYER-29>1.326E-02,1.949E+02,3.110E+01,7.494E-01,2.998E-01,1.032E-05,1.952E-07,0.000E+00
<ATMOSPHERE-LAYER-30>1.071E-02,1.929E+02,3.231E+01,7.494E-01,2.998E-01,9.924E-06,2.271E-07,0.000E+00
<ATMOSPHERE-LAYER-31>8.600E-03,1.916E+02,3.355E+01,7.494E-01,2.998E-01,9.602E-06,1.873E-07,0.000E+00
<ATMOSPHERE-LAYER-32>6.873E-03,1.908E+02,3.480E+01,7.494E-01,2.998E-01,9.299E-06,1.217E-07,0.000E+00
<ATMOSPHERE-LAYER-33>5.465E-03,1.900E+02,3.608E+01,7.494E-01,2.998E-01,8.946E-06,9.338E-08,0.000E+00
<ATMOSPHERE-LAYER-34>4.325E-03,1.888E+02,3.737E+01,7.494E-01,2.998E-01,8.584E-06,9.278E-08,0.000E+00
<ATMOSPHERE-LAYER-35>3.405E-03,1.872E+02,3.869E+01,7.494E-01,2.998E-01,8.174E-06,1.057E-07,0.000E+00
<ATMOSPHERE-LAYER-36>2.667E-03,1.852E+02,4.002E+01,7.494E-01,2.998E-01,7.756E-06,1.312E-07,0.000E+00
<ATMOSPHERE-LAYER-37>2.079E-03,1.829E+02,4.136E+01,7.494E-01,2.998E-01,7.531E-06,1.620E-07,0.000E+00
<ATMOSPHERE-LAYER-38>1.613E-03,1.811E+02,4.271E+01,7.494E-01,2.998E-01,7.499E-06,1.731E-07,0.000E+00
<ATMOSPHERE-LAYER-39>1.245E-03,1.802E+02,4.408E+01,7.494E-01,2.998E-01,7.636E-06,1.311E-07,0.000E+00
<ATMOSPHERE-LAYER-40>9.559E-04,1.800E+02,4.547E+01,7.494E-01,2.998E-01,7.824E-06,9.806E-08,0.000E+00
<ATMOSPHERE-LAYER-41>3.776E-04,1.800E+02,6.030E+01,7.494E-01,2.998E-01,7.824E-06,9.806E-08,0.000E+00
<ATMOSPHERE-LAYER-42>2.615E-04,1.800E+02,6.617E+01,7.494E-01,2.998E-01,7.824E-06,9.806E-08,0.000E+00
<ATMOSPHERE-LAYER-43>1.566E-04,1.800E+02,7.435E+01,7.494E-01,2.998E-01,7.824E-06,9.806E-08,0.000E+00
<ATMOSPHERE-LAYER-44>7.656E-05,1.800E+02,8.577E+01,7.494E-01,2.998E-01,7.824E-06,9.806E-08,0.000E+00
<ATMOSPHERE-LAYER-45>2.820E-05,1.800E+02,1.017E+02,7.494E-01,2.998E-01,7.824E-06,9.806E-08,0.000E+00
<ATMOSPHERE-LAYER-46>6.996E-06,1.800E+02,1.240E+02,7.494E-01,2.998E-01,7.824E-06,9.806E-08,0.000E+00
<ATMOSPHERE-LAYER-47>1.000E-06,1.800E+02,1.550E+02,7.494E-01,2.998E-01,7.824E-06,9.806E-08,0.000E+00
<SURFACE-TEMPERATURE>289.2528381
<SURFACE-ALBEDO>0.1459557
<SURFACE-EMISSIVITY>0.8540443
results_lyr.txt
# ----------------------------------------------------------------------------------------------
# NASA-GSFC Planetary Spectrum Generator (PSG, Villanueva et al. 2015)
# Atmospheric layering information considered by PUMAS
# Synthesized on Tue Nov 21 15:10:48 2017
# Radiative transfer method: correlated-k
# Synthesis spectral resolution [cm-1] and resolving power: 8.913678 5.010e+02
# Scattering parameters (nmax, lmax): 0 0
# ----------------------------------------------------------------------------------------------
# Molecular abundance profile: 
# Molecules considered: N2,CO2,H2O
# Molecular sources: HIT[22],HIT[2],HIT[1]
# Molecular abundances: 1,1,1
# Molecular abundance units: scl,scl,scl
# Collission-Induced-Absorption:  N2-N2(3.33-5.41um)
# Rayleigh scattering included
# ----------------------------------------------------------------------------------------------
# Aerosols considered: WaterIce,Cloud
# Aerosols sources: CRISM_Wolff[reff=2.0um 0.31-99.57um],White_GSFC[reff=1.0um 0.10-1000000.00um]
# Aerosols abundances: 1,1
# Aerosols abundance units: scl,scl
# Aerosols sizes [um]: 155.435837464,14.0
# ----------------------------------------------------------------------------------------------
# Input layer-by-layer atmospheric profile
# Molecular abundances in molec/molec and aerosols in kg/kg
# ----------------------------------------------------------------------------------------------
# Alt[km] Pressure[bar] Temp[K]         N2        CO2        H2O   WaterIce      Cloud
# ----------------------------------------------------------------------------------------------
    0.000   1.401e+00   289.253   7.412e-01  2.965e-01  1.410e-02  5.679e-10  1.866e-04
    0.257   1.360e+00   289.900   7.413e-01  2.965e-01  1.386e-02  4.960e-15  9.162e-05
    0.632   1.301e+00   290.800   7.417e-01  2.967e-01  1.323e-02  2.156e-26  5.286e-05
    1.239   1.211e+00   290.000   7.427e-01  2.971e-01  1.159e-02  2.550e-12  3.443e-05
    2.075   1.097e+00   287.700   7.443e-01  2.977e-01  8.759e-03  1.506e-08  2.771e-05
    3.133   9.664e-01   283.400   7.458e-01  2.983e-01  6.274e-03  1.810e-07  2.634e-05
    4.398   8.281e-01   277.100   7.466e-01  2.986e-01  4.868e-03  8.190e-07  3.160e-05
    5.758   6.988e-01   269.700   7.474e-01  2.990e-01  3.487e-03  1.614e-06  3.849e-05
    7.091   5.889e-01   262.600   7.481e-01  2.992e-01  2.309e-03  3.213e-06  4.546e-05
    8.403   4.954e-01   256.000   7.486e-01  2.994e-01  1.452e-03  5.551e-06  4.602e-05
    9.697   4.160e-01   249.800   7.489e-01  2.996e-01  9.155e-04  9.523e-06  3.221e-05
   10.980   3.484e-01   243.700   7.491e-01  2.996e-01  5.710e-04  1.096e-05  1.397e-05
   12.240   2.910e-01   237.400   7.492e-01  2.997e-01  3.465e-04  1.081e-05  4.664e-06
   13.500   2.423e-01   230.600   7.493e-01  2.997e-01  1.922e-04  5.231e-06  1.885e-07
   14.750   2.008e-01   223.400   7.494e-01  2.998e-01  9.599e-05  4.101e-06  0.000e+00
   15.990   1.655e-01   216.200   7.494e-01  2.998e-01  4.301e-05  3.504e-06  0.000e+00
   17.240   1.356e-01   209.900   7.494e-01  2.998e-01  1.949e-05  2.712e-06  0.000e+00
   18.500   1.101e-01   206.000   7.494e-01  2.998e-01  1.226e-05  1.769e-06  0.000e+00
   19.810   8.868e-02   205.600   7.494e-01  2.998e-01  1.105e-05  3.748e-07  0.000e+00
   20.990   7.287e-02   206.300   7.494e-01  2.998e-01  1.085e-05  2.376e-08  0.000e+00
   22.010   6.152e-02   206.700   7.494e-01  2.998e-01  1.070e-05  1.155e-08  0.000e+00
   23.070   5.168e-02   206.700   7.494e-01  2.998e-01  1.053e-05  7.923e-09  0.000e+00
   24.150   4.319e-02   206.100   7.494e-01  2.998e-01  1.039e-05  5.483e-09  0.000e+00
   25.260   3.592e-02   205.000   7.494e-01  2.998e-01  1.029e-05  4.377e-09  0.000e+00
   26.390   2.973e-02   203.500   7.494e-01  2.998e-01  1.030e-05  4.073e-09  0.000e+00
   27.540   2.448e-02   201.600   7.494e-01  2.998e-01  1.051e-05  1.585e-08  0.000e+00
   28.710   2.006e-02   199.500   7.494e-01  2.998e-01  1.069e-05  7.552e-08  0.000e+00
   29.900   1.635e-02   197.200   7.494e-01  2.998e-01  1.062e-05  1.477e-07  0.000e+00
   31.100   1.326e-02   194.900   7.494e-01  2.998e-01  1.032e-05  1.952e-07  0.000e+00
   32.310   1.071e-02   192.900   7.494e-01  2.998e-01  9.924e-06  2.271e-07  0.000e+00
   33.550   8.600e-03   191.600   7.494e-01  2.998e-01  9.602e-06  1.873e-07  0.000e+00
   34.800   6.873e-03   190.800   7.494e-01  2.998e-01  9.299e-06  1.217e-07  0.000e+00
   36.080   5.465e-03   190.000   7.494e-01  2.998e-01  8.946e-06  9.338e-08  0.000e+00
   37.370   4.325e-03   188.800   7.494e-01  2.998e-01  8.584e-06  9.278e-08  0.000e+00
   38.690   3.405e-03   187.200   7.494e-01  2.998e-01  8.174e-06  1.057e-07  0.000e+00
   40.020   2.667e-03   185.200   7.494e-01  2.998e-01  7.756e-06  1.312e-07  0.000e+00
   41.360   2.079e-03   182.900   7.494e-01  2.998e-01  7.531e-06  1.620e-07  0.000e+00
   42.710   1.613e-03   181.100   7.494e-01  2.998e-01  7.499e-06  1.731e-07  0.000e+00
   44.080   1.245e-03   180.200   7.494e-01  2.998e-01  7.636e-06  1.311e-07  0.000e+00
   45.470   9.559e-04   180.000   7.494e-01  2.998e-01  7.824e-06  9.806e-08  0.000e+00
   60.300   3.776e-04   180.000   7.494e-01  2.998e-01  7.824e-06  9.806e-08  0.000e+00
   66.170   2.615e-04   180.000   7.494e-01  2.998e-01  7.824e-06  9.806e-08  0.000e+00
   74.350   1.566e-04   180.000   7.494e-01  2.998e-01  7.824e-06  9.806e-08  0.000e+00
   85.770   7.656e-05   180.000   7.494e-01  2.998e-01  7.824e-06  9.806e-08  0.000e+00
  101.700   2.820e-05   180.000   7.494e-01  2.998e-01  7.824e-06  9.806e-08  0.000e+00
  124.000   6.996e-06   180.000   7.494e-01  2.998e-01  7.824e-06  9.806e-08  0.000e+00
  155.000   1.000e-06   180.000   7.494e-01  2.998e-01  7.824e-06  9.806e-08  0.000e+00
#
# ----------------------------------------------------------------------------------------------
# Curtis-Godson integrated layer information used by the radiative transfer analysis
# Oblique molecular layer columns in molec/m2 and aerosols in kg/m2
# ----------------------------------------------------------------------------------------------
# Low[km]  High[km]  Path[km] Pressure[bar] Temp[K]   Airmass   dcol[m-2]         N2        CO2        H2O   WaterIce      Cloud
# ----------------------------------------------------------------------------------------------
    0.000     0.257     0.384   1.381e+00   289.574    1.4980   1.331e+28  9.864e+27  3.946e+27  1.861e+26  5.341e-08  1.011e-01
    0.257     0.632     0.562   1.331e+00   290.346    1.4979   1.869e+28  1.386e+28  5.545e+27  2.532e+26  6.079e-13  7.491e-02
    0.632     1.239     0.909   1.256e+00   290.405    1.4977   2.850e+28  2.115e+28  8.461e+27  3.534e+26  2.243e-10  6.966e-02
    1.239     2.075     1.252   1.154e+00   288.868    1.4975   3.622e+28  2.693e+28  1.077e+28  3.670e+26  3.531e-06  6.369e-02
    2.075     3.133     1.584   1.032e+00   285.591    1.4972   4.142e+28  3.086e+28  1.234e+28  3.095e+26  1.535e-04  6.349e-02
    3.133     4.398     1.893   8.970e-01   280.321    1.4968   4.384e+28  3.271e+28  1.308e+28  2.436e+26  1.034e-03  7.167e-02
    4.398     5.758     2.035   7.632e-01   273.490    1.4964   4.107e+28  3.068e+28  1.227e+28  1.707e+26  2.707e-03  8.117e-02
    5.758     7.091     1.994   6.436e-01   266.237    1.4960   3.486e+28  2.607e+28  1.043e+28  1.001e+26  4.553e-03  8.263e-02
    7.091     8.403     1.962   5.420e-01   259.383    1.4955   2.965e+28  2.219e+28  8.874e+27  5.510e+25  7.141e-03  7.689e-02
    8.403     9.697     1.935   4.556e-01   252.979    1.4951   2.519e+28  1.886e+28  7.545e+27  2.948e+25  1.044e-02  5.555e-02
    9.697    10.980     1.918   3.821e-01   246.829    1.4947   2.147e+28  1.608e+28  6.431e+27  1.576e+25  1.242e-02  2.687e-02
   10.980    12.240     1.883   3.196e-01   240.633    1.4943   1.808e+28  1.355e+28  5.418e+27  8.180e+24  1.116e-02  8.823e-03
   12.240    13.500     1.882   2.665e-01   234.089    1.4939   1.550e+28  1.161e+28  4.644e+27  4.089e+24  6.819e-03  1.281e-03
   13.500    14.750     1.867   2.215e-01   227.096    1.4935   1.316e+28  9.863e+27  3.945e+27  1.841e+24  3.477e-03  8.135e-08
   14.750    15.990     1.851   1.831e-01   219.899    1.4931   1.114e+28  8.350e+27  3.340e+27  7.434e+23  2.403e-03  0.000e+00
   15.990    17.240     1.866   1.505e-01   213.141    1.4927   9.521e+27  7.135e+27  2.854e+27  2.861e+23  1.675e-03  0.000e+00
   17.240    18.500     1.880   1.228e-01   208.013    1.4924   8.020e+27  6.010e+27  2.404e+27  1.260e+23  1.011e-03  0.000e+00
   18.500    19.810     1.954   9.939e-02   205.807    1.4920   6.814e+27  5.106e+27  2.043e+27  7.949e+22  3.569e-04  0.000e+00
   19.810    20.990     1.760   8.078e-02   205.938    1.4916   4.987e+27  3.737e+27  1.495e+27  5.463e+22  3.769e-05  0.000e+00
   20.990    22.010     1.521   6.720e-02   206.494    1.4912   3.579e+27  2.682e+27  1.073e+27  3.857e+22  3.472e-06  0.000e+00
   22.010    23.070     1.580   5.660e-02   206.700    1.4909   3.129e+27  2.345e+27  9.380e+26  3.322e+22  1.717e-06  0.000e+00
   23.070    24.150     1.610   4.744e-02   206.409    1.4906   2.674e+27  2.004e+27  8.017e+26  2.798e+22  1.011e-06  0.000e+00
   24.150    25.260     1.654   3.955e-02   205.567    1.4902   2.300e+27  1.724e+27  6.897e+26  2.379e+22  6.426e-07  0.000e+00
   25.260    26.390     1.684   3.282e-02   204.273    1.4899   1.955e+27  1.465e+27  5.861e+26  2.013e+22  4.687e-07  0.000e+00
   26.390    27.540     1.713   2.710e-02   202.580    1.4895   1.656e+27  1.241e+27  4.964e+26  1.722e+22  7.972e-07  0.000e+00
   27.540    28.710     1.742   2.227e-02   200.584    1.4892   1.397e+27  1.047e+27  4.189e+26  1.481e+22  2.957e-06  0.000e+00
   28.710    29.900     1.772   1.820e-02   198.388    1.4888   1.174e+27  8.800e+26  3.520e+26  1.251e+22  7.087e-06  0.000e+00
   29.900    31.100     1.786   1.480e-02   196.089    1.4884   9.738e+26  7.298e+26  2.920e+26  1.020e+22  9.363e-06  0.000e+00
   31.100    32.310     1.801   1.198e-02   193.934    1.4881   8.034e+26  6.021e+26  2.409e+26  8.137e+21  9.577e-06  0.000e+00
   32.310    33.550     1.845   9.655e-03   192.273    1.4877   6.687e+26  5.011e+26  2.005e+26  6.532e+21  7.860e-06  0.000e+00
   33.550    34.800     1.859   7.736e-03   191.215    1.4873   5.429e+26  4.068e+26  1.628e+26  5.133e+21  4.722e-06  0.000e+00
   34.800    36.080     1.903   6.169e-03   190.415    1.4869   4.449e+26  3.334e+26  1.334e+26  4.061e+21  2.711e-06  0.000e+00
   36.080    37.370     1.918   4.895e-03   189.423    1.4865   3.575e+26  2.679e+26  1.072e+26  3.136e+21  1.887e-06  0.000e+00
   37.370    38.690     1.962   3.865e-03   188.031    1.4861   2.908e+26  2.180e+26  8.719e+25  2.439e+21  1.630e-06  0.000e+00
   38.690    40.020     1.976   3.036e-03   186.239    1.4857   2.323e+26  1.741e+26  6.964e+25  1.852e+21  1.548e-06  0.000e+00
   40.020    41.360     1.990   2.373e-03   184.096    1.4853   1.850e+26  1.386e+26  5.546e+25  1.415e+21  1.526e-06  0.000e+00
   41.360    42.710     2.005   1.846e-03   182.037    1.4849   1.465e+26  1.098e+26  4.393e+25  1.101e+21  1.390e-06  0.000e+00
   42.710    44.080     2.034   1.429e-03   180.669    1.4845   1.159e+26  8.688e+25  3.476e+25  8.769e+20  9.995e-07  0.000e+00
   44.080    45.470     2.063   1.101e-03   180.104    1.4841   9.082e+25  6.806e+25  2.723e+25  7.016e+20  5.898e-07  0.000e+00
   45.470    60.300    21.973   6.673e-04   180.000    1.4816   5.507e+26  4.127e+26  1.651e+26  4.308e+21  3.062e-06  0.000e+00
   60.300    66.170     8.679   3.196e-04   180.000    1.4786   1.104e+26  8.272e+25  3.309e+25  8.636e+20  6.138e-07  0.000e+00
   66.170    74.350    12.078   2.091e-04   180.000    1.4765   9.944e+25  7.452e+25  2.981e+25  7.780e+20  5.530e-07  0.000e+00
   74.350    85.770    16.829   1.166e-04   180.000    1.4736   7.576e+25  5.677e+25  2.271e+25  5.927e+20  4.213e-07  0.000e+00
   85.770   101.700    23.412   5.244e-05   180.000    1.4697   4.563e+25  3.420e+25  1.368e+25  3.570e+20  2.537e-07  0.000e+00
  101.700   124.000    32.652   1.767e-05   180.000    1.4642   2.000e+25  1.499e+25  5.996e+24  1.565e+20  1.112e-07  0.000e+00
  124.000   155.000    45.163   4.052e-06   180.000    1.4569   5.611e+24  4.205e+24  1.682e+24  4.390e+19  3.120e-08  0.000e+00
# ----------------------------------------------------------------------------------------------
# Integrated atmospheric columns                       1.4955   4.451e+29  3.323e+29  1.329e+29  2.100e+27  6.547e-02  7.777e-01
# ----------------------------------------------------------------------------------------------
results_rad.txt
# ------------------------------------------------------------------------
# Radiance spectrum
# NASA-GSFC Planetary Spectrum Generator (PSG) (Villanueva et al. 2015)
# Synthesized on Tue Nov 21 15:10:48 2017
# ------------------------------------------------------------------------
# Atmospheric radiances synthesized with PUMAS (Villanueva et al. 2016, Smith et al. 2009, Edwards 1992)
# Molecular abundance profile: 
# Molecules considered: N2,CO2,H2O
# Molecular sources: HIT[22],HIT[2],HIT[1]
# Molecular abundances: 1,1,1
# Molecular abundance units: scl,scl,scl
# Collission-Induced-Absorption:  N2-N2(3.33-5.41um)
# Rayleigh scattering included
# ------------------------------------------------------------------------
# Spectral unit: Wavelength [um]
# Radiance unit: Spectral radiance [W/sr/m2/um]
# Wave/freq Total Stellar TRAPPIST-1-e
1.000000000e+00  3.68049e-03  3.68049e-03  2.35919e-10
1.010000000e+00  3.70309e-03  3.70309e-03  2.37342e-10
1.020000000e+00  3.72363e-03  3.72363e-03  2.38643e-10
1.030000000e+00  3.74214e-03  3.74214e-03  2.39816e-10
1.040000000e+00  3.75867e-03  3.75867e-03  2.32850e-10
1.050000000e+00  3.77328e-03  3.77327e-03  2.41706e-10
1.060000000e+00  3.78601e-03  3.78601e-03  2.42016e-10
1.070000000e+00  3.79691e-03  3.79691e-03  2.40901e-10
1.080000000e+00  3.80605e-03  3.80605e-03  2.43662e-10
1.090000000e+00  3.81347e-03  3.81347e-03  2.44341e-10
1.100000000e+00  3.81922e-03  3.81922e-03  2.44625e-10
1.110000000e+00  3.82337e-03  3.82337e-03  2.44890e-10
1.120000000e+00  3.82595e-03  3.82595e-03  2.42965e-10
1.130000000e+00  3.82703e-03  3.82703e-03  2.42435e-10
1.140000000e+00  3.82666e-03  3.82666e-03  2.44104e-10
1.150000000e+00  3.82489e-03  3.82489e-03  2.43433e-10
1.160000000e+00  3.82177e-03  3.82177e-03  2.44627e-10
1.170000000e+00  3.81735e-03  3.81734e-03  2.44652e-10
1.180000000e+00  3.81168e-03  3.81168e-03  2.44241e-10
1.190000000e+00  3.80481e-03  3.80481e-03  2.43791e-10
1.200000000e+00  3.79680e-03  3.79679e-03  2.43343e-10
1.210000000e+00  3.78768e-03  3.78768e-03  2.01910e-10
1.220000000e+00  3.77751e-03  3.77751e-03  2.20776e-10
1.230000000e+00  3.76632e-03  3.76632e-03  2.27323e-10
1.240000000e+00  3.75418e-03  3.75418e-03  2.36208e-10
1.250000000e+00  3.74111e-03  3.74111e-03  2.39742e-10
1.260000000e+00  3.72717e-03  3.72717e-03  2.37687e-10
1.270000000e+00  3.71239e-03  3.71239e-03  2.36717e-10
1.280000000e+00  3.69682e-03  3.69682e-03  2.37252e-10
1.290000000e+00  3.68049e-03  3.68049e-03  2.33819e-10
1.300000000e+00  3.66345e-03  3.66345e-03  2.30681e-10
1.310000000e+00  3.64573e-03  3.64573e-03  2.33848e-10
1.320000000e+00  3.62736e-03  3.62736e-03  2.14024e-10
1.330000000e+00  3.60839e-03  3.60839e-03  2.31214e-10
1.340000000e+00  3.58885e-03  3.58885e-03  2.18516e-10
1.350000000e+00  3.56877e-03  3.56877e-03  2.25325e-10
1.360000000e+00  3.54817e-03  3.54817e-03  2.21007e-10
1.370000000e+00  3.52711e-03  3.52711e-03  2.18233e-10
1.380000000e+00  3.50559e-03  3.50559e-03  2.17221e-10
1.390000000e+00  3.48366e-03  3.48366e-03  2.17862e-10
1.400000000e+00  3.46134e-03  3.46134e-03  2.16806e-10
1.410000000e+00  3.43866e-03  3.43866e-03  2.14354e-10
1.420000000e+00  3.41564e-03  3.41564e-03  2.18412e-10
1.430000000e+00  3.39231e-03  3.39231e-03  2.15042e-10
1.440000000e+00  3.36870e-03  3.36870e-03  1.08530e-10
1.450000000e+00  3.34482e-03  3.34482e-03  1.75274e-10
1.460000000e+00  3.32070e-03  3.32070e-03  2.10605e-10
1.470000000e+00  3.29636e-03  3.29636e-03  2.09729e-10
1.480000000e+00  3.27183e-03  3.27183e-03  1.94092e-10
1.490000000e+00  3.24712e-03  3.24711e-03  2.03818e-10
1.500000000e+00  3.22224e-03  3.22224e-03  1.92974e-10
1.510000000e+00  3.19723e-03  3.19723e-03  2.04423e-10
1.520000000e+00  3.17209e-03  3.17209e-03  2.03209e-10
1.530000000e+00  3.14685e-03  3.14685e-03  1.85846e-10
1.540000000e+00  3.12152e-03  3.12152e-03  1.71133e-10
1.550000000e+00  3.09611e-03  3.09611e-03  1.93398e-10
1.560000000e+00  3.07064e-03  3.07064e-03  1.95723e-10
1.570000000e+00  3.04513e-03  3.04513e-03  1.73811e-10
1.580000000e+00  3.01959e-03  3.01959e-03  1.22328e-10
1.590000000e+00  2.99402e-03  2.99402e-03  1.81538e-10
1.600000000e+00  2.96846e-03  2.96846e-03  1.67114e-10
1.610000000e+00  2.94289e-03  2.94289e-03  1.20072e-10
1.620000000e+00  2.91734e-03  2.91734e-03  1.60931e-10
1.630000000e+00  2.89182e-03  2.89182e-03  1.75276e-10
1.640000000e+00  2.86634e-03  2.86634e-03  1.67164e-10
1.650000000e+00  2.84091e-03  2.84091e-03  1.63245e-10
1.660000000e+00  2.81553e-03  2.81553e-03  1.71901e-10
1.670000000e+00  2.79021e-03  2.79021e-03  1.72219e-10
1.680000000e+00  2.76497e-03  2.76497e-03  1.72843e-10
1.690000000e+00  2.73981e-03  2.73981e-03  1.75219e-10
1.700000000e+00  2.71474e-03  2.71474e-03  1.74558e-10
1.710000000e+00  2.68977e-03  2.68977e-03  1.71058e-10
1.720000000e+00  2.66490e-03  2.66490e-03  1.71029e-10
1.730000000e+00  2.64013e-03  2.64013e-03  1.70040e-10
1.740000000e+00  2.61549e-03  2.61549e-03  1.68538e-10
1.750000000e+00  2.59096e-03  2.59096e-03  1.66890e-10
1.760000000e+00  2.56656e-03  2.56656e-03  1.64985e-10
1.770000000e+00  2.54229e-03  2.54229e-03  1.63559e-10
1.780000000e+00  2.51815e-03  2.51815e-03  1.62118e-10
1.790000000e+00  2.49415e-03  2.49415e-03  1.60339e-10
1.800000000e+00  2.47030e-03  2.47030e-03  1.58800e-10
1.810000000e+00  2.44660e-03  2.44660e-03  1.56956e-10
1.820000000e+00  2.42304e-03  2.42304e-03  1.53911e-10
1.830000000e+00  2.39964e-03  2.39964e-03  1.51051e-10
1.840000000e+00  2.37640e-03  2.37640e-03  1.47117e-10
1.850000000e+00  2.35332e-03  2.35332e-03  1.46180e-10
1.860000000e+00  2.33041e-03  2.33041e-03  1.43496e-10
1.870000000e+00  2.30765e-03  2.30765e-03  1.43684e-10
1.880000000e+00  2.28507e-03  2.28507e-03  1.26870e-10
1.890000000e+00  2.26266e-03  2.26266e-03  1.26250e-10
1.900000000e+00  2.24041e-03  2.24041e-03  1.36362e-10
1.910000000e+00  2.21834e-03  2.21834e-03  1.35796e-10
1.920000000e+00  2.19645e-03  2.19645e-03  1.37429e-10
1.930000000e+00  2.17473e-03  2.17473e-03  1.36266e-10
1.940000000e+00  2.15319e-03  2.15319e-03  1.29559e-10
1.950000000e+00  2.13183e-03  2.13183e-03  7.65475e-11
1.960000000e+00  2.11065e-03  2.11065e-03  3.49830e-11
1.970000000e+00  2.08964e-03  2.08964e-03  3.84644e-11
1.980000000e+00  2.06882e-03  2.06882e-03  7.59824e-11
1.990000000e+00  2.04818e-03  2.04818e-03  9.92561e-11
2.000000000e+00  2.02772e-03  2.02772e-03  6.58772e-11
2.010000000e+00  2.00745e-03  2.00745e-03  1.98253e-11
2.020000000e+00  1.98735e-03  1.98735e-03  2.60178e-11
2.030000000e+00  1.96744e-03  1.96744e-03  5.35927e-11
2.040000000e+00  1.94771e-03  1.94771e-03  5.86092e-11
2.050000000e+00  1.92816e-03  1.92816e-03  5.53822e-11
2.060000000e+00  1.90880e-03  1.90880e-03  3.44526e-11
2.070000000e+00  1.88961e-03  1.88961e-03  3.79113e-11
2.080000000e+00  1.87061e-03  1.87061e-03  5.37092e-11
2.090000000e+00  1.85179e-03  1.85179e-03  6.37924e-11
2.100000000e+00  1.83315e-03  1.83315e-03  7.94020e-11
2.110000000e+00  1.81469e-03  1.81469e-03  9.40895e-11
2.120000000e+00  1.79641e-03  1.79641e-03  9.84737e-11
2.130000000e+00  1.77831e-03  1.77831e-03  1.07790e-10
2.140000000e+00  1.76039e-03  1.76039e-03  1.09186e-10
2.150000000e+00  1.74264e-03  1.74264e-03  9.89002e-11
2.160000000e+00  1.72507e-03  1.72507e-03  9.82693e-11
2.170000000e+00  1.70768e-03  1.70768e-03  9.70820e-11
2.180000000e+00  1.69046e-03  1.69046e-03  1.01734e-10
2.190000000e+00  1.67341e-03  1.67341e-03  1.05178e-10
2.200000000e+00  1.65654e-03  1.65654e-03  1.05131e-10
2.210000000e+00  1.63984e-03  1.63984e-03  1.04399e-10
2.220000000e+00  1.62331e-03  1.62331e-03  1.02730e-10
2.230000000e+00  1.60696e-03  1.60695e-03  1.01877e-10
2.240000000e+00  1.59076e-03  1.59076e-03  1.01512e-10
2.250000000e+00  1.57474e-03  1.57474e-03  1.00412e-10
2.260000000e+00  1.55889e-03  1.55889e-03  9.87257e-11
2.270000000e+00  1.54319e-03  1.54319e-03  9.82723e-11
2.280000000e+00  1.52767e-03  1.52767e-03  9.71389e-11
2.290000000e+00  1.51230e-03  1.51230e-03  9.64250e-11
2.300000000e+00  1.49710e-03  1.49710e-03  9.54108e-11
2.310000000e+00  1.48206e-03  1.48206e-03  9.44220e-11
2.320000000e+00  1.46718e-03  1.46718e-03  9.34549e-11
2.330000000e+00  1.45245e-03  1.45245e-03  9.24713e-11
2.340000000e+00  1.43788e-03  1.43788e-03  9.14951e-11
2.350000000e+00  1.42347e-03  1.42347e-03  9.05293e-11
2.360000000e+00  1.40921e-03  1.40921e-03  8.95671e-11
2.370000000e+00  1.39510e-03  1.39510e-03  8.86242e-11
2.380000000e+00  1.38115e-03  1.38115e-03  8.76443e-11
2.390000000e+00  1.36734e-03  1.36734e-03  8.66253e-11
2.400000000e+00  1.35368e-03  1.35368e-03  8.56225e-11
2.410000000e+00  1.34017e-03  1.34017e-03  8.46802e-11
2.420000000e+00  1.32681e-03  1.32681e-03  8.39351e-11
2.430000000e+00  1.31359e-03  1.31359e-03  8.31782e-11
2.440000000e+00  1.30051e-03  1.30051e-03  8.18369e-11
2.450000000e+00  1.28757e-03  1.28757e-03  8.12116e-11
2.460000000e+00  1.27478e-03  1.27478e-03  8.05337e-11
2.470000000e+00  1.26212e-03  1.26212e-03  7.95609e-11
2.480000000e+00  1.24960e-03  1.24960e-03  7.81119e-11
2.490000000e+00  1.23722e-03  1.23722e-03  7.47187e-11
2.500000000e+00  1.22498e-03  1.22498e-03  7.44167e-11
2.510000000e+00  1.21286e-03  1.21286e-03  7.37082e-11
2.520000000e+00  1.20088e-03  1.20088e-03  7.25472e-11
2.530000000e+00  1.18903e-03  1.18903e-03  7.34268e-11
2.540000000e+00  1.17731e-03  1.17731e-03  7.21724e-11
2.550000000e+00  1.16572e-03  1.16572e-03  7.01267e-11
2.560000000e+00  1.15425e-03  1.15425e-03  7.02341e-11
2.570000000e+00  1.14291e-03  1.14291e-03  6.47743e-11
2.580000000e+00  1.13170e-03  1.13170e-03  6.13250e-11
2.590000000e+00  1.12060e-03  1.12060e-03  5.83639e-11
2.600000000e+00  1.10963e-03  1.10963e-03  5.33270e-11
2.610000000e+00  1.09878e-03  1.09878e-03  5.52540e-11
2.620000000e+00  1.08805e-03  1.08805e-03  5.41659e-11
2.630000000e+00  1.07744e-03  1.07744e-03  5.70911e-11
2.640000000e+00  1.06694e-03  1.06694e-03  5.59267e-11
2.650000000e+00  1.05656e-03  1.05656e-03  5.96395e-11
2.660000000e+00  1.04629e-03  1.04629e-03  4.59240e-11
2.670000000e+00  1.03614e-03  1.03614e-03  9.69326e-12
2.680000000e+00  1.02610e-03  1.02610e-03  1.51329e-12
2.690000000e+00  1.01616e-03  1.01616e-03  5.11986e-13
2.700000000e+00  1.00634e-03  1.00634e-03  6.79849e-13
2.710000000e+00  9.96623e-04  9.96623e-04  6.88995e-13
2.720000000e+00  9.87014e-04  9.87014e-04  1.46947e-12
2.730000000e+00  9.77511e-04  9.77511e-04  3.01515e-12
2.740000000e+00  9.68112e-04  9.68112e-04  3.02980e-12
2.750000000e+00  9.58816e-04  9.58816e-04  1.41102e-12
2.760000000e+00  9.49622e-04  9.49622e-04  4.42132e-13
2.770000000e+00  9.40529e-04  9.40529e-04  3.46967e-13
2.780000000e+00  9.31536e-04  9.31536e-04  2.60157e-13
2.790000000e+00  9.22641e-04  9.22641e-04  2.99120e-13
2.800000000e+00  9.13844e-04  9.13844e-04  4.50728e-13
2.810000000e+00  9.05143e-04  9.05143e-04  6.63155e-13
2.820000000e+00  8.96538e-04  8.96538e-04  7.92812e-13
2.830000000e+00  8.88027e-04  8.88027e-04  8.53831e-13
2.840000000e+00  8.79608e-04  8.79608e-04  9.99839e-13
2.850000000e+00  8.71282e-04  8.71282e-04  7.28682e-13
2.860000000e+00  8.63047e-04  8.63047e-04  1.15021e-12
2.870000000e+00  8.54902e-04  8.54902e-04  2.63001e-12
2.880000000e+00  8.46846e-04  8.46846e-04  4.49467e-12
2.890000000e+00  8.38878e-04  8.38878e-04  7.75780e-12
2.900000000e+00  8.30996e-04  8.30996e-04  1.20685e-11
2.910000000e+00  8.23201e-04  8.23201e-04  1.46087e-11
2.920000000e+00  8.15490e-04  8.15490e-04  1.61353e-11
2.930000000e+00  8.07863e-04  8.07863e-04  1.66749e-11
2.940000000e+00  8.00320e-04  8.00320e-04  1.71700e-11
2.950000000e+00  7.92858e-04  7.92858e-04  1.78630e-11
2.960000000e+00  7.85477e-04  7.85477e-04  1.77060e-11
2.970000000e+00  7.78176e-04  7.78176e-04  1.61050e-11
2.980000000e+00  7.70954e-04  7.70954e-04  1.39657e-11
2.990000000e+00  7.63811e-04  7.63811e-04  1.35251e-11
3.000000000e+00  7.56745e-04  7.56745e-04  1.55603e-11
3.010000000e+00  7.49755e-04  7.49755e-04  1.73471e-11
3.020000000e+00  7.42841e-04  7.42841e-04  1.59418e-11
3.030000000e+00  7.36001e-04  7.36001e-04  1.70066e-11
3.040000000e+00  7.29236e-04  7.29236e-04  1.82265e-11
3.050000000e+00  7.22543e-04  7.22543e-04  1.88425e-11
3.060000000e+00  7.15922e-04  7.15922e-04  1.89663e-11
3.070000000e+00  7.09372e-04  7.09372e-04  1.94421e-11
3.080000000e+00  7.02893e-04  7.02893e-04  1.96617e-11
3.090000000e+00  6.96483e-04  6.96483e-04  1.95868e-11
3.100000000e+00  6.90142e-04  6.90142e-04  1.95697e-11
3.110000000e+00  6.83869e-04  6.83869e-04  1.93747e-11
3.120000000e+00  6.77663e-04  6.77663e-04  1.87287e-11
3.130000000e+00  6.71523e-04  6.71523e-04  1.82230e-11
3.140000000e+00  6.65449e-04  6.65449e-04  1.85315e-11
3.150000000e+00  6.59440e-04  6.59440e-04  1.90124e-11
3.160000000e+00  6.53495e-04  6.53494e-04  1.89183e-11
3.170000000e+00  6.47612e-04  6.47612e-04  1.87266e-11
3.180000000e+00  6.41793e-04  6.41793e-04  1.91187e-11
3.190000000e+00  6.36035e-04  6.36035e-04  1.95284e-11
3.200000000e+00  6.30339e-04  6.30339e-04  1.99265e-11
3.210000000e+00  6.24703e-04  6.24702e-04  2.02444e-11
3.220000000e+00  6.19126e-04  6.19126e-04  2.06548e-11
3.230000000e+00  6.13608e-04  6.13608e-04  2.09749e-11
3.240000000e+00  6.08149e-04  6.08149e-04  2.15990e-11
3.250000000e+00  6.02747e-04  6.02747e-04  2.19021e-11
3.260000000e+00  5.97402e-04  5.97402e-04  2.24656e-11
3.270000000e+00  5.92114e-04  5.92114e-04  2.27594e-11
3.280000000e+00  5.86881e-04  5.86881e-04  2.33189e-11
3.290000000e+00  5.81702e-04  5.81702e-04  2.38974e-11
3.300000000e+00  5.76579e-04  5.76579e-04  2.42714e-11
3.310000000e+00  5.71508e-04  5.71508e-04  2.47123e-11
3.320000000e+00  5.66491e-04  5.66491e-04  2.53523e-11
3.330000000e+00  5.61527e-04  5.61527e-04  2.56190e-11
3.340000000e+00  5.56614e-04  5.56614e-04  2.60996e-11
3.350000000e+00  5.51752e-04  5.51752e-04  2.63753e-11
3.360000000e+00  5.46941e-04  5.46941e-04  2.61794e-11
3.370000000e+00  5.42180e-04  5.42180e-04  2.71556e-11
3.380000000e+00  5.37468e-04  5.37468e-04  2.75938e-11
3.390000000e+00  5.32805e-04  5.32805e-04  2.79456e-11
3.400000000e+00  5.28190e-04  5.28190e-04  2.81448e-11
3.410000000e+00  5.23623e-04  5.23623e-04  2.82877e-11
3.420000000e+00  5.19104e-04  5.19104e-04  2.84450e-11
3.430000000e+00  5.14631e-04  5.14631e-04  2.85851e-11
3.440000000e+00  5.10203e-04  5.10203e-04  2.87186e-11
3.450000000e+00  5.05822e-04  5.05822e-04  2.88206e-11
3.460000000e+00  5.01485e-04  5.01485e-04  2.88056e-11
3.470000000e+00  4.97193e-04  4.97193e-04  2.87611e-11
3.480000000e+00  4.92945e-04  4.92945e-04  2.87052e-11
3.490000000e+00  4.88741e-04  4.88741e-04  2.86505e-11
3.500000000e+00  4.84579e-04  4.84579e-04  2.85937e-11
3.510000000e+00  4.80460e-04  4.80460e-04  2.85351e-11
3.520000000e+00  4.76383e-04  4.76383e-04  2.84521e-11
3.530000000e+00  4.72347e-04  4.72347e-04  2.82998e-11
3.540000000e+00  4.68352e-04  4.68352e-04  2.81415e-11
3.550000000e+00  4.64398e-04  4.64398e-04  2.79738e-11
3.560000000e+00  4.60484e-04  4.60484e-04  2.77743e-11
3.570000000e+00  4.56609e-04  4.56609e-04  2.75179e-11
3.580000000e+00  4.52774e-04  4.52774e-04  2.72223e-11
3.590000000e+00  4.48977e-04  4.48977e-04  2.68081e-11
3.600000000e+00  4.45219e-04  4.45219e-04  2.60636e-11
3.610000000e+00  4.41498e-04  4.41498e-04  2.53859e-11
3.620000000e+00  4.37815e-04  4.37815e-04  2.48193e-11
3.630000000e+00  4.34169e-04  4.34169e-04  2.52013e-11
3.640000000e+00  4.30559e-04  4.30559e-04  2.49341e-11
3.650000000e+00  4.26986e-04  4.26986e-04  2.44399e-11
3.660000000e+00  4.23448e-04  4.23448e-04  2.48287e-11
3.670000000e+00  4.19945e-04  4.19945e-04  2.52940e-11
3.680000000e+00  4.16478e-04  4.16478e-04  2.53888e-11
3.690000000e+00  4.13044e-04  4.13044e-04  2.52244e-11
3.700000000e+00  4.09645e-04  4.09645e-04  2.50511e-11
3.710000000e+00  4.06280e-04  4.06280e-04  2.48981e-11
3.720000000e+00  4.02948e-04  4.02948e-04  2.46380e-11
3.730000000e+00  3.99649e-04  3.99649e-04  2.44571e-11
3.740000000e+00  3.96383e-04  3.96383e-04  2.42956e-11
3.750000000e+00  3.93148e-04  3.93148e-04  2.40159e-11
3.760000000e+00  3.89946e-04  3.89946e-04  2.35010e-11
3.770000000e+00  3.86775e-04  3.86775e-04  2.29045e-11
3.780000000e+00  3.83635e-04  3.83635e-04  2.22800e-11
3.790000000e+00  3.80526e-04  3.80526e-04  2.15404e-11
3.800000000e+00  3.77448e-04  3.77448e-04  1.99392e-11
3.810000000e+00  3.74400e-04  3.74400e-04  1.78824e-11
3.820000000e+00  3.71381e-04  3.71381e-04  1.80582e-11
3.830000000e+00  3.68392e-04  3.68392e-04  1.95151e-11
3.840000000e+00  3.65432e-04  3.65432e-04  1.84775e-11
3.850000000e+00  3.62500e-04  3.62500e-04  1.78156e-11
3.860000000e+00  3.59597e-04  3.59597e-04  1.86460e-11
3.870000000e+00  3.56723e-04  3.56723e-04  1.99078e-11
3.880000000e+00  3.53876e-04  3.53876e-04  2.05999e-11
3.890000000e+00  3.51056e-04  3.51056e-04  2.08473e-11
3.900000000e+00  3.48264e-04  3.48264e-04  2.09535e-11
3.910000000e+00  3.45499e-04  3.45499e-04  2.08895e-11
3.920000000e+00  3.42760e-04  3.42760e-04  2.07062e-11
3.930000000e+00  3.40048e-04  3.40048e-04  2.04007e-11
3.940000000e+00  3.37361e-04  3.37361e-04  1.99767e-11
3.950000000e+00  3.34701e-04  3.34701e-04  1.94815e-11
3.960000000e+00  3.32066e-04  3.32066e-04  1.87209e-11
3.970000000e+00  3.29456e-04  3.29456e-04  1.80121e-11
3.980000000e+00  3.26870e-04  3.26870e-04  1.67851e-11
3.990000000e+00  3.24310e-04  3.24310e-04  1.60377e-11
4.000000000e+00  3.21774e-04  3.21774e-04  1.67459e-11
4.010000000e+00  3.19262e-04  3.19262e-04  1.70388e-11
4.020000000e+00  3.16773e-04  3.16773e-04  1.59575e-11
4.030000000e+00  3.14309e-04  3.14309e-04  1.59094e-11
4.040000000e+00  3.11867e-04  3.11867e-04  1.63854e-11
4.050000000e+00  3.09449e-04  3.09449e-04  1.70035e-11
4.060000000e+00  3.07053e-04  3.07053e-04  1.75594e-11
4.070000000e+00  3.04680e-04  3.04680e-04  1.76212e-11
4.080000000e+00  3.02329e-04  3.02329e-04  1.71302e-11
4.090000000e+00  3.00000e-04  3.00000e-04  1.65680e-11
4.100000000e+00  2.97694e-04  2.97693e-04  1.61651e-11
4.110000000e+00  2.95408e-04  2.95408e-04  1.61772e-11
4.120000000e+00  2.93144e-04  2.93144e-04  1.63046e-11
4.130000000e+00  2.90901e-04  2.90901e-04  1.61978e-11
4.140000000e+00  2.88679e-04  2.88679e-04  1.57749e-11
4.150000000e+00  2.86478e-04  2.86478e-04  1.58327e-11
4.160000000e+00  2.84297e-04  2.84297e-04  1.38994e-11
4.170000000e+00  2.82136e-04  2.82136e-04  6.46750e-12
4.180000000e+00  2.79995e-04  2.79995e-04  3.51306e-12
4.190000000e+00  2.77874e-04  2.77874e-04  1.79447e-12
4.200000000e+00  2.75773e-04  2.75773e-04  8.59190e-13
4.210000000e+00  2.73691e-04  2.73691e-04  3.26729e-13
4.220000000e+00  2.71628e-04  2.71628e-04  1.20677e-13
4.230000000e+00  2.69584e-04  2.69584e-04  6.59289e-14
4.240000000e+00  2.67559e-04  2.67559e-04  4.92364e-14
4.250000000e+00  2.65552e-04  2.65552e-04  4.64774e-14
4.260000000e+00  2.63564e-04  2.63564e-04  5.73163e-14
4.270000000e+00  2.61594e-04  2.61594e-04  6.25675e-14
4.280000000e+00  2.59642e-04  2.59642e-04  5.02321e-14
4.290000000e+00  2.57707e-04  2.57707e-04  5.17467e-14
4.300000000e+00  2.55790e-04  2.55790e-04  6.01772e-14
4.310000000e+00  2.53891e-04  2.53891e-04  7.20729e-14
4.320000000e+00  2.52009e-04  2.52009e-04  8.87397e-14
4.330000000e+00  2.50144e-04  2.50144e-04  1.24499e-13
4.340000000e+00  2.48295e-04  2.48295e-04  1.68282e-13
4.350000000e+00  2.46463e-04  2.46463e-04  2.07351e-13
4.360000000e+00  2.44648e-04  2.44648e-04  2.08866e-13
4.370000000e+00  2.42849e-04  2.42849e-04  2.23310e-13
4.380000000e+00  2.41067e-04  2.41067e-04  2.85507e-13
4.390000000e+00  2.39300e-04  2.39300e-04  3.78539e-13
4.400000000e+00  2.37549e-04  2.37549e-04  2.94692e-13
4.410000000e+00  2.35814e-04  2.35814e-04  2.97195e-13
4.420000000e+00  2.34094e-04  2.34094e-04  3.43548e-13
4.430000000e+00  2.32390e-04  2.32390e-04  4.28502e-13
4.440000000e+00  2.30700e-04  2.30700e-04  5.45693e-13
4.450000000e+00  2.29026e-04  2.29026e-04  7.58805e-13
4.460000000e+00  2.27367e-04  2.27367e-04  1.12402e-12
4.470000000e+00  2.25722e-04  2.25722e-04  1.46024e-12
4.480000000e+00  2.24092e-04  2.24092e-04  2.14466e-12
4.490000000e+00  2.22476e-04  2.22476e-04  2.66738e-12
4.500000000e+00  2.20874e-04  2.20874e-04  3.37374e-12
4.510000000e+00  2.19287e-04  2.19287e-04  4.74026e-12
4.520000000e+00  2.17714e-04  2.17714e-04  6.39110e-12
4.530000000e+00  2.16154e-04  2.16154e-04  8.36131e-12
4.540000000e+00  2.14608e-04  2.14608e-04  9.60176e-12
4.550000000e+00  2.13075e-04  2.13075e-04  1.04320e-11
4.560000000e+00  2.11556e-04  2.11556e-04  1.07038e-11
4.570000000e+00  2.10051e-04  2.10051e-04  1.09302e-11
4.580000000e+00  2.08558e-04  2.08558e-04  1.10062e-11
4.590000000e+00  2.07078e-04  2.07078e-04  1.10457e-11
4.600000000e+00  2.05611e-04  2.05611e-04  1.10488e-11
4.610000000e+00  2.04157e-04  2.04157e-04  1.09927e-11
4.620000000e+00  2.02716e-04  2.02716e-04  1.05485e-11
4.630000000e+00  2.01287e-04  2.01287e-04  1.03331e-11
4.640000000e+00  1.99870e-04  1.99870e-04  1.03951e-11
4.650000000e+00  1.98466e-04  1.98466e-04  1.03688e-11
4.660000000e+00  1.97073e-04  1.97073e-04  1.04370e-11
4.670000000e+00  1.95693e-04  1.95693e-04  1.04120e-11
4.680000000e+00  1.94324e-04  1.94324e-04  9.86486e-12
4.690000000e+00  1.92967e-04  1.92967e-04  9.55019e-12
4.700000000e+00  1.91622e-04  1.91622e-04  9.10064e-12
4.710000000e+00  1.90288e-04  1.90288e-04  6.54415e-12
4.720000000e+00  1.88966e-04  1.88966e-04  7.98020e-12
4.730000000e+00  1.87655e-04  1.87655e-04  6.98375e-12
4.740000000e+00  1.86355e-04  1.86355e-04  6.36943e-12
4.750000000e+00  1.85066e-04  1.85066e-04  5.96565e-12
4.760000000e+00  1.83788e-04  1.83788e-04  5.77449e-12
4.770000000e+00  1.82521e-04  1.82521e-04  5.88227e-12
4.780000000e+00  1.81265e-04  1.81265e-04  5.04248e-12
4.790000000e+00  1.80019e-04  1.80019e-04  4.21143e-12
4.800000000e+00  1.78783e-04  1.78783e-04  3.62820e-12
4.810000000e+00  1.77559e-04  1.77559e-04  2.93967e-12
4.820000000e+00  1.76344e-04  1.76344e-04  1.89560e-12
4.830000000e+00  1.75140e-04  1.75140e-04  2.32873e-12
4.840000000e+00  1.73945e-04  1.73945e-04  2.46066e-12
4.850000000e+00  1.72761e-04  1.72761e-04  2.45273e-12
4.860000000e+00  1.71587e-04  1.71587e-04  2.30022e-12
4.870000000e+00  1.70422e-04  1.70422e-04  2.43606e-12
4.880000000e+00  1.69267e-04  1.69267e-04  2.62884e-12
4.890000000e+00  1.68122e-04  1.68122e-04  2.72252e-12
4.900000000e+00  1.66986e-04  1.66986e-04  3.54051e-12
4.910000000e+00  1.65860e-04  1.65860e-04  4.22668e-12
4.920000000e+00  1.64743e-04  1.64743e-04  4.14204e-12
4.930000000e+00  1.63635e-04  1.63635e-04  5.80865e-12
4.940000000e+00  1.62536e-04  1.62536e-04  6.23170e-12
4.950000000e+00  1.61447e-04  1.61447e-04  6.09811e-12
4.960000000e+00  1.60366e-04  1.60366e-04  6.66339e-12
4.970000000e+00  1.59294e-04  1.59294e-04  7.31512e-12
4.980000000e+00  1.58232e-04  1.58232e-04  7.61026e-12
4.990000000e+00  1.57177e-04  1.57177e-04  8.18065e-12
5.000000000e+00  1.56132e-04  1.56132e-04  7.44058e-12
results_trn.txt
# ------------------------------------------------------------------------
# NASA-GSFC Planetary Spectrum Generator (PSG, Villanueva et al. 2015)
# Atmospheric transmittance spectrum synthesized with PUMAS (Villanueva et al. 2016, Smith et al. 2009, Edwards 1992)
# Synthesized on Tue Nov 21 15:10:48 2017
# Molecular abundance profile: 
# Molecules considered: N2,CO2,H2O
# Molecular sources: HIT[22],HIT[2],HIT[1]
# Molecular abundances: 1,1,1
# Molecular abundance units: scl,scl,scl
# Collission-Induced-Absorption:  N2-N2(3.33-5.41um)
# Rayleigh scattering included
# ------------------------------------------------------------------------
# Aerosols considered: WaterIce,Cloud
# Aerosols sources: CRISM_Wolff[reff=2.0um 0.31-99.57um],White_GSFC[reff=1.0um 0.10-1000000.00um]
# Aerosols opacities: 1,1
# Aerosols opacity units: scl,scl
# ------------------------------------------------------------------------
# Spectral unit: Wavelength [um]
# Wave/freq Total N2 CO2 H2O WaterIce Cloud Rayleigh CIA
1.000000000e+00  0.00000  1.00000  0.99996  0.97358  0.00000  0.00000  0.97249  1.00000
1.010000000e+00  0.00000  1.00000  0.99999  0.96443  0.00000  0.00000  0.97355  1.00000
1.020000000e+00  0.00000  1.00000  1.00000  0.98329  0.00000  0.00000  0.97456  1.00000
1.030000000e+00  0.00000  1.00000  0.99999  0.98582  0.00000  0.00000  0.97552  1.00000
1.040000000e+00  0.00000  1.00000  0.79644  0.99832  0.00000  0.00000  0.97644  1.00000
1.050000000e+00  0.00000  1.00000  0.98662  0.99935  0.00000  0.00000  0.97731  1.00000
1.060000000e+00  0.00000  1.00000  0.96709  0.99811  0.00000  0.00000  0.97815  1.00000
1.070000000e+00  0.00000  1.00000  0.94057  0.98683  0.00000  0.00000  0.97894  1.00000
1.080000000e+00  0.00000  1.00000  0.99395  0.93743  0.00000  0.00000  0.97971  1.00000
1.090000000e+00  0.00000  1.00000  0.99963  0.88203  0.00000  0.00000  0.98043  1.00000
1.100000000e+00  0.00000  1.00000  0.99829  0.75615  0.00000  0.00000  0.98113  1.00000
1.110000000e+00  0.00000  1.00000  1.00000  0.48518  0.00000  0.00000  0.98179  1.00000
1.120000000e+00  0.00000  1.00000  0.97627  0.07336  0.00000  0.00000  0.98243  1.00000
1.130000000e+00  0.00000  1.00000  0.99657  0.01698  0.00000  0.00000  0.98304  1.00000
1.140000000e+00  0.00000  1.00000  0.99261  0.16818  0.00000  0.00000  0.98362  1.00000
1.150000000e+00  0.00000  1.00000  0.99779  0.08422  0.00000  0.00000  0.98418  1.00000
1.160000000e+00  0.00000  1.00000  0.99755  0.29271  0.00000  0.00000  0.98471  1.00000
1.170000000e+00  0.00000  1.00000  0.99992  0.56198  0.00000  0.00000  0.98522  1.00000
1.180000000e+00  0.00000  1.00000  0.99951  0.70939  0.00000  0.00000  0.98572  1.00000
1.190000000e+00  0.00000  1.00000  0.99995  0.64630  0.00000  0.00000  0.98619  1.00000
1.200000000e+00  0.00000  1.00000  0.99982  0.67271  0.00000  0.00000  0.98664  1.00000
1.210000000e+00  0.00000  1.00000  0.08587  0.78695  0.00000  0.00000  0.98707  1.00000
1.220000000e+00  0.00000  1.00000  0.56881  0.85149  0.00000  0.00000  0.98749  1.00000
1.230000000e+00  0.00000  1.00000  0.39374  0.88950  0.00000  0.00000  0.98789  1.00000
1.240000000e+00  0.00000  1.00000  0.83928  0.98155  0.00000  0.00000  0.98827  1.00000
1.250000000e+00  0.00000  1.00000  0.98868  0.99660  0.00000  0.00000  0.98864  1.00000
1.260000000e+00  0.00000  1.00000  0.95791  0.99671  0.00000  0.00000  0.98899  1.00000
1.270000000e+00  0.00000  1.00000  0.95962  0.98992  0.00000  0.00000  0.98933  1.00000
1.280000000e+00  0.00000  1.00000  0.99903  0.97771  0.00000  0.00000  0.98966  1.00000
1.290000000e+00  0.00000  1.00000  0.88198  0.94013  0.00000  0.00000  0.98998  1.00000
1.300000000e+00  0.00000  1.00000  0.82901  0.84097  0.00000  0.00000  0.99028  1.00000
1.310000000e+00  0.00000  1.00000  0.99210  0.72390  0.00000  0.00000  0.99057  1.00000
1.320000000e+00  0.00000  1.00000  0.41617  0.55296  0.00000  0.00000  0.99085  1.00000
1.330000000e+00  0.00000  1.00000  0.96819  0.40378  0.00000  0.00000  0.99112  1.00000
1.340000000e+00  0.00000  1.00000  0.56910  0.25244  0.00000  0.00000  0.99139  1.00000
1.350000000e+00  0.00000  1.00000  0.85260  0.01786  0.00000  0.00000  0.99164  1.00000
1.360000000e+00  0.00000  1.00000  0.98777  0.00000  0.00000  0.00000  0.99188  1.00000
1.370000000e+00  0.00000  1.00000  0.96998  0.00000  0.00000  0.00000  0.99211  1.00000
1.380000000e+00  0.00000  1.00000  0.96149  0.00000  0.00000  0.00000  0.99234  1.00000
1.390000000e+00  0.00000  1.00000  0.99287  0.00000  0.00000  0.00000  0.99256  1.00000
1.400000000e+00  0.00000  1.00000  0.99613  0.00001  0.00000  0.00000  0.99276  1.00000
1.410000000e+00  0.00000  1.00000  0.99980  0.00000  0.00000  0.00000  0.99297  1.00000
1.420000000e+00  0.00000  1.00000  0.99942  0.00190  0.00000  0.00000  0.99316  1.00000
1.430000000e+00  0.00000  1.00000  0.68579  0.00537  0.00000  0.00000  0.99335  1.00000
1.440000000e+00  0.00000  1.00000  0.00000  0.00567  0.00000  0.00000  0.99353  1.00000
1.450000000e+00  0.00000  1.00000  0.01283  0.03557  0.00000  0.00000  0.99371  1.00000
1.460000000e+00  0.00000  1.00000  0.64066  0.12223  0.00000  0.00000  0.99388  1.00000
1.470000000e+00  0.00000  1.00000  0.97473  0.03971  0.00000  0.00000  0.99404  1.00000
1.480000000e+00  0.00000  1.00000  0.41362  0.09694  0.00000  0.00000  0.99420  1.00000
1.490000000e+00  0.00000  1.00000  0.74926  0.09774  0.00000  0.00000  0.99436  1.00000
1.500000000e+00  0.00000  1.00000  0.55813  0.42530  0.00000  0.00000  0.99450  1.00000
1.510000000e+00  0.00000  1.00000  0.98153  0.57589  0.00000  0.00000  0.99465  1.00000
1.520000000e+00  0.00000  1.00000  0.98646  0.74946  0.00000  0.00000  0.99479  1.00000
1.530000000e+00  0.00000  1.00000  0.32560  0.82982  0.00000  0.00000  0.99492  1.00000
1.540000000e+00  0.00000  1.00000  0.13526  0.93847  0.00000  0.00000  0.99505  1.00000
1.550000000e+00  0.00000  1.00000  0.65021  0.96736  0.00000  0.00000  0.99518  1.00000
1.560000000e+00  0.00000  1.00000  0.93878  0.99107  0.00000  0.00000  0.99530  1.00000
1.570000000e+00  0.00000  1.00000  0.30762  0.98258  0.00000  0.00000  0.99542  1.00000
1.580000000e+00  0.00000  1.00000  0.00020  0.98608  0.00000  0.00000  0.99553  1.00000
1.590000000e+00  0.00000  1.00000  0.34176  0.98726  0.00000  0.00000  0.99564  1.00000
1.600000000e+00  0.00000  1.00000  0.21605  0.98043  0.00000  0.00000  0.99575  1.00000
1.610000000e+00  0.00000  1.00000  0.00216  0.99284  0.00000  0.00000  0.99586  1.00000
1.620000000e+00  0.00000  1.00000  0.01873  0.99287  0.00000  0.00000  0.99596  1.00000
1.630000000e+00  0.00000  1.00000  0.39579  0.99762  0.00000  0.00000  0.99606  1.00000
1.640000000e+00  0.00000  1.00000  0.30821  0.99262  0.00000  0.00000  0.99615  1.00000
1.650000000e+00  0.00000  1.00000  0.23251  0.98003  0.00000  0.00000  0.99624  1.00000
1.660000000e+00  0.00000  1.00000  0.39324  0.97785  0.00000  0.00000  0.99633  1.00000
1.670000000e+00  0.00000  1.00000  0.56340  0.97900  0.00000  0.00000  0.99642  1.00000
1.680000000e+00  0.00000  1.00000  0.80145  0.96778  0.00000  0.00000  0.99650  1.00000
1.690000000e+00  0.00000  1.00000  0.93783  0.97359  0.00000  0.00000  0.99659  1.00000
1.700000000e+00  0.00000  1.00000  0.98483  0.90267  0.00000  0.00000  0.99667  1.00000
1.710000000e+00  0.00000  1.00000  0.92872  0.90269  0.00000  0.00000  0.99674  1.00000
1.720000000e+00  0.00000  1.00000  0.96326  0.91982  0.00000  0.00000  0.99682  1.00000
1.730000000e+00  0.00000  1.00000  0.99267  0.87055  0.00000  0.00000  0.99689  1.00000
1.740000000e+00  0.00000  1.00000  0.99938  0.76274  0.00000  0.00000  0.99696  1.00000
1.750000000e+00  0.00000  1.00000  0.99894  0.69602  0.00000  0.00000  0.99703  1.00000
1.760000000e+00  0.00000  1.00000  0.89829  0.70929  0.00000  0.00000  0.99710  1.00000
1.770000000e+00  0.00000  1.00000  0.95881  0.54310  0.00000  0.00000  0.99716  1.00000
1.780000000e+00  0.00000  1.00000  0.99526  0.37172  0.00000  0.00000  0.99722  1.00000
1.790000000e+00  0.00000  1.00000  0.88384  0.22233  0.00000  0.00000  0.99729  1.00000
1.800000000e+00  0.00000  1.00000  0.95092  0.09727  0.00000  0.00000  0.99735  1.00000
1.810000000e+00  0.00000  1.00000  0.98779  0.01218  0.00000  0.00000  0.99740  1.00000
1.820000000e+00  0.00000  1.00000  0.99570  0.00073  0.00000  0.00000  0.99746  1.00000
1.830000000e+00  0.00000  1.00000  0.99929  0.00001  0.00000  0.00000  0.99752  1.00000
1.840000000e+00  0.00000  1.00000  0.99972  0.00000  0.00000  0.00000  0.99757  1.00000
1.850000000e+00  0.00000  1.00000  0.99758  0.00000  0.00000  0.00000  0.99762  1.00000
1.860000000e+00  0.00000  1.00000  0.99713  0.00000  0.00000  0.00000  0.99767  1.00000
1.870000000e+00  0.00000  1.00000  0.97885  0.00000  0.00000  0.00000  0.99772  1.00000
1.880000000e+00  0.00000  1.00000  0.10680  0.00000  0.00000  0.00000  0.99777  1.00000
1.890000000e+00  0.00000  1.00000  0.12495  0.00000  0.00000  0.00000  0.99782  1.00000
1.900000000e+00  0.00000  1.00000  0.51869  0.00001  0.00000  0.00000  0.99786  1.00000
1.910000000e+00  0.00000  1.00000  0.64787  0.00000  0.00000  0.00000  0.99791  1.00000
1.920000000e+00  0.00000  1.00000  0.86404  0.00000  0.00000  0.00000  0.99795  1.00000
1.930000000e+00  0.00000  1.00000  0.84340  0.00002  0.00000  0.00000  0.99799  1.00000
1.940000000e+00  0.00000  1.00000  0.19713  0.00049  0.00000  0.00000  0.99803  1.00000
1.950000000e+00  0.00000  1.00000  0.00000  0.00730  0.00000  0.00000  0.99807  1.00000
1.960000000e+00  0.00000  1.00000  0.00000  0.02101  0.00000  0.00000  0.99811  1.00000
1.970000000e+00  0.00000  1.00000  0.00000  0.24295  0.00000  0.00000  0.99815  1.00000
1.980000000e+00  0.00000  1.00000  0.00000  0.36665  0.00000  0.00000  0.99819  1.00000
1.990000000e+00  0.00000  1.00000  0.00422  0.42842  0.00000  0.00000  0.99822  1.00000
2.000000000e+00  0.00000  1.00000  0.00000  0.55814  0.00000  0.00000  0.99826  1.00000
2.010000000e+00  0.00000  1.00000  0.00000  0.45740  0.00000  0.00000  0.99829  1.00000
2.020000000e+00  0.00000  1.00000  0.00000  0.60827  0.00000  0.00000  0.99833  1.00000
2.030000000e+00  0.00000  1.00000  0.00000  0.81899  0.00000  0.00000  0.99836  1.00000
2.040000000e+00  0.00000  1.00000  0.00000  0.84818  0.00000  0.00000  0.99839  1.00000
2.050000000e+00  0.00000  1.00000  0.00000  0.92872  0.00000  0.00000  0.99842  1.00000
2.060000000e+00  0.00000  1.00000  0.00000  0.85179  0.00000  0.00000  0.99845  1.00000
2.070000000e+00  0.00000  1.00000  0.00000  0.87952  0.00000  0.00000  0.99848  1.00000
2.080000000e+00  0.00000  1.00000  0.00000  0.92009  0.00000  0.00000  0.99851  1.00000
2.090000000e+00  0.00000  1.00000  0.00000  0.91817  0.00000  0.00000  0.99854  1.00000
2.100000000e+00  0.00000  1.00000  0.00004  0.95097  0.00000  0.00000  0.99857  1.00000
2.110000000e+00  0.00000  1.00000  0.01964  0.96067  0.00000  0.00000  0.99859  1.00000
2.120000000e+00  0.00000  1.00000  0.06862  0.89768  0.00000  0.00000  0.99862  1.00000
2.130000000e+00  0.00000  1.00000  0.44326  0.85620  0.00000  0.00000  0.99864  1.00000
2.140000000e+00  0.00000  1.00000  0.63541  0.96601  0.00000  0.00000  0.99867  1.00000
2.150000000e+00  0.00000  1.00000  0.27642  0.98404  0.00000  0.00000  0.99869  1.00000
2.160000000e+00  0.00000  1.00000  0.34515  0.93745  0.00000  0.00000  0.99872  1.00000
2.170000000e+00  0.00000  1.00000  0.22907  0.87101  0.00000  0.00000  0.99874  1.00000
2.180000000e+00  0.00000  1.00000  0.54133  0.89352  0.00000  0.00000  0.99876  1.00000
2.190000000e+00  0.00000  1.00000  0.83137  0.77751  0.00000  0.00000  0.99879  1.00000
2.200000000e+00  0.00000  1.00000  0.88685  0.86272  0.00000  0.00000  0.99881  1.00000
2.210000000e+00  0.00000  1.00000  0.96481  0.90255  0.00000  0.00000  0.99883  1.00000
2.220000000e+00  0.00000  1.00000  0.95055  0.92584  0.00000  0.00000  0.99885  1.00000
2.230000000e+00  0.00000  1.00000  0.95418  0.95070  0.00000  0.00000  0.99887  1.00000
2.240000000e+00  0.00000  1.00000  0.98694  0.97684  0.00000  0.00000  0.99889  1.00000
2.250000000e+00  0.00000  1.00000  0.97822  0.98100  0.00000  0.00000  0.99891  1.00000
2.260000000e+00  0.00000  1.00000  0.94823  0.99257  0.00000  0.00000  0.99893  1.00000
2.270000000e+00  0.00000  1.00000  0.98754  0.98463  0.00000  0.00000  0.99895  1.00000
2.280000000e+00  0.00000  1.00000  0.97367  0.99718  0.00000  0.00000  0.99897  1.00000
2.290000000e+00  0.00000  1.00000  0.99197  0.98533  0.00000  0.00000  0.99899  1.00000
2.300000000e+00  0.00000  1.00000  0.99603  0.91446  0.00000  0.00000  0.99900  1.00000
2.310000000e+00  0.00000  1.00000  0.99747  0.97225  0.00000  0.00000  0.99902  1.00000
2.320000000e+00  0.00000  1.00000  0.99906  0.93065  0.00000  0.00000  0.99904  1.00000
2.330000000e+00  0.00000  1.00000  0.99989  0.92353  0.00000  0.00000  0.99905  1.00000
2.340000000e+00  0.00000  1.00000  0.99989  0.93872  0.00000  0.00000  0.99907  1.00000
2.350000000e+00  0.00000  1.00000  0.99987  0.84204  0.00000  0.00000  0.99908  1.00000
2.360000000e+00  0.00000  1.00000  0.99967  0.71018  0.00000  0.00000  0.99910  1.00000
2.370000000e+00  0.00000  1.00000  0.99823  0.73195  0.00000  0.00000  0.99912  1.00000
2.380000000e+00  0.00000  1.00000  0.99715  0.54524  0.00000  0.00000  0.99913  1.00000
2.390000000e+00  0.00000  1.00000  0.99069  0.43554  0.00000  0.00000  0.99914  1.00000
2.400000000e+00  0.00000  1.00000  0.98877  0.52528  0.00000  0.00000  0.99916  1.00000
2.410000000e+00  0.00000  1.00000  0.98698  0.35260  0.00000  0.00000  0.99917  1.00000
2.420000000e+00  0.00000  1.00000  0.99686  0.16643  0.00000  0.00000  0.99919  1.00000
2.430000000e+00  0.00000  1.00000  0.99991  0.36356  0.00000  0.00000  0.99920  1.00000
2.440000000e+00  0.00000  1.00000  0.99986  0.07911  0.00000  0.00000  0.99921  1.00000
2.450000000e+00  0.00000  1.00000  0.99965  0.14470  0.00000  0.00000  0.99923  1.00000
2.460000000e+00  0.00000  1.00000  0.99949  0.23216  0.00000  0.00000  0.99924  1.00000
2.470000000e+00  0.00000  1.00000  0.99257  0.19868  0.00000  0.00000  0.99925  1.00000
2.480000000e+00  0.00000  1.00000  0.97006  0.09652  0.00000  0.00000  0.99926  1.00000
2.490000000e+00  0.00000  1.00000  0.32376  0.00456  0.00000  0.00000  0.99927  1.00000
2.500000000e+00  0.00000  1.00000  0.73666  0.00433  0.00000  0.00000  0.99929  1.00000
2.510000000e+00  0.00000  1.00000  0.70624  0.00124  0.00000  0.00000  0.99930  1.00000
2.520000000e+00  0.00000  1.00000  0.68330  0.00033  0.00000  0.00000  0.99931  1.00000
2.530000000e+00  0.00000  1.00000  0.83938  0.00000  0.00000  0.00000  0.99932  1.00000
2.540000000e+00  0.00000  1.00000  0.90244  0.00000  0.00000  0.00000  0.99933  1.00000
2.550000000e+00  0.00000  1.00000  0.97556  0.00000  0.00000  0.00000  0.99934  1.00000
2.560000000e+00  0.00000  1.00000  0.94451  0.00000  0.00000  0.00000  0.99935  1.00000
2.570000000e+00  0.00000  1.00000  0.96746  0.00000  0.00000  0.00000  0.99936  1.00000
2.580000000e+00  0.00000  1.00000  0.79123  0.00000  0.00000  0.00000  0.99937  1.00000
2.590000000e+00  0.00000  1.00000  0.54524  0.00000  0.00000  0.00000  0.99938  1.00000
2.600000000e+00  0.00000  1.00000  0.64933  0.00000  0.00000  0.00000  0.99939  1.00000
2.610000000e+00  0.00000  1.00000  0.18768  0.00000  0.00000  0.00000  0.99940  1.00000
2.620000000e+00  0.00000  1.00000  0.07239  0.00000  0.00000  0.00000  0.99941  1.00000
2.630000000e+00  0.00000  1.00000  0.25021  0.00000  0.00000  0.00000  0.99942  1.00000
2.640000000e+00  0.00000  1.00000  0.21279  0.00000  0.00000  0.00000  0.99942  1.00000
2.650000000e+00  0.00000  1.00000  0.37885  0.00000  0.00000  0.00000  0.99943  1.00000
2.660000000e+00  0.00000  1.00000  0.00069  0.00000  0.00000  0.00000  0.99944  1.00000
2.670000000e+00  0.00000  1.00000  0.00000  0.00000  0.00000  0.00000  0.99945  1.00000
2.680000000e+00  0.00000  1.00000  0.00000  0.00000  0.00000  0.00000  0.99946  1.00000
2.690000000e+00  0.00000  1.00000  0.00000  0.00000  0.00000  0.00000  0.99947  1.00000
2.700000000e+00  0.00000  1.00000  0.00000  0.00000  0.00000  0.00000  0.99947  1.00000
2.710000000e+00  0.00000  1.00000  0.00000  0.00000  0.00000  0.00000  0.99948  1.00000
2.720000000e+00  0.00000  1.00000  0.00000  0.00000  0.00000  0.00000  0.99949  1.00000
2.730000000e+00  0.00000  1.00000  0.00000  0.00000  0.00000  0.00000  0.99950  1.00000
2.740000000e+00  0.00000  1.00000  0.00000  0.00000  0.00000  0.00000  0.99950  1.00000
2.750000000e+00  0.00000  1.00000  0.00000  0.00000  0.00000  0.00000  0.99951  1.00000
2.760000000e+00  0.00000  1.00000  0.00000  0.00000  0.00000  0.00000  0.99952  1.00000
2.770000000e+00  0.00000  1.00000  0.00000  0.00000  0.00000  0.00000  0.99953  1.00000
2.780000000e+00  0.00000  1.00000  0.00000  0.00000  0.00000  0.00000  0.99953  1.00000
2.790000000e+00  0.00000  1.00000  0.00000  0.00000  0.00000  0.00000  0.99954  1.00000
2.800000000e+00  0.00000  1.00000  0.00000  0.00000  0.00000  0.00000  0.99955  1.00000
2.810000000e+00  0.00000  1.00000  0.00000  0.00000  0.00000  0.00000  0.99955  1.00000
2.820000000e+00  0.00000  1.00000  0.00000  0.00000  0.00000  0.00000  0.99956  1.00000
2.830000000e+00  0.00000  1.00000  0.00000  0.00000  0.00000  0.00000  0.99956  1.00000
2.840000000e+00  0.00000  1.00000  0.00000  0.00000  0.00000  0.00000  0.99957  1.00000
2.850000000e+00  0.00000  1.00000  0.00000  0.00000  0.00000  0.00000  0.99958  1.00000
2.860000000e+00  0.00000  1.00000  0.00000  0.00000  0.00000  0.00000  0.99958  1.00000
2.870000000e+00  0.00000  1.00000  0.00000  0.00002  0.00000  0.00000  0.99959  1.00000
2.880000000e+00  0.00000  1.00000  0.00000  0.00006  0.00000  0.00000  0.99959  1.00000
2.890000000e+00  0.00000  1.00000  0.00003  0.00004  0.00000  0.00000  0.99960  1.00000
2.900000000e+00  0.00000  1.00000  0.00445  0.00359  0.00000  0.00000  0.99960  1.00000
2.910000000e+00  0.00000  1.00000  0.08554  0.00101  0.00000  0.00000  0.99961  1.00000
2.920000000e+00  0.00000  1.00000  0.35581  0.00148  0.00000  0.00000  0.99962  1.00000
2.930000000e+00  0.00000  1.00000  0.56364  0.00884  0.00000  0.00000  0.99962  1.00000
2.940000000e+00  0.00000  1.00000  0.69113  0.03847  0.00000  0.00000  0.99963  1.00000
2.950000000e+00  0.00000  1.00000  0.82586  0.00107  0.00000  0.00000  0.99963  1.00000
2.960000000e+00  0.00000  1.00000  0.42474  0.01153  0.00000  0.00000  0.99964  1.00000
2.970000000e+00  0.00000  1.00000  0.05292  0.03693  0.00000  0.00000  0.99964  1.00000
2.980000000e+00  0.00000  1.00000  0.00379  0.00006  0.00000  0.00000  0.99965  1.00000
2.990000000e+00  0.00000  1.00000  0.01448  0.05297  0.00000  0.00000  0.99965  1.00000
3.000000000e+00  0.00000  1.00000  0.28664  0.08358  0.00000  0.00000  0.99965  1.00000
3.010000000e+00  0.00000  1.00000  0.30372  0.06148  0.00000  0.00000  0.99966  1.00000
3.020000000e+00  0.00000  1.00000  0.05708  0.04221  0.00000  0.00000  0.99966  1.00000
3.030000000e+00  0.00000  1.00000  0.11627  0.03660  0.00000  0.00000  0.99967  1.00000
3.040000000e+00  0.00000  1.00000  0.31987  0.00600  0.00000  0.00000  0.99967  1.00000
3.050000000e+00  0.00000  1.00000  0.63850  0.00760  0.00000  0.00000  0.99968  1.00000
3.060000000e+00  0.00000  1.00000  0.68913  0.01351  0.00000  0.00000  0.99968  1.00000
3.070000000e+00  0.00000  1.00000  0.83648  0.00688  0.00000  0.00000  0.99969  1.00000
3.080000000e+00  0.00000  1.00000  0.87242  0.02787  0.00000  0.00000  0.99969  1.00000
3.090000000e+00  0.00000  1.00000  0.93148  0.00064  0.00000  0.00000  0.99969  1.00000
3.100000000e+00  0.00000  1.00000  0.89904  0.00058  0.00000  0.00000  0.99970  1.00000
3.110000000e+00  0.00000  1.00000  0.71936  0.01023  0.00000  0.00000  0.99970  1.00000
3.120000000e+00  0.00000  1.00000  0.49313  0.00141  0.00000  0.00000  0.99970  1.00000
3.130000000e+00  0.00000  1.00000  0.39849  0.05951  0.00000  0.00000  0.99971  1.00000
3.140000000e+00  0.00000  1.00000  0.55738  0.14034  0.00000  0.00000  0.99971  1.00000
3.150000000e+00  0.00000  1.00000  0.75965  0.02601  0.00000  0.00000  0.99972  1.00000
3.160000000e+00  0.00000  1.00000  0.60810  0.10208  0.00000  0.00000  0.99972  1.00000
3.170000000e+00  0.00000  1.00000  0.43668  0.64749  0.00000  0.00000  0.99972  1.00000
3.180000000e+00  0.00000  1.00000  0.50164  0.49691  0.00000  0.00000  0.99973  1.00000
3.190000000e+00  0.00000  1.00000  0.67136  0.21160  0.00000  0.00000  0.99973  1.00000
3.200000000e+00  0.00000  1.00000  0.83613  0.04739  0.00000  0.00000  0.99973  1.00000
3.210000000e+00  0.00000  1.00000  0.93530  0.00001  0.00000  0.00000  0.99974  1.00000
3.220000000e+00  0.00000  1.00000  0.91237  0.00011  0.00000  0.00000  0.99974  1.00000
3.230000000e+00  0.00000  1.00000  0.90569  0.00198  0.00000  0.00000  0.99974  1.00000
3.240000000e+00  0.00000  1.00000  0.95089  0.11114  0.00000  0.00000  0.99975  1.00000
3.250000000e+00  0.00000  1.00000  0.98817  0.03770  0.00000  0.00000  0.99975  1.00000
3.260000000e+00  0.00000  1.00000  0.99665  0.27203  0.00000  0.00000  0.99975  1.00000
3.270000000e+00  0.00000  1.00000  0.99625  0.01609  0.00000  0.00000  0.99976  1.00000
3.280000000e+00  0.00000  1.00000  0.99688  0.04995  0.00000  0.00000  0.99976  1.00000
3.290000000e+00  0.00000  1.00000  0.99858  0.27978  0.00000  0.00000  0.99976  1.00000
3.300000000e+00  0.00000  1.00000  0.99938  0.13114  0.00000  0.00000  0.99976  1.00000
3.310000000e+00  0.00000  1.00000  0.99950  0.01533  0.00000  0.00000  0.99977  1.00000
3.320000000e+00  0.00000  1.00000  0.99902  0.18401  0.00000  0.00000  0.99977  1.00000
3.330000000e+00  0.00000  1.00000  0.99379  0.05657  0.00000  0.00000  0.99977  1.00000
3.340000000e+00  0.00000  1.00000  0.97880  0.35065  0.00000  0.00000  0.99977  0.99988
3.350000000e+00  0.00000  1.00000  0.96615  0.12193  0.00000  0.00000  0.99978  0.99984
3.360000000e+00  0.00000  1.00000  0.86177  0.12556  0.00000  0.00000  0.99978  0.99989
3.370000000e+00  0.00000  1.00000  0.96017  0.17474  0.00000  0.00000  0.99978  0.99981
3.380000000e+00  0.00000  1.00000  0.97150  0.28934  0.00000  0.00000  0.99979  0.99993
3.390000000e+00  0.00000  1.00000  0.98475  0.42893  0.00000  0.00000  0.99979  0.99990
3.400000000e+00  0.00000  1.00000  0.99448  0.64409  0.00000  0.00000  0.99979  0.99995
3.410000000e+00  0.00000  1.00000  0.99799  0.48478  0.00000  0.00000  0.99979  0.99996
3.420000000e+00  0.00000  1.00000  0.99932  0.61443  0.00000  0.00000  0.99980  1.00000
3.430000000e+00  0.00000  1.00000  0.99912  0.86949  0.00000  0.00000  0.99980  0.99994
3.440000000e+00  0.00000  1.00000  0.99932  0.75993  0.00000  0.00000  0.99980  0.99990
3.450000000e+00  0.00000  1.00000  0.99657  0.76088  0.00000  0.00000  0.99980  0.99978
3.460000000e+00  0.00000  1.00000  0.99741  0.71078  0.00000  0.00000  0.99980  0.99992
3.470000000e+00  0.00000  1.00000  0.99907  0.85270  0.00000  0.00000  0.99981  0.99981
3.480000000e+00  0.00000  1.00000  0.99935  0.80135  0.00000  0.00000  0.99981  0.99987
3.490000000e+00  0.00000  1.00000  0.99958  0.84032  0.00000  0.00000  0.99981  0.99987
3.500000000e+00  0.00000  1.00000  0.99961  0.80837  0.00000  0.00000  0.99981  0.99993
3.510000000e+00  0.00000  1.00000  0.99932  0.82418  0.00000  0.00000  0.99982  0.99998
3.520000000e+00  0.00000  1.00000  0.99817  0.75580  0.00000  0.00000  0.99982  0.99997
3.530000000e+00  0.00000  1.00000  0.99516  0.72002  0.00000  0.00000  0.99982  0.99996
3.540000000e+00  0.00000  1.00000  0.98917  0.69946  0.00000  0.00000  0.99982  0.99992
3.550000000e+00  0.00000  1.00000  0.97681  0.66119  0.00000  0.00000  0.99982  0.99994
3.560000000e+00  0.00000  1.00000  0.94930  0.54284  0.00000  0.00000  0.99983  0.99975
3.570000000e+00  0.00000  1.00000  0.90770  0.68846  0.00000  0.00000  0.99983  0.99975
3.580000000e+00  0.00000  1.00000  0.87647  0.62012  0.00000  0.00000  0.99983  0.99953
3.590000000e+00  0.00000  1.00000  0.82136  0.72607  0.00000  0.00000  0.99983  0.99953
3.600000000e+00  0.00000  1.00000  0.67077  0.61904  0.00000  0.00000  0.99983  0.99958
3.610000000e+00  0.00000  1.00000  0.54073  0.81710  0.00000  0.00000  0.99983  0.99960
3.620000000e+00  0.00000  1.00000  0.48851  0.65428  0.00000  0.00000  0.99984  0.99949
3.630000000e+00  0.00000  1.00000  0.68082  0.80517  0.00000  0.00000  0.99984  0.99938
3.640000000e+00  0.00000  1.00000  0.64034  0.70155  0.00000  0.00000  0.99984  0.99919
3.650000000e+00  0.00000  1.00000  0.51532  0.91720  0.00000  0.00000  0.99984  0.99905
3.660000000e+00  0.00000  1.00000  0.61916  0.75595  0.00000  0.00000  0.99984  0.99897
3.670000000e+00  0.00000  1.00000  0.80849  0.76735  0.00000  0.00000  0.99985  0.99887
3.680000000e+00  0.00000  1.00000  0.93416  0.37316  0.00000  0.00000  0.99985  0.99870
3.690000000e+00  0.00000  1.00000  0.96903  0.52196  0.00000  0.00000  0.99985  0.99842
3.700000000e+00  0.00000  1.00000  0.97984  0.75659  0.00000  0.00000  0.99985  0.99822
3.710000000e+00  0.00000  1.00000  0.98904  0.90160  0.00000  0.00000  0.99985  0.99647
3.720000000e+00  0.00000  1.00000  0.97953  0.68459  0.00000  0.00000  0.99985  0.99534
3.730000000e+00  0.00000  1.00000  0.97829  0.82755  0.00000  0.00000  0.99985  0.99485
3.740000000e+00  0.00000  1.00000  0.97767  0.69109  0.00000  0.00000  0.99986  0.99428
3.750000000e+00  0.00000  1.00000  0.94092  0.78733  0.00000  0.00000  0.99986  0.99352
3.760000000e+00  0.00000  1.00000  0.84640  0.73888  0.00000  0.00000  0.99986  0.99268
3.770000000e+00  0.00000  1.00000  0.72258  0.68284  0.00000  0.00000  0.99986  0.99172
3.780000000e+00  0.00000  1.00000  0.55076  0.70296  0.00000  0.00000  0.99986  0.99048
3.790000000e+00  0.00000  1.00000  0.37781  0.76003  0.00000  0.00000  0.99986  0.98895
3.800000000e+00  0.00000  1.00000  0.14975  0.70646  0.00000  0.00000  0.99987  0.98732
3.810000000e+00  0.00000  1.00000  0.04044  0.87139  0.00000  0.00000  0.99987  0.98537
3.820000000e+00  0.00000  1.00000  0.06340  0.67574  0.00000  0.00000  0.99987  0.98327
3.830000000e+00  0.00000  1.00000  0.26160  0.85345  0.00000  0.00000  0.99987  0.98087
3.840000000e+00  0.00000  1.00000  0.12870  0.73493  0.00000  0.00000  0.99987  0.97808
3.850000000e+00  0.00000  1.00000  0.06677  0.86277  0.00000  0.00000  0.99987  0.97483
3.860000000e+00  0.00000  1.00000  0.12149  0.83525  0.00000  0.00000  0.99987  0.97114
3.870000000e+00  0.00000  1.00000  0.29123  0.87867  0.00000  0.00000  0.99987  0.96705
3.880000000e+00  0.00000  1.00000  0.53797  0.87357  0.00000  0.00000  0.99988  0.96240
3.890000000e+00  0.00000  1.00000  0.75762  0.90315  0.00000  0.00000  0.99988  0.95702
3.900000000e+00  0.00000  1.00000  0.90452  0.93765  0.00000  0.00000  0.99988  0.95095
3.910000000e+00  0.00000  1.00000  0.96013  0.89135  0.00000  0.00000  0.99988  0.94409
3.920000000e+00  0.00000  1.00000  0.96461  0.97565  0.00000  0.00000  0.99988  0.93604
3.930000000e+00  0.00000  1.00000  0.92728  0.94715  0.00000  0.00000  0.99988  0.92683
3.940000000e+00  0.00000  1.00000  0.84490  0.97691  0.00000  0.00000  0.99988  0.91617
3.950000000e+00  0.00000  1.00000  0.71975  0.98039  0.00000  0.00000  0.99988  0.90415
3.960000000e+00  0.00000  1.00000  0.50378  0.96770  0.00000  0.00000  0.99989  0.88992
3.970000000e+00  0.00000  1.00000  0.33220  0.99098  0.00000  0.00000  0.99989  0.87368
3.980000000e+00  0.00000  1.00000  0.18097  0.98006  0.00000  0.00000  0.99989  0.85560
3.990000000e+00  0.00000  1.00000  0.13144  0.99383  0.00000  0.00000  0.99989  0.83491
4.000000000e+00  0.00000  1.00000  0.30849  0.99147  0.00000  0.00000  0.99989  0.81117
4.010000000e+00  0.00000  1.00000  0.38138  0.99144  0.00000  0.00000  0.99989  0.78522
4.020000000e+00  0.00000  1.00000  0.17027  0.99769  0.00000  0.00000  0.99989  0.75698
4.030000000e+00  0.00000  1.00000  0.14886  0.99162  0.00000  0.00000  0.99989  0.72707
4.040000000e+00  0.00000  1.00000  0.20814  0.99573  0.00000  0.00000  0.99989  0.69556
4.050000000e+00  0.00000  1.00000  0.34875  0.99605  0.00000  0.00000  0.99990  0.66223
4.060000000e+00  0.00000  1.00000  0.52070  0.99523  0.00000  0.00000  0.99990  0.62872
4.070000000e+00  0.00000  1.00000  0.57647  0.99498  0.00000  0.00000  0.99990  0.59506
4.080000000e+00  0.00000  1.00000  0.28546  0.99758  0.00000  0.00000  0.99990  0.56310
4.090000000e+00  0.00000  1.00000  0.08973  0.99740  0.00000  0.00000  0.99990  0.53323
4.100000000e+00  0.00000  1.00000  0.04033  0.99773  0.00000  0.00000  0.99990  0.50536
4.110000000e+00  0.00000  1.00000  0.05143  0.99171  0.00000  0.00000  0.99990  0.48041
4.120000000e+00  0.00000  1.00000  0.21487  0.99774  0.00000  0.00000  0.99990  0.45905
4.130000000e+00  0.00000  1.00000  0.26466  0.99436  0.00000  0.00000  0.99990  0.44120
4.140000000e+00  0.00000  1.00000  0.11880  0.99625  0.00000  0.00000  0.99990  0.42708
4.150000000e+00  0.00000  1.00000  0.05054  0.99881  0.00000  0.00000  0.99990  0.41654
4.160000000e+00  0.00000  1.00000  0.00023  0.99364  0.00000  0.00000  0.99991  0.40994
4.170000000e+00  0.00000  1.00000  0.00000  0.99621  0.00000  0.00000  0.99991  0.40615
4.180000000e+00  0.00000  1.00000  0.00000  0.99547  0.00000  0.00000  0.99991  0.40723
4.190000000e+00  0.00000  1.00000  0.00000  0.99558  0.00000  0.00000  0.99991  0.40920
4.200000000e+00  0.00000  1.00000  0.00000  0.99493  0.00000  0.00000  0.99991  0.41437
4.210000000e+00  0.00000  1.00000  0.00000  0.99218  0.00000  0.00000  0.99991  0.41754
4.220000000e+00  0.00000  1.00000  0.00000  0.99265  0.00000  0.00000  0.99991  0.41842
4.230000000e+00  0.00000  1.00000  0.00000  0.99185  0.00000  0.00000  0.99991  0.41581
4.240000000e+00  0.00000  1.00000  0.00000  0.99387  0.00000  0.00000  0.99991  0.40782
4.250000000e+00  0.00000  1.00000  0.00000  0.98474  0.00000  0.00000  0.99991  0.39272
4.260000000e+00  0.00000  1.00000  0.00000  0.98104  0.00000  0.00000  0.99991  0.36397
4.270000000e+00  0.00000  1.00000  0.00000  0.99336  0.00000  0.00000  0.99992  0.32101
4.280000000e+00  0.00000  1.00000  0.00000  0.97274  0.00000  0.00000  0.99992  0.29126
4.290000000e+00  0.00000  1.00000  0.00000  0.96848  0.00000  0.00000  0.99992  0.27312
4.300000000e+00  0.00000  1.00000  0.00000  0.96433  0.00000  0.00000  0.99992  0.27776
4.310000000e+00  0.00000  1.00000  0.00000  0.93890  0.00000  0.00000  0.99992  0.30542
4.320000000e+00  0.00000  1.00000  0.00000  0.95080  0.00000  0.00000  0.99992  0.34557
4.330000000e+00  0.00000  1.00000  0.00000  0.94901  0.00000  0.00000  0.99992  0.40028
4.340000000e+00  0.00000  1.00000  0.00000  0.93805  0.00000  0.00000  0.99992  0.44611
4.350000000e+00  0.00000  1.00000  0.00000  0.93425  0.00000  0.00000  0.99992  0.48077
4.360000000e+00  0.00000  1.00000  0.00000  0.91184  0.00000  0.00000  0.99992  0.50578
4.370000000e+00  0.00000  1.00000  0.00000  0.82197  0.00000  0.00000  0.99992  0.52376
4.380000000e+00  0.00000  1.00000  0.00000  0.93697  0.00000  0.00000  0.99992  0.53723
4.390000000e+00  0.00000  1.00000  0.00000  0.91267  0.00000  0.00000  0.99992  0.54947
4.400000000e+00  0.00000  1.00000  0.00000  0.87120  0.00000  0.00000  0.99992  0.55815
4.410000000e+00  0.00000  1.00000  0.00000  0.75029  0.00000  0.00000  0.99993  0.56943
4.420000000e+00  0.00000  1.00000  0.00000  0.95758  0.00000  0.00000  0.99993  0.58028
4.430000000e+00  0.00000  1.00000  0.00000  0.85164  0.00000  0.00000  0.99993  0.59298
4.440000000e+00  0.00000  1.00000  0.00000  0.69131  0.00000  0.00000  0.99993  0.60657
4.450000000e+00  0.00000  1.00000  0.00000  0.75870  0.00000  0.00000  0.99993  0.62249
4.460000000e+00  0.00000  1.00000  0.00000  0.78756  0.00000  0.00000  0.99993  0.63834
4.470000000e+00  0.00000  1.00000  0.00000  0.80769  0.00000  0.00000  0.99993  0.65757
4.480000000e+00  0.00000  1.00000  0.00000  0.78642  0.00000  0.00000  0.99993  0.67571
4.490000000e+00  0.00000  1.00000  0.00000  0.82939  0.00000  0.00000  0.99993  0.69656
4.500000000e+00  0.00000  1.00000  0.00000  0.85468  0.00000  0.00000  0.99993  0.71584
4.510000000e+00  0.00000  1.00000  0.00000  0.84626  0.00000  0.00000  0.99993  0.73684
4.520000000e+00  0.00000  1.00000  0.00000  0.77383  0.00000  0.00000  0.99993  0.75730
4.530000000e+00  0.00000  1.00000  0.00000  0.64473  0.00000  0.00000  0.99993  0.77723
4.540000000e+00  0.00000  1.00000  0.00003  0.62461  0.00000  0.00000  0.99993  0.79677
4.550000000e+00  0.00000  1.00000  0.00028  0.80465  0.00000  0.00000  0.99993  0.81553
4.560000000e+00  0.00000  1.00000  0.00551  0.89914  0.00000  0.00000  0.99993  0.83343
4.570000000e+00  0.00000  1.00000  0.03659  0.79582  0.00000  0.00000  0.99994  0.84962
4.580000000e+00  0.00000  1.00000  0.12177  0.69546  0.00000  0.00000  0.99994  0.86539
4.590000000e+00  0.00000  1.00000  0.17496  0.76005  0.00000  0.00000  0.99994  0.87971
4.600000000e+00  0.00000  1.00000  0.25458  0.79543  0.00000  0.00000  0.99994  0.89290
4.610000000e+00  0.00000  1.00000  0.31362  0.83355  0.00000  0.00000  0.99994  0.90500
4.620000000e+00  0.00000  1.00000  0.25926  0.78636  0.00000  0.00000  0.99994  0.91604
4.630000000e+00  0.00000  1.00000  0.11784  0.58881  0.00000  0.00000  0.99994  0.92599
4.640000000e+00  0.00000  1.00000  0.09062  0.59721  0.00000  0.00000  0.99994  0.93495
4.650000000e+00  0.00000  1.00000  0.07405  0.61237  0.00000  0.00000  0.99994  0.94300
4.660000000e+00  0.00000  1.00000  0.07485  0.54819  0.00000  0.00000  0.99994  0.95021
4.670000000e+00  0.00000  1.00000  0.08198  0.47597  0.00000  0.00000  0.99994  0.95632
4.680000000e+00  0.00000  1.00000  0.02940  0.48527  0.00000  0.00000  0.99994  0.96120
4.690000000e+00  0.00000  1.00000  0.01292  0.20307  0.00000  0.00000  0.99994  0.96633
4.700000000e+00  0.00000  1.00000  0.00151  0.85675  0.00000  0.00000  0.99994  0.97048
4.710000000e+00  0.00000  1.00000  0.00004  0.75360  0.00000  0.00000  0.99994  0.97397
4.720000000e+00  0.00000  1.00000  0.00002  0.42170  0.00000  0.00000  0.99994  0.97726
4.730000000e+00  0.00000  1.00000  0.00000  0.56687  0.00000  0.00000  0.99994  0.97973
4.740000000e+00  0.00000  1.00000  0.00000  0.40960  0.00000  0.00000  0.99994  0.98257
4.750000000e+00  0.00000  1.00000  0.00000  0.64592  0.00000  0.00000  0.99994  0.98477
4.760000000e+00  0.00000  1.00000  0.00000  0.53128  0.00000  0.00000  0.99994  0.98675
4.770000000e+00  0.00000  1.00000  0.00000  0.54314  0.00000  0.00000  0.99995  0.98848
4.780000000e+00  0.00000  1.00000  0.00000  0.41139  0.00000  0.00000  0.99995  0.98921
4.790000000e+00  0.00000  1.00000  0.00000  0.24171  0.00000  0.00000  0.99995  0.99058
4.800000000e+00  0.00000  1.00000  0.00000  0.28900  0.00000  0.00000  0.99995  0.99245
4.810000000e+00  0.00000  1.00000  0.00000  0.45031  0.00000  0.00000  0.99995  0.99362
4.820000000e+00  0.00000  1.00000  0.00000  0.39194  0.00000  0.00000  0.99995  0.99444
4.830000000e+00  0.00000  1.00000  0.00000  0.22821  0.00000  0.00000  0.99995  0.99540
4.840000000e+00  0.00000  1.00000  0.00000  0.42684  0.00000  0.00000  0.99995  0.99253
4.850000000e+00  0.00000  1.00000  0.00000  0.11256  0.00000  0.00000  0.99995  0.99515
4.860000000e+00  0.00000  1.00000  0.00000  0.07213  0.00000  0.00000  0.99995  0.99706
4.870000000e+00  0.00000  1.00000  0.00000  0.56660  0.00000  0.00000  0.99995  0.99758
4.880000000e+00  0.00000  1.00000  0.00000  0.56842  0.00000  0.00000  0.99995  0.99786
4.890000000e+00  0.00000  1.00000  0.00000  0.50190  0.00000  0.00000  0.99995  0.99749
4.900000000e+00  0.00000  1.00000  0.00000  0.06742  0.00000  0.00000  0.99995  0.99537
4.910000000e+00  0.00000  1.00000  0.00000  0.03845  0.00000  0.00000  0.99995  0.99821
4.920000000e+00  0.00000  1.00000  0.00000  0.24585  0.00000  0.00000  0.99995  0.99853
4.930000000e+00  0.00000  1.00000  0.00000  0.48118  0.00000  0.00000  0.99995  0.99867
4.940000000e+00  0.00000  1.00000  0.00012  0.23983  0.00000  0.00000  0.99995  0.99867
4.950000000e+00  0.00000  1.00000  0.00057  0.06120  0.00000  0.00000  0.99995  0.99694
4.960000000e+00  0.00000  1.00000  0.00134  0.01772  0.00000  0.00000  0.99995  0.98937
4.970000000e+00  0.00000  1.00000  0.01107  0.00679  0.00000  0.00000  0.99995  0.99898
4.980000000e+00  0.00000  1.00000  0.03253  0.13652  0.00000  0.00000  0.99995  0.99905
4.990000000e+00  0.00000  1.00000  0.08307  0.03420  0.00000  0.00000  0.99995  0.99927
5.000000000e+00  0.00000  1.00000  0.07599  0.24108  0.00000  0.00000  0.99995  0.99929
