# ------------------------------------------------------------------------
# NASA-GSFC Planetary Spectrum Generator (PSG, Villanueva et al. 2015)
# Atmospheric transmittance spectrum synthesized with PUMAS (Villanueva et al. 2016, Smith et al. 2009, Edwards 1992)
# Synthesized on Tue Nov 21 15:08:57 2017
# Molecular abundance profile: 
# Molecules considered: N2,CO2,H2O
# Molecular sources: HIT[22],HIT[2],HIT[1]
# Molecular abundances: 1,1,1
# Molecular abundance units: scl,scl,scl
# Collission-Induced-Absorption:  N2-N2(3.33-5.41um)
# Rayleigh scattering included
# ------------------------------------------------------------------------
# Aerosols considered: WaterIce,Cloud
# Aerosols sources: CRISM_Wolff[reff=2.0um 0.31-99.57um],White_GSFC[reff=1.0um 0.10-1000000.00um]
# Aerosols opacities: 1,1
# Aerosols opacity units: scl,scl
# ------------------------------------------------------------------------
# Spectral unit: Wavelength [um]
# Wave/freq Total N2 CO2 H2O WaterIce Cloud Rayleigh CIA
1.000000000e+00  0.00000  1.00000  0.99996  0.97333  0.00000  0.00000  0.97245  1.00000
1.010000000e+00  0.00000  1.00000  0.99999  0.96465  0.00000  0.00000  0.97351  1.00000
1.020000000e+00  0.00000  1.00000  1.00000  0.98338  0.00000  0.00000  0.97452  1.00000
1.030000000e+00  0.00000  1.00000  0.99999  0.98579  0.00000  0.00000  0.97548  1.00000
1.040000000e+00  0.00000  1.00000  0.79634  0.99830  0.00000  0.00000  0.97640  1.00000
1.050000000e+00  0.00000  1.00000  0.98656  0.99933  0.00000  0.00000  0.97728  1.00000
1.060000000e+00  0.00000  1.00000  0.96668  0.99804  0.00000  0.00000  0.97811  1.00000
1.070000000e+00  0.00000  1.00000  0.94054  0.98642  0.00000  0.00000  0.97891  1.00000
1.080000000e+00  0.00000  1.00000  0.99390  0.93653  0.00000  0.00000  0.97967  1.00000
1.090000000e+00  0.00000  1.00000  0.99963  0.88125  0.00000  0.00000  0.98040  1.00000
1.100000000e+00  0.00000  1.00000  0.99828  0.75435  0.00000  0.00000  0.98110  1.00000
1.110000000e+00  0.00000  1.00000  1.00000  0.47888  0.00000  0.00000  0.98176  1.00000
1.120000000e+00  0.00000  1.00000  0.97625  0.07102  0.00000  0.00000  0.98240  1.00000
1.130000000e+00  0.00000  1.00000  0.99654  0.01677  0.00000  0.00000  0.98301  1.00000
1.140000000e+00  0.00000  1.00000  0.99255  0.16587  0.00000  0.00000  0.98359  1.00000
1.150000000e+00  0.00000  1.00000  0.99779  0.08258  0.00000  0.00000  0.98415  1.00000
1.160000000e+00  0.00000  1.00000  0.99753  0.28511  0.00000  0.00000  0.98469  1.00000
1.170000000e+00  0.00000  1.00000  0.99992  0.55482  0.00000  0.00000  0.98520  1.00000
1.180000000e+00  0.00000  1.00000  0.99951  0.70670  0.00000  0.00000  0.98569  1.00000
1.190000000e+00  0.00000  1.00000  0.99995  0.64498  0.00000  0.00000  0.98616  1.00000
1.200000000e+00  0.00000  1.00000  0.99981  0.67214  0.00000  0.00000  0.98662  1.00000
1.210000000e+00  0.00000  1.00000  0.08590  0.78508  0.00000  0.00000  0.98705  1.00000
1.220000000e+00  0.00000  1.00000  0.56735  0.84997  0.00000  0.00000  0.98747  1.00000
1.230000000e+00  0.00000  1.00000  0.39063  0.88873  0.00000  0.00000  0.98787  1.00000
1.240000000e+00  0.00000  1.00000  0.83783  0.98094  0.00000  0.00000  0.98825  1.00000
1.250000000e+00  0.00000  1.00000  0.98850  0.99646  0.00000  0.00000  0.98862  1.00000
1.260000000e+00  0.00000  1.00000  0.95778  0.99663  0.00000  0.00000  0.98898  1.00000
1.270000000e+00  0.00000  1.00000  0.95949  0.98965  0.00000  0.00000  0.98932  1.00000
1.280000000e+00  0.00000  1.00000  0.99902  0.97736  0.00000  0.00000  0.98965  1.00000
1.290000000e+00  0.00000  1.00000  0.88096  0.93814  0.00000  0.00000  0.98996  1.00000
1.300000000e+00  0.00000  1.00000  0.82868  0.83804  0.00000  0.00000  0.99027  1.00000
1.310000000e+00  0.00000  1.00000  0.99204  0.71934  0.00000  0.00000  0.99056  1.00000
1.320000000e+00  0.00000  1.00000  0.41609  0.54886  0.00000  0.00000  0.99084  1.00000
1.330000000e+00  0.00000  1.00000  0.96751  0.40005  0.00000  0.00000  0.99111  1.00000
1.340000000e+00  0.00000  1.00000  0.56911  0.24729  0.00000  0.00000  0.99137  1.00000
1.350000000e+00  0.00000  1.00000  0.85160  0.01626  0.00000  0.00000  0.99162  1.00000
1.360000000e+00  0.00000  1.00000  0.98750  0.00000  0.00000  0.00000  0.99187  1.00000
1.370000000e+00  0.00000  1.00000  0.96987  0.00000  0.00000  0.00000  0.99210  1.00000
1.380000000e+00  0.00000  1.00000  0.96141  0.00000  0.00000  0.00000  0.99233  1.00000
1.390000000e+00  0.00000  1.00000  0.99279  0.00000  0.00000  0.00000  0.99254  1.00000
1.400000000e+00  0.00000  1.00000  0.99612  0.00001  0.00000  0.00000  0.99275  1.00000
1.410000000e+00  0.00000  1.00000  0.99980  0.00000  0.00000  0.00000  0.99296  1.00000
1.420000000e+00  0.00000  1.00000  0.99942  0.00167  0.00000  0.00000  0.99315  1.00000
1.430000000e+00  0.00000  1.00000  0.68573  0.00474  0.00000  0.00000  0.99334  1.00000
1.440000000e+00  0.00000  1.00000  0.00000  0.00525  0.00000  0.00000  0.99352  1.00000
1.450000000e+00  0.00000  1.00000  0.01217  0.03423  0.00000  0.00000  0.99370  1.00000
1.460000000e+00  0.00000  1.00000  0.63108  0.11875  0.00000  0.00000  0.99387  1.00000
1.470000000e+00  0.00000  1.00000  0.97357  0.03863  0.00000  0.00000  0.99403  1.00000
1.480000000e+00  0.00000  1.00000  0.41396  0.09382  0.00000  0.00000  0.99419  1.00000
1.490000000e+00  0.00000  1.00000  0.74680  0.09398  0.00000  0.00000  0.99435  1.00000
1.500000000e+00  0.00000  1.00000  0.55731  0.41806  0.00000  0.00000  0.99450  1.00000
1.510000000e+00  0.00000  1.00000  0.98130  0.56977  0.00000  0.00000  0.99464  1.00000
1.520000000e+00  0.00000  1.00000  0.98593  0.74513  0.00000  0.00000  0.99478  1.00000
1.530000000e+00  0.00000  1.00000  0.32257  0.82565  0.00000  0.00000  0.99491  1.00000
1.540000000e+00  0.00000  1.00000  0.13532  0.93675  0.00000  0.00000  0.99504  1.00000
1.550000000e+00  0.00000  1.00000  0.64800  0.96670  0.00000  0.00000  0.99517  1.00000
1.560000000e+00  0.00000  1.00000  0.93822  0.99073  0.00000  0.00000  0.99529  1.00000
1.570000000e+00  0.00000  1.00000  0.30355  0.98238  0.00000  0.00000  0.99541  1.00000
1.580000000e+00  0.00000  1.00000  0.00020  0.98593  0.00000  0.00000  0.99553  1.00000
1.590000000e+00  0.00000  1.00000  0.33727  0.98720  0.00000  0.00000  0.99564  1.00000
1.600000000e+00  0.00000  1.00000  0.21413  0.98041  0.00000  0.00000  0.99575  1.00000
1.610000000e+00  0.00000  1.00000  0.00214  0.99278  0.00000  0.00000  0.99585  1.00000
1.620000000e+00  0.00000  1.00000  0.01788  0.99286  0.00000  0.00000  0.99595  1.00000
1.630000000e+00  0.00000  1.00000  0.39025  0.99753  0.00000  0.00000  0.99605  1.00000
1.640000000e+00  0.00000  1.00000  0.30665  0.99252  0.00000  0.00000  0.99614  1.00000
1.650000000e+00  0.00000  1.00000  0.23300  0.97986  0.00000  0.00000  0.99624  1.00000
1.660000000e+00  0.00000  1.00000  0.38985  0.97730  0.00000  0.00000  0.99633  1.00000
1.670000000e+00  0.00000  1.00000  0.56010  0.97831  0.00000  0.00000  0.99641  1.00000
1.680000000e+00  0.00000  1.00000  0.80000  0.96653  0.00000  0.00000  0.99650  1.00000
1.690000000e+00  0.00000  1.00000  0.93728  0.97241  0.00000  0.00000  0.99658  1.00000
1.700000000e+00  0.00000  1.00000  0.98467  0.90024  0.00000  0.00000  0.99666  1.00000
1.710000000e+00  0.00000  1.00000  0.92868  0.89962  0.00000  0.00000  0.99674  1.00000
1.720000000e+00  0.00000  1.00000  0.96307  0.91763  0.00000  0.00000  0.99681  1.00000
1.730000000e+00  0.00000  1.00000  0.99258  0.86748  0.00000  0.00000  0.99689  1.00000
1.740000000e+00  0.00000  1.00000  0.99936  0.75837  0.00000  0.00000  0.99696  1.00000
1.750000000e+00  0.00000  1.00000  0.99894  0.69206  0.00000  0.00000  0.99702  1.00000
1.760000000e+00  0.00000  1.00000  0.89551  0.70321  0.00000  0.00000  0.99709  1.00000
1.770000000e+00  0.00000  1.00000  0.95752  0.53522  0.00000  0.00000  0.99716  1.00000
1.780000000e+00  0.00000  1.00000  0.99498  0.36108  0.00000  0.00000  0.99722  1.00000
1.790000000e+00  0.00000  1.00000  0.88017  0.21260  0.00000  0.00000  0.99728  1.00000
1.800000000e+00  0.00000  1.00000  0.94949  0.09063  0.00000  0.00000  0.99734  1.00000
1.810000000e+00  0.00000  1.00000  0.98713  0.01064  0.00000  0.00000  0.99740  1.00000
1.820000000e+00  0.00000  1.00000  0.99545  0.00061  0.00000  0.00000  0.99746  1.00000
1.830000000e+00  0.00000  1.00000  0.99924  0.00001  0.00000  0.00000  0.99751  1.00000
1.840000000e+00  0.00000  1.00000  0.99971  0.00000  0.00000  0.00000  0.99756  1.00000
1.850000000e+00  0.00000  1.00000  0.99752  0.00000  0.00000  0.00000  0.99762  1.00000
1.860000000e+00  0.00000  1.00000  0.99708  0.00000  0.00000  0.00000  0.99767  1.00000
1.870000000e+00  0.00000  1.00000  0.97866  0.00000  0.00000  0.00000  0.99772  1.00000
1.880000000e+00  0.00000  1.00000  0.10644  0.00000  0.00000  0.00000  0.99777  1.00000
1.890000000e+00  0.00000  1.00000  0.12397  0.00000  0.00000  0.00000  0.99781  1.00000
1.900000000e+00  0.00000  1.00000  0.51458  0.00001  0.00000  0.00000  0.99786  1.00000
1.910000000e+00  0.00000  1.00000  0.64279  0.00000  0.00000  0.00000  0.99790  1.00000
1.920000000e+00  0.00000  1.00000  0.86116  0.00000  0.00000  0.00000  0.99795  1.00000
1.930000000e+00  0.00000  1.00000  0.83966  0.00002  0.00000  0.00000  0.99799  1.00000
1.940000000e+00  0.00000  1.00000  0.18790  0.00039  0.00000  0.00000  0.99803  1.00000
1.950000000e+00  0.00000  1.00000  0.00000  0.00648  0.00000  0.00000  0.99807  1.00000
1.960000000e+00  0.00000  1.00000  0.00000  0.01864  0.00000  0.00000  0.99811  1.00000
1.970000000e+00  0.00000  1.00000  0.00000  0.23316  0.00000  0.00000  0.99815  1.00000
1.980000000e+00  0.00000  1.00000  0.00000  0.35739  0.00000  0.00000  0.99818  1.00000
1.990000000e+00  0.00000  1.00000  0.00400  0.42043  0.00000  0.00000  0.99822  1.00000
2.000000000e+00  0.00000  1.00000  0.00000  0.55099  0.00000  0.00000  0.99825  1.00000
2.010000000e+00  0.00000  1.00000  0.00000  0.44954  0.00000  0.00000  0.99829  1.00000
2.020000000e+00  0.00000  1.00000  0.00000  0.60136  0.00000  0.00000  0.99832  1.00000
2.030000000e+00  0.00000  1.00000  0.00000  0.81537  0.00000  0.00000  0.99836  1.00000
2.040000000e+00  0.00000  1.00000  0.00000  0.84409  0.00000  0.00000  0.99839  1.00000
2.050000000e+00  0.00000  1.00000  0.00000  0.92631  0.00000  0.00000  0.99842  1.00000
2.060000000e+00  0.00000  1.00000  0.00000  0.84892  0.00000  0.00000  0.99845  1.00000
2.070000000e+00  0.00000  1.00000  0.00000  0.87720  0.00000  0.00000  0.99848  1.00000
2.080000000e+00  0.00000  1.00000  0.00000  0.91918  0.00000  0.00000  0.99851  1.00000
2.090000000e+00  0.00000  1.00000  0.00000  0.91714  0.00000  0.00000  0.99854  1.00000
2.100000000e+00  0.00000  1.00000  0.00004  0.95022  0.00000  0.00000  0.99856  1.00000
2.110000000e+00  0.00000  1.00000  0.01824  0.96041  0.00000  0.00000  0.99859  1.00000
2.120000000e+00  0.00000  1.00000  0.06603  0.89711  0.00000  0.00000  0.99862  1.00000
2.130000000e+00  0.00000  1.00000  0.43643  0.85681  0.00000  0.00000  0.99864  1.00000
2.140000000e+00  0.00000  1.00000  0.63050  0.96577  0.00000  0.00000  0.99867  1.00000
2.150000000e+00  0.00000  1.00000  0.27456  0.98373  0.00000  0.00000  0.99869  1.00000
2.160000000e+00  0.00000  1.00000  0.34488  0.93761  0.00000  0.00000  0.99872  1.00000
2.170000000e+00  0.00000  1.00000  0.22830  0.87077  0.00000  0.00000  0.99874  1.00000
2.180000000e+00  0.00000  1.00000  0.53914  0.89338  0.00000  0.00000  0.99876  1.00000
2.190000000e+00  0.00000  1.00000  0.82996  0.77633  0.00000  0.00000  0.99879  1.00000
2.200000000e+00  0.00000  1.00000  0.88540  0.86158  0.00000  0.00000  0.99881  1.00000
2.210000000e+00  0.00000  1.00000  0.96443  0.90118  0.00000  0.00000  0.99883  1.00000
2.220000000e+00  0.00000  1.00000  0.95043  0.92441  0.00000  0.00000  0.99885  1.00000
2.230000000e+00  0.00000  1.00000  0.95405  0.94919  0.00000  0.00000  0.99887  1.00000
2.240000000e+00  0.00000  1.00000  0.98683  0.97609  0.00000  0.00000  0.99889  1.00000
2.250000000e+00  0.00000  1.00000  0.97804  0.97994  0.00000  0.00000  0.99891  1.00000
2.260000000e+00  0.00000  1.00000  0.94819  0.99224  0.00000  0.00000  0.99893  1.00000
2.270000000e+00  0.00000  1.00000  0.98749  0.98363  0.00000  0.00000  0.99895  1.00000
2.280000000e+00  0.00000  1.00000  0.97356  0.99696  0.00000  0.00000  0.99897  1.00000
2.290000000e+00  0.00000  1.00000  0.99184  0.98456  0.00000  0.00000  0.99898  1.00000
2.300000000e+00  0.00000  1.00000  0.99598  0.91081  0.00000  0.00000  0.99900  1.00000
2.310000000e+00  0.00000  1.00000  0.99744  0.97086  0.00000  0.00000  0.99902  1.00000
2.320000000e+00  0.00000  1.00000  0.99903  0.92706  0.00000  0.00000  0.99904  1.00000
2.330000000e+00  0.00000  1.00000  0.99988  0.92010  0.00000  0.00000  0.99905  1.00000
2.340000000e+00  0.00000  1.00000  0.99989  0.93671  0.00000  0.00000  0.99907  1.00000
2.350000000e+00  0.00000  1.00000  0.99987  0.83554  0.00000  0.00000  0.99908  1.00000
2.360000000e+00  0.00000  1.00000  0.99967  0.70412  0.00000  0.00000  0.99910  1.00000
2.370000000e+00  0.00000  1.00000  0.99821  0.72535  0.00000  0.00000  0.99911  1.00000
2.380000000e+00  0.00000  1.00000  0.99714  0.53879  0.00000  0.00000  0.99913  1.00000
2.390000000e+00  0.00000  1.00000  0.99066  0.42488  0.00000  0.00000  0.99914  1.00000
2.400000000e+00  0.00000  1.00000  0.98877  0.51857  0.00000  0.00000  0.99916  1.00000
2.410000000e+00  0.00000  1.00000  0.98698  0.34411  0.00000  0.00000  0.99917  1.00000
2.420000000e+00  0.00000  1.00000  0.99684  0.15963  0.00000  0.00000  0.99918  1.00000
2.430000000e+00  0.00000  1.00000  0.99991  0.35710  0.00000  0.00000  0.99920  1.00000
2.440000000e+00  0.00000  1.00000  0.99986  0.07601  0.00000  0.00000  0.99921  1.00000
2.450000000e+00  0.00000  1.00000  0.99965  0.13921  0.00000  0.00000  0.99922  1.00000
2.460000000e+00  0.00000  1.00000  0.99948  0.22513  0.00000  0.00000  0.99924  1.00000
2.470000000e+00  0.00000  1.00000  0.99228  0.19219  0.00000  0.00000  0.99925  1.00000
2.480000000e+00  0.00000  1.00000  0.96950  0.09121  0.00000  0.00000  0.99926  1.00000
2.490000000e+00  0.00000  1.00000  0.31730  0.00411  0.00000  0.00000  0.99927  1.00000
2.500000000e+00  0.00000  1.00000  0.73489  0.00372  0.00000  0.00000  0.99928  1.00000
2.510000000e+00  0.00000  1.00000  0.70312  0.00102  0.00000  0.00000  0.99930  1.00000
2.520000000e+00  0.00000  1.00000  0.68070  0.00025  0.00000  0.00000  0.99931  1.00000
2.530000000e+00  0.00000  1.00000  0.83636  0.00000  0.00000  0.00000  0.99932  1.00000
2.540000000e+00  0.00000  1.00000  0.89886  0.00000  0.00000  0.00000  0.99933  1.00000
2.550000000e+00  0.00000  1.00000  0.97454  0.00000  0.00000  0.00000  0.99934  1.00000
2.560000000e+00  0.00000  1.00000  0.94339  0.00000  0.00000  0.00000  0.99935  1.00000
2.570000000e+00  0.00000  1.00000  0.96624  0.00000  0.00000  0.00000  0.99936  1.00000
2.580000000e+00  0.00000  1.00000  0.78625  0.00000  0.00000  0.00000  0.99937  1.00000
2.590000000e+00  0.00000  1.00000  0.53934  0.00000  0.00000  0.00000  0.99938  1.00000
2.600000000e+00  0.00000  1.00000  0.64293  0.00000  0.00000  0.00000  0.99939  1.00000
2.610000000e+00  0.00000  1.00000  0.17970  0.00000  0.00000  0.00000  0.99940  1.00000
2.620000000e+00  0.00000  1.00000  0.06786  0.00000  0.00000  0.00000  0.99941  1.00000
2.630000000e+00  0.00000  1.00000  0.24278  0.00000  0.00000  0.00000  0.99942  1.00000
2.640000000e+00  0.00000  1.00000  0.20409  0.00000  0.00000  0.00000  0.99942  1.00000
2.650000000e+00  0.00000  1.00000  0.36698  0.00000  0.00000  0.00000  0.99943  1.00000
2.660000000e+00  0.00000  1.00000  0.00059  0.00000  0.00000  0.00000  0.99944  1.00000
2.670000000e+00  0.00000  1.00000  0.00000  0.00000  0.00000  0.00000  0.99945  1.00000
2.680000000e+00  0.00000  1.00000  0.00000  0.00000  0.00000  0.00000  0.99946  1.00000
2.690000000e+00  0.00000  1.00000  0.00000  0.00000  0.00000  0.00000  0.99947  1.00000
2.700000000e+00  0.00000  1.00000  0.00000  0.00000  0.00000  0.00000  0.99947  1.00000
2.710000000e+00  0.00000  1.00000  0.00000  0.00000  0.00000  0.00000  0.99948  1.00000
2.720000000e+00  0.00000  1.00000  0.00000  0.00000  0.00000  0.00000  0.99949  1.00000
2.730000000e+00  0.00000  1.00000  0.00000  0.00000  0.00000  0.00000  0.99950  1.00000
2.740000000e+00  0.00000  1.00000  0.00000  0.00000  0.00000  0.00000  0.99950  1.00000
2.750000000e+00  0.00000  1.00000  0.00000  0.00000  0.00000  0.00000  0.99951  1.00000
2.760000000e+00  0.00000  1.00000  0.00000  0.00000  0.00000  0.00000  0.99952  1.00000
2.770000000e+00  0.00000  1.00000  0.00000  0.00000  0.00000  0.00000  0.99952  1.00000
2.780000000e+00  0.00000  1.00000  0.00000  0.00000  0.00000  0.00000  0.99953  1.00000
2.790000000e+00  0.00000  1.00000  0.00000  0.00000  0.00000  0.00000  0.99954  1.00000
2.800000000e+00  0.00000  1.00000  0.00000  0.00000  0.00000  0.00000  0.99954  1.00000
2.810000000e+00  0.00000  1.00000  0.00000  0.00000  0.00000  0.00000  0.99955  1.00000
2.820000000e+00  0.00000  1.00000  0.00000  0.00000  0.00000  0.00000  0.99956  1.00000
2.830000000e+00  0.00000  1.00000  0.00000  0.00000  0.00000  0.00000  0.99956  1.00000
2.840000000e+00  0.00000  1.00000  0.00000  0.00000  0.00000  0.00000  0.99957  1.00000
2.850000000e+00  0.00000  1.00000  0.00000  0.00000  0.00000  0.00000  0.99958  1.00000
2.860000000e+00  0.00000  1.00000  0.00000  0.00000  0.00000  0.00000  0.99958  1.00000
2.870000000e+00  0.00000  1.00000  0.00000  0.00001  0.00000  0.00000  0.99959  1.00000
2.880000000e+00  0.00000  1.00000  0.00000  0.00004  0.00000  0.00000  0.99959  1.00000
2.890000000e+00  0.00000  1.00000  0.00002  0.00003  0.00000  0.00000  0.99960  1.00000
2.900000000e+00  0.00000  1.00000  0.00389  0.00300  0.00000  0.00000  0.99960  1.00000
2.910000000e+00  0.00000  1.00000  0.07978  0.00085  0.00000  0.00000  0.99961  1.00000
2.920000000e+00  0.00000  1.00000  0.34243  0.00124  0.00000  0.00000  0.99961  1.00000
2.930000000e+00  0.00000  1.00000  0.55349  0.00749  0.00000  0.00000  0.99962  1.00000
2.940000000e+00  0.00000  1.00000  0.68496  0.03471  0.00000  0.00000  0.99963  1.00000
2.950000000e+00  0.00000  1.00000  0.81961  0.00089  0.00000  0.00000  0.99963  1.00000
2.960000000e+00  0.00000  1.00000  0.41623  0.01022  0.00000  0.00000  0.99964  1.00000
2.970000000e+00  0.00000  1.00000  0.05070  0.03411  0.00000  0.00000  0.99964  1.00000
2.980000000e+00  0.00000  1.00000  0.00370  0.00005  0.00000  0.00000  0.99964  1.00000
2.990000000e+00  0.00000  1.00000  0.01448  0.04884  0.00000  0.00000  0.99965  1.00000
3.000000000e+00  0.00000  1.00000  0.28517  0.07829  0.00000  0.00000  0.99965  1.00000
3.010000000e+00  0.00000  1.00000  0.30104  0.05626  0.00000  0.00000  0.99966  1.00000
3.020000000e+00  0.00000  1.00000  0.05629  0.03950  0.00000  0.00000  0.99966  1.00000
3.030000000e+00  0.00000  1.00000  0.11380  0.03454  0.00000  0.00000  0.99967  1.00000
3.040000000e+00  0.00000  1.00000  0.31442  0.00547  0.00000  0.00000  0.99967  1.00000
3.050000000e+00  0.00000  1.00000  0.63418  0.00685  0.00000  0.00000  0.99968  1.00000
3.060000000e+00  0.00000  1.00000  0.68604  0.01293  0.00000  0.00000  0.99968  1.00000
3.070000000e+00  0.00000  1.00000  0.83501  0.00647  0.00000  0.00000  0.99968  1.00000
3.080000000e+00  0.00000  1.00000  0.87078  0.02641  0.00000  0.00000  0.99969  1.00000
3.090000000e+00  0.00000  1.00000  0.92981  0.00060  0.00000  0.00000  0.99969  1.00000
3.100000000e+00  0.00000  1.00000  0.89659  0.00055  0.00000  0.00000  0.99970  1.00000
3.110000000e+00  0.00000  1.00000  0.71670  0.00972  0.00000  0.00000  0.99970  1.00000
3.120000000e+00  0.00000  1.00000  0.49175  0.00138  0.00000  0.00000  0.99970  1.00000
3.130000000e+00  0.00000  1.00000  0.39820  0.05807  0.00000  0.00000  0.99971  1.00000
3.140000000e+00  0.00000  1.00000  0.55696  0.13587  0.00000  0.00000  0.99971  1.00000
3.150000000e+00  0.00000  1.00000  0.75815  0.02534  0.00000  0.00000  0.99972  1.00000
3.160000000e+00  0.00000  1.00000  0.60680  0.09923  0.00000  0.00000  0.99972  1.00000
3.170000000e+00  0.00000  1.00000  0.43539  0.63939  0.00000  0.00000  0.99972  1.00000
3.180000000e+00  0.00000  1.00000  0.49886  0.48713  0.00000  0.00000  0.99973  1.00000
3.190000000e+00  0.00000  1.00000  0.66788  0.20660  0.00000  0.00000  0.99973  1.00000
3.200000000e+00  0.00000  1.00000  0.83346  0.04655  0.00000  0.00000  0.99973  1.00000
3.210000000e+00  0.00000  1.00000  0.93364  0.00001  0.00000  0.00000  0.99974  1.00000
3.220000000e+00  0.00000  1.00000  0.91098  0.00009  0.00000  0.00000  0.99974  1.00000
3.230000000e+00  0.00000  1.00000  0.90409  0.00185  0.00000  0.00000  0.99974  1.00000
3.240000000e+00  0.00000  1.00000  0.94960  0.10903  0.00000  0.00000  0.99975  1.00000
3.250000000e+00  0.00000  1.00000  0.98773  0.03576  0.00000  0.00000  0.99975  1.00000
3.260000000e+00  0.00000  1.00000  0.99653  0.26813  0.00000  0.00000  0.99975  1.00000
3.270000000e+00  0.00000  1.00000  0.99612  0.01568  0.00000  0.00000  0.99975  1.00000
3.280000000e+00  0.00000  1.00000  0.99675  0.04826  0.00000  0.00000  0.99976  1.00000
3.290000000e+00  0.00000  1.00000  0.99852  0.27382  0.00000  0.00000  0.99976  1.00000
3.300000000e+00  0.00000  1.00000  0.99935  0.12770  0.00000  0.00000  0.99976  1.00000
3.310000000e+00  0.00000  1.00000  0.99948  0.01438  0.00000  0.00000  0.99977  1.00000
3.320000000e+00  0.00000  1.00000  0.99900  0.17825  0.00000  0.00000  0.99977  1.00000
3.330000000e+00  0.00000  1.00000  0.99373  0.05381  0.00000  0.00000  0.99977  1.00000
3.340000000e+00  0.00000  1.00000  0.97874  0.34202  0.00000  0.00000  0.99977  0.99984
3.350000000e+00  0.00000  1.00000  0.96610  0.11706  0.00000  0.00000  0.99978  0.99979
3.360000000e+00  0.00000  1.00000  0.86166  0.11939  0.00000  0.00000  0.99978  0.99985
3.370000000e+00  0.00000  1.00000  0.96004  0.16768  0.00000  0.00000  0.99978  0.99974
3.380000000e+00  0.00000  1.00000  0.97141  0.27870  0.00000  0.00000  0.99978  0.99990
3.390000000e+00  0.00000  1.00000  0.98467  0.41904  0.00000  0.00000  0.99979  0.99987
3.400000000e+00  0.00000  1.00000  0.99442  0.63263  0.00000  0.00000  0.99979  0.99994
3.410000000e+00  0.00000  1.00000  0.99796  0.47632  0.00000  0.00000  0.99979  0.99995
3.420000000e+00  0.00000  1.00000  0.99930  0.60447  0.00000  0.00000  0.99979  1.00000
3.430000000e+00  0.00000  1.00000  0.99911  0.86383  0.00000  0.00000  0.99980  0.99992
3.440000000e+00  0.00000  1.00000  0.99932  0.75002  0.00000  0.00000  0.99980  0.99987
3.450000000e+00  0.00000  1.00000  0.99654  0.75522  0.00000  0.00000  0.99980  0.99971
3.460000000e+00  0.00000  1.00000  0.99739  0.70454  0.00000  0.00000  0.99980  0.99989
3.470000000e+00  0.00000  1.00000  0.99906  0.84851  0.00000  0.00000  0.99981  0.99974
3.480000000e+00  0.00000  1.00000  0.99934  0.79789  0.00000  0.00000  0.99981  0.99983
3.490000000e+00  0.00000  1.00000  0.99957  0.83808  0.00000  0.00000  0.99981  0.99983
3.500000000e+00  0.00000  1.00000  0.99959  0.80486  0.00000  0.00000  0.99981  0.99990
3.510000000e+00  0.00000  1.00000  0.99928  0.82300  0.00000  0.00000  0.99981  0.99997
3.520000000e+00  0.00000  1.00000  0.99810  0.75358  0.00000  0.00000  0.99982  0.99996
3.530000000e+00  0.00000  1.00000  0.99500  0.71814  0.00000  0.00000  0.99982  0.99994
3.540000000e+00  0.00000  1.00000  0.98889  0.69759  0.00000  0.00000  0.99982  0.99989
3.550000000e+00  0.00000  1.00000  0.97634  0.65865  0.00000  0.00000  0.99982  0.99991
3.560000000e+00  0.00000  1.00000  0.94852  0.54269  0.00000  0.00000  0.99983  0.99966
3.570000000e+00  0.00000  1.00000  0.90671  0.68779  0.00000  0.00000  0.99983  0.99966
3.580000000e+00  0.00000  1.00000  0.87552  0.62048  0.00000  0.00000  0.99983  0.99937
3.590000000e+00  0.00000  1.00000  0.82050  0.72593  0.00000  0.00000  0.99983  0.99936
3.600000000e+00  0.00000  1.00000  0.66983  0.61908  0.00000  0.00000  0.99983  0.99943
3.610000000e+00  0.00000  1.00000  0.54024  0.81743  0.00000  0.00000  0.99983  0.99946
3.620000000e+00  0.00000  1.00000  0.48860  0.65538  0.00000  0.00000  0.99984  0.99931
3.630000000e+00  0.00000  1.00000  0.68090  0.80578  0.00000  0.00000  0.99984  0.99916
3.640000000e+00  0.00000  1.00000  0.64064  0.70291  0.00000  0.00000  0.99984  0.99890
3.650000000e+00  0.00000  1.00000  0.51561  0.91737  0.00000  0.00000  0.99984  0.99872
3.660000000e+00  0.00000  1.00000  0.61881  0.75755  0.00000  0.00000  0.99984  0.99861
3.670000000e+00  0.00000  1.00000  0.80767  0.76725  0.00000  0.00000  0.99985  0.99848
3.680000000e+00  0.00000  1.00000  0.93361  0.37280  0.00000  0.00000  0.99985  0.99824
3.690000000e+00  0.00000  1.00000  0.96885  0.51879  0.00000  0.00000  0.99985  0.99786
3.700000000e+00  0.00000  1.00000  0.97979  0.75527  0.00000  0.00000  0.99985  0.99759
3.710000000e+00  0.00000  1.00000  0.98901  0.90113  0.00000  0.00000  0.99985  0.99611
3.720000000e+00  0.00000  1.00000  0.97952  0.68506  0.00000  0.00000  0.99985  0.99509
3.730000000e+00  0.00000  1.00000  0.97822  0.82763  0.00000  0.00000  0.99985  0.99461
3.740000000e+00  0.00000  1.00000  0.97746  0.69149  0.00000  0.00000  0.99986  0.99400
3.750000000e+00  0.00000  1.00000  0.94046  0.78692  0.00000  0.00000  0.99986  0.99321
3.760000000e+00  0.00000  1.00000  0.84569  0.73892  0.00000  0.00000  0.99986  0.99229
3.770000000e+00  0.00000  1.00000  0.72145  0.68275  0.00000  0.00000  0.99986  0.99131
3.780000000e+00  0.00000  1.00000  0.54846  0.70254  0.00000  0.00000  0.99986  0.98997
3.790000000e+00  0.00000  1.00000  0.37554  0.75910  0.00000  0.00000  0.99986  0.98836
3.800000000e+00  0.00000  1.00000  0.14877  0.70549  0.00000  0.00000  0.99987  0.98667
3.810000000e+00  0.00000  1.00000  0.04042  0.87041  0.00000  0.00000  0.99987  0.98467
3.820000000e+00  0.00000  1.00000  0.06368  0.67386  0.00000  0.00000  0.99987  0.98256
3.830000000e+00  0.00000  1.00000  0.26148  0.85246  0.00000  0.00000  0.99987  0.98015
3.840000000e+00  0.00000  1.00000  0.12891  0.73237  0.00000  0.00000  0.99987  0.97732
3.850000000e+00  0.00000  1.00000  0.06692  0.86140  0.00000  0.00000  0.99987  0.97399
3.860000000e+00  0.00000  1.00000  0.12106  0.83346  0.00000  0.00000  0.99987  0.97022
3.870000000e+00  0.00000  1.00000  0.28955  0.87639  0.00000  0.00000  0.99987  0.96606
3.880000000e+00  0.00000  1.00000  0.53538  0.87175  0.00000  0.00000  0.99988  0.96129
3.890000000e+00  0.00000  1.00000  0.75535  0.90117  0.00000  0.00000  0.99988  0.95578
3.900000000e+00  0.00000  1.00000  0.90336  0.93604  0.00000  0.00000  0.99988  0.94960
3.910000000e+00  0.00000  1.00000  0.95963  0.88886  0.00000  0.00000  0.99988  0.94259
3.920000000e+00  0.00000  1.00000  0.96426  0.97482  0.00000  0.00000  0.99988  0.93442
3.930000000e+00  0.00000  1.00000  0.92675  0.94537  0.00000  0.00000  0.99988  0.92504
3.940000000e+00  0.00000  1.00000  0.84391  0.97612  0.00000  0.00000  0.99988  0.91421
3.950000000e+00  0.00000  1.00000  0.71832  0.97961  0.00000  0.00000  0.99988  0.90196
3.960000000e+00  0.00000  1.00000  0.50245  0.96629  0.00000  0.00000  0.99989  0.88751
3.970000000e+00  0.00000  1.00000  0.33170  0.99060  0.00000  0.00000  0.99989  0.87099
3.980000000e+00  0.00000  1.00000  0.18119  0.97910  0.00000  0.00000  0.99989  0.85261
3.990000000e+00  0.00000  1.00000  0.13192  0.99333  0.00000  0.00000  0.99989  0.83167
4.000000000e+00  0.00000  1.00000  0.30882  0.99102  0.00000  0.00000  0.99989  0.80780
4.010000000e+00  0.00000  1.00000  0.38144  0.99095  0.00000  0.00000  0.99989  0.78170
4.020000000e+00  0.00000  1.00000  0.17036  0.99753  0.00000  0.00000  0.99989  0.75340
4.030000000e+00  0.00000  1.00000  0.14822  0.99107  0.00000  0.00000  0.99989  0.72350
4.040000000e+00  0.00000  1.00000  0.20560  0.99541  0.00000  0.00000  0.99989  0.69212
4.050000000e+00  0.00000  1.00000  0.34353  0.99586  0.00000  0.00000  0.99990  0.65906
4.060000000e+00  0.00000  1.00000  0.51214  0.99486  0.00000  0.00000  0.99990  0.62594
4.070000000e+00  0.00000  1.00000  0.56491  0.99466  0.00000  0.00000  0.99990  0.59271
4.080000000e+00  0.00000  1.00000  0.27447  0.99747  0.00000  0.00000  0.99990  0.56115
4.090000000e+00  0.00000  1.00000  0.08362  0.99722  0.00000  0.00000  0.99990  0.53172
4.100000000e+00  0.00000  1.00000  0.03682  0.99753  0.00000  0.00000  0.99990  0.50435
4.110000000e+00  0.00000  1.00000  0.04757  0.99110  0.00000  0.00000  0.99990  0.48004
4.120000000e+00  0.00000  1.00000  0.20757  0.99755  0.00000  0.00000  0.99990  0.45918
4.130000000e+00  0.00000  1.00000  0.25705  0.99395  0.00000  0.00000  0.99990  0.44179
4.140000000e+00  0.00000  1.00000  0.11277  0.99598  0.00000  0.00000  0.99990  0.42811
4.150000000e+00  0.00000  1.00000  0.04660  0.99872  0.00000  0.00000  0.99990  0.41793
4.160000000e+00  0.00000  1.00000  0.00021  0.99312  0.00000  0.00000  0.99991  0.41169
4.170000000e+00  0.00000  1.00000  0.00000  0.99589  0.00000  0.00000  0.99991  0.40823
4.180000000e+00  0.00000  1.00000  0.00000  0.99514  0.00000  0.00000  0.99991  0.40958
4.190000000e+00  0.00000  1.00000  0.00000  0.99511  0.00000  0.00000  0.99991  0.41171
4.200000000e+00  0.00000  1.00000  0.00000  0.99452  0.00000  0.00000  0.99991  0.41696
4.210000000e+00  0.00000  1.00000  0.00000  0.99151  0.00000  0.00000  0.99991  0.42010
4.220000000e+00  0.00000  1.00000  0.00000  0.99184  0.00000  0.00000  0.99991  0.42089
4.230000000e+00  0.00000  1.00000  0.00000  0.99104  0.00000  0.00000  0.99991  0.41813
4.240000000e+00  0.00000  1.00000  0.00000  0.99325  0.00000  0.00000  0.99991  0.40987
4.250000000e+00  0.00000  1.00000  0.00000  0.98317  0.00000  0.00000  0.99991  0.39438
4.260000000e+00  0.00000  1.00000  0.00000  0.97903  0.00000  0.00000  0.99991  0.36542
4.270000000e+00  0.00000  1.00000  0.00000  0.99268  0.00000  0.00000  0.99991  0.32259
4.280000000e+00  0.00000  1.00000  0.00000  0.96988  0.00000  0.00000  0.99992  0.29320
4.290000000e+00  0.00000  1.00000  0.00000  0.96536  0.00000  0.00000  0.99992  0.27531
4.300000000e+00  0.00000  1.00000  0.00000  0.96095  0.00000  0.00000  0.99992  0.28007
4.310000000e+00  0.00000  1.00000  0.00000  0.93355  0.00000  0.00000  0.99992  0.30766
4.320000000e+00  0.00000  1.00000  0.00000  0.94653  0.00000  0.00000  0.99992  0.34753
4.330000000e+00  0.00000  1.00000  0.00000  0.94506  0.00000  0.00000  0.99992  0.40192
4.340000000e+00  0.00000  1.00000  0.00000  0.93365  0.00000  0.00000  0.99992  0.44731
4.350000000e+00  0.00000  1.00000  0.00000  0.92841  0.00000  0.00000  0.99992  0.48182
4.360000000e+00  0.00000  1.00000  0.00000  0.90475  0.00000  0.00000  0.99992  0.50679
4.370000000e+00  0.00000  1.00000  0.00000  0.81105  0.00000  0.00000  0.99992  0.52473
4.380000000e+00  0.00000  1.00000  0.00000  0.93276  0.00000  0.00000  0.99992  0.53817
4.390000000e+00  0.00000  1.00000  0.00000  0.90673  0.00000  0.00000  0.99992  0.55039
4.400000000e+00  0.00000  1.00000  0.00000  0.86187  0.00000  0.00000  0.99992  0.55899
4.410000000e+00  0.00000  1.00000  0.00000  0.73680  0.00000  0.00000  0.99993  0.57017
4.420000000e+00  0.00000  1.00000  0.00000  0.95490  0.00000  0.00000  0.99993  0.58085
4.430000000e+00  0.00000  1.00000  0.00000  0.84432  0.00000  0.00000  0.99993  0.59327
4.440000000e+00  0.00000  1.00000  0.00000  0.67840  0.00000  0.00000  0.99993  0.60660
4.450000000e+00  0.00000  1.00000  0.00000  0.74593  0.00000  0.00000  0.99993  0.62227
4.460000000e+00  0.00000  1.00000  0.00000  0.77667  0.00000  0.00000  0.99993  0.63780
4.470000000e+00  0.00000  1.00000  0.00000  0.79779  0.00000  0.00000  0.99993  0.65676
4.480000000e+00  0.00000  1.00000  0.00000  0.77247  0.00000  0.00000  0.99993  0.67450
4.490000000e+00  0.00000  1.00000  0.00000  0.81980  0.00000  0.00000  0.99993  0.69505
4.500000000e+00  0.00000  1.00000  0.00000  0.84652  0.00000  0.00000  0.99993  0.71405
4.510000000e+00  0.00000  1.00000  0.00000  0.83764  0.00000  0.00000  0.99993  0.73481
4.520000000e+00  0.00000  1.00000  0.00000  0.76193  0.00000  0.00000  0.99993  0.75500
4.530000000e+00  0.00000  1.00000  0.00000  0.63001  0.00000  0.00000  0.99993  0.77472
4.540000000e+00  0.00000  1.00000  0.00002  0.60851  0.00000  0.00000  0.99993  0.79413
4.550000000e+00  0.00000  1.00000  0.00018  0.79737  0.00000  0.00000  0.99993  0.81276
4.560000000e+00  0.00000  1.00000  0.00416  0.89335  0.00000  0.00000  0.99993  0.83059
4.570000000e+00  0.00000  1.00000  0.03054  0.78596  0.00000  0.00000  0.99993  0.84674
4.580000000e+00  0.00000  1.00000  0.10876  0.68085  0.00000  0.00000  0.99994  0.86254
4.590000000e+00  0.00000  1.00000  0.15945  0.75019  0.00000  0.00000  0.99994  0.87694
4.600000000e+00  0.00000  1.00000  0.23691  0.78797  0.00000  0.00000  0.99994  0.89017
4.610000000e+00  0.00000  1.00000  0.29704  0.82731  0.00000  0.00000  0.99994  0.90238
4.620000000e+00  0.00000  1.00000  0.24659  0.77788  0.00000  0.00000  0.99994  0.91353
4.630000000e+00  0.00000  1.00000  0.10970  0.57326  0.00000  0.00000  0.99994  0.92359
4.640000000e+00  0.00000  1.00000  0.08408  0.58292  0.00000  0.00000  0.99994  0.93266
4.650000000e+00  0.00000  1.00000  0.06832  0.59941  0.00000  0.00000  0.99994  0.94085
4.660000000e+00  0.00000  1.00000  0.06852  0.53337  0.00000  0.00000  0.99994  0.94820
4.670000000e+00  0.00000  1.00000  0.07514  0.46165  0.00000  0.00000  0.99994  0.95443
4.680000000e+00  0.00000  1.00000  0.02676  0.46926  0.00000  0.00000  0.99994  0.95956
4.690000000e+00  0.00000  1.00000  0.01164  0.19398  0.00000  0.00000  0.99994  0.96459
4.700000000e+00  0.00000  1.00000  0.00130  0.84754  0.00000  0.00000  0.99994  0.96882
4.710000000e+00  0.00000  1.00000  0.00004  0.74167  0.00000  0.00000  0.99994  0.97241
4.720000000e+00  0.00000  1.00000  0.00002  0.40683  0.00000  0.00000  0.99994  0.97581
4.730000000e+00  0.00000  1.00000  0.00000  0.55513  0.00000  0.00000  0.99994  0.97842
4.740000000e+00  0.00000  1.00000  0.00000  0.39588  0.00000  0.00000  0.99994  0.98122
4.750000000e+00  0.00000  1.00000  0.00000  0.63328  0.00000  0.00000  0.99994  0.98350
4.760000000e+00  0.00000  1.00000  0.00000  0.52057  0.00000  0.00000  0.99994  0.98556
4.770000000e+00  0.00000  1.00000  0.00000  0.53121  0.00000  0.00000  0.99995  0.98734
4.780000000e+00  0.00000  1.00000  0.00000  0.39366  0.00000  0.00000  0.99995  0.98834
4.790000000e+00  0.00000  1.00000  0.00000  0.22587  0.00000  0.00000  0.99995  0.98975
4.800000000e+00  0.00000  1.00000  0.00000  0.27509  0.00000  0.00000  0.99995  0.99146
4.810000000e+00  0.00000  1.00000  0.00000  0.43425  0.00000  0.00000  0.99995  0.99265
4.820000000e+00  0.00000  1.00000  0.00000  0.37394  0.00000  0.00000  0.99995  0.99354
4.830000000e+00  0.00000  1.00000  0.00000  0.21709  0.00000  0.00000  0.99995  0.99454
4.840000000e+00  0.00000  1.00000  0.00000  0.41134  0.00000  0.00000  0.99995  0.99269
4.850000000e+00  0.00000  1.00000  0.00000  0.10699  0.00000  0.00000  0.99995  0.99479
4.860000000e+00  0.00000  1.00000  0.00000  0.06551  0.00000  0.00000  0.99995  0.99636
4.870000000e+00  0.00000  1.00000  0.00000  0.55417  0.00000  0.00000  0.99995  0.99692
4.880000000e+00  0.00000  1.00000  0.00000  0.55000  0.00000  0.00000  0.99995  0.99728
4.890000000e+00  0.00000  1.00000  0.00000  0.48414  0.00000  0.00000  0.99995  0.99713
4.900000000e+00  0.00000  1.00000  0.00000  0.06269  0.00000  0.00000  0.99995  0.99570
4.910000000e+00  0.00000  1.00000  0.00000  0.03421  0.00000  0.00000  0.99995  0.99785
4.920000000e+00  0.00000  1.00000  0.00000  0.23133  0.00000  0.00000  0.99995  0.99818
4.930000000e+00  0.00000  1.00000  0.00000  0.46541  0.00000  0.00000  0.99995  0.99837
4.940000000e+00  0.00000  1.00000  0.00011  0.23063  0.00000  0.00000  0.99995  0.99839
4.950000000e+00  0.00000  1.00000  0.00053  0.05476  0.00000  0.00000  0.99995  0.99725
4.960000000e+00  0.00000  1.00000  0.00126  0.01487  0.00000  0.00000  0.99995  0.99182
4.970000000e+00  0.00000  1.00000  0.01061  0.00599  0.00000  0.00000  0.99995  0.99886
4.980000000e+00  0.00000  1.00000  0.03158  0.12436  0.00000  0.00000  0.99995  0.99895
4.990000000e+00  0.00000  1.00000  0.08098  0.03099  0.00000  0.00000  0.99995  0.99917
5.000000000e+00  0.00000  1.00000  0.07429  0.22567  0.00000  0.00000  0.99995  0.99921
