# ------------------------------------------------------------------------
# NASA-GSFC Planetary Spectrum Generator (PSG, Villanueva et al. 2015)
# Atmospheric transmittance spectrum synthesized with PUMAS (Villanueva et al. 2016, Smith et al. 2009, Edwards 1992)
# Synthesized on Tue Nov 21 15:09:28 2017
# Molecular abundance profile: 
# Molecules considered: N2,CO2,H2O
# Molecular sources: HIT[22],HIT[2],HIT[1]
# Molecular abundances: 1,1,1
# Molecular abundance units: scl,scl,scl
# Collission-Induced-Absorption:  N2-N2(3.33-5.41um)
# Rayleigh scattering included
# ------------------------------------------------------------------------
# Aerosols considered: WaterIce,Cloud
# Aerosols sources: CRISM_Wolff[reff=2.0um 0.31-99.57um],White_GSFC[reff=1.0um 0.10-1000000.00um]
# Aerosols opacities: 1,1
# Aerosols opacity units: scl,scl
# ------------------------------------------------------------------------
# Spectral unit: Wavelength [um]
# Wave/freq Total N2 CO2 H2O WaterIce Cloud Rayleigh CIA
1.000000000e+00  0.00000  1.00000  0.99996  0.97151  0.00000  0.00000  0.97250  1.00000
1.010000000e+00  0.00000  1.00000  0.99999  0.96238  0.00000  0.00000  0.97356  1.00000
1.020000000e+00  0.00000  1.00000  1.00000  0.98227  0.00000  0.00000  0.97456  1.00000
1.030000000e+00  0.00000  1.00000  0.99999  0.98481  0.00000  0.00000  0.97553  1.00000
1.040000000e+00  0.00000  1.00000  0.79672  0.99818  0.00000  0.00000  0.97644  1.00000
1.050000000e+00  0.00000  1.00000  0.98660  0.99928  0.00000  0.00000  0.97732  1.00000
1.060000000e+00  0.00000  1.00000  0.96668  0.99789  0.00000  0.00000  0.97815  1.00000
1.070000000e+00  0.00000  1.00000  0.94066  0.98544  0.00000  0.00000  0.97895  1.00000
1.080000000e+00  0.00000  1.00000  0.99390  0.93303  0.00000  0.00000  0.97971  1.00000
1.090000000e+00  0.00000  1.00000  0.99963  0.87530  0.00000  0.00000  0.98044  1.00000
1.100000000e+00  0.00000  1.00000  0.99829  0.74362  0.00000  0.00000  0.98113  1.00000
1.110000000e+00  0.00000  1.00000  1.00000  0.46200  0.00000  0.00000  0.98180  1.00000
1.120000000e+00  0.00000  1.00000  0.97630  0.06412  0.00000  0.00000  0.98243  1.00000
1.130000000e+00  0.00000  1.00000  0.99654  0.01380  0.00000  0.00000  0.98304  1.00000
1.140000000e+00  0.00000  1.00000  0.99255  0.15140  0.00000  0.00000  0.98362  1.00000
1.150000000e+00  0.00000  1.00000  0.99779  0.07514  0.00000  0.00000  0.98418  1.00000
1.160000000e+00  0.00000  1.00000  0.99753  0.26812  0.00000  0.00000  0.98472  1.00000
1.170000000e+00  0.00000  1.00000  0.99992  0.53811  0.00000  0.00000  0.98523  1.00000
1.180000000e+00  0.00000  1.00000  0.99951  0.69601  0.00000  0.00000  0.98572  1.00000
1.190000000e+00  0.00000  1.00000  0.99995  0.63180  0.00000  0.00000  0.98619  1.00000
1.200000000e+00  0.00000  1.00000  0.99981  0.65990  0.00000  0.00000  0.98664  1.00000
1.210000000e+00  0.00000  1.00000  0.08648  0.77583  0.00000  0.00000  0.98707  1.00000
1.220000000e+00  0.00000  1.00000  0.56752  0.84235  0.00000  0.00000  0.98749  1.00000
1.230000000e+00  0.00000  1.00000  0.39103  0.88268  0.00000  0.00000  0.98789  1.00000
1.240000000e+00  0.00000  1.00000  0.83795  0.97964  0.00000  0.00000  0.98827  1.00000
1.250000000e+00  0.00000  1.00000  0.98850  0.99618  0.00000  0.00000  0.98864  1.00000
1.260000000e+00  0.00000  1.00000  0.95784  0.99637  0.00000  0.00000  0.98900  1.00000
1.270000000e+00  0.00000  1.00000  0.95955  0.98888  0.00000  0.00000  0.98934  1.00000
1.280000000e+00  0.00000  1.00000  0.99902  0.97594  0.00000  0.00000  0.98966  1.00000
1.290000000e+00  0.00000  1.00000  0.88103  0.93421  0.00000  0.00000  0.98998  1.00000
1.300000000e+00  0.00000  1.00000  0.82896  0.83018  0.00000  0.00000  0.99028  1.00000
1.310000000e+00  0.00000  1.00000  0.99205  0.70743  0.00000  0.00000  0.99057  1.00000
1.320000000e+00  0.00000  1.00000  0.41696  0.53427  0.00000  0.00000  0.99086  1.00000
1.330000000e+00  0.00000  1.00000  0.96749  0.38350  0.00000  0.00000  0.99113  1.00000
1.340000000e+00  0.00000  1.00000  0.56988  0.23190  0.00000  0.00000  0.99139  1.00000
1.350000000e+00  0.00000  1.00000  0.85173  0.01380  0.00000  0.00000  0.99164  1.00000
1.360000000e+00  0.00000  1.00000  0.98750  0.00000  0.00000  0.00000  0.99188  1.00000
1.370000000e+00  0.00000  1.00000  0.96991  0.00000  0.00000  0.00000  0.99211  1.00000
1.380000000e+00  0.00000  1.00000  0.96148  0.00000  0.00000  0.00000  0.99234  1.00000
1.390000000e+00  0.00000  1.00000  0.99279  0.00000  0.00000  0.00000  0.99256  1.00000
1.400000000e+00  0.00000  1.00000  0.99612  0.00001  0.00000  0.00000  0.99277  1.00000
1.410000000e+00  0.00000  1.00000  0.99980  0.00000  0.00000  0.00000  0.99297  1.00000
1.420000000e+00  0.00000  1.00000  0.99942  0.00122  0.00000  0.00000  0.99316  1.00000
1.430000000e+00  0.00000  1.00000  0.68652  0.00363  0.00000  0.00000  0.99335  1.00000
1.440000000e+00  0.00000  1.00000  0.00000  0.00398  0.00000  0.00000  0.99353  1.00000
1.450000000e+00  0.00000  1.00000  0.01221  0.02958  0.00000  0.00000  0.99371  1.00000
1.460000000e+00  0.00000  1.00000  0.63063  0.10654  0.00000  0.00000  0.99388  1.00000
1.470000000e+00  0.00000  1.00000  0.97350  0.03361  0.00000  0.00000  0.99404  1.00000
1.480000000e+00  0.00000  1.00000  0.41493  0.08455  0.00000  0.00000  0.99420  1.00000
1.490000000e+00  0.00000  1.00000  0.74692  0.08444  0.00000  0.00000  0.99436  1.00000
1.500000000e+00  0.00000  1.00000  0.55785  0.40071  0.00000  0.00000  0.99451  1.00000
1.510000000e+00  0.00000  1.00000  0.98130  0.55672  0.00000  0.00000  0.99465  1.00000
1.520000000e+00  0.00000  1.00000  0.98590  0.73419  0.00000  0.00000  0.99479  1.00000
1.530000000e+00  0.00000  1.00000  0.32299  0.81597  0.00000  0.00000  0.99492  1.00000
1.540000000e+00  0.00000  1.00000  0.13595  0.93243  0.00000  0.00000  0.99505  1.00000
1.550000000e+00  0.00000  1.00000  0.64833  0.96427  0.00000  0.00000  0.99518  1.00000
1.560000000e+00  0.00000  1.00000  0.93826  0.99000  0.00000  0.00000  0.99530  1.00000
1.570000000e+00  0.00000  1.00000  0.30355  0.98108  0.00000  0.00000  0.99542  1.00000
1.580000000e+00  0.00000  1.00000  0.00020  0.98488  0.00000  0.00000  0.99553  1.00000
1.590000000e+00  0.00000  1.00000  0.33749  0.98628  0.00000  0.00000  0.99565  1.00000
1.600000000e+00  0.00000  1.00000  0.21438  0.97901  0.00000  0.00000  0.99575  1.00000
1.610000000e+00  0.00000  1.00000  0.00217  0.99225  0.00000  0.00000  0.99586  1.00000
1.620000000e+00  0.00000  1.00000  0.01796  0.99234  0.00000  0.00000  0.99596  1.00000
1.630000000e+00  0.00000  1.00000  0.39037  0.99734  0.00000  0.00000  0.99606  1.00000
1.640000000e+00  0.00000  1.00000  0.30724  0.99197  0.00000  0.00000  0.99615  1.00000
1.650000000e+00  0.00000  1.00000  0.23394  0.97841  0.00000  0.00000  0.99624  1.00000
1.660000000e+00  0.00000  1.00000  0.39025  0.97565  0.00000  0.00000  0.99633  1.00000
1.670000000e+00  0.00000  1.00000  0.56038  0.97680  0.00000  0.00000  0.99642  1.00000
1.680000000e+00  0.00000  1.00000  0.80019  0.96427  0.00000  0.00000  0.99650  1.00000
1.690000000e+00  0.00000  1.00000  0.93731  0.97067  0.00000  0.00000  0.99659  1.00000
1.700000000e+00  0.00000  1.00000  0.98468  0.89566  0.00000  0.00000  0.99667  1.00000
1.710000000e+00  0.00000  1.00000  0.92884  0.89399  0.00000  0.00000  0.99674  1.00000
1.720000000e+00  0.00000  1.00000  0.96311  0.91378  0.00000  0.00000  0.99682  1.00000
1.730000000e+00  0.00000  1.00000  0.99258  0.86106  0.00000  0.00000  0.99689  1.00000
1.740000000e+00  0.00000  1.00000  0.99936  0.74894  0.00000  0.00000  0.99696  1.00000
1.750000000e+00  0.00000  1.00000  0.99894  0.68234  0.00000  0.00000  0.99703  1.00000
1.760000000e+00  0.00000  1.00000  0.89539  0.69194  0.00000  0.00000  0.99710  1.00000
1.770000000e+00  0.00000  1.00000  0.95746  0.52028  0.00000  0.00000  0.99716  1.00000
1.780000000e+00  0.00000  1.00000  0.99496  0.34392  0.00000  0.00000  0.99722  1.00000
1.790000000e+00  0.00000  1.00000  0.87999  0.19883  0.00000  0.00000  0.99729  1.00000
1.800000000e+00  0.00000  1.00000  0.94943  0.07976  0.00000  0.00000  0.99735  1.00000
1.810000000e+00  0.00000  1.00000  0.98709  0.00834  0.00000  0.00000  0.99740  1.00000
1.820000000e+00  0.00000  1.00000  0.99543  0.00041  0.00000  0.00000  0.99746  1.00000
1.830000000e+00  0.00000  1.00000  0.99924  0.00000  0.00000  0.00000  0.99752  1.00000
1.840000000e+00  0.00000  1.00000  0.99971  0.00000  0.00000  0.00000  0.99757  1.00000
1.850000000e+00  0.00000  1.00000  0.99751  0.00000  0.00000  0.00000  0.99762  1.00000
1.860000000e+00  0.00000  1.00000  0.99708  0.00000  0.00000  0.00000  0.99767  1.00000
1.870000000e+00  0.00000  1.00000  0.97867  0.00000  0.00000  0.00000  0.99772  1.00000
1.880000000e+00  0.00000  1.00000  0.10703  0.00000  0.00000  0.00000  0.99777  1.00000
1.890000000e+00  0.00000  1.00000  0.12447  0.00000  0.00000  0.00000  0.99782  1.00000
1.900000000e+00  0.00000  1.00000  0.51477  0.00001  0.00000  0.00000  0.99786  1.00000
1.910000000e+00  0.00000  1.00000  0.64272  0.00000  0.00000  0.00000  0.99791  1.00000
1.920000000e+00  0.00000  1.00000  0.86109  0.00000  0.00000  0.00000  0.99795  1.00000
1.930000000e+00  0.00000  1.00000  0.83952  0.00001  0.00000  0.00000  0.99799  1.00000
1.940000000e+00  0.00000  1.00000  0.18752  0.00024  0.00000  0.00000  0.99803  1.00000
1.950000000e+00  0.00000  1.00000  0.00000  0.00506  0.00000  0.00000  0.99807  1.00000
1.960000000e+00  0.00000  1.00000  0.00000  0.01518  0.00000  0.00000  0.99811  1.00000
1.970000000e+00  0.00000  1.00000  0.00000  0.21791  0.00000  0.00000  0.99815  1.00000
1.980000000e+00  0.00000  1.00000  0.00000  0.33929  0.00000  0.00000  0.99819  1.00000
1.990000000e+00  0.00000  1.00000  0.00402  0.40276  0.00000  0.00000  0.99822  1.00000
2.000000000e+00  0.00000  1.00000  0.00000  0.53437  0.00000  0.00000  0.99826  1.00000
2.010000000e+00  0.00000  1.00000  0.00000  0.43244  0.00000  0.00000  0.99829  1.00000
2.020000000e+00  0.00000  1.00000  0.00000  0.58548  0.00000  0.00000  0.99833  1.00000
2.030000000e+00  0.00000  1.00000  0.00000  0.80683  0.00000  0.00000  0.99836  1.00000
2.040000000e+00  0.00000  1.00000  0.00000  0.83719  0.00000  0.00000  0.99839  1.00000
2.050000000e+00  0.00000  1.00000  0.00000  0.92180  0.00000  0.00000  0.99842  1.00000
2.060000000e+00  0.00000  1.00000  0.00000  0.84075  0.00000  0.00000  0.99845  1.00000
2.070000000e+00  0.00000  1.00000  0.00000  0.86998  0.00000  0.00000  0.99848  1.00000
2.080000000e+00  0.00000  1.00000  0.00000  0.91422  0.00000  0.00000  0.99851  1.00000
2.090000000e+00  0.00000  1.00000  0.00000  0.91252  0.00000  0.00000  0.99854  1.00000
2.100000000e+00  0.00000  1.00000  0.00004  0.94699  0.00000  0.00000  0.99857  1.00000
2.110000000e+00  0.00000  1.00000  0.01826  0.95774  0.00000  0.00000  0.99859  1.00000
2.120000000e+00  0.00000  1.00000  0.06610  0.89175  0.00000  0.00000  0.99862  1.00000
2.130000000e+00  0.00000  1.00000  0.43634  0.85052  0.00000  0.00000  0.99865  1.00000
2.140000000e+00  0.00000  1.00000  0.63046  0.96360  0.00000  0.00000  0.99867  1.00000
2.150000000e+00  0.00000  1.00000  0.27488  0.98256  0.00000  0.00000  0.99869  1.00000
2.160000000e+00  0.00000  1.00000  0.34571  0.93366  0.00000  0.00000  0.99872  1.00000
2.170000000e+00  0.00000  1.00000  0.22901  0.86534  0.00000  0.00000  0.99874  1.00000
2.180000000e+00  0.00000  1.00000  0.53950  0.88794  0.00000  0.00000  0.99877  1.00000
2.190000000e+00  0.00000  1.00000  0.83009  0.76676  0.00000  0.00000  0.99879  1.00000
2.200000000e+00  0.00000  1.00000  0.88542  0.85477  0.00000  0.00000  0.99881  1.00000
2.210000000e+00  0.00000  1.00000  0.96445  0.89637  0.00000  0.00000  0.99883  1.00000
2.220000000e+00  0.00000  1.00000  0.95053  0.92066  0.00000  0.00000  0.99885  1.00000
2.230000000e+00  0.00000  1.00000  0.95412  0.94633  0.00000  0.00000  0.99887  1.00000
2.240000000e+00  0.00000  1.00000  0.98684  0.97467  0.00000  0.00000  0.99889  1.00000
2.250000000e+00  0.00000  1.00000  0.97805  0.97849  0.00000  0.00000  0.99891  1.00000
2.260000000e+00  0.00000  1.00000  0.94829  0.99167  0.00000  0.00000  0.99893  1.00000
2.270000000e+00  0.00000  1.00000  0.98751  0.98243  0.00000  0.00000  0.99895  1.00000
2.280000000e+00  0.00000  1.00000  0.97359  0.99671  0.00000  0.00000  0.99897  1.00000
2.290000000e+00  0.00000  1.00000  0.99184  0.98344  0.00000  0.00000  0.99899  1.00000
2.300000000e+00  0.00000  1.00000  0.99599  0.90606  0.00000  0.00000  0.99900  1.00000
2.310000000e+00  0.00000  1.00000  0.99745  0.96884  0.00000  0.00000  0.99902  1.00000
2.320000000e+00  0.00000  1.00000  0.99903  0.92233  0.00000  0.00000  0.99904  1.00000
2.330000000e+00  0.00000  1.00000  0.99988  0.91534  0.00000  0.00000  0.99905  1.00000
2.340000000e+00  0.00000  1.00000  0.99989  0.93306  0.00000  0.00000  0.99907  1.00000
2.350000000e+00  0.00000  1.00000  0.99987  0.82659  0.00000  0.00000  0.99909  1.00000
2.360000000e+00  0.00000  1.00000  0.99967  0.69371  0.00000  0.00000  0.99910  1.00000
2.370000000e+00  0.00000  1.00000  0.99821  0.71326  0.00000  0.00000  0.99912  1.00000
2.380000000e+00  0.00000  1.00000  0.99714  0.52486  0.00000  0.00000  0.99913  1.00000
2.390000000e+00  0.00000  1.00000  0.99068  0.40698  0.00000  0.00000  0.99914  1.00000
2.400000000e+00  0.00000  1.00000  0.98879  0.50297  0.00000  0.00000  0.99916  1.00000
2.410000000e+00  0.00000  1.00000  0.98701  0.32818  0.00000  0.00000  0.99917  1.00000
2.420000000e+00  0.00000  1.00000  0.99684  0.14574  0.00000  0.00000  0.99919  1.00000
2.430000000e+00  0.00000  1.00000  0.99991  0.33944  0.00000  0.00000  0.99920  1.00000
2.440000000e+00  0.00000  1.00000  0.99986  0.06826  0.00000  0.00000  0.99921  1.00000
2.450000000e+00  0.00000  1.00000  0.99965  0.12836  0.00000  0.00000  0.99923  1.00000
2.460000000e+00  0.00000  1.00000  0.99948  0.20960  0.00000  0.00000  0.99924  1.00000
2.470000000e+00  0.00000  1.00000  0.99226  0.17781  0.00000  0.00000  0.99925  1.00000
2.480000000e+00  0.00000  1.00000  0.96949  0.08152  0.00000  0.00000  0.99926  1.00000
2.490000000e+00  0.00000  1.00000  0.31746  0.00294  0.00000  0.00000  0.99927  1.00000
2.500000000e+00  0.00000  1.00000  0.73510  0.00293  0.00000  0.00000  0.99929  1.00000
2.510000000e+00  0.00000  1.00000  0.70325  0.00077  0.00000  0.00000  0.99930  1.00000
2.520000000e+00  0.00000  1.00000  0.68093  0.00016  0.00000  0.00000  0.99931  1.00000
2.530000000e+00  0.00000  1.00000  0.83631  0.00000  0.00000  0.00000  0.99932  1.00000
2.540000000e+00  0.00000  1.00000  0.89867  0.00000  0.00000  0.00000  0.99933  1.00000
2.550000000e+00  0.00000  1.00000  0.97448  0.00000  0.00000  0.00000  0.99934  1.00000
2.560000000e+00  0.00000  1.00000  0.94335  0.00000  0.00000  0.00000  0.99935  1.00000
2.570000000e+00  0.00000  1.00000  0.96617  0.00000  0.00000  0.00000  0.99936  1.00000
2.580000000e+00  0.00000  1.00000  0.78602  0.00000  0.00000  0.00000  0.99937  1.00000
2.590000000e+00  0.00000  1.00000  0.53937  0.00000  0.00000  0.00000  0.99938  1.00000
2.600000000e+00  0.00000  1.00000  0.64277  0.00000  0.00000  0.00000  0.99939  1.00000
2.610000000e+00  0.00000  1.00000  0.17955  0.00000  0.00000  0.00000  0.99940  1.00000
2.620000000e+00  0.00000  1.00000  0.06792  0.00000  0.00000  0.00000  0.99941  1.00000
2.630000000e+00  0.00000  1.00000  0.24284  0.00000  0.00000  0.00000  0.99942  1.00000
2.640000000e+00  0.00000  1.00000  0.20409  0.00000  0.00000  0.00000  0.99943  1.00000
2.650000000e+00  0.00000  1.00000  0.36675  0.00000  0.00000  0.00000  0.99943  1.00000
2.660000000e+00  0.00000  1.00000  0.00059  0.00000  0.00000  0.00000  0.99944  1.00000
2.670000000e+00  0.00000  1.00000  0.00000  0.00000  0.00000  0.00000  0.99945  1.00000
2.680000000e+00  0.00000  1.00000  0.00000  0.00000  0.00000  0.00000  0.99946  1.00000
2.690000000e+00  0.00000  1.00000  0.00000  0.00000  0.00000  0.00000  0.99947  1.00000
2.700000000e+00  0.00000  1.00000  0.00000  0.00000  0.00000  0.00000  0.99947  1.00000
2.710000000e+00  0.00000  1.00000  0.00000  0.00000  0.00000  0.00000  0.99948  1.00000
2.720000000e+00  0.00000  1.00000  0.00000  0.00000  0.00000  0.00000  0.99949  1.00000
2.730000000e+00  0.00000  1.00000  0.00000  0.00000  0.00000  0.00000  0.99950  1.00000
2.740000000e+00  0.00000  1.00000  0.00000  0.00000  0.00000  0.00000  0.99950  1.00000
2.750000000e+00  0.00000  1.00000  0.00000  0.00000  0.00000  0.00000  0.99951  1.00000
2.760000000e+00  0.00000  1.00000  0.00000  0.00000  0.00000  0.00000  0.99952  1.00000
2.770000000e+00  0.00000  1.00000  0.00000  0.00000  0.00000  0.00000  0.99953  1.00000
2.780000000e+00  0.00000  1.00000  0.00000  0.00000  0.00000  0.00000  0.99953  1.00000
2.790000000e+00  0.00000  1.00000  0.00000  0.00000  0.00000  0.00000  0.99954  1.00000
2.800000000e+00  0.00000  1.00000  0.00000  0.00000  0.00000  0.00000  0.99955  1.00000
2.810000000e+00  0.00000  1.00000  0.00000  0.00000  0.00000  0.00000  0.99955  1.00000
2.820000000e+00  0.00000  1.00000  0.00000  0.00000  0.00000  0.00000  0.99956  1.00000
2.830000000e+00  0.00000  1.00000  0.00000  0.00000  0.00000  0.00000  0.99956  1.00000
2.840000000e+00  0.00000  1.00000  0.00000  0.00000  0.00000  0.00000  0.99957  1.00000
2.850000000e+00  0.00000  1.00000  0.00000  0.00000  0.00000  0.00000  0.99958  1.00000
2.860000000e+00  0.00000  1.00000  0.00000  0.00000  0.00000  0.00000  0.99958  1.00000
2.870000000e+00  0.00000  1.00000  0.00000  0.00001  0.00000  0.00000  0.99959  1.00000
2.880000000e+00  0.00000  1.00000  0.00000  0.00002  0.00000  0.00000  0.99959  1.00000
2.890000000e+00  0.00000  1.00000  0.00002  0.00001  0.00000  0.00000  0.99960  1.00000
2.900000000e+00  0.00000  1.00000  0.00388  0.00217  0.00000  0.00000  0.99960  1.00000
2.910000000e+00  0.00000  1.00000  0.07960  0.00065  0.00000  0.00000  0.99961  1.00000
2.920000000e+00  0.00000  1.00000  0.34175  0.00090  0.00000  0.00000  0.99962  1.00000
2.930000000e+00  0.00000  1.00000  0.55301  0.00570  0.00000  0.00000  0.99962  1.00000
2.940000000e+00  0.00000  1.00000  0.68472  0.02881  0.00000  0.00000  0.99963  1.00000
2.950000000e+00  0.00000  1.00000  0.81924  0.00064  0.00000  0.00000  0.99963  1.00000
2.960000000e+00  0.00000  1.00000  0.41608  0.00795  0.00000  0.00000  0.99964  1.00000
2.970000000e+00  0.00000  1.00000  0.05081  0.02913  0.00000  0.00000  0.99964  1.00000
2.980000000e+00  0.00000  1.00000  0.00376  0.00003  0.00000  0.00000  0.99965  1.00000
2.990000000e+00  0.00000  1.00000  0.01464  0.04180  0.00000  0.00000  0.99965  1.00000
3.000000000e+00  0.00000  1.00000  0.28565  0.07061  0.00000  0.00000  0.99965  1.00000
3.010000000e+00  0.00000  1.00000  0.30152  0.04873  0.00000  0.00000  0.99966  1.00000
3.020000000e+00  0.00000  1.00000  0.05665  0.03396  0.00000  0.00000  0.99966  1.00000
3.030000000e+00  0.00000  1.00000  0.11411  0.02947  0.00000  0.00000  0.99967  1.00000
3.040000000e+00  0.00000  1.00000  0.31465  0.00409  0.00000  0.00000  0.99967  1.00000
3.050000000e+00  0.00000  1.00000  0.63424  0.00521  0.00000  0.00000  0.99968  1.00000
3.060000000e+00  0.00000  1.00000  0.68607  0.01105  0.00000  0.00000  0.99968  1.00000
3.070000000e+00  0.00000  1.00000  0.83511  0.00521  0.00000  0.00000  0.99969  1.00000
3.080000000e+00  0.00000  1.00000  0.87078  0.02195  0.00000  0.00000  0.99969  1.00000
3.090000000e+00  0.00000  1.00000  0.92974  0.00040  0.00000  0.00000  0.99969  1.00000
3.100000000e+00  0.00000  1.00000  0.89651  0.00038  0.00000  0.00000  0.99970  1.00000
3.110000000e+00  0.00000  1.00000  0.71693  0.00785  0.00000  0.00000  0.99970  1.00000
3.120000000e+00  0.00000  1.00000  0.49244  0.00116  0.00000  0.00000  0.99970  1.00000
3.130000000e+00  0.00000  1.00000  0.39910  0.05120  0.00000  0.00000  0.99971  1.00000
3.140000000e+00  0.00000  1.00000  0.55767  0.12120  0.00000  0.00000  0.99971  1.00000
3.150000000e+00  0.00000  1.00000  0.75839  0.02161  0.00000  0.00000  0.99972  1.00000
3.160000000e+00  0.00000  1.00000  0.60733  0.08814  0.00000  0.00000  0.99972  1.00000
3.170000000e+00  0.00000  1.00000  0.43611  0.62338  0.00000  0.00000  0.99972  1.00000
3.180000000e+00  0.00000  1.00000  0.49931  0.46833  0.00000  0.00000  0.99973  1.00000
3.190000000e+00  0.00000  1.00000  0.66800  0.18958  0.00000  0.00000  0.99973  1.00000
3.200000000e+00  0.00000  1.00000  0.83342  0.04166  0.00000  0.00000  0.99973  1.00000
3.210000000e+00  0.00000  1.00000  0.93357  0.00001  0.00000  0.00000  0.99974  1.00000
3.220000000e+00  0.00000  1.00000  0.91095  0.00005  0.00000  0.00000  0.99974  1.00000
3.230000000e+00  0.00000  1.00000  0.90405  0.00132  0.00000  0.00000  0.99974  1.00000
3.240000000e+00  0.00000  1.00000  0.94953  0.09747  0.00000  0.00000  0.99975  1.00000
3.250000000e+00  0.00000  1.00000  0.98770  0.03042  0.00000  0.00000  0.99975  1.00000
3.260000000e+00  0.00000  1.00000  0.99652  0.24535  0.00000  0.00000  0.99975  1.00000
3.270000000e+00  0.00000  1.00000  0.99612  0.01313  0.00000  0.00000  0.99976  1.00000
3.280000000e+00  0.00000  1.00000  0.99674  0.04150  0.00000  0.00000  0.99976  1.00000
3.290000000e+00  0.00000  1.00000  0.99851  0.25618  0.00000  0.00000  0.99976  1.00000
3.300000000e+00  0.00000  1.00000  0.99935  0.11773  0.00000  0.00000  0.99976  1.00000
3.310000000e+00  0.00000  1.00000  0.99948  0.01139  0.00000  0.00000  0.99977  1.00000
3.320000000e+00  0.00000  1.00000  0.99900  0.16134  0.00000  0.00000  0.99977  1.00000
3.330000000e+00  0.00000  1.00000  0.99373  0.04729  0.00000  0.00000  0.99977  1.00000
3.340000000e+00  0.00000  1.00000  0.97877  0.32329  0.00000  0.00000  0.99977  0.99985
3.350000000e+00  0.00000  1.00000  0.96617  0.10691  0.00000  0.00000  0.99978  0.99979
3.360000000e+00  0.00000  1.00000  0.86190  0.10692  0.00000  0.00000  0.99978  0.99985
3.370000000e+00  0.00000  1.00000  0.96011  0.15356  0.00000  0.00000  0.99978  0.99974
3.380000000e+00  0.00000  1.00000  0.97146  0.26106  0.00000  0.00000  0.99979  0.99990
3.390000000e+00  0.00000  1.00000  0.98469  0.40526  0.00000  0.00000  0.99979  0.99987
3.400000000e+00  0.00000  1.00000  0.99443  0.61590  0.00000  0.00000  0.99979  0.99994
3.410000000e+00  0.00000  1.00000  0.99795  0.46343  0.00000  0.00000  0.99979  0.99995
3.420000000e+00  0.00000  1.00000  0.99930  0.58975  0.00000  0.00000  0.99980  1.00000
3.430000000e+00  0.00000  1.00000  0.99911  0.85502  0.00000  0.00000  0.99980  0.99992
3.440000000e+00  0.00000  1.00000  0.99932  0.73774  0.00000  0.00000  0.99980  0.99987
3.450000000e+00  0.00000  1.00000  0.99654  0.74301  0.00000  0.00000  0.99980  0.99971
3.460000000e+00  0.00000  1.00000  0.99740  0.69259  0.00000  0.00000  0.99980  0.99989
3.470000000e+00  0.00000  1.00000  0.99906  0.83942  0.00000  0.00000  0.99981  0.99975
3.480000000e+00  0.00000  1.00000  0.99934  0.78709  0.00000  0.00000  0.99981  0.99983
3.490000000e+00  0.00000  1.00000  0.99957  0.82845  0.00000  0.00000  0.99981  0.99983
3.500000000e+00  0.00000  1.00000  0.99959  0.79357  0.00000  0.00000  0.99981  0.99990
3.510000000e+00  0.00000  1.00000  0.99928  0.81290  0.00000  0.00000  0.99982  0.99997
3.520000000e+00  0.00000  1.00000  0.99809  0.73998  0.00000  0.00000  0.99982  0.99996
3.530000000e+00  0.00000  1.00000  0.99499  0.70432  0.00000  0.00000  0.99982  0.99994
3.540000000e+00  0.00000  1.00000  0.98888  0.68345  0.00000  0.00000  0.99982  0.99989
3.550000000e+00  0.00000  1.00000  0.97632  0.64343  0.00000  0.00000  0.99982  0.99991
3.560000000e+00  0.00000  1.00000  0.94851  0.52513  0.00000  0.00000  0.99983  0.99966
3.570000000e+00  0.00000  1.00000  0.90672  0.67500  0.00000  0.00000  0.99983  0.99966
3.580000000e+00  0.00000  1.00000  0.87558  0.60419  0.00000  0.00000  0.99983  0.99937
3.590000000e+00  0.00000  1.00000  0.82069  0.71466  0.00000  0.00000  0.99983  0.99936
3.600000000e+00  0.00000  1.00000  0.67026  0.60474  0.00000  0.00000  0.99983  0.99943
3.610000000e+00  0.00000  1.00000  0.54093  0.80951  0.00000  0.00000  0.99983  0.99946
3.620000000e+00  0.00000  1.00000  0.48951  0.64127  0.00000  0.00000  0.99984  0.99932
3.630000000e+00  0.00000  1.00000  0.68156  0.79715  0.00000  0.00000  0.99984  0.99917
3.640000000e+00  0.00000  1.00000  0.64141  0.69027  0.00000  0.00000  0.99984  0.99891
3.650000000e+00  0.00000  1.00000  0.51650  0.91194  0.00000  0.00000  0.99984  0.99873
3.660000000e+00  0.00000  1.00000  0.61945  0.74526  0.00000  0.00000  0.99984  0.99862
3.670000000e+00  0.00000  1.00000  0.80791  0.75601  0.00000  0.00000  0.99985  0.99848
3.680000000e+00  0.00000  1.00000  0.93366  0.35835  0.00000  0.00000  0.99985  0.99825
3.690000000e+00  0.00000  1.00000  0.96890  0.49931  0.00000  0.00000  0.99985  0.99788
3.700000000e+00  0.00000  1.00000  0.97983  0.74179  0.00000  0.00000  0.99985  0.99760
3.710000000e+00  0.00000  1.00000  0.98903  0.89470  0.00000  0.00000  0.99985  0.99613
3.720000000e+00  0.00000  1.00000  0.97957  0.67162  0.00000  0.00000  0.99985  0.99511
3.730000000e+00  0.00000  1.00000  0.97826  0.81954  0.00000  0.00000  0.99985  0.99463
3.740000000e+00  0.00000  1.00000  0.97747  0.67906  0.00000  0.00000  0.99986  0.99403
3.750000000e+00  0.00000  1.00000  0.94049  0.77688  0.00000  0.00000  0.99986  0.99324
3.760000000e+00  0.00000  1.00000  0.84588  0.72834  0.00000  0.00000  0.99986  0.99233
3.770000000e+00  0.00000  1.00000  0.72181  0.66965  0.00000  0.00000  0.99986  0.99135
3.780000000e+00  0.00000  1.00000  0.54889  0.69088  0.00000  0.00000  0.99986  0.99002
3.790000000e+00  0.00000  1.00000  0.37607  0.74872  0.00000  0.00000  0.99986  0.98842
3.800000000e+00  0.00000  1.00000  0.14931  0.69431  0.00000  0.00000  0.99987  0.98674
3.810000000e+00  0.00000  1.00000  0.04078  0.86389  0.00000  0.00000  0.99987  0.98475
3.820000000e+00  0.00000  1.00000  0.06420  0.66062  0.00000  0.00000  0.99987  0.98264
3.830000000e+00  0.00000  1.00000  0.26229  0.84597  0.00000  0.00000  0.99987  0.98025
3.840000000e+00  0.00000  1.00000  0.12964  0.72141  0.00000  0.00000  0.99987  0.97743
3.850000000e+00  0.00000  1.00000  0.06746  0.85448  0.00000  0.00000  0.99987  0.97412
3.860000000e+00  0.00000  1.00000  0.12167  0.82517  0.00000  0.00000  0.99987  0.97037
3.870000000e+00  0.00000  1.00000  0.29020  0.86911  0.00000  0.00000  0.99987  0.96623
3.880000000e+00  0.00000  1.00000  0.53582  0.86436  0.00000  0.00000  0.99988  0.96148
3.890000000e+00  0.00000  1.00000  0.75550  0.89530  0.00000  0.00000  0.99988  0.95600
3.900000000e+00  0.00000  1.00000  0.90340  0.93174  0.00000  0.00000  0.99988  0.94985
3.910000000e+00  0.00000  1.00000  0.95963  0.88209  0.00000  0.00000  0.99988  0.94287
3.920000000e+00  0.00000  1.00000  0.96428  0.97298  0.00000  0.00000  0.99988  0.93474
3.930000000e+00  0.00000  1.00000  0.92681  0.94153  0.00000  0.00000  0.99988  0.92541
3.940000000e+00  0.00000  1.00000  0.84408  0.97441  0.00000  0.00000  0.99988  0.91462
3.950000000e+00  0.00000  1.00000  0.71865  0.97806  0.00000  0.00000  0.99988  0.90243
3.960000000e+00  0.00000  1.00000  0.50308  0.96379  0.00000  0.00000  0.99989  0.88804
3.970000000e+00  0.00000  1.00000  0.33255  0.98987  0.00000  0.00000  0.99989  0.87160
3.980000000e+00  0.00000  1.00000  0.18207  0.97749  0.00000  0.00000  0.99989  0.85329
3.990000000e+00  0.00000  1.00000  0.13274  0.99277  0.00000  0.00000  0.99989  0.83244
4.000000000e+00  0.00000  1.00000  0.30973  0.99030  0.00000  0.00000  0.99989  0.80867
4.010000000e+00  0.00000  1.00000  0.38235  0.99022  0.00000  0.00000  0.99989  0.78267
4.020000000e+00  0.00000  1.00000  0.17117  0.99733  0.00000  0.00000  0.99989  0.75447
4.030000000e+00  0.00000  1.00000  0.14888  0.99035  0.00000  0.00000  0.99989  0.72467
4.040000000e+00  0.00000  1.00000  0.20606  0.99503  0.00000  0.00000  0.99989  0.69340
4.050000000e+00  0.00000  1.00000  0.34371  0.99553  0.00000  0.00000  0.99990  0.66044
4.060000000e+00  0.00000  1.00000  0.51188  0.99443  0.00000  0.00000  0.99990  0.62740
4.070000000e+00  0.00000  1.00000  0.56435  0.99423  0.00000  0.00000  0.99990  0.59426
4.080000000e+00  0.00000  1.00000  0.27414  0.99726  0.00000  0.00000  0.99990  0.56276
4.090000000e+00  0.00000  1.00000  0.08354  0.99699  0.00000  0.00000  0.99990  0.53339
4.100000000e+00  0.00000  1.00000  0.03682  0.99732  0.00000  0.00000  0.99990  0.50606
4.110000000e+00  0.00000  1.00000  0.04760  0.99036  0.00000  0.00000  0.99990  0.48179
4.120000000e+00  0.00000  1.00000  0.20761  0.99734  0.00000  0.00000  0.99990  0.46094
4.130000000e+00  0.00000  1.00000  0.25709  0.99345  0.00000  0.00000  0.99990  0.44357
4.140000000e+00  0.00000  1.00000  0.11285  0.99564  0.00000  0.00000  0.99990  0.42990
4.150000000e+00  0.00000  1.00000  0.04658  0.99861  0.00000  0.00000  0.99990  0.41972
4.160000000e+00  0.00000  1.00000  0.00021  0.99255  0.00000  0.00000  0.99991  0.41348
4.170000000e+00  0.00000  1.00000  0.00000  0.99554  0.00000  0.00000  0.99991  0.41002
4.180000000e+00  0.00000  1.00000  0.00000  0.99473  0.00000  0.00000  0.99991  0.41137
4.190000000e+00  0.00000  1.00000  0.00000  0.99469  0.00000  0.00000  0.99991  0.41350
4.200000000e+00  0.00000  1.00000  0.00000  0.99406  0.00000  0.00000  0.99991  0.41874
4.210000000e+00  0.00000  1.00000  0.00000  0.99079  0.00000  0.00000  0.99991  0.42188
4.220000000e+00  0.00000  1.00000  0.00000  0.99113  0.00000  0.00000  0.99991  0.42268
4.230000000e+00  0.00000  1.00000  0.00000  0.99026  0.00000  0.00000  0.99991  0.41992
4.240000000e+00  0.00000  1.00000  0.00000  0.99266  0.00000  0.00000  0.99991  0.41166
4.250000000e+00  0.00000  1.00000  0.00000  0.98177  0.00000  0.00000  0.99991  0.39619
4.260000000e+00  0.00000  1.00000  0.00000  0.97723  0.00000  0.00000  0.99991  0.36722
4.270000000e+00  0.00000  1.00000  0.00000  0.99206  0.00000  0.00000  0.99992  0.32438
4.280000000e+00  0.00000  1.00000  0.00000  0.96752  0.00000  0.00000  0.99992  0.29496
4.290000000e+00  0.00000  1.00000  0.00000  0.96253  0.00000  0.00000  0.99992  0.27705
4.300000000e+00  0.00000  1.00000  0.00000  0.95778  0.00000  0.00000  0.99992  0.28182
4.310000000e+00  0.00000  1.00000  0.00000  0.92889  0.00000  0.00000  0.99992  0.30944
4.320000000e+00  0.00000  1.00000  0.00000  0.94245  0.00000  0.00000  0.99992  0.34933
4.330000000e+00  0.00000  1.00000  0.00000  0.94108  0.00000  0.00000  0.99992  0.40372
4.340000000e+00  0.00000  1.00000  0.00000  0.92955  0.00000  0.00000  0.99992  0.44908
4.350000000e+00  0.00000  1.00000  0.00000  0.92302  0.00000  0.00000  0.99992  0.48355
4.360000000e+00  0.00000  1.00000  0.00000  0.89811  0.00000  0.00000  0.99992  0.50848
4.370000000e+00  0.00000  1.00000  0.00000  0.80101  0.00000  0.00000  0.99992  0.52639
4.380000000e+00  0.00000  1.00000  0.00000  0.92877  0.00000  0.00000  0.99992  0.53980
4.390000000e+00  0.00000  1.00000  0.00000  0.90052  0.00000  0.00000  0.99992  0.55201
4.400000000e+00  0.00000  1.00000  0.00000  0.85282  0.00000  0.00000  0.99992  0.56059
4.410000000e+00  0.00000  1.00000  0.00000  0.72371  0.00000  0.00000  0.99993  0.57175
4.420000000e+00  0.00000  1.00000  0.00000  0.95185  0.00000  0.00000  0.99993  0.58240
4.430000000e+00  0.00000  1.00000  0.00000  0.83621  0.00000  0.00000  0.99993  0.59480
4.440000000e+00  0.00000  1.00000  0.00000  0.66398  0.00000  0.00000  0.99993  0.60810
4.450000000e+00  0.00000  1.00000  0.00000  0.73271  0.00000  0.00000  0.99993  0.62372
4.460000000e+00  0.00000  1.00000  0.00000  0.76483  0.00000  0.00000  0.99993  0.63922
4.470000000e+00  0.00000  1.00000  0.00000  0.78749  0.00000  0.00000  0.99993  0.65813
4.480000000e+00  0.00000  1.00000  0.00000  0.75885  0.00000  0.00000  0.99993  0.67582
4.490000000e+00  0.00000  1.00000  0.00000  0.81035  0.00000  0.00000  0.99993  0.69630
4.500000000e+00  0.00000  1.00000  0.00000  0.83755  0.00000  0.00000  0.99993  0.71525
4.510000000e+00  0.00000  1.00000  0.00000  0.82810  0.00000  0.00000  0.99993  0.73594
4.520000000e+00  0.00000  1.00000  0.00000  0.74898  0.00000  0.00000  0.99993  0.75606
4.530000000e+00  0.00000  1.00000  0.00000  0.61349  0.00000  0.00000  0.99993  0.77571
4.540000000e+00  0.00000  1.00000  0.00002  0.59218  0.00000  0.00000  0.99993  0.79505
4.550000000e+00  0.00000  1.00000  0.00018  0.78874  0.00000  0.00000  0.99993  0.81360
4.560000000e+00  0.00000  1.00000  0.00409  0.88684  0.00000  0.00000  0.99993  0.83137
4.570000000e+00  0.00000  1.00000  0.03024  0.77448  0.00000  0.00000  0.99994  0.84745
4.580000000e+00  0.00000  1.00000  0.10806  0.66655  0.00000  0.00000  0.99994  0.86318
4.590000000e+00  0.00000  1.00000  0.15861  0.73813  0.00000  0.00000  0.99994  0.87752
4.600000000e+00  0.00000  1.00000  0.23596  0.77886  0.00000  0.00000  0.99994  0.89070
4.610000000e+00  0.00000  1.00000  0.29617  0.81880  0.00000  0.00000  0.99994  0.90285
4.620000000e+00  0.00000  1.00000  0.24598  0.76694  0.00000  0.00000  0.99994  0.91395
4.630000000e+00  0.00000  1.00000  0.10939  0.55865  0.00000  0.00000  0.99994  0.92396
4.640000000e+00  0.00000  1.00000  0.08391  0.56726  0.00000  0.00000  0.99994  0.93299
4.650000000e+00  0.00000  1.00000  0.06818  0.58284  0.00000  0.00000  0.99994  0.94114
4.660000000e+00  0.00000  1.00000  0.06832  0.51605  0.00000  0.00000  0.99994  0.94846
4.670000000e+00  0.00000  1.00000  0.07495  0.44464  0.00000  0.00000  0.99994  0.95465
4.680000000e+00  0.00000  1.00000  0.02672  0.45217  0.00000  0.00000  0.99994  0.95976
4.690000000e+00  0.00000  1.00000  0.01164  0.18288  0.00000  0.00000  0.99994  0.96477
4.700000000e+00  0.00000  1.00000  0.00130  0.83676  0.00000  0.00000  0.99994  0.96898
4.710000000e+00  0.00000  1.00000  0.00004  0.72738  0.00000  0.00000  0.99994  0.97255
4.720000000e+00  0.00000  1.00000  0.00002  0.38802  0.00000  0.00000  0.99994  0.97594
4.730000000e+00  0.00000  1.00000  0.00000  0.54062  0.00000  0.00000  0.99994  0.97853
4.740000000e+00  0.00000  1.00000  0.00000  0.38156  0.00000  0.00000  0.99994  0.98132
4.750000000e+00  0.00000  1.00000  0.00000  0.61714  0.00000  0.00000  0.99994  0.98358
4.760000000e+00  0.00000  1.00000  0.00000  0.50416  0.00000  0.00000  0.99994  0.98563
4.770000000e+00  0.00000  1.00000  0.00000  0.51385  0.00000  0.00000  0.99995  0.98740
4.780000000e+00  0.00000  1.00000  0.00000  0.37194  0.00000  0.00000  0.99995  0.98840
4.790000000e+00  0.00000  1.00000  0.00000  0.20879  0.00000  0.00000  0.99995  0.98980
4.800000000e+00  0.00000  1.00000  0.00000  0.25967  0.00000  0.00000  0.99995  0.99150
4.810000000e+00  0.00000  1.00000  0.00000  0.41453  0.00000  0.00000  0.99995  0.99269
4.820000000e+00  0.00000  1.00000  0.00000  0.35270  0.00000  0.00000  0.99995  0.99358
4.830000000e+00  0.00000  1.00000  0.00000  0.20067  0.00000  0.00000  0.99995  0.99457
4.840000000e+00  0.00000  1.00000  0.00000  0.38976  0.00000  0.00000  0.99995  0.99273
4.850000000e+00  0.00000  1.00000  0.00000  0.09993  0.00000  0.00000  0.99995  0.99482
4.860000000e+00  0.00000  1.00000  0.00000  0.05573  0.00000  0.00000  0.99995  0.99638
4.870000000e+00  0.00000  1.00000  0.00000  0.53498  0.00000  0.00000  0.99995  0.99694
4.880000000e+00  0.00000  1.00000  0.00000  0.52749  0.00000  0.00000  0.99995  0.99729
4.890000000e+00  0.00000  1.00000  0.00000  0.46159  0.00000  0.00000  0.99995  0.99715
4.900000000e+00  0.00000  1.00000  0.00000  0.05600  0.00000  0.00000  0.99995  0.99572
4.910000000e+00  0.00000  1.00000  0.00000  0.02891  0.00000  0.00000  0.99995  0.99786
4.920000000e+00  0.00000  1.00000  0.00000  0.21227  0.00000  0.00000  0.99995  0.99819
4.930000000e+00  0.00000  1.00000  0.00000  0.44464  0.00000  0.00000  0.99995  0.99838
4.940000000e+00  0.00000  1.00000  0.00011  0.21392  0.00000  0.00000  0.99995  0.99840
4.950000000e+00  0.00000  1.00000  0.00054  0.04604  0.00000  0.00000  0.99995  0.99726
4.960000000e+00  0.00000  1.00000  0.00128  0.01149  0.00000  0.00000  0.99995  0.99185
4.970000000e+00  0.00000  1.00000  0.01069  0.00491  0.00000  0.00000  0.99995  0.99886
4.980000000e+00  0.00000  1.00000  0.03176  0.10667  0.00000  0.00000  0.99995  0.99896
4.990000000e+00  0.00000  1.00000  0.08128  0.02642  0.00000  0.00000  0.99995  0.99918
5.000000000e+00  0.00000  1.00000  0.07450  0.20302  0.00000  0.00000  0.99995  0.99921
