# ------------------------------------------------------------------------
# Radiance spectrum
# NASA-GSFC Planetary Spectrum Generator (PSG) (Villanueva et al. 2015)
# Synthesized on Tue Nov 21 15:10:32 2017
# ------------------------------------------------------------------------
# Atmospheric radiances synthesized with PUMAS (Villanueva et al. 2016, Smith et al. 2009, Edwards 1992)
# Molecular abundance profile: 
# Molecules considered: N2,CO2,H2O
# Molecular sources: HIT[22],HIT[2],HIT[1]
# Molecular abundances: 1,1,1
# Molecular abundance units: scl,scl,scl
# Collission-Induced-Absorption:  N2-N2(3.33-5.41um)
# Rayleigh scattering included
# ------------------------------------------------------------------------
# Spectral unit: Wavelength [um]
# Radiance unit: Spectral radiance [W/sr/m2/um]
# Wave/freq Total Stellar TRAPPIST-1-e
1.000000000e+00  3.68049e-03  3.68049e-03  3.86311e-10
1.010000000e+00  3.70309e-03  3.70309e-03  3.88592e-10
1.020000000e+00  3.72363e-03  3.72363e-03  3.90667e-10
1.030000000e+00  3.74214e-03  3.74214e-03  3.92529e-10
1.040000000e+00  3.75867e-03  3.75867e-03  3.81865e-10
1.050000000e+00  3.77328e-03  3.77327e-03  3.95521e-10
1.060000000e+00  3.78601e-03  3.78601e-03  3.96095e-10
1.070000000e+00  3.79691e-03  3.79691e-03  3.94369e-10
1.080000000e+00  3.80605e-03  3.80605e-03  3.98561e-10
1.090000000e+00  3.81347e-03  3.81347e-03  3.99532e-10
1.100000000e+00  3.81922e-03  3.81922e-03  3.99946e-10
1.110000000e+00  3.82337e-03  3.82337e-03  4.00302e-10
1.120000000e+00  3.82595e-03  3.82595e-03  3.97471e-10
1.130000000e+00  3.82703e-03  3.82703e-03  3.96364e-10
1.140000000e+00  3.82666e-03  3.82666e-03  3.98888e-10
1.150000000e+00  3.82489e-03  3.82489e-03  3.97794e-10
1.160000000e+00  3.82177e-03  3.82177e-03  3.99506e-10
1.170000000e+00  3.81735e-03  3.81734e-03  3.99386e-10
1.180000000e+00  3.81168e-03  3.81168e-03  3.98646e-10
1.190000000e+00  3.80481e-03  3.80481e-03  3.97831e-10
1.200000000e+00  3.79680e-03  3.79679e-03  3.96999e-10
1.210000000e+00  3.78768e-03  3.78768e-03  3.29080e-10
1.220000000e+00  3.77751e-03  3.77751e-03  3.59861e-10
1.230000000e+00  3.76632e-03  3.76632e-03  3.71698e-10
1.240000000e+00  3.75418e-03  3.75418e-03  3.85575e-10
1.250000000e+00  3.74111e-03  3.74111e-03  3.90720e-10
1.260000000e+00  3.72717e-03  3.72717e-03  3.87514e-10
1.270000000e+00  3.71239e-03  3.71239e-03  3.85942e-10
1.280000000e+00  3.69682e-03  3.69682e-03  3.86340e-10
1.290000000e+00  3.68049e-03  3.68049e-03  3.81214e-10
1.300000000e+00  3.66345e-03  3.66345e-03  3.75649e-10
1.310000000e+00  3.64573e-03  3.64573e-03  3.80606e-10
1.320000000e+00  3.62736e-03  3.62736e-03  3.48436e-10
1.330000000e+00  3.60839e-03  3.60839e-03  3.76228e-10
1.340000000e+00  3.58885e-03  3.58885e-03  3.55672e-10
1.350000000e+00  3.56877e-03  3.56877e-03  3.66718e-10
1.360000000e+00  3.54817e-03  3.54817e-03  3.59448e-10
1.370000000e+00  3.52711e-03  3.52711e-03  3.54850e-10
1.380000000e+00  3.50559e-03  3.50559e-03  3.53160e-10
1.390000000e+00  3.48366e-03  3.48366e-03  3.53993e-10
1.400000000e+00  3.46134e-03  3.46134e-03  3.52240e-10
1.410000000e+00  3.43866e-03  3.43866e-03  3.48260e-10
1.420000000e+00  3.41564e-03  3.41564e-03  3.54792e-10
1.430000000e+00  3.39231e-03  3.39231e-03  3.49513e-10
1.440000000e+00  3.36870e-03  3.36870e-03  1.59216e-10
1.450000000e+00  3.34482e-03  3.34482e-03  2.83088e-10
1.460000000e+00  3.32070e-03  3.32070e-03  3.42167e-10
1.470000000e+00  3.29636e-03  3.29636e-03  3.40397e-10
1.480000000e+00  3.27183e-03  3.27183e-03  3.14226e-10
1.490000000e+00  3.24712e-03  3.24711e-03  3.31048e-10
1.500000000e+00  3.22224e-03  3.22224e-03  3.13067e-10
1.510000000e+00  3.19723e-03  3.19723e-03  3.31507e-10
1.520000000e+00  3.17209e-03  3.17209e-03  3.29422e-10
1.530000000e+00  3.14685e-03  3.14685e-03  3.01407e-10
1.540000000e+00  3.12152e-03  3.12152e-03  2.76000e-10
1.550000000e+00  3.09611e-03  3.09611e-03  3.13497e-10
1.560000000e+00  3.07064e-03  3.07064e-03  3.17423e-10
1.570000000e+00  3.04513e-03  3.04513e-03  2.80460e-10
1.580000000e+00  3.01959e-03  3.01959e-03  1.89729e-10
1.590000000e+00  2.99402e-03  2.99402e-03  2.94129e-10
1.600000000e+00  2.96846e-03  2.96846e-03  2.70249e-10
1.610000000e+00  2.94289e-03  2.94289e-03  1.86031e-10
1.620000000e+00  2.91734e-03  2.91734e-03  2.59870e-10
1.630000000e+00  2.89182e-03  2.89182e-03  2.84579e-10
1.640000000e+00  2.86634e-03  2.86634e-03  2.70511e-10
1.650000000e+00  2.84091e-03  2.84091e-03  2.63238e-10
1.660000000e+00  2.81553e-03  2.81553e-03  2.78448e-10
1.670000000e+00  2.79021e-03  2.79021e-03  2.79372e-10
1.680000000e+00  2.76497e-03  2.76497e-03  2.80608e-10
1.690000000e+00  2.73981e-03  2.73981e-03  2.83862e-10
1.700000000e+00  2.71474e-03  2.71474e-03  2.82618e-10
1.710000000e+00  2.68977e-03  2.68977e-03  2.77242e-10
1.720000000e+00  2.66490e-03  2.66490e-03  2.76962e-10
1.730000000e+00  2.64013e-03  2.64013e-03  2.75231e-10
1.740000000e+00  2.61549e-03  2.61549e-03  2.72781e-10
1.750000000e+00  2.59096e-03  2.59096e-03  2.70134e-10
1.760000000e+00  2.56656e-03  2.56656e-03  2.67118e-10
1.770000000e+00  2.54229e-03  2.54229e-03  2.64781e-10
1.780000000e+00  2.51815e-03  2.51815e-03  2.62444e-10
1.790000000e+00  2.49415e-03  2.49415e-03  2.59618e-10
1.800000000e+00  2.47030e-03  2.47030e-03  2.57124e-10
1.810000000e+00  2.44660e-03  2.44660e-03  2.54173e-10
1.820000000e+00  2.42304e-03  2.42304e-03  2.49174e-10
1.830000000e+00  2.39964e-03  2.39964e-03  2.44489e-10
1.840000000e+00  2.37640e-03  2.37640e-03  2.38013e-10
1.850000000e+00  2.35332e-03  2.35332e-03  2.36543e-10
1.860000000e+00  2.33041e-03  2.33041e-03  2.32050e-10
1.870000000e+00  2.30765e-03  2.30765e-03  2.32607e-10
1.880000000e+00  2.28507e-03  2.28507e-03  2.04264e-10
1.890000000e+00  2.26266e-03  2.26266e-03  2.04000e-10
1.900000000e+00  2.24041e-03  2.24041e-03  2.21443e-10
1.910000000e+00  2.21834e-03  2.21834e-03  2.19974e-10
1.920000000e+00  2.19645e-03  2.19645e-03  2.22844e-10
1.930000000e+00  2.17473e-03  2.17473e-03  2.21005e-10
1.940000000e+00  2.15319e-03  2.15319e-03  2.10391e-10
1.950000000e+00  2.13183e-03  2.13183e-03  1.14205e-10
1.960000000e+00  2.11065e-03  2.11065e-03  4.14417e-11
1.970000000e+00  2.08964e-03  2.08964e-03  4.53970e-11
1.980000000e+00  2.06882e-03  2.06882e-03  1.15885e-10
1.990000000e+00  2.04818e-03  2.04818e-03  1.59522e-10
2.000000000e+00  2.02772e-03  2.02772e-03  9.70847e-11
2.010000000e+00  2.00745e-03  2.00745e-03  2.40428e-11
2.020000000e+00  1.98735e-03  1.98735e-03  3.12554e-11
2.030000000e+00  1.96744e-03  1.96744e-03  7.33873e-11
2.040000000e+00  1.94771e-03  1.94771e-03  8.59809e-11
2.050000000e+00  1.92816e-03  1.92816e-03  7.87037e-11
2.060000000e+00  1.90880e-03  1.90880e-03  4.11964e-11
2.070000000e+00  1.88961e-03  1.88961e-03  4.48672e-11
2.080000000e+00  1.87061e-03  1.87061e-03  7.61664e-11
2.090000000e+00  1.85179e-03  1.85179e-03  9.66518e-11
2.100000000e+00  1.83315e-03  1.83315e-03  1.26594e-10
2.110000000e+00  1.81469e-03  1.81469e-03  1.53029e-10
2.120000000e+00  1.79641e-03  1.79641e-03  1.60441e-10
2.130000000e+00  1.77831e-03  1.77831e-03  1.76219e-10
2.140000000e+00  1.76039e-03  1.76039e-03  1.78273e-10
2.150000000e+00  1.74264e-03  1.74264e-03  1.61378e-10
2.160000000e+00  1.72507e-03  1.72507e-03  1.60205e-10
2.170000000e+00  1.70768e-03  1.70768e-03  1.58230e-10
2.180000000e+00  1.69046e-03  1.69046e-03  1.66348e-10
2.190000000e+00  1.67341e-03  1.67341e-03  1.71570e-10
2.200000000e+00  1.65654e-03  1.65654e-03  1.71534e-10
2.210000000e+00  1.63984e-03  1.63984e-03  1.70364e-10
2.220000000e+00  1.62331e-03  1.62331e-03  1.67827e-10
2.230000000e+00  1.60696e-03  1.60695e-03  1.66428e-10
2.240000000e+00  1.59076e-03  1.59076e-03  1.65732e-10
2.250000000e+00  1.57474e-03  1.57474e-03  1.63999e-10
2.260000000e+00  1.55889e-03  1.55889e-03  1.61390e-10
2.270000000e+00  1.54320e-03  1.54319e-03  1.60649e-10
2.280000000e+00  1.52767e-03  1.52767e-03  1.58876e-10
2.290000000e+00  1.51230e-03  1.51230e-03  1.57691e-10
2.300000000e+00  1.49710e-03  1.49710e-03  1.56095e-10
2.310000000e+00  1.48206e-03  1.48206e-03  1.54535e-10
2.320000000e+00  1.46718e-03  1.46718e-03  1.53007e-10
2.330000000e+00  1.45245e-03  1.45245e-03  1.51462e-10
2.340000000e+00  1.43788e-03  1.43788e-03  1.49929e-10
2.350000000e+00  1.42347e-03  1.42347e-03  1.48413e-10
2.360000000e+00  1.40921e-03  1.40921e-03  1.46909e-10
2.370000000e+00  1.39510e-03  1.39510e-03  1.45438e-10
2.380000000e+00  1.38115e-03  1.38115e-03  1.43921e-10
2.390000000e+00  1.36734e-03  1.36734e-03  1.42357e-10
2.400000000e+00  1.35368e-03  1.35368e-03  1.40815e-10
2.410000000e+00  1.34017e-03  1.34017e-03  1.39362e-10
2.420000000e+00  1.32681e-03  1.32681e-03  1.38168e-10
2.430000000e+00  1.31359e-03  1.31359e-03  1.36981e-10
2.440000000e+00  1.30051e-03  1.30051e-03  1.34931e-10
2.450000000e+00  1.28757e-03  1.28757e-03  1.33962e-10
2.460000000e+00  1.27478e-03  1.27478e-03  1.32915e-10
2.470000000e+00  1.26212e-03  1.26212e-03  1.31439e-10
2.480000000e+00  1.24960e-03  1.24960e-03  1.29191e-10
2.490000000e+00  1.23722e-03  1.23722e-03  1.24016e-10
2.500000000e+00  1.22498e-03  1.22498e-03  1.23724e-10
2.510000000e+00  1.21286e-03  1.21286e-03  1.22670e-10
2.520000000e+00  1.20088e-03  1.20088e-03  1.20801e-10
2.530000000e+00  1.18903e-03  1.18903e-03  1.22174e-10
2.540000000e+00  1.17731e-03  1.17731e-03  1.20094e-10
2.550000000e+00  1.16572e-03  1.16572e-03  1.16928e-10
2.560000000e+00  1.15425e-03  1.15425e-03  1.17247e-10
2.570000000e+00  1.14291e-03  1.14291e-03  1.08408e-10
2.580000000e+00  1.13170e-03  1.13170e-03  1.02867e-10
2.590000000e+00  1.12060e-03  1.12060e-03  9.84082e-11
2.600000000e+00  1.10963e-03  1.10963e-03  8.98365e-11
2.610000000e+00  1.09878e-03  1.09878e-03  9.36815e-11
2.620000000e+00  1.08805e-03  1.08805e-03  9.21453e-11
2.630000000e+00  1.07744e-03  1.07744e-03  9.70091e-11
2.640000000e+00  1.06694e-03  1.06694e-03  9.51863e-11
2.650000000e+00  1.05656e-03  1.05656e-03  1.01472e-10
2.660000000e+00  1.04629e-03  1.04629e-03  7.96357e-11
2.670000000e+00  1.03614e-03  1.03614e-03  1.11914e-11
2.680000000e+00  1.02610e-03  1.02610e-03  1.57194e-12
2.690000000e+00  1.01616e-03  1.01616e-03  5.23572e-13
2.700000000e+00  1.00634e-03  1.00634e-03  6.88846e-13
2.710000000e+00  9.96623e-04  9.96623e-04  6.91851e-13
2.720000000e+00  9.87014e-04  9.87014e-04  1.61682e-12
2.730000000e+00  9.77511e-04  9.77511e-04  3.56108e-12
2.740000000e+00  9.68112e-04  9.68112e-04  3.56271e-12
2.750000000e+00  9.58816e-04  9.58816e-04  1.62258e-12
2.760000000e+00  9.49622e-04  9.49622e-04  4.47698e-13
2.770000000e+00  9.40529e-04  9.40529e-04  3.54391e-13
2.780000000e+00  9.31536e-04  9.31536e-04  2.61033e-13
2.790000000e+00  9.22641e-04  9.22641e-04  3.00625e-13
2.800000000e+00  9.13844e-04  9.13844e-04  5.04344e-13
2.810000000e+00  9.05143e-04  9.05143e-04  7.79280e-13
2.820000000e+00  8.96538e-04  8.96538e-04  9.29455e-13
2.830000000e+00  8.88027e-04  8.88027e-04  9.93663e-13
2.840000000e+00  8.79608e-04  8.79608e-04  1.21964e-12
2.850000000e+00  8.71282e-04  8.71282e-04  8.37287e-13
2.860000000e+00  8.63047e-04  8.63047e-04  1.54478e-12
2.870000000e+00  8.54902e-04  8.54902e-04  4.62460e-12
2.880000000e+00  8.46846e-04  8.46846e-04  8.11189e-12
2.890000000e+00  8.38878e-04  8.38878e-04  1.39369e-11
2.900000000e+00  8.30996e-04  8.30996e-04  2.11544e-11
2.910000000e+00  8.23201e-04  8.23201e-04  2.51493e-11
2.920000000e+00  8.15490e-04  8.15490e-04  2.74880e-11
2.930000000e+00  8.07863e-04  8.07863e-04  2.82213e-11
2.940000000e+00  8.00320e-04  8.00320e-04  2.89585e-11
2.950000000e+00  7.92858e-04  7.92858e-04  2.99765e-11
2.960000000e+00  7.85477e-04  7.85477e-04  2.97084e-11
2.970000000e+00  7.78176e-04  7.78176e-04  2.71096e-11
2.980000000e+00  7.70954e-04  7.70954e-04  2.35444e-11
2.990000000e+00  7.63811e-04  7.63811e-04  2.27676e-11
3.000000000e+00  7.56745e-04  7.56745e-04  2.59299e-11
3.010000000e+00  7.49755e-04  7.49755e-04  2.89657e-11
3.020000000e+00  7.42841e-04  7.42841e-04  2.65963e-11
3.030000000e+00  7.36002e-04  7.36001e-04  2.83211e-11
3.040000000e+00  7.29236e-04  7.29236e-04  3.02570e-11
3.050000000e+00  7.22543e-04  7.22543e-04  3.12152e-11
3.060000000e+00  7.15922e-04  7.15922e-04  3.13249e-11
3.070000000e+00  7.09372e-04  7.09372e-04  3.20277e-11
3.080000000e+00  7.02893e-04  7.02893e-04  3.23328e-11
3.090000000e+00  6.96483e-04  6.96483e-04  3.21696e-11
3.100000000e+00  6.90142e-04  6.90142e-04  3.21201e-11
3.110000000e+00  6.83869e-04  6.83869e-04  3.17806e-11
3.120000000e+00  6.77663e-04  6.77663e-04  3.06921e-11
3.130000000e+00  6.71523e-04  6.71523e-04  2.98459e-11
3.140000000e+00  6.65449e-04  6.65449e-04  3.03519e-11
3.150000000e+00  6.59440e-04  6.59440e-04  3.11774e-11
3.160000000e+00  6.53495e-04  6.53494e-04  3.09695e-11
3.170000000e+00  6.47613e-04  6.47612e-04  3.06150e-11
3.180000000e+00  6.41793e-04  6.41793e-04  3.12644e-11
3.190000000e+00  6.36035e-04  6.36035e-04  3.19564e-11
3.200000000e+00  6.30339e-04  6.30339e-04  3.25316e-11
3.210000000e+00  6.24703e-04  6.24702e-04  3.30236e-11
3.220000000e+00  6.19126e-04  6.19126e-04  3.36965e-11
3.230000000e+00  6.13608e-04  6.13608e-04  3.41747e-11
3.240000000e+00  6.08149e-04  6.08149e-04  3.51595e-11
3.250000000e+00  6.02747e-04  6.02747e-04  3.56335e-11
3.260000000e+00  5.97402e-04  5.97402e-04  3.65146e-11
3.270000000e+00  5.92114e-04  5.92114e-04  3.69796e-11
3.280000000e+00  5.86881e-04  5.86881e-04  3.78748e-11
3.290000000e+00  5.81702e-04  5.81702e-04  3.87970e-11
3.300000000e+00  5.76579e-04  5.76579e-04  3.93904e-11
3.310000000e+00  5.71508e-04  5.71508e-04  4.00872e-11
3.320000000e+00  5.66491e-04  5.66491e-04  4.11003e-11
3.330000000e+00  5.61527e-04  5.61527e-04  4.15373e-11
3.340000000e+00  5.56614e-04  5.56614e-04  4.23141e-11
3.350000000e+00  5.51752e-04  5.51752e-04  4.27685e-11
3.360000000e+00  5.46941e-04  5.46941e-04  4.25417e-11
3.370000000e+00  5.42180e-04  5.42180e-04  4.40111e-11
3.380000000e+00  5.37468e-04  5.37468e-04  4.47003e-11
3.390000000e+00  5.32805e-04  5.32805e-04  4.52541e-11
3.400000000e+00  5.28190e-04  5.28190e-04  4.55718e-11
3.410000000e+00  5.23623e-04  5.23623e-04  4.58093e-11
3.420000000e+00  5.19104e-04  5.19104e-04  4.60668e-11
3.430000000e+00  5.14631e-04  5.14631e-04  4.62990e-11
3.440000000e+00  5.10204e-04  5.10203e-04  4.65212e-11
3.450000000e+00  5.05822e-04  5.05822e-04  4.66953e-11
3.460000000e+00  5.01485e-04  5.01485e-04  4.66851e-11
3.470000000e+00  4.97193e-04  4.97193e-04  4.66251e-11
3.480000000e+00  4.92945e-04  4.92945e-04  4.65495e-11
3.490000000e+00  4.88741e-04  4.88741e-04  4.64752e-11
3.500000000e+00  4.84579e-04  4.84579e-04  4.63977e-11
3.510000000e+00  4.80460e-04  4.80460e-04  4.63174e-11
3.520000000e+00  4.76383e-04  4.76383e-04  4.61984e-11
3.530000000e+00  4.72347e-04  4.72347e-04  4.59693e-11
3.540000000e+00  4.68352e-04  4.68352e-04  4.57316e-11
3.550000000e+00  4.64398e-04  4.64398e-04  4.54811e-11
3.560000000e+00  4.60484e-04  4.60484e-04  4.51865e-11
3.570000000e+00  4.56609e-04  4.56609e-04  4.48133e-11
3.580000000e+00  4.52774e-04  4.52774e-04  4.43832e-11
3.590000000e+00  4.48977e-04  4.48977e-04  4.37497e-11
3.600000000e+00  4.45219e-04  4.45219e-04  4.25671e-11
3.610000000e+00  4.41498e-04  4.41498e-04  4.14204e-11
3.620000000e+00  4.37815e-04  4.37815e-04  4.05302e-11
3.630000000e+00  4.34169e-04  4.34169e-04  4.11940e-11
3.640000000e+00  4.30559e-04  4.30559e-04  4.07367e-11
3.650000000e+00  4.26986e-04  4.26986e-04  3.99168e-11
3.660000000e+00  4.23448e-04  4.23448e-04  4.05880e-11
3.670000000e+00  4.19945e-04  4.19945e-04  4.13749e-11
3.680000000e+00  4.16478e-04  4.16478e-04  4.15252e-11
3.690000000e+00  4.13044e-04  4.13044e-04  4.12644e-11
3.700000000e+00  4.09645e-04  4.09645e-04  4.09893e-11
3.710000000e+00  4.06280e-04  4.06280e-04  4.07430e-11
3.720000000e+00  4.02948e-04  4.02948e-04  4.03489e-11
3.730000000e+00  3.99649e-04  3.99649e-04  4.00626e-11
3.740000000e+00  3.96383e-04  3.96383e-04  3.98013e-11
3.750000000e+00  3.93148e-04  3.93148e-04  3.93757e-11
3.760000000e+00  3.89946e-04  3.89946e-04  3.85821e-11
3.770000000e+00  3.86775e-04  3.86775e-04  3.76384e-11
3.780000000e+00  3.83635e-04  3.83635e-04  3.66820e-11
3.790000000e+00  3.80526e-04  3.80526e-04  3.55038e-11
3.800000000e+00  3.77448e-04  3.77448e-04  3.29039e-11
3.810000000e+00  3.74400e-04  3.74400e-04  2.94925e-11
3.820000000e+00  3.71381e-04  3.71381e-04  2.97561e-11
3.830000000e+00  3.68392e-04  3.68392e-04  3.22163e-11
3.840000000e+00  3.65432e-04  3.65432e-04  3.05004e-11
3.850000000e+00  3.62500e-04  3.62500e-04  2.94470e-11
3.860000000e+00  3.59597e-04  3.59597e-04  3.08236e-11
3.870000000e+00  3.56723e-04  3.56723e-04  3.28715e-11
3.880000000e+00  3.53876e-04  3.53876e-04  3.40451e-11
3.890000000e+00  3.51056e-04  3.51056e-04  3.44448e-11
3.900000000e+00  3.48264e-04  3.48264e-04  3.45786e-11
3.910000000e+00  3.45499e-04  3.45499e-04  3.44526e-11
3.920000000e+00  3.42760e-04  3.42760e-04  3.41599e-11
3.930000000e+00  3.40048e-04  3.40048e-04  3.36948e-11
3.940000000e+00  3.37361e-04  3.37361e-04  3.30464e-11
3.950000000e+00  3.34701e-04  3.34701e-04  3.22784e-11
3.960000000e+00  3.32066e-04  3.32066e-04  3.10735e-11
3.970000000e+00  3.29456e-04  3.29456e-04  2.99066e-11
3.980000000e+00  3.26870e-04  3.26870e-04  2.79293e-11
3.990000000e+00  3.24310e-04  3.24310e-04  2.67209e-11
4.000000000e+00  3.21774e-04  3.21774e-04  2.78897e-11
4.010000000e+00  3.19262e-04  3.19262e-04  2.83659e-11
4.020000000e+00  3.16773e-04  3.16773e-04  2.65863e-11
4.030000000e+00  3.14309e-04  3.14309e-04  2.65315e-11
4.040000000e+00  3.11867e-04  3.11867e-04  2.73510e-11
4.050000000e+00  3.09449e-04  3.09449e-04  2.83750e-11
4.060000000e+00  3.07053e-04  3.07053e-04  2.92691e-11
4.070000000e+00  3.04680e-04  3.04680e-04  2.93631e-11
4.080000000e+00  3.02329e-04  3.02329e-04  2.86060e-11
4.090000000e+00  3.00000e-04  3.00000e-04  2.76809e-11
4.100000000e+00  2.97694e-04  2.97693e-04  2.69892e-11
4.110000000e+00  2.95408e-04  2.95408e-04  2.69975e-11
4.120000000e+00  2.93144e-04  2.93144e-04  2.72090e-11
4.130000000e+00  2.90901e-04  2.90901e-04  2.70434e-11
4.140000000e+00  2.88679e-04  2.88679e-04  2.63479e-11
4.150000000e+00  2.86478e-04  2.86478e-04  2.64536e-11
4.160000000e+00  2.84297e-04  2.84297e-04  2.35778e-11
4.170000000e+00  2.82136e-04  2.82136e-04  9.66214e-12
4.180000000e+00  2.79995e-04  2.79995e-04  4.06649e-12
4.190000000e+00  2.77874e-04  2.77874e-04  2.10890e-12
4.200000000e+00  2.75773e-04  2.75773e-04  8.95517e-13
4.210000000e+00  2.73691e-04  2.73691e-04  3.27111e-13
4.220000000e+00  2.71628e-04  2.71628e-04  1.18953e-13
4.230000000e+00  2.69584e-04  2.69584e-04  6.72891e-14
4.240000000e+00  2.67559e-04  2.67559e-04  5.17764e-14
4.250000000e+00  2.65552e-04  2.65552e-04  4.91535e-14
4.260000000e+00  2.63564e-04  2.63564e-04  5.97076e-14
4.270000000e+00  2.61594e-04  2.61594e-04  6.45795e-14
4.280000000e+00  2.59642e-04  2.59642e-04  5.31335e-14
4.290000000e+00  2.57707e-04  2.57707e-04  5.46328e-14
4.300000000e+00  2.55790e-04  2.55790e-04  6.27823e-14
4.310000000e+00  2.53891e-04  2.53891e-04  7.33879e-14
4.320000000e+00  2.52009e-04  2.52009e-04  8.88475e-14
4.330000000e+00  2.50144e-04  2.50144e-04  1.25883e-13
4.340000000e+00  2.48295e-04  2.48295e-04  1.70638e-13
4.350000000e+00  2.46463e-04  2.46463e-04  2.10176e-13
4.360000000e+00  2.44648e-04  2.44648e-04  2.12597e-13
4.370000000e+00  2.42849e-04  2.42849e-04  2.27975e-13
4.380000000e+00  2.41067e-04  2.41067e-04  2.89003e-13
4.390000000e+00  2.39300e-04  2.39300e-04  3.83412e-13
4.400000000e+00  2.37549e-04  2.37549e-04  2.98095e-13
4.410000000e+00  2.35814e-04  2.35814e-04  3.00719e-13
4.420000000e+00  2.34094e-04  2.34094e-04  3.46551e-13
4.430000000e+00  2.32390e-04  2.32390e-04  4.33053e-13
4.440000000e+00  2.30700e-04  2.30700e-04  5.71269e-13
4.450000000e+00  2.29026e-04  2.29026e-04  8.36124e-13
4.460000000e+00  2.27367e-04  2.27367e-04  1.29325e-12
4.470000000e+00  2.25722e-04  2.25722e-04  1.68256e-12
4.480000000e+00  2.24092e-04  2.24092e-04  2.41741e-12
4.490000000e+00  2.22476e-04  2.22476e-04  3.06385e-12
4.500000000e+00  2.20874e-04  2.20874e-04  4.55620e-12
4.510000000e+00  2.19287e-04  2.19287e-04  7.50938e-12
4.520000000e+00  2.17714e-04  2.17714e-04  1.07235e-11
4.530000000e+00  2.16154e-04  2.16154e-04  1.41872e-11
4.540000000e+00  2.14608e-04  2.14608e-04  1.62487e-11
4.550000000e+00  2.13075e-04  2.13075e-04  1.75772e-11
4.560000000e+00  2.11556e-04  2.11556e-04  1.79715e-11
4.570000000e+00  2.10051e-04  2.10051e-04  1.83258e-11
4.580000000e+00  2.08558e-04  2.08558e-04  1.84374e-11
4.590000000e+00  2.07078e-04  2.07078e-04  1.84926e-11
4.600000000e+00  2.05611e-04  2.05611e-04  1.84889e-11
4.610000000e+00  2.04157e-04  2.04157e-04  1.84057e-11
4.620000000e+00  2.02716e-04  2.02716e-04  1.77147e-11
4.630000000e+00  2.01287e-04  2.01287e-04  1.73916e-11
4.640000000e+00  1.99870e-04  1.99870e-04  1.74827e-11
4.650000000e+00  1.98466e-04  1.98466e-04  1.74338e-11
4.660000000e+00  1.97073e-04  1.97073e-04  1.75498e-11
4.670000000e+00  1.95693e-04  1.95693e-04  1.75111e-11
4.680000000e+00  1.94324e-04  1.94324e-04  1.66372e-11
4.690000000e+00  1.92967e-04  1.92967e-04  1.61263e-11
4.700000000e+00  1.91622e-04  1.91622e-04  1.54651e-11
4.710000000e+00  1.90288e-04  1.90288e-04  1.08464e-11
4.720000000e+00  1.88966e-04  1.88966e-04  1.35172e-11
4.730000000e+00  1.87655e-04  1.87655e-04  1.18251e-11
4.740000000e+00  1.86355e-04  1.86355e-04  1.07507e-11
4.750000000e+00  1.85066e-04  1.85066e-04  1.00173e-11
4.760000000e+00  1.83788e-04  1.83788e-04  9.65572e-12
4.770000000e+00  1.82521e-04  1.82521e-04  9.92688e-12
4.780000000e+00  1.81265e-04  1.81265e-04  8.28503e-12
4.790000000e+00  1.80019e-04  1.80019e-04  6.75761e-12
4.800000000e+00  1.78783e-04  1.78783e-04  5.50108e-12
4.810000000e+00  1.77559e-04  1.77559e-04  3.83516e-12
4.820000000e+00  1.76344e-04  1.76344e-04  2.20306e-12
4.830000000e+00  1.75140e-04  1.75140e-04  2.62545e-12
4.840000000e+00  1.73945e-04  1.73945e-04  2.76752e-12
4.850000000e+00  1.72761e-04  1.72761e-04  2.72457e-12
4.860000000e+00  1.71587e-04  1.71587e-04  2.54725e-12
4.870000000e+00  1.70422e-04  1.70422e-04  2.71996e-12
4.880000000e+00  1.69267e-04  1.69267e-04  3.10408e-12
4.890000000e+00  1.68122e-04  1.68122e-04  3.57727e-12
4.900000000e+00  1.66986e-04  1.66986e-04  5.26851e-12
4.910000000e+00  1.65860e-04  1.65860e-04  6.86320e-12
4.920000000e+00  1.64743e-04  1.64743e-04  6.56334e-12
4.930000000e+00  1.63635e-04  1.63635e-04  9.78749e-12
4.940000000e+00  1.62536e-04  1.62536e-04  1.05964e-11
4.950000000e+00  1.61447e-04  1.61447e-04  1.03395e-11
4.960000000e+00  1.60366e-04  1.60366e-04  1.13726e-11
4.970000000e+00  1.59294e-04  1.59294e-04  1.24464e-11
4.980000000e+00  1.58232e-04  1.58232e-04  1.29179e-11
4.990000000e+00  1.57177e-04  1.57177e-04  1.39174e-11
5.000000000e+00  1.56132e-04  1.56132e-04  1.27636e-11
