# ------------------------------------------------------------------------
# Radiance spectrum
# NASA-GSFC Planetary Spectrum Generator (PSG) (Villanueva et al. 2015)
# Synthesized on Tue Nov 21 15:09:44 2017
# ------------------------------------------------------------------------
# Atmospheric radiances synthesized with PUMAS (Villanueva et al. 2016, Smith et al. 2009, Edwards 1992)
# Molecular abundance profile: 
# Molecules considered: N2,CO2,H2O
# Molecular sources: HIT[22],HIT[2],HIT[1]
# Molecular abundances: 1,1,1
# Molecular abundance units: scl,scl,scl
# Collission-Induced-Absorption:  N2-N2(3.33-5.41um)
# Rayleigh scattering included
# ------------------------------------------------------------------------
# Spectral unit: Wavelength [um]
# Radiance unit: Spectral radiance [W/sr/m2/um]
# Wave/freq Total Stellar TRAPPIST-1-e
1.000000000e+00  3.68049e-03  3.68049e-03  6.47206e-10
1.010000000e+00  3.70309e-03  3.70309e-03  6.51009e-10
1.020000000e+00  3.72363e-03  3.72363e-03  6.54462e-10
1.030000000e+00  3.74214e-03  3.74214e-03  6.57555e-10
1.040000000e+00  3.75867e-03  3.75867e-03  6.42508e-10
1.050000000e+00  3.77328e-03  3.77327e-03  6.62547e-10
1.060000000e+00  3.78601e-03  3.78601e-03  6.63736e-10
1.070000000e+00  3.79691e-03  3.79691e-03  6.61500e-10
1.080000000e+00  3.80605e-03  3.80605e-03  6.67603e-10
1.090000000e+00  3.81347e-03  3.81347e-03  6.69075e-10
1.100000000e+00  3.81923e-03  3.81922e-03  6.69770e-10
1.110000000e+00  3.82337e-03  3.82337e-03  6.70317e-10
1.120000000e+00  3.82595e-03  3.82595e-03  6.66501e-10
1.130000000e+00  3.82703e-03  3.82703e-03  6.64534e-10
1.140000000e+00  3.82666e-03  3.82666e-03  6.68167e-10
1.150000000e+00  3.82489e-03  3.82489e-03  6.66540e-10
1.160000000e+00  3.82177e-03  3.82177e-03  6.68825e-10
1.170000000e+00  3.81735e-03  3.81734e-03  6.68422e-10
1.180000000e+00  3.81168e-03  3.81168e-03  6.67159e-10
1.190000000e+00  3.80481e-03  3.80481e-03  6.65749e-10
1.200000000e+00  3.79680e-03  3.79679e-03  6.64275e-10
1.210000000e+00  3.78768e-03  3.78768e-03  5.60999e-10
1.220000000e+00  3.77751e-03  3.77751e-03  6.07240e-10
1.230000000e+00  3.76632e-03  3.76632e-03  6.26970e-10
1.240000000e+00  3.75418e-03  3.75418e-03  6.46775e-10
1.250000000e+00  3.74111e-03  3.74111e-03  6.53556e-10
1.260000000e+00  3.72717e-03  3.72717e-03  6.48731e-10
1.270000000e+00  3.71239e-03  3.71239e-03  6.46117e-10
1.280000000e+00  3.69682e-03  3.69682e-03  6.45926e-10
1.290000000e+00  3.68050e-03  3.68049e-03  6.38562e-10
1.300000000e+00  3.66345e-03  3.66345e-03  6.29372e-10
1.310000000e+00  3.64573e-03  3.64573e-03  6.36299e-10
1.320000000e+00  3.62737e-03  3.62736e-03  5.87604e-10
1.330000000e+00  3.60839e-03  3.60839e-03  6.29037e-10
1.340000000e+00  3.58885e-03  3.58885e-03  5.97826e-10
1.350000000e+00  3.56877e-03  3.56877e-03  6.14300e-10
1.360000000e+00  3.54817e-03  3.54817e-03  6.02566e-10
1.370000000e+00  3.52711e-03  3.52711e-03  5.95129e-10
1.380000000e+00  3.50559e-03  3.50559e-03  5.92299e-10
1.390000000e+00  3.48366e-03  3.48366e-03  5.92967e-10
1.400000000e+00  3.46134e-03  3.46134e-03  5.89923e-10
1.410000000e+00  3.43866e-03  3.43866e-03  5.83729e-10
1.420000000e+00  3.41564e-03  3.41564e-03  5.93069e-10
1.430000000e+00  3.39231e-03  3.39231e-03  5.85002e-10
1.440000000e+00  3.36870e-03  3.36870e-03  2.82890e-10
1.450000000e+00  3.34482e-03  3.34482e-03  4.82988e-10
1.460000000e+00  3.32070e-03  3.32070e-03  5.72578e-10
1.470000000e+00  3.29637e-03  3.29636e-03  5.69007e-10
1.480000000e+00  3.27183e-03  3.27183e-03  5.28476e-10
1.490000000e+00  3.24712e-03  3.24711e-03  5.54567e-10
1.500000000e+00  3.22224e-03  3.22224e-03  5.26747e-10
1.510000000e+00  3.19723e-03  3.19723e-03  5.53590e-10
1.520000000e+00  3.17209e-03  3.17209e-03  5.49913e-10
1.530000000e+00  3.14685e-03  3.14685e-03  5.08422e-10
1.540000000e+00  3.12152e-03  3.12152e-03  4.68192e-10
1.550000000e+00  3.09611e-03  3.09611e-03  5.24997e-10
1.560000000e+00  3.07064e-03  3.07064e-03  5.30536e-10
1.570000000e+00  3.04513e-03  3.04513e-03  4.73977e-10
1.580000000e+00  3.01959e-03  3.01959e-03  3.30890e-10
1.590000000e+00  2.99402e-03  2.99402e-03  4.94411e-10
1.600000000e+00  2.96846e-03  2.96846e-03  4.58070e-10
1.610000000e+00  2.94289e-03  2.94289e-03  3.24293e-10
1.620000000e+00  2.91734e-03  2.91734e-03  4.41343e-10
1.630000000e+00  2.89182e-03  2.89182e-03  4.79321e-10
1.640000000e+00  2.86634e-03  2.86634e-03  4.56685e-10
1.650000000e+00  2.84091e-03  2.84091e-03  4.44249e-10
1.660000000e+00  2.81553e-03  2.81553e-03  4.68014e-10
1.670000000e+00  2.79021e-03  2.79021e-03  4.69411e-10
1.680000000e+00  2.76497e-03  2.76497e-03  4.70853e-10
1.690000000e+00  2.73981e-03  2.73981e-03  4.74315e-10
1.700000000e+00  2.71474e-03  2.71474e-03  4.71749e-10
1.710000000e+00  2.68977e-03  2.68977e-03  4.63729e-10
1.720000000e+00  2.66490e-03  2.66490e-03  4.62494e-10
1.730000000e+00  2.64013e-03  2.64013e-03  4.59285e-10
1.740000000e+00  2.61549e-03  2.61549e-03  4.55152e-10
1.750000000e+00  2.59096e-03  2.59096e-03  4.50777e-10
1.760000000e+00  2.56656e-03  2.56656e-03  4.45929e-10
1.770000000e+00  2.54229e-03  2.54229e-03  4.41950e-10
1.780000000e+00  2.51815e-03  2.51815e-03  4.37995e-10
1.790000000e+00  2.49415e-03  2.49415e-03  4.33414e-10
1.800000000e+00  2.47030e-03  2.47030e-03  4.29243e-10
1.810000000e+00  2.44660e-03  2.44660e-03  4.24445e-10
1.820000000e+00  2.42304e-03  2.42304e-03  4.16488e-10
1.830000000e+00  2.39965e-03  2.39964e-03  4.08922e-10
1.840000000e+00  2.37640e-03  2.37640e-03  3.98637e-10
1.850000000e+00  2.35332e-03  2.35332e-03  3.96086e-10
1.860000000e+00  2.33041e-03  2.33041e-03  3.88750e-10
1.870000000e+00  2.30765e-03  2.30765e-03  3.89431e-10
1.880000000e+00  2.28507e-03  2.28507e-03  3.45786e-10
1.890000000e+00  2.26266e-03  2.26266e-03  3.45938e-10
1.900000000e+00  2.24041e-03  2.24041e-03  3.72469e-10
1.910000000e+00  2.21834e-03  2.21834e-03  3.68980e-10
1.920000000e+00  2.19645e-03  2.19645e-03  3.73089e-10
1.930000000e+00  2.17473e-03  2.17473e-03  3.69888e-10
1.940000000e+00  2.15319e-03  2.15319e-03  3.54206e-10
1.950000000e+00  2.13183e-03  2.13183e-03  1.99284e-10
1.960000000e+00  2.11065e-03  2.11065e-03  7.02361e-11
1.970000000e+00  2.08964e-03  2.08964e-03  7.59960e-11
1.980000000e+00  2.06882e-03  2.06882e-03  2.03495e-10
1.990000000e+00  2.04818e-03  2.04818e-03  2.74312e-10
2.000000000e+00  2.02772e-03  2.02772e-03  1.68536e-10
2.010000000e+00  2.00745e-03  2.00745e-03  4.54667e-11
2.020000000e+00  1.98735e-03  1.98735e-03  5.52773e-11
2.030000000e+00  1.96744e-03  1.96744e-03  1.29269e-10
2.040000000e+00  1.94771e-03  1.94771e-03  1.53269e-10
2.050000000e+00  1.92816e-03  1.92816e-03  1.39464e-10
2.060000000e+00  1.90880e-03  1.90880e-03  6.95817e-11
2.070000000e+00  1.88961e-03  1.88961e-03  7.52427e-11
2.080000000e+00  1.87061e-03  1.87061e-03  1.34399e-10
2.090000000e+00  1.85179e-03  1.85179e-03  1.70100e-10
2.100000000e+00  1.83315e-03  1.83315e-03  2.19957e-10
2.110000000e+00  1.81469e-03  1.81469e-03  2.62443e-10
2.120000000e+00  1.79641e-03  1.79641e-03  2.73347e-10
2.130000000e+00  1.77831e-03  1.77831e-03  2.97300e-10
2.140000000e+00  1.76039e-03  1.76039e-03  2.99688e-10
2.150000000e+00  1.74264e-03  1.74264e-03  2.73801e-10
2.160000000e+00  1.72507e-03  1.72507e-03  2.71434e-10
2.170000000e+00  1.70768e-03  1.70768e-03  2.68067e-10
2.180000000e+00  1.69046e-03  1.69046e-03  2.80764e-10
2.190000000e+00  1.67341e-03  1.67341e-03  2.87710e-10
2.200000000e+00  1.65654e-03  1.65654e-03  2.87367e-10
2.210000000e+00  1.63984e-03  1.63984e-03  2.85297e-10
2.220000000e+00  1.62331e-03  1.62331e-03  2.81395e-10
2.230000000e+00  1.60696e-03  1.60695e-03  2.78980e-10
2.240000000e+00  1.59076e-03  1.59076e-03  2.77500e-10
2.250000000e+00  1.57474e-03  1.57474e-03  2.74666e-10
2.260000000e+00  1.55889e-03  1.55889e-03  2.70629e-10
2.270000000e+00  1.54320e-03  1.54319e-03  2.69183e-10
2.280000000e+00  1.52767e-03  1.52767e-03  2.66309e-10
2.290000000e+00  1.51230e-03  1.51230e-03  2.64206e-10
2.300000000e+00  1.49710e-03  1.49710e-03  2.61579e-10
2.310000000e+00  1.48206e-03  1.48206e-03  2.59004e-10
2.320000000e+00  1.46718e-03  1.46718e-03  2.56474e-10
2.330000000e+00  1.45245e-03  1.45245e-03  2.53929e-10
2.340000000e+00  1.43788e-03  1.43788e-03  2.51406e-10
2.350000000e+00  1.42347e-03  1.42347e-03  2.48911e-10
2.360000000e+00  1.40921e-03  1.40921e-03  2.46443e-10
2.370000000e+00  1.39510e-03  1.39510e-03  2.44030e-10
2.380000000e+00  1.38115e-03  1.38115e-03  2.41563e-10
2.390000000e+00  1.36734e-03  1.36734e-03  2.39042e-10
2.400000000e+00  1.35368e-03  1.35368e-03  2.36556e-10
2.410000000e+00  1.34017e-03  1.34017e-03  2.34191e-10
2.420000000e+00  1.32681e-03  1.32681e-03  2.32154e-10
2.430000000e+00  1.31359e-03  1.31359e-03  2.30157e-10
2.440000000e+00  1.30051e-03  1.30051e-03  2.26945e-10
2.450000000e+00  1.28757e-03  1.28757e-03  2.25282e-10
2.460000000e+00  1.27478e-03  1.27478e-03  2.23503e-10
2.470000000e+00  1.26212e-03  1.26212e-03  2.21128e-10
2.480000000e+00  1.24960e-03  1.24960e-03  2.17568e-10
2.490000000e+00  1.23722e-03  1.23722e-03  2.09791e-10
2.500000000e+00  1.22498e-03  1.22498e-03  2.09327e-10
2.510000000e+00  1.21286e-03  1.21286e-03  2.07580e-10
2.520000000e+00  1.20088e-03  1.20088e-03  2.04493e-10
2.530000000e+00  1.18903e-03  1.18903e-03  2.06234e-10
2.540000000e+00  1.17731e-03  1.17731e-03  2.02646e-10
2.550000000e+00  1.16572e-03  1.16572e-03  1.97559e-10
2.560000000e+00  1.15425e-03  1.15425e-03  1.98017e-10
2.570000000e+00  1.14291e-03  1.14291e-03  1.83788e-10
2.580000000e+00  1.13170e-03  1.13170e-03  1.74806e-10
2.590000000e+00  1.12060e-03  1.12060e-03  1.67877e-10
2.600000000e+00  1.10963e-03  1.10963e-03  1.53656e-10
2.610000000e+00  1.09878e-03  1.09878e-03  1.60088e-10
2.620000000e+00  1.08805e-03  1.08805e-03  1.57540e-10
2.630000000e+00  1.07744e-03  1.07744e-03  1.64940e-10
2.640000000e+00  1.06694e-03  1.06694e-03  1.61855e-10
2.650000000e+00  1.05656e-03  1.05656e-03  1.71671e-10
2.660000000e+00  1.04629e-03  1.04629e-03  1.37644e-10
2.670000000e+00  1.03614e-03  1.03614e-03  1.88373e-11
2.680000000e+00  1.02610e-03  1.02610e-03  3.23654e-12
2.690000000e+00  1.01616e-03  1.01616e-03  8.85066e-13
2.700000000e+00  1.00634e-03  1.00634e-03  1.31182e-12
2.710000000e+00  9.96623e-04  9.96623e-04  1.35640e-12
2.720000000e+00  9.87014e-04  9.87014e-04  3.41808e-12
2.730000000e+00  9.77511e-04  9.77511e-04  6.52834e-12
2.740000000e+00  9.68112e-04  9.68112e-04  6.37498e-12
2.750000000e+00  9.58816e-04  9.58816e-04  3.30503e-12
2.760000000e+00  9.49622e-04  9.49622e-04  9.01930e-13
2.770000000e+00  9.40529e-04  9.40529e-04  7.08492e-13
2.780000000e+00  9.31536e-04  9.31536e-04  5.07872e-13
2.790000000e+00  9.22641e-04  9.22641e-04  6.32670e-13
2.800000000e+00  9.13844e-04  9.13844e-04  1.07748e-12
2.810000000e+00  9.05143e-04  9.05143e-04  1.52325e-12
2.820000000e+00  8.96538e-04  8.96538e-04  1.69566e-12
2.830000000e+00  8.88027e-04  8.88027e-04  1.73814e-12
2.840000000e+00  8.79608e-04  8.79608e-04  2.17913e-12
2.850000000e+00  8.71282e-04  8.71282e-04  1.42437e-12
2.860000000e+00  8.63047e-04  8.63047e-04  2.85538e-12
2.870000000e+00  8.54902e-04  8.54902e-04  8.83802e-12
2.880000000e+00  8.46846e-04  8.46846e-04  1.49177e-11
2.890000000e+00  8.38878e-04  8.38878e-04  2.48710e-11
2.900000000e+00  8.30996e-04  8.30996e-04  3.66201e-11
2.910000000e+00  8.23201e-04  8.23201e-04  4.28827e-11
2.920000000e+00  8.15490e-04  8.15490e-04  4.65362e-11
2.930000000e+00  8.07863e-04  8.07863e-04  4.76854e-11
2.940000000e+00  8.00320e-04  8.00320e-04  4.89306e-11
2.950000000e+00  7.92858e-04  7.92858e-04  5.05279e-11
2.960000000e+00  7.85477e-04  7.85477e-04  5.02541e-11
2.970000000e+00  7.78176e-04  7.78176e-04  4.63130e-11
2.980000000e+00  7.70955e-04  7.70954e-04  4.07569e-11
2.990000000e+00  7.63811e-04  7.63811e-04  3.96059e-11
3.000000000e+00  7.56745e-04  7.56745e-04  4.43836e-11
3.010000000e+00  7.49755e-04  7.49755e-04  4.93249e-11
3.020000000e+00  7.42841e-04  7.42841e-04  4.56472e-11
3.030000000e+00  7.36002e-04  7.36001e-04  4.83688e-11
3.040000000e+00  7.29236e-04  7.29236e-04  5.13717e-11
3.050000000e+00  7.22543e-04  7.22543e-04  5.28149e-11
3.060000000e+00  7.15922e-04  7.15922e-04  5.29217e-11
3.070000000e+00  7.09372e-04  7.09372e-04  5.39513e-11
3.080000000e+00  7.02893e-04  7.02893e-04  5.43752e-11
3.090000000e+00  6.96483e-04  6.96483e-04  5.40694e-11
3.100000000e+00  6.90142e-04  6.90142e-04  5.39674e-11
3.110000000e+00  6.83869e-04  6.83869e-04  5.34184e-11
3.120000000e+00  6.77663e-04  6.77663e-04  5.17014e-11
3.130000000e+00  6.71523e-04  6.71523e-04  5.03823e-11
3.140000000e+00  6.65449e-04  6.65449e-04  5.11687e-11
3.150000000e+00  6.59440e-04  6.59440e-04  5.25098e-11
3.160000000e+00  6.53495e-04  6.53494e-04  5.21543e-11
3.170000000e+00  6.47613e-04  6.47612e-04  5.15882e-11
3.180000000e+00  6.41793e-04  6.41793e-04  5.26246e-11
3.190000000e+00  6.36035e-04  6.36035e-04  5.37322e-11
3.200000000e+00  6.30339e-04  6.30339e-04  5.45552e-11
3.210000000e+00  6.24703e-04  6.24702e-04  5.53699e-11
3.220000000e+00  6.19126e-04  6.19126e-04  5.65058e-11
3.230000000e+00  6.13608e-04  6.13608e-04  5.72818e-11
3.240000000e+00  6.08149e-04  6.08149e-04  5.88320e-11
3.250000000e+00  6.02747e-04  6.02747e-04  5.96324e-11
3.260000000e+00  5.97402e-04  5.97402e-04  6.10187e-11
3.270000000e+00  5.92114e-04  5.92114e-04  6.18498e-11
3.280000000e+00  5.86881e-04  5.86881e-04  6.33214e-11
3.290000000e+00  5.81703e-04  5.81702e-04  6.48288e-11
3.300000000e+00  5.76579e-04  5.76579e-04  6.58463e-11
3.310000000e+00  5.71509e-04  5.71508e-04  6.70100e-11
3.320000000e+00  5.66491e-04  5.66491e-04  6.86287e-11
3.330000000e+00  5.61527e-04  5.61527e-04  6.94191e-11
3.340000000e+00  5.56614e-04  5.56614e-04  7.06885e-11
3.350000000e+00  5.51752e-04  5.51752e-04  7.14989e-11
3.360000000e+00  5.46941e-04  5.46941e-04  7.14132e-11
3.370000000e+00  5.42180e-04  5.42180e-04  7.35547e-11
3.380000000e+00  5.37468e-04  5.37468e-04  7.46664e-11
3.390000000e+00  5.32805e-04  5.32805e-04  7.55514e-11
3.400000000e+00  5.28190e-04  5.28190e-04  7.60586e-11
3.410000000e+00  5.23623e-04  5.23623e-04  7.64593e-11
3.420000000e+00  5.19104e-04  5.19104e-04  7.68843e-11
3.430000000e+00  5.14631e-04  5.14631e-04  7.72737e-11
3.440000000e+00  5.10204e-04  5.10203e-04  7.76480e-11
3.450000000e+00  5.05822e-04  5.05822e-04  7.79465e-11
3.460000000e+00  5.01485e-04  5.01485e-04  7.79380e-11
3.470000000e+00  4.97193e-04  4.97193e-04  7.78400e-11
3.480000000e+00  4.92945e-04  4.92945e-04  7.77218e-11
3.490000000e+00  4.88741e-04  4.88741e-04  7.76048e-11
3.500000000e+00  4.84579e-04  4.84579e-04  7.74835e-11
3.510000000e+00  4.80460e-04  4.80460e-04  7.73584e-11
3.520000000e+00  4.76383e-04  4.76383e-04  7.71692e-11
3.530000000e+00  4.72347e-04  4.72347e-04  7.67990e-11
3.540000000e+00  4.68352e-04  4.68352e-04  7.64166e-11
3.550000000e+00  4.64398e-04  4.64398e-04  7.60188e-11
3.560000000e+00  4.60484e-04  4.60484e-04  7.55652e-11
3.570000000e+00  4.56609e-04  4.56609e-04  7.50112e-11
3.580000000e+00  4.52774e-04  4.52774e-04  7.43817e-11
3.590000000e+00  4.48977e-04  4.48977e-04  7.34398e-11
3.600000000e+00  4.45219e-04  4.45219e-04  7.16482e-11
3.610000000e+00  4.41498e-04  4.41498e-04  6.97932e-11
3.620000000e+00  4.37815e-04  4.37815e-04  6.84272e-11
3.630000000e+00  4.34169e-04  4.34169e-04  6.94244e-11
3.640000000e+00  4.30559e-04  4.30559e-04  6.86485e-11
3.650000000e+00  4.26986e-04  4.26986e-04  6.73265e-11
3.660000000e+00  4.23448e-04  4.23448e-04  6.83290e-11
3.670000000e+00  4.19945e-04  4.19945e-04  6.94903e-11
3.680000000e+00  4.16478e-04  4.16478e-04  6.96364e-11
3.690000000e+00  4.13045e-04  4.13044e-04  6.91910e-11
3.700000000e+00  4.09645e-04  4.09645e-04  6.87264e-11
3.710000000e+00  4.06280e-04  4.06280e-04  6.83002e-11
3.720000000e+00  4.02948e-04  4.02948e-04  6.76829e-11
3.730000000e+00  3.99649e-04  3.99649e-04  6.72039e-11
3.740000000e+00  3.96383e-04  3.96383e-04  6.67535e-11
3.750000000e+00  3.93148e-04  3.93148e-04  6.60896e-11
3.760000000e+00  3.89946e-04  3.89946e-04  6.48959e-11
3.770000000e+00  3.86775e-04  3.86775e-04  6.34452e-11
3.780000000e+00  3.83635e-04  3.83635e-04  6.20145e-11
3.790000000e+00  3.80527e-04  3.80526e-04  6.01967e-11
3.800000000e+00  3.77448e-04  3.77448e-04  5.61732e-11
3.810000000e+00  3.74400e-04  3.74400e-04  5.08480e-11
3.820000000e+00  3.71381e-04  3.71381e-04  5.11387e-11
3.830000000e+00  3.68392e-04  3.68392e-04  5.49502e-11
3.840000000e+00  3.65432e-04  3.65432e-04  5.22268e-11
3.850000000e+00  3.62500e-04  3.62500e-04  5.05828e-11
3.860000000e+00  3.59597e-04  3.59597e-04  5.26588e-11
3.870000000e+00  3.56723e-04  3.56723e-04  5.57445e-11
3.880000000e+00  3.53876e-04  3.53876e-04  5.75591e-11
3.890000000e+00  3.51056e-04  3.51056e-04  5.81175e-11
3.900000000e+00  3.48264e-04  3.48264e-04  5.82148e-11
3.910000000e+00  3.45499e-04  3.45499e-04  5.79444e-11
3.920000000e+00  3.42760e-04  3.42760e-04  5.74536e-11
3.930000000e+00  3.40048e-04  3.40048e-04  5.67330e-11
3.940000000e+00  3.37361e-04  3.37361e-04  5.57487e-11
3.950000000e+00  3.34701e-04  3.34701e-04  5.45800e-11
3.960000000e+00  3.32066e-04  3.32066e-04  5.27143e-11
3.970000000e+00  3.29456e-04  3.29456e-04  5.08314e-11
3.980000000e+00  3.26870e-04  3.26870e-04  4.77582e-11
3.990000000e+00  3.24310e-04  3.24310e-04  4.58611e-11
4.000000000e+00  3.21774e-04  3.21774e-04  4.76427e-11
4.010000000e+00  3.19262e-04  3.19262e-04  4.83334e-11
4.020000000e+00  3.16773e-04  3.16773e-04  4.55094e-11
4.030000000e+00  3.14309e-04  3.14309e-04  4.54058e-11
4.040000000e+00  3.11867e-04  3.11867e-04  4.66907e-11
4.050000000e+00  3.09449e-04  3.09449e-04  4.82668e-11
4.060000000e+00  3.07053e-04  3.07053e-04  4.95845e-11
4.070000000e+00  3.04680e-04  3.04680e-04  4.96693e-11
4.080000000e+00  3.02329e-04  3.02329e-04  4.85193e-11
4.090000000e+00  3.00000e-04  3.00000e-04  4.70341e-11
4.100000000e+00  2.97694e-04  2.97693e-04  4.58683e-11
4.110000000e+00  2.95408e-04  2.95408e-04  4.58243e-11
4.120000000e+00  2.93144e-04  2.93144e-04  4.61265e-11
4.130000000e+00  2.90901e-04  2.90901e-04  4.58397e-11
4.140000000e+00  2.88679e-04  2.88679e-04  4.47084e-11
4.150000000e+00  2.86478e-04  2.86478e-04  4.48415e-11
4.160000000e+00  2.84297e-04  2.84297e-04  4.06110e-11
4.170000000e+00  2.82136e-04  2.82136e-04  1.73807e-11
4.180000000e+00  2.79995e-04  2.79995e-04  6.69710e-12
4.190000000e+00  2.77874e-04  2.77874e-04  4.06210e-12
4.200000000e+00  2.75773e-04  2.75773e-04  1.87820e-12
4.210000000e+00  2.73691e-04  2.73691e-04  5.56689e-13
4.220000000e+00  2.71628e-04  2.71628e-04  1.49474e-13
4.230000000e+00  2.69584e-04  2.69584e-04  7.85922e-14
4.240000000e+00  2.67559e-04  2.67559e-04  6.07266e-14
4.250000000e+00  2.65552e-04  2.65552e-04  5.74428e-14
4.260000000e+00  2.63564e-04  2.63564e-04  6.96779e-14
4.270000000e+00  2.61594e-04  2.61594e-04  7.51099e-14
4.280000000e+00  2.59642e-04  2.59642e-04  6.17995e-14
4.290000000e+00  2.57707e-04  2.57707e-04  6.32649e-14
4.300000000e+00  2.55790e-04  2.55790e-04  7.25672e-14
4.310000000e+00  2.53891e-04  2.53891e-04  8.46564e-14
4.320000000e+00  2.52009e-04  2.52009e-04  1.05347e-13
4.330000000e+00  2.50144e-04  2.50144e-04  1.62790e-13
4.340000000e+00  2.48295e-04  2.48295e-04  2.44628e-13
4.350000000e+00  2.46463e-04  2.46463e-04  3.24018e-13
4.360000000e+00  2.44648e-04  2.44648e-04  3.27318e-13
4.370000000e+00  2.42849e-04  2.42849e-04  3.57412e-13
4.380000000e+00  2.41067e-04  2.41067e-04  4.96002e-13
4.390000000e+00  2.39300e-04  2.39300e-04  7.16374e-13
4.400000000e+00  2.37549e-04  2.37549e-04  5.09438e-13
4.410000000e+00  2.35814e-04  2.35814e-04  5.12865e-13
4.420000000e+00  2.34094e-04  2.34094e-04  6.16977e-13
4.430000000e+00  2.32390e-04  2.32390e-04  8.16194e-13
4.440000000e+00  2.30700e-04  2.30700e-04  1.11008e-12
4.450000000e+00  2.29026e-04  2.29026e-04  1.61413e-12
4.460000000e+00  2.27367e-04  2.27367e-04  2.34615e-12
4.470000000e+00  2.25722e-04  2.25722e-04  2.88730e-12
4.480000000e+00  2.24092e-04  2.24092e-04  3.86055e-12
4.490000000e+00  2.22476e-04  2.22476e-04  4.92679e-12
4.500000000e+00  2.20874e-04  2.20874e-04  7.93352e-12
4.510000000e+00  2.19287e-04  2.19287e-04  1.34849e-11
4.520000000e+00  2.17714e-04  2.17714e-04  1.90516e-11
4.530000000e+00  2.16154e-04  2.16154e-04  2.46487e-11
4.540000000e+00  2.14608e-04  2.14608e-04  2.78517e-11
4.550000000e+00  2.13075e-04  2.13075e-04  2.98626e-11
4.560000000e+00  2.11556e-04  2.11556e-04  3.04100e-11
4.570000000e+00  2.10051e-04  2.10051e-04  3.09360e-11
4.580000000e+00  2.08558e-04  2.08558e-04  3.10858e-11
4.590000000e+00  2.07078e-04  2.07078e-04  3.11452e-11
4.600000000e+00  2.05611e-04  2.05611e-04  3.11173e-11
4.610000000e+00  2.04157e-04  2.04157e-04  3.09900e-11
4.620000000e+00  2.02716e-04  2.02716e-04  2.99639e-11
4.630000000e+00  2.01287e-04  2.01287e-04  2.94857e-11
4.640000000e+00  1.99870e-04  1.99870e-04  2.95985e-11
4.650000000e+00  1.98466e-04  1.98466e-04  2.95073e-11
4.660000000e+00  1.97073e-04  1.97073e-04  2.96799e-11
4.670000000e+00  1.95693e-04  1.95693e-04  2.96092e-11
4.680000000e+00  1.94324e-04  1.94324e-04  2.82556e-11
4.690000000e+00  1.92967e-04  1.92967e-04  2.74445e-11
4.700000000e+00  1.91622e-04  1.91622e-04  2.64633e-11
4.710000000e+00  1.90288e-04  1.90288e-04  1.87198e-11
4.720000000e+00  1.88966e-04  1.88966e-04  2.32693e-11
4.730000000e+00  1.87655e-04  1.87655e-04  2.05763e-11
4.740000000e+00  1.86355e-04  1.86355e-04  1.88403e-11
4.750000000e+00  1.85066e-04  1.85066e-04  1.76384e-11
4.760000000e+00  1.83788e-04  1.83788e-04  1.69885e-11
4.770000000e+00  1.82521e-04  1.82521e-04  1.75127e-11
4.780000000e+00  1.81265e-04  1.81265e-04  1.45750e-11
4.790000000e+00  1.80019e-04  1.80019e-04  1.20564e-11
4.800000000e+00  1.78783e-04  1.78783e-04  9.83468e-12
4.810000000e+00  1.77559e-04  1.77559e-04  6.54732e-12
4.820000000e+00  1.76344e-04  1.76344e-04  3.48531e-12
4.830000000e+00  1.75140e-04  1.75140e-04  4.04871e-12
4.840000000e+00  1.73945e-04  1.73945e-04  4.23640e-12
4.850000000e+00  1.72761e-04  1.72761e-04  4.09277e-12
4.860000000e+00  1.71587e-04  1.71587e-04  3.80470e-12
4.870000000e+00  1.70422e-04  1.70422e-04  4.11466e-12
4.880000000e+00  1.69267e-04  1.69267e-04  4.96572e-12
4.890000000e+00  1.68122e-04  1.68122e-04  5.93924e-12
4.900000000e+00  1.66986e-04  1.66986e-04  9.18487e-12
4.910000000e+00  1.65860e-04  1.65860e-04  1.22350e-11
4.920000000e+00  1.64743e-04  1.64743e-04  1.13341e-11
4.930000000e+00  1.63635e-04  1.63635e-04  1.70064e-11
4.940000000e+00  1.62536e-04  1.62536e-04  1.84005e-11
4.950000000e+00  1.61447e-04  1.61447e-04  1.79374e-11
4.960000000e+00  1.60366e-04  1.60366e-04  1.96215e-11
4.970000000e+00  1.59294e-04  1.59294e-04  2.12818e-11
4.980000000e+00  1.58232e-04  1.58232e-04  2.19775e-11
4.990000000e+00  1.57177e-04  1.57177e-04  2.35860e-11
5.000000000e+00  1.56132e-04  1.56132e-04  2.18969e-11
