# ----------------------------------------------------------------------------------------------
# NASA-GSFC Planetary Spectrum Generator (PSG, Villanueva et al. 2015)
# Atmospheric layering information considered by PUMAS
# Synthesized on Tue Nov 21 15:11:38 2017
# Radiative transfer method: correlated-k
# Synthesis spectral resolution [cm-1] and resolving power: 8.913678 5.010e+02
# Scattering parameters (nmax, lmax): 0 0
# ----------------------------------------------------------------------------------------------
# Molecular abundance profile: 
# Molecules considered: N2,CO2,H2O
# Molecular sources: HIT[22],HIT[2],HIT[1]
# Molecular abundances: 1,1,1
# Molecular abundance units: scl,scl,scl
# Collission-Induced-Absorption:  N2-N2(3.71-5.00um)
# Rayleigh scattering included
# ----------------------------------------------------------------------------------------------
# Aerosols considered: WaterIce,Cloud
# Aerosols sources: CRISM_Wolff[reff=2.0um 0.31-99.57um],White_GSFC[reff=1.0um 0.10-1000000.00um]
# Aerosols abundances: 1,1
# Aerosols abundance units: scl,scl
# Aerosols sizes [um]: 154.844161129,14.0
# ----------------------------------------------------------------------------------------------
# Input layer-by-layer atmospheric profile
# Molecular abundances in molec/molec and aerosols in kg/kg
# ----------------------------------------------------------------------------------------------
# Alt[km] Pressure[bar] Temp[K]         N2        CO2        H2O   WaterIce      Cloud
# ----------------------------------------------------------------------------------------------
    0.000   1.406e+00   283.511   7.439e-01  2.976e-01  9.517e-03  4.911e-10  1.500e-04
    0.253   1.364e+00   286.600   7.439e-01  2.976e-01  9.507e-03  4.935e-15  5.593e-05
    0.626   1.305e+00   289.200   7.439e-01  2.976e-01  9.509e-03  2.204e-26  3.100e-05
    1.231   1.215e+00   289.700   7.441e-01  2.976e-01  9.190e-03  2.460e-12  2.450e-05
    2.067   1.100e+00   287.700   7.448e-01  2.979e-01  7.857e-03  1.318e-08  2.485e-05
    3.125   9.693e-01   283.400   7.459e-01  2.984e-01  6.078e-03  1.471e-07  2.835e-05
    4.391   8.306e-01   277.100   7.467e-01  2.987e-01  4.584e-03  7.378e-07  3.595e-05
    5.750   7.008e-01   269.600   7.476e-01  2.990e-01  3.189e-03  1.816e-06  4.064e-05
    7.084   5.905e-01   262.300   7.482e-01  2.993e-01  2.019e-03  4.666e-06  3.806e-05
    8.394   4.967e-01   255.500   7.487e-01  2.995e-01  1.145e-03  7.788e-06  2.455e-05
    9.685   4.171e-01   249.100   7.490e-01  2.996e-01  6.719e-04  8.168e-06  1.385e-05
   10.960   3.493e-01   242.800   7.492e-01  2.997e-01  3.936e-04  6.128e-06  5.156e-06
   12.230   2.917e-01   236.400   7.493e-01  2.997e-01  2.261e-04  4.328e-06  1.190e-06
   13.480   2.428e-01   229.700   7.493e-01  2.997e-01  1.280e-04  2.134e-06  1.076e-08
   14.720   2.012e-01   222.800   7.494e-01  2.998e-01  6.791e-05  2.086e-06  0.000e+00
   15.960   1.658e-01   216.000   7.494e-01  2.998e-01  3.347e-05  1.920e-06  0.000e+00
   17.210   1.358e-01   210.200   7.494e-01  2.998e-01  1.749e-05  1.465e-06  0.000e+00
   18.480   1.102e-01   206.600   7.494e-01  2.998e-01  1.205e-05  1.039e-06  0.000e+00
   19.790   8.871e-02   205.900   7.494e-01  2.998e-01  1.102e-05  2.670e-07  0.000e+00
   20.980   7.287e-02   206.400   7.494e-01  2.998e-01  1.084e-05  2.331e-08  0.000e+00
   22.000   6.152e-02   206.700   7.494e-01  2.998e-01  1.070e-05  1.448e-08  0.000e+00
   23.060   5.168e-02   206.600   7.494e-01  2.998e-01  1.055e-05  1.398e-08  0.000e+00
   24.140   4.319e-02   205.900   7.494e-01  2.998e-01  1.041e-05  1.528e-08  0.000e+00
   25.250   3.592e-02   204.700   7.494e-01  2.998e-01  1.030e-05  1.641e-08  0.000e+00
   26.380   2.973e-02   203.000   7.494e-01  2.998e-01  1.034e-05  2.006e-08  0.000e+00
   27.520   2.448e-02   201.100   7.494e-01  2.998e-01  1.057e-05  4.521e-08  0.000e+00
   28.690   2.006e-02   198.900   7.494e-01  2.998e-01  1.072e-05  1.102e-07  0.000e+00
   29.870   1.635e-02   196.600   7.494e-01  2.998e-01  1.058e-05  1.639e-07  0.000e+00
   31.070   1.326e-02   194.500   7.494e-01  2.998e-01  1.020e-05  1.912e-07  0.000e+00
   32.280   1.071e-02   192.700   7.494e-01  2.998e-01  9.781e-06  1.999e-07  0.000e+00
   33.520   8.600e-03   191.400   7.494e-01  2.998e-01  9.479e-06  1.815e-07  0.000e+00
   34.770   6.873e-03   190.300   7.494e-01  2.998e-01  9.230e-06  1.737e-07  0.000e+00
   36.040   5.465e-03   189.100   7.494e-01  2.998e-01  8.949e-06  1.966e-07  0.000e+00
   37.330   4.325e-03   187.500   7.494e-01  2.998e-01  8.609e-06  2.622e-07  0.000e+00
   38.630   3.405e-03   185.400   7.494e-01  2.998e-01  8.165e-06  3.783e-07  0.000e+00
   39.950   2.667e-03   183.200   7.494e-01  2.998e-01  7.702e-06  5.283e-07  0.000e+00
   41.280   2.079e-03   181.000   7.494e-01  2.998e-01  7.420e-06  6.318e-07  0.000e+00
   42.620   1.613e-03   179.200   7.494e-01  2.998e-01  7.371e-06  5.705e-07  0.000e+00
   43.970   1.245e-03   178.100   7.494e-01  2.998e-01  7.540e-06  3.828e-07  0.000e+00
   45.350   9.559e-04   177.500   7.494e-01  2.998e-01  7.767e-06  3.119e-07  0.000e+00
   59.890   3.776e-04   177.500   7.494e-01  2.998e-01  7.767e-06  3.119e-07  0.000e+00
   65.650   2.615e-04   177.500   7.494e-01  2.998e-01  7.767e-06  3.119e-07  0.000e+00
   73.680   1.566e-04   177.500   7.494e-01  2.998e-01  7.767e-06  3.119e-07  0.000e+00
   84.890   7.656e-05   177.500   7.494e-01  2.998e-01  7.767e-06  3.119e-07  0.000e+00
  100.500   2.820e-05   177.500   7.494e-01  2.998e-01  7.767e-06  3.119e-07  0.000e+00
  122.400   6.996e-06   177.500   7.494e-01  2.998e-01  7.767e-06  3.119e-07  0.000e+00
  152.800   1.000e-06   177.500   7.494e-01  2.998e-01  7.767e-06  3.119e-07  0.000e+00
#
# ----------------------------------------------------------------------------------------------
# Curtis-Godson integrated layer information used by the radiative transfer analysis
# Oblique molecular layer columns in molec/m2 and aerosols in kg/m2
# ----------------------------------------------------------------------------------------------
# Low[km]  High[km]  Path[km] Pressure[bar] Temp[K]   Airmass   dcol[m-2]         N2        CO2        H2O   WaterIce      Cloud
# ----------------------------------------------------------------------------------------------
    0.000     0.253     0.379   1.385e+00   285.041    1.4980   1.337e+28  9.946e+27  3.979e+27  1.272e+26  4.678e-08  7.266e-02
    0.253     0.626     0.558   1.335e+00   287.886    1.4979   1.877e+28  1.397e+28  5.587e+27  1.785e+26  6.094e-13  4.513e-02
    0.626     1.231     0.907   1.260e+00   289.447    1.4977   2.860e+28  2.128e+28  8.513e+27  2.675e+26  2.168e-10  4.488e-02
    1.231     2.067     1.252   1.157e+00   288.716    1.4975   3.635e+28  2.706e+28  1.082e+28  3.096e+26  3.133e-06  5.087e-02
    2.067     3.125     1.584   1.035e+00   285.591    1.4972   4.154e+28  3.096e+28  1.238e+28  2.885e+26  1.282e-04  6.250e-02
    3.125     4.391     1.895   8.997e-01   280.321    1.4968   4.400e+28  3.284e+28  1.314e+28  2.338e+26  8.986e-04  7.965e-02
    4.391     5.750     2.034   7.654e-01   273.441    1.4964   4.117e+28  3.076e+28  1.230e+28  1.590e+26  2.765e-03  8.918e-02
    5.750     7.084     1.996   6.454e-01   266.040    1.4960   3.501e+28  2.619e+28  1.047e+28  9.013e+25  5.930e-03  7.818e-02
    7.084     8.394     1.959   5.434e-01   258.985    1.4955   2.973e+28  2.225e+28  8.901e+27  4.613e+25  1.021e-02  5.224e-02
    8.394     9.685     1.930   4.568e-01   252.381    1.4951   2.526e+28  1.892e+28  7.567e+27  2.257e+25  1.142e-02  2.698e-02
    9.685    10.960     1.906   3.831e-01   246.032    1.4947   2.146e+28  1.607e+28  6.429e+27  1.124e+25  8.672e-03  1.084e-02
   10.960    12.230     1.898   3.204e-01   239.684    1.4943   1.834e+28  1.374e+28  5.497e+27  5.582e+24  5.409e-03  2.868e-03
   12.230    13.480     1.867   2.671e-01   233.138    1.4939   1.547e+28  1.159e+28  4.637e+27  2.688e+24  2.748e-03  2.371e-04
   13.480    14.720     1.852   2.219e-01   226.343    1.4935   1.313e+28  9.837e+27  3.935e+27  1.255e+24  1.571e-03  4.672e-09
   14.720    15.960     1.852   1.834e-01   219.494    1.4931   1.118e+28  8.381e+27  3.353e+27  5.497e+23  1.271e-03  0.000e+00
   15.960    17.210     1.866   1.507e-01   213.185    1.4928   9.535e+27  7.145e+27  2.859e+27  2.370e+23  9.134e-04  0.000e+00
   17.210    18.480     1.895   1.230e-01   208.459    1.4924   8.076e+27  6.052e+27  2.421e+27  1.186e+23  5.711e-04  0.000e+00
   18.480    19.790     1.954   9.946e-02   206.263    1.4920   6.803e+27  5.098e+27  2.040e+27  7.855e+22  2.246e-04  0.000e+00
   19.790    20.980     1.775   8.080e-02   206.142    1.4916   5.025e+27  3.766e+27  1.507e+27  5.494e+22  2.966e-05  0.000e+00
   20.980    22.000     1.521   6.720e-02   206.546    1.4912   3.578e+27  2.681e+27  1.073e+27  3.854e+22  3.790e-06  0.000e+00
   22.000    23.060     1.580   5.660e-02   206.651    1.4909   3.129e+27  2.345e+27  9.382e+26  3.326e+22  2.527e-06  0.000e+00
   23.060    24.140     1.610   4.744e-02   206.261    1.4906   2.676e+27  2.006e+27  8.023e+26  2.805e+22  2.216e-06  0.000e+00
   24.140    25.250     1.654   3.955e-02   205.318    1.4902   2.303e+27  1.726e+27  6.905e+26  2.385e+22  2.067e-06  0.000e+00
   25.250    26.380     1.684   3.282e-02   203.876    1.4899   1.959e+27  1.468e+27  5.872e+26  2.021e+22  2.013e-06  0.000e+00
   26.380    27.520     1.698   2.710e-02   202.080    1.4895   1.646e+27  1.233e+27  4.933e+26  1.720e+22  2.852e-06  0.000e+00
   27.520    28.690     1.742   2.227e-02   200.035    1.4892   1.401e+27  1.050e+27  4.201e+26  1.491e+22  5.716e-06  0.000e+00
   28.690    29.870     1.757   1.820e-02   197.788    1.4888   1.168e+27  8.752e+26  3.501e+26  1.244e+22  8.903e-06  0.000e+00
   29.870    31.070     1.786   1.480e-02   195.585    1.4885   9.763e+26  7.317e+26  2.927e+26  1.015e+22  9.787e-06  0.000e+00
   31.070    32.280     1.801   1.198e-02   193.631    1.4881   8.047e+26  6.030e+26  2.412e+26  8.044e+21  8.916e-06  0.000e+00
   32.280    33.520     1.845   9.655e-03   192.073    1.4877   6.694e+26  5.016e+26  2.007e+26  6.449e+21  7.247e-06  0.000e+00
   33.520    34.770     1.859   7.736e-03   190.870    1.4873   5.439e+26  4.076e+26  1.630e+26  5.090e+21  5.482e-06  0.000e+00
   34.770    36.040     1.888   6.169e-03   189.723    1.4869   4.431e+26  3.320e+26  1.328e+26  4.029e+21  4.636e-06  0.000e+00
   36.040    37.330     1.918   4.895e-03   188.331    1.4865   3.596e+26  2.695e+26  1.078e+26  3.159e+21  4.621e-06  0.000e+00
   37.330    38.630     1.932   3.864e-03   186.490    1.4862   2.888e+26  2.164e+26  8.659e+25  2.424e+21  5.151e-06  0.000e+00
   38.630    39.950     1.961   3.036e-03   184.343    1.4858   2.329e+26  1.746e+26  6.983e+25  1.850e+21  5.895e-06  0.000e+00
   39.950    41.280     1.976   2.373e-03   182.144    1.4853   1.856e+26  1.391e+26  5.563e+25  1.404e+21  6.067e-06  0.000e+00
   41.280    42.620     1.990   1.846e-03   180.137    1.4849   1.470e+26  1.102e+26  4.407e+25  1.087e+21  5.018e-06  0.000e+00
   42.620    43.970     2.004   1.429e-03   178.673    1.4845   1.155e+26  8.657e+25  3.463e+25  8.608e+20  3.108e-06  0.000e+00
   43.970    45.350     2.048   1.100e-03   177.813    1.4841   9.133e+25  6.844e+25  2.738e+25  6.985e+20  1.801e-06  0.000e+00
   45.350    59.890    21.544   6.673e-04   177.500    1.4817   5.475e+26  4.103e+26  1.642e+26  4.253e+21  9.686e-06  0.000e+00
   59.890    65.650     8.517   3.196e-04   177.500    1.4787   1.098e+26  8.232e+25  3.293e+25  8.532e+20  1.943e-06  0.000e+00
   65.650    73.680    11.858   2.091e-04   177.500    1.4767   9.901e+25  7.420e+25  2.968e+25  7.690e+20  1.751e-06  0.000e+00
   73.680    84.890    16.522   1.166e-04   177.500    1.4738   7.542e+25  5.652e+25  2.261e+25  5.858e+20  1.334e-06  0.000e+00
   84.890   100.500    22.946   5.244e-05   177.500    1.4700   4.535e+25  3.399e+25  1.360e+25  3.523e+20  8.023e-07  0.000e+00
  100.500   122.400    32.075   1.767e-05   177.500    1.4646   1.992e+25  1.493e+25  5.973e+24  1.547e+20  3.525e-07  0.000e+00
  122.400   152.800    44.304   4.051e-06   177.500    1.4574   5.582e+24  4.183e+24  1.673e+24  4.335e+19  9.875e-08  0.000e+00
# ----------------------------------------------------------------------------------------------
# Integrated atmospheric columns                       1.4956   4.465e+29  3.336e+29  1.334e+29  1.745e+27  5.288e-02  6.162e-01
# ----------------------------------------------------------------------------------------------
