results_atm.txt
# ------------------------------------------------------------------------
# Atmospheric radiances synthesized with PUMAS (Villanueva et al. 2016, Smith et al. 2009, Edwards 1992)
# Molecular abundance profile: 
# Molecules considered: N2,CO2,H2O
# Molecular sources: HIT[22],HIT[2],HIT[1]
# Molecular abundances: 1,1,1
# Molecular abundance units: scl,scl,scl
# Collission-Induced-Absorption:  N2-N2(3.33-5.41um)
# Rayleigh scattering included
# ------------------------------------------------------------------------
# Wave/freq TRAPPIST-1-e
1.000000000e+00  3.97494e-10
1.010000000e+00  4.00017e-10
1.020000000e+00  4.02332e-10
1.030000000e+00  4.04436e-10
1.040000000e+00  3.96205e-10
1.050000000e+00  4.07924e-10
1.060000000e+00  4.08858e-10
1.070000000e+00  4.07883e-10
1.080000000e+00  4.11703e-10
1.090000000e+00  4.12867e-10
1.100000000e+00  4.13530e-10
1.110000000e+00  4.14115e-10
1.120000000e+00  4.12052e-10
1.130000000e+00  4.11395e-10
1.140000000e+00  4.13651e-10
1.150000000e+00  4.12939e-10
1.160000000e+00  4.14465e-10
1.170000000e+00  4.14482e-10
1.180000000e+00  4.13959e-10
1.190000000e+00  4.13345e-10
1.200000000e+00  4.12694e-10
1.210000000e+00  3.59513e-10
1.220000000e+00  3.83214e-10
1.230000000e+00  3.92569e-10
1.240000000e+00  4.03300e-10
1.250000000e+00  4.07318e-10
1.260000000e+00  4.04602e-10
1.270000000e+00  4.03157e-10
1.280000000e+00  4.03312e-10
1.290000000e+00  3.99009e-10
1.300000000e+00  3.94367e-10
1.310000000e+00  3.98013e-10
1.320000000e+00  3.72266e-10
1.330000000e+00  3.93938e-10
1.340000000e+00  3.77249e-10
1.350000000e+00  3.85785e-10
1.360000000e+00  3.79663e-10
1.370000000e+00  3.75532e-10
1.380000000e+00  3.73834e-10
1.390000000e+00  3.74129e-10
1.400000000e+00  3.72261e-10
1.410000000e+00  3.68791e-10
1.420000000e+00  3.73294e-10
1.430000000e+00  3.68560e-10
1.440000000e+00  2.32435e-10
1.450000000e+00  3.16726e-10
1.460000000e+00  3.61088e-10
1.470000000e+00  3.59009e-10
1.480000000e+00  3.38210e-10
1.490000000e+00  3.50477e-10
1.500000000e+00  3.35781e-10
1.510000000e+00  3.49557e-10
1.520000000e+00  3.47336e-10
1.530000000e+00  3.25335e-10
1.540000000e+00  3.05810e-10
1.550000000e+00  3.33272e-10
1.560000000e+00  3.35552e-10
1.570000000e+00  3.07494e-10
1.580000000e+00  2.41505e-10
1.590000000e+00  3.15944e-10
1.600000000e+00  2.97031e-10
1.610000000e+00  2.36853e-10
1.620000000e+00  2.87974e-10
1.630000000e+00  3.05678e-10
1.640000000e+00  2.94173e-10
1.650000000e+00  2.88330e-10
1.660000000e+00  2.99025e-10
1.670000000e+00  2.98861e-10
1.680000000e+00  2.98885e-10
1.690000000e+00  3.00701e-10
1.700000000e+00  2.99020e-10
1.710000000e+00  2.94122e-10
1.720000000e+00  2.93204e-10
1.730000000e+00  2.91145e-10
1.740000000e+00  2.88524e-10
1.750000000e+00  2.85746e-10
1.760000000e+00  2.82699e-10
1.770000000e+00  2.80160e-10
1.780000000e+00  2.77614e-10
1.790000000e+00  2.74713e-10
1.800000000e+00  2.72056e-10
1.810000000e+00  2.69054e-10
1.820000000e+00  2.64526e-10
1.830000000e+00  2.60145e-10
1.840000000e+00  2.54398e-10
1.850000000e+00  2.52541e-10
1.860000000e+00  2.48424e-10
1.870000000e+00  2.48048e-10
1.880000000e+00  2.26137e-10
1.890000000e+00  2.24969e-10
1.900000000e+00  2.37120e-10
1.910000000e+00  2.35265e-10
1.920000000e+00  2.36626e-10
1.930000000e+00  2.34378e-10
1.940000000e+00  2.25576e-10
1.950000000e+00  1.56672e-10
1.960000000e+00  9.61179e-11
1.970000000e+00  1.01117e-10
1.980000000e+00  1.53914e-10
1.990000000e+00  1.83388e-10
2.000000000e+00  1.38451e-10
2.010000000e+00  6.76484e-11
2.020000000e+00  7.81958e-11
2.030000000e+00  1.20856e-10
2.040000000e+00  1.26954e-10
2.050000000e+00  1.22109e-10
2.060000000e+00  9.07765e-11
2.070000000e+00  9.61034e-11
2.080000000e+00  1.18146e-10
2.090000000e+00  1.31147e-10
2.100000000e+00  1.51519e-10
2.110000000e+00  1.70539e-10
2.120000000e+00  1.75449e-10
2.130000000e+00  1.86853e-10
2.140000000e+00  1.87886e-10
2.150000000e+00  1.74078e-10
2.160000000e+00  1.72531e-10
2.170000000e+00  1.70496e-10
2.180000000e+00  1.76249e-10
2.190000000e+00  1.79811e-10
2.200000000e+00  1.79228e-10
2.210000000e+00  1.77750e-10
2.220000000e+00  1.75180e-10
2.230000000e+00  1.73546e-10
2.240000000e+00  1.72479e-10
2.250000000e+00  1.70574e-10
2.260000000e+00  1.67964e-10
2.270000000e+00  1.66858e-10
2.280000000e+00  1.64922e-10
2.290000000e+00  1.63472e-10
2.300000000e+00  1.61689e-10
2.310000000e+00  1.59941e-10
2.320000000e+00  1.58216e-10
2.330000000e+00  1.56479e-10
2.340000000e+00  1.54759e-10
2.350000000e+00  1.53058e-10
2.360000000e+00  1.51368e-10
2.370000000e+00  1.49707e-10
2.380000000e+00  1.48010e-10
2.390000000e+00  1.46277e-10
2.400000000e+00  1.44567e-10
2.410000000e+00  1.42929e-10
2.420000000e+00  1.41520e-10
2.430000000e+00  1.40119e-10
2.440000000e+00  1.37988e-10
2.450000000e+00  1.36772e-10
2.460000000e+00  1.35482e-10
2.470000000e+00  1.33829e-10
2.480000000e+00  1.31537e-10
2.490000000e+00  1.26744e-10
2.500000000e+00  1.26037e-10
2.510000000e+00  1.24725e-10
2.520000000e+00  1.22750e-10
2.530000000e+00  1.23552e-10
2.540000000e+00  1.21397e-10
2.550000000e+00  1.18193e-10
2.560000000e+00  1.18093e-10
2.570000000e+00  1.09943e-10
2.580000000e+00  1.04660e-10
2.590000000e+00  1.00169e-10
2.600000000e+00  9.25810e-11
2.610000000e+00  9.48964e-11
2.620000000e+00  9.29038e-11
2.630000000e+00  9.67472e-11
2.640000000e+00  9.47714e-11
2.650000000e+00  9.98122e-11
2.660000000e+00  7.93880e-11
2.670000000e+00  2.61115e-11
2.680000000e+00  6.87551e-12
2.690000000e+00  2.27537e-12
2.700000000e+00  3.12694e-12
2.710000000e+00  3.22361e-12
2.720000000e+00  6.57244e-12
2.730000000e+00  1.04880e-11
2.740000000e+00  1.01044e-11
2.750000000e+00  5.91318e-12
2.760000000e+00  2.08772e-12
2.770000000e+00  1.62323e-12
2.780000000e+00  1.21559e-12
2.790000000e+00  1.44043e-12
2.800000000e+00  2.05439e-12
2.810000000e+00  2.61158e-12
2.820000000e+00  2.76025e-12
2.830000000e+00  2.73728e-12
2.840000000e+00  2.82678e-12
2.850000000e+00  2.13259e-12
2.860000000e+00  3.03631e-12
2.870000000e+00  5.63105e-12
2.880000000e+00  8.69248e-12
2.890000000e+00  1.39430e-11
2.900000000e+00  2.06771e-11
2.910000000e+00  2.46209e-11
2.920000000e+00  2.69743e-11
2.930000000e+00  2.78422e-11
2.940000000e+00  2.86960e-11
2.950000000e+00  2.97972e-11
2.960000000e+00  2.97448e-11
2.970000000e+00  2.76232e-11
2.980000000e+00  2.47581e-11
2.990000000e+00  2.42897e-11
3.000000000e+00  2.71291e-11
3.010000000e+00  2.97401e-11
3.020000000e+00  2.79299e-11
3.030000000e+00  2.94655e-11
3.040000000e+00  3.11969e-11
3.050000000e+00  3.20965e-11
3.060000000e+00  3.23065e-11
3.070000000e+00  3.29943e-11
3.080000000e+00  3.33242e-11
3.090000000e+00  3.32089e-11
3.100000000e+00  3.31854e-11
3.110000000e+00  3.29272e-11
3.120000000e+00  3.20706e-11
3.130000000e+00  3.14171e-11
3.140000000e+00  3.18450e-11
3.150000000e+00  3.25571e-11
3.160000000e+00  3.24679e-11
3.170000000e+00  3.22676e-11
3.180000000e+00  3.28504e-11
3.190000000e+00  3.34581e-11
3.200000000e+00  3.40244e-11
3.210000000e+00  3.46017e-11
3.220000000e+00  3.53297e-11
3.230000000e+00  3.59072e-11
3.240000000e+00  3.68751e-11
3.250000000e+00  3.74420e-11
3.260000000e+00  3.83302e-11
3.270000000e+00  3.89457e-11
3.280000000e+00  3.98925e-11
3.290000000e+00  4.08586e-11
3.300000000e+00  4.15667e-11
3.310000000e+00  4.23526e-11
3.320000000e+00  4.33753e-11
3.330000000e+00  4.39253e-11
3.340000000e+00  4.47195e-11
3.350000000e+00  4.52647e-11
3.360000000e+00  4.52758e-11
3.370000000e+00  4.66056e-11
3.380000000e+00  4.73234e-11
3.390000000e+00  4.78859e-11
3.400000000e+00  4.81925e-11
3.410000000e+00  4.84343e-11
3.420000000e+00  4.86899e-11
3.430000000e+00  4.89236e-11
3.440000000e+00  4.91478e-11
3.450000000e+00  4.93215e-11
3.460000000e+00  4.92867e-11
3.470000000e+00  4.91900e-11
3.480000000e+00  4.90806e-11
3.490000000e+00  4.89718e-11
3.500000000e+00  4.88603e-11
3.510000000e+00  4.87463e-11
3.520000000e+00  4.85899e-11
3.530000000e+00  4.83141e-11
3.540000000e+00  4.80306e-11
3.550000000e+00  4.77375e-11
3.560000000e+00  4.74103e-11
3.570000000e+00  4.70207e-11
3.580000000e+00  4.65852e-11
3.590000000e+00  4.59798e-11
3.600000000e+00  4.49325e-11
3.610000000e+00  4.39167e-11
3.620000000e+00  4.30887e-11
3.630000000e+00  4.34874e-11
3.640000000e+00  4.30193e-11
3.650000000e+00  4.22657e-11
3.660000000e+00  4.26738e-11
3.670000000e+00  4.31834e-11
3.680000000e+00  4.31882e-11
3.690000000e+00  4.28680e-11
3.700000000e+00  4.25397e-11
3.710000000e+00  4.22362e-11
3.720000000e+00  4.18106e-11
3.730000000e+00  4.14770e-11
3.740000000e+00  4.11647e-11
3.750000000e+00  4.07171e-11
3.760000000e+00  3.99702e-11
3.770000000e+00  3.91028e-11
3.780000000e+00  3.82214e-11
3.790000000e+00  3.71706e-11
3.800000000e+00  3.49757e-11
3.810000000e+00  3.21690e-11
3.820000000e+00  3.22808e-11
3.830000000e+00  3.41198e-11
3.840000000e+00  3.26487e-11
3.850000000e+00  3.16950e-11
3.860000000e+00  3.26878e-11
3.870000000e+00  3.42583e-11
3.880000000e+00  3.51151e-11
3.890000000e+00  3.53603e-11
3.900000000e+00  3.53926e-11
3.910000000e+00  3.52104e-11
3.920000000e+00  3.48859e-11
3.930000000e+00  3.44137e-11
3.940000000e+00  3.37879e-11
3.950000000e+00  3.30656e-11
3.960000000e+00  3.19758e-11
3.970000000e+00  3.09279e-11
3.980000000e+00  2.92086e-11
3.990000000e+00  2.81325e-11
4.000000000e+00  2.90219e-11
4.010000000e+00  2.93425e-11
4.020000000e+00  2.78011e-11
4.030000000e+00  2.76733e-11
4.040000000e+00  2.82736e-11
4.050000000e+00  2.90659e-11
4.060000000e+00  2.97548e-11
4.070000000e+00  2.97712e-11
4.080000000e+00  2.90614e-11
4.090000000e+00  2.82204e-11
4.100000000e+00  2.75796e-11
4.110000000e+00  2.75229e-11
4.120000000e+00  2.76422e-11
4.130000000e+00  2.74391e-11
4.140000000e+00  2.67927e-11
4.150000000e+00  2.68127e-11
4.160000000e+00  2.41104e-11
4.170000000e+00  1.39213e-11
4.180000000e+00  9.47513e-12
4.190000000e+00  6.48866e-12
4.200000000e+00  3.74104e-12
4.210000000e+00  1.35865e-12
4.220000000e+00  4.21863e-13
4.230000000e+00  2.00739e-13
4.240000000e+00  1.30124e-13
4.250000000e+00  1.15850e-13
4.260000000e+00  1.57869e-13
4.270000000e+00  1.76171e-13
4.280000000e+00  1.23584e-13
4.290000000e+00  1.27197e-13
4.300000000e+00  1.59334e-13
4.310000000e+00  2.02873e-13
4.320000000e+00  2.63979e-13
4.330000000e+00  4.10239e-13
4.340000000e+00  6.00340e-13
4.350000000e+00  7.69590e-13
4.360000000e+00  7.63642e-13
4.370000000e+00  8.16346e-13
4.380000000e+00  1.09095e-12
4.390000000e+00  1.50410e-12
4.400000000e+00  1.11151e-12
4.410000000e+00  1.11600e-12
4.420000000e+00  1.31737e-12
4.430000000e+00  1.68829e-12
4.440000000e+00  2.14195e-12
4.450000000e+00  2.84546e-12
4.460000000e+00  3.74622e-12
4.470000000e+00  4.39654e-12
4.480000000e+00  5.55770e-12
4.490000000e+00  6.43407e-12
4.500000000e+00  7.56428e-12
4.510000000e+00  9.61376e-12
4.520000000e+00  1.19896e-11
4.530000000e+00  1.47649e-11
4.540000000e+00  1.64874e-11
4.550000000e+00  1.76296e-11
4.560000000e+00  1.79788e-11
4.570000000e+00  1.82821e-11
4.580000000e+00  1.83719e-11
4.590000000e+00  1.84102e-11
4.600000000e+00  1.83980e-11
4.610000000e+00  1.83124e-11
4.620000000e+00  1.76951e-11
4.630000000e+00  1.73893e-11
4.640000000e+00  1.74513e-11
4.650000000e+00  1.73981e-11
4.660000000e+00  1.74880e-11
4.670000000e+00  1.74408e-11
4.680000000e+00  1.66511e-11
4.690000000e+00  1.61899e-11
4.700000000e+00  1.55260e-11
4.710000000e+00  1.17470e-11
4.720000000e+00  1.38605e-11
4.730000000e+00  1.24259e-11
4.740000000e+00  1.15247e-11
4.750000000e+00  1.09335e-11
4.760000000e+00  1.06182e-11
4.770000000e+00  1.07665e-11
4.780000000e+00  9.43577e-12
4.790000000e+00  8.22482e-12
4.800000000e+00  7.36666e-12
4.810000000e+00  6.23866e-12
4.820000000e+00  4.28278e-12
4.830000000e+00  5.05559e-12
4.840000000e+00  5.28939e-12
4.850000000e+00  5.23716e-12
4.860000000e+00  4.93290e-12
4.870000000e+00  5.15978e-12
4.880000000e+00  5.50318e-12
4.890000000e+00  5.58585e-12
4.900000000e+00  6.93592e-12
4.910000000e+00  8.02037e-12
4.920000000e+00  7.70032e-12
4.930000000e+00  1.02804e-11
4.940000000e+00  1.09175e-11
4.950000000e+00  1.06950e-11
4.960000000e+00  1.15238e-11
4.970000000e+00  1.24479e-11
4.980000000e+00  1.28569e-11
4.990000000e+00  1.37036e-11
5.000000000e+00  1.26588e-11
results_cfg.txt
<OBJECT-SUMMARY>Target: TRAPPIST-1 e for date (2017/05/25 15:22 UT); geometry: Observatory.
<OBJECT>Exoplanet
<OBJECT-NAME>TRAPPIST-1 e
<OBJECT-DATE>2017/05/25 15:22
<OBJECT-DIAMETER>11697
<OBJECT-GRAVITY>3.703632e+24
<OBJECT-GRAVITY-UNIT>kg
<OBJECT-STAR-DISTANCE>0.028170
<OBJECT-STAR-VELOCITY>0
<OBJECT-SOLAR-LONGITUDE>0
<OBJECT-SOLAR-LATITUDE>0
<OBJECT-SEASON>280
<OBJECT-SEASON-YEAR>2016
<OBJECT-STAR-TYPE>M
<OBJECT-STAR-TEMPERATURE>2559.0
<OBJECT-STAR-RADIUS>0.12
<OBJECT-OBS-LONGITUDE>0.0
<OBJECT-OBS-LATITUDE>89.860
<GEOMETRY>Observatory
<GEOMETRY-OFFSET-UNIT>arcsec
<GEOMETRY-OBS-ALTITUDE>12.10
<GEOMETRY-ALTITUDE-UNIT>pc
<GEOMETRY-OBS-ANGLE>48.121
<GEOMETRY-SOLAR-ANGLE>74.139
<GEOMETRY-PLANET-FRACTION>9.985186e-01
<GEOMETRY-STAR-DISTANCE>0.000000e+00
<GEOMETRY-STAR-FRACTION>0.000000e+00
<GEOMETRY-SOLAR-ANGLE>74.139
<GEOMETRY-PHASE>280.000
<ATMOSPHERE-STRUCTURE>Equilibrium
<ATMOSPHERE-WEIGHT>34.1538974289
<ATMOSPHERE-PRESSURE>1.4050765381
<ATMOSPHERE-PUNIT>bar
<ATMOSPHERE-NGAS>3
<ATMOSPHERE-GAS>N2,CO2,H2O
<ATMOSPHERE-TYPE>HIT[22],HIT[2],HIT[1]
<ATMOSPHERE-ABUN>1,1,1
<ATMOSPHERE-UNIT>scl,scl,scl
<ATMOSPHERE-NAERO>2
<ATMOSPHERE-AEROS>WaterIce,Cloud
<ATMOSPHERE-ATYPE>CRISM_Wolff[reff=2.0um 0.31-99.57um],White_GSFC[reff=1.0um 0.10-1000000.00um]
<ATMOSPHERE-AABUN>1,1
<ATMOSPHERE-AUNIT>scl,scl
<ATMOSPHERE-NMAX>0
<ATMOSPHERE-LMAX>0
<ATMOSPHERE-ASIZE>155.682668954,14.0
<ATMOSPHERE-LAYERS-MOLECULES>Altitude,N2,CO2,H2O,WaterIce,Cloud
<ATMOSPHERE-LAYERS>47
<ATMOSPHERE-LAYER-1>1.395E+00,2.923E+02,6.390E-02,7.403E-01,2.961E-01,1.569E-02,4.339E-12,1.108E-04
<ATMOSPHERE-LAYER-2>1.363E+00,2.927E+02,2.590E-01,7.406E-01,2.963E-01,1.511E-02,1.744E-27,5.255E-05
<ATMOSPHERE-LAYER-3>1.304E+00,2.931E+02,6.377E-01,7.417E-01,2.967E-01,1.330E-02,3.001E-26,3.225E-05
<ATMOSPHERE-LAYER-4>1.214E+00,2.921E+02,1.250E+00,7.434E-01,2.974E-01,1.038E-02,2.596E-12,1.684E-05
<ATMOSPHERE-LAYER-5>1.100E+00,2.894E+02,2.091E+00,7.448E-01,2.979E-01,7.868E-03,9.613E-09,1.217E-05
<ATMOSPHERE-LAYER-6>9.689E-01,2.846E+02,3.155E+00,7.461E-01,2.985E-01,5.687E-03,7.209E-08,1.408E-05
<ATMOSPHERE-LAYER-7>8.303E-01,2.780E+02,4.425E+00,7.470E-01,2.988E-01,4.174E-03,3.530E-07,2.029E-05
<ATMOSPHERE-LAYER-8>7.006E-01,2.702E+02,5.788E+00,7.477E-01,2.991E-01,2.969E-03,1.211E-06,3.018E-05
<ATMOSPHERE-LAYER-9>5.903E-01,2.626E+02,7.124E+00,7.483E-01,2.993E-01,1.987E-03,4.062E-06,4.514E-05
<ATMOSPHERE-LAYER-10>4.966E-01,2.556E+02,8.435E+00,7.487E-01,2.995E-01,1.211E-03,6.963E-06,4.149E-05
<ATMOSPHERE-LAYER-11>4.169E-01,2.488E+02,9.726E+00,7.490E-01,2.996E-01,7.021E-04,7.617E-06,2.243E-05
<ATMOSPHERE-LAYER-12>3.492E-01,2.420E+02,1.100E+01,7.492E-01,2.997E-01,4.020E-04,6.136E-06,6.584E-06
<ATMOSPHERE-LAYER-13>2.917E-01,2.353E+02,1.226E+01,7.493E-01,2.997E-01,2.229E-04,4.332E-06,1.565E-06
<ATMOSPHERE-LAYER-14>2.427E-01,2.286E+02,1.350E+01,7.493E-01,2.997E-01,1.163E-04,2.298E-06,5.861E-08
<ATMOSPHERE-LAYER-15>2.011E-01,2.217E+02,1.474E+01,7.494E-01,2.998E-01,5.830E-05,2.038E-06,0.000E+00
<ATMOSPHERE-LAYER-16>1.658E-01,2.153E+02,1.598E+01,7.494E-01,2.998E-01,2.915E-05,1.795E-06,0.000E+00
<ATMOSPHERE-LAYER-17>1.357E-01,2.100E+02,1.722E+01,7.494E-01,2.998E-01,1.654E-05,1.539E-06,0.000E+00
<ATMOSPHERE-LAYER-18>1.102E-01,2.067E+02,1.850E+01,7.494E-01,2.998E-01,1.198E-05,8.113E-07,0.000E+00
<ATMOSPHERE-LAYER-19>8.871E-02,2.059E+02,1.980E+01,7.494E-01,2.998E-01,1.104E-05,1.282E-07,0.000E+00
<ATMOSPHERE-LAYER-20>7.287E-02,2.062E+02,2.099E+01,7.494E-01,2.998E-01,1.085E-05,2.216E-08,0.000E+00
<ATMOSPHERE-LAYER-21>6.152E-02,2.064E+02,2.201E+01,7.494E-01,2.998E-01,1.072E-05,2.059E-08,0.000E+00
<ATMOSPHERE-LAYER-22>5.168E-02,2.062E+02,2.307E+01,7.494E-01,2.998E-01,1.057E-05,2.217E-08,0.000E+00
<ATMOSPHERE-LAYER-23>4.319E-02,2.054E+02,2.414E+01,7.494E-01,2.998E-01,1.043E-05,2.575E-08,0.000E+00
<ATMOSPHERE-LAYER-24>3.592E-02,2.041E+02,2.525E+01,7.494E-01,2.998E-01,1.034E-05,2.931E-08,0.000E+00
<ATMOSPHERE-LAYER-25>2.973E-02,2.025E+02,2.638E+01,7.494E-01,2.998E-01,1.043E-05,3.683E-08,0.000E+00
<ATMOSPHERE-LAYER-26>2.448E-02,2.006E+02,2.752E+01,7.494E-01,2.998E-01,1.071E-05,7.222E-08,0.000E+00
<ATMOSPHERE-LAYER-27>2.006E-02,1.984E+02,2.868E+01,7.494E-01,2.998E-01,1.078E-05,1.387E-07,0.000E+00
<ATMOSPHERE-LAYER-28>1.635E-02,1.962E+02,2.986E+01,7.494E-01,2.998E-01,1.053E-05,1.948E-07,0.000E+00
<ATMOSPHERE-LAYER-29>1.326E-02,1.940E+02,3.106E+01,7.494E-01,2.998E-01,1.014E-05,2.370E-07,0.000E+00
<ATMOSPHERE-LAYER-30>1.071E-02,1.921E+02,3.227E+01,7.494E-01,2.998E-01,9.829E-06,2.825E-07,0.000E+00
<ATMOSPHERE-LAYER-31>8.600E-03,1.906E+02,3.350E+01,7.494E-01,2.998E-01,9.608E-06,3.187E-07,0.000E+00
<ATMOSPHERE-LAYER-32>6.873E-03,1.893E+02,3.474E+01,7.494E-01,2.998E-01,9.450E-06,3.407E-07,0.000E+00
<ATMOSPHERE-LAYER-33>5.465E-03,1.880E+02,3.601E+01,7.494E-01,2.998E-01,9.282E-06,3.890E-07,0.000E+00
<ATMOSPHERE-LAYER-34>4.325E-03,1.863E+02,3.729E+01,7.494E-01,2.998E-01,8.989E-06,4.949E-07,0.000E+00
<ATMOSPHERE-LAYER-35>3.405E-03,1.842E+02,3.859E+01,7.494E-01,2.998E-01,8.511E-06,6.798E-07,0.000E+00
<ATMOSPHERE-LAYER-36>2.667E-03,1.819E+02,3.989E+01,7.494E-01,2.998E-01,7.947E-06,8.958E-07,0.000E+00
<ATMOSPHERE-LAYER-37>2.079E-03,1.797E+02,4.121E+01,7.494E-01,2.998E-01,7.522E-06,9.667E-07,0.000E+00
<ATMOSPHERE-LAYER-38>1.613E-03,1.781E+02,4.254E+01,7.494E-01,2.998E-01,7.359E-06,7.781E-07,0.000E+00
<ATMOSPHERE-LAYER-39>1.245E-03,1.781E+02,4.389E+01,7.494E-01,2.998E-01,7.507E-06,4.426E-07,0.000E+00
<ATMOSPHERE-LAYER-40>9.559E-04,1.791E+02,4.527E+01,7.494E-01,2.998E-01,7.754E-06,3.442E-07,0.000E+00
<ATMOSPHERE-LAYER-41>3.776E-04,1.791E+02,5.990E+01,7.494E-01,2.998E-01,7.754E-06,3.442E-07,0.000E+00
<ATMOSPHERE-LAYER-42>2.615E-04,1.791E+02,6.569E+01,7.494E-01,2.998E-01,7.754E-06,3.442E-07,0.000E+00
<ATMOSPHERE-LAYER-43>1.566E-04,1.791E+02,7.377E+01,7.494E-01,2.998E-01,7.754E-06,3.442E-07,0.000E+00
<ATMOSPHERE-LAYER-44>7.656E-05,1.791E+02,8.505E+01,7.494E-01,2.998E-01,7.754E-06,3.442E-07,0.000E+00
<ATMOSPHERE-LAYER-45>2.820E-05,1.791E+02,1.008E+02,7.494E-01,2.998E-01,7.754E-06,3.442E-07,0.000E+00
<ATMOSPHERE-LAYER-46>6.996E-06,1.791E+02,1.227E+02,7.494E-01,2.998E-01,7.754E-06,3.442E-07,0.000E+00
<ATMOSPHERE-LAYER-47>1.000E-06,1.791E+02,1.534E+02,7.494E-01,2.998E-01,7.754E-06,3.442E-07,0.000E+00
<SURFACE-TEMPERATURE>291.8516846
<SURFACE-ALBEDO>0.1459557
<SURFACE-EMISSIVITY>0.8540443
results_lyr.txt
# ----------------------------------------------------------------------------------------------
# NASA-GSFC Planetary Spectrum Generator (PSG, Villanueva et al. 2015)
# Atmospheric layering information considered by PUMAS
# Synthesized on Tue Nov 21 15:08:42 2017
# Radiative transfer method: correlated-k
# Synthesis spectral resolution [cm-1] and resolving power: 8.913678 5.010e+02
# Scattering parameters (nmax, lmax): 0 0
# ----------------------------------------------------------------------------------------------
# Molecular abundance profile: 
# Molecules considered: N2,CO2,H2O
# Molecular sources: HIT[22],HIT[2],HIT[1]
# Molecular abundances: 1,1,1
# Molecular abundance units: scl,scl,scl
# Collission-Induced-Absorption:  N2-N2(3.33-5.41um)
# Rayleigh scattering included
# ----------------------------------------------------------------------------------------------
# Aerosols considered: WaterIce,Cloud
# Aerosols sources: CRISM_Wolff[reff=2.0um 0.31-99.57um],White_GSFC[reff=1.0um 0.10-1000000.00um]
# Aerosols abundances: 1,1
# Aerosols abundance units: scl,scl
# Aerosols sizes [um]: 155.682668954,14.0
# ----------------------------------------------------------------------------------------------
# Input layer-by-layer atmospheric profile
# Molecular abundances in molec/molec and aerosols in kg/kg
# ----------------------------------------------------------------------------------------------
# Alt[km] Pressure[bar] Temp[K]         N2        CO2        H2O   WaterIce      Cloud
# ----------------------------------------------------------------------------------------------
    0.000   1.405e+00   291.852   7.403e-01  2.961e-01  1.569e-02  4.339e-12  1.108e-04
    0.259   1.363e+00   292.700   7.406e-01  2.963e-01  1.511e-02  1.744e-27  5.255e-05
    0.638   1.304e+00   293.100   7.417e-01  2.967e-01  1.330e-02  3.001e-26  3.225e-05
    1.250   1.214e+00   292.100   7.434e-01  2.974e-01  1.038e-02  2.596e-12  1.684e-05
    2.091   1.100e+00   289.400   7.448e-01  2.979e-01  7.868e-03  9.613e-09  1.217e-05
    3.155   9.689e-01   284.600   7.461e-01  2.985e-01  5.687e-03  7.209e-08  1.408e-05
    4.425   8.303e-01   278.000   7.470e-01  2.988e-01  4.174e-03  3.530e-07  2.029e-05
    5.788   7.006e-01   270.200   7.477e-01  2.991e-01  2.969e-03  1.211e-06  3.018e-05
    7.124   5.903e-01   262.600   7.483e-01  2.993e-01  1.987e-03  4.062e-06  4.514e-05
    8.435   4.966e-01   255.600   7.487e-01  2.995e-01  1.211e-03  6.963e-06  4.149e-05
    9.726   4.169e-01   248.800   7.490e-01  2.996e-01  7.021e-04  7.617e-06  2.243e-05
   11.000   3.492e-01   242.000   7.492e-01  2.997e-01  4.020e-04  6.136e-06  6.584e-06
   12.260   2.917e-01   235.300   7.493e-01  2.997e-01  2.229e-04  4.332e-06  1.565e-06
   13.500   2.427e-01   228.600   7.493e-01  2.997e-01  1.163e-04  2.298e-06  5.861e-08
   14.740   2.011e-01   221.700   7.494e-01  2.998e-01  5.830e-05  2.038e-06  0.000e+00
   15.980   1.658e-01   215.300   7.494e-01  2.998e-01  2.915e-05  1.795e-06  0.000e+00
   17.220   1.357e-01   210.000   7.494e-01  2.998e-01  1.654e-05  1.539e-06  0.000e+00
   18.500   1.102e-01   206.700   7.494e-01  2.998e-01  1.198e-05  8.113e-07  0.000e+00
   19.800   8.871e-02   205.900   7.494e-01  2.998e-01  1.104e-05  1.282e-07  0.000e+00
   20.990   7.287e-02   206.200   7.494e-01  2.998e-01  1.085e-05  2.216e-08  0.000e+00
   22.010   6.152e-02   206.400   7.494e-01  2.998e-01  1.072e-05  2.059e-08  0.000e+00
   23.070   5.168e-02   206.200   7.494e-01  2.998e-01  1.057e-05  2.217e-08  0.000e+00
   24.140   4.319e-02   205.400   7.494e-01  2.998e-01  1.043e-05  2.575e-08  0.000e+00
   25.250   3.592e-02   204.100   7.494e-01  2.998e-01  1.034e-05  2.931e-08  0.000e+00
   26.380   2.973e-02   202.500   7.494e-01  2.998e-01  1.043e-05  3.683e-08  0.000e+00
   27.520   2.448e-02   200.600   7.494e-01  2.998e-01  1.071e-05  7.222e-08  0.000e+00
   28.680   2.006e-02   198.400   7.494e-01  2.998e-01  1.078e-05  1.387e-07  0.000e+00
   29.860   1.635e-02   196.200   7.494e-01  2.998e-01  1.053e-05  1.948e-07  0.000e+00
   31.060   1.326e-02   194.000   7.494e-01  2.998e-01  1.014e-05  2.370e-07  0.000e+00
   32.270   1.071e-02   192.100   7.494e-01  2.998e-01  9.829e-06  2.825e-07  0.000e+00
   33.500   8.600e-03   190.600   7.494e-01  2.998e-01  9.608e-06  3.187e-07  0.000e+00
   34.740   6.873e-03   189.300   7.494e-01  2.998e-01  9.450e-06  3.407e-07  0.000e+00
   36.010   5.465e-03   188.000   7.494e-01  2.998e-01  9.282e-06  3.890e-07  0.000e+00
   37.290   4.325e-03   186.300   7.494e-01  2.998e-01  8.989e-06  4.949e-07  0.000e+00
   38.590   3.405e-03   184.200   7.494e-01  2.998e-01  8.511e-06  6.798e-07  0.000e+00
   39.890   2.667e-03   181.900   7.494e-01  2.998e-01  7.947e-06  8.958e-07  0.000e+00
   41.210   2.079e-03   179.700   7.494e-01  2.998e-01  7.522e-06  9.667e-07  0.000e+00
   42.540   1.613e-03   178.100   7.494e-01  2.998e-01  7.359e-06  7.781e-07  0.000e+00
   43.890   1.245e-03   178.100   7.494e-01  2.998e-01  7.507e-06  4.426e-07  0.000e+00
   45.270   9.559e-04   179.100   7.494e-01  2.998e-01  7.754e-06  3.442e-07  0.000e+00
   59.900   3.776e-04   179.100   7.494e-01  2.998e-01  7.754e-06  3.442e-07  0.000e+00
   65.690   2.615e-04   179.100   7.494e-01  2.998e-01  7.754e-06  3.442e-07  0.000e+00
   73.770   1.566e-04   179.100   7.494e-01  2.998e-01  7.754e-06  3.442e-07  0.000e+00
   85.050   7.656e-05   179.100   7.494e-01  2.998e-01  7.754e-06  3.442e-07  0.000e+00
  100.800   2.820e-05   179.100   7.494e-01  2.998e-01  7.754e-06  3.442e-07  0.000e+00
  122.700   6.996e-06   179.100   7.494e-01  2.998e-01  7.754e-06  3.442e-07  0.000e+00
  153.400   1.000e-06   179.100   7.494e-01  2.998e-01  7.754e-06  3.442e-07  0.000e+00
#
# ----------------------------------------------------------------------------------------------
# Curtis-Godson integrated layer information used by the radiative transfer analysis
# Oblique molecular layer columns in molec/m2 and aerosols in kg/m2
# ----------------------------------------------------------------------------------------------
# Low[km]  High[km]  Path[km] Pressure[bar] Temp[K]   Airmass   dcol[m-2]         N2        CO2        H2O   WaterIce      Cloud
# ----------------------------------------------------------------------------------------------
    0.000     0.259     0.388   1.384e+00   292.272    1.4980   1.334e+28  9.878e+27  3.951e+27  2.055e+26  3.790e-10  5.927e-02
    0.259     0.638     0.567   1.334e+00   292.898    1.4979   1.874e+28  1.389e+28  5.555e+27  2.659e+26  1.045e-23  4.428e-02
    0.638     1.250     0.917   1.259e+00   292.606    1.4977   2.860e+28  2.124e+28  8.495e+27  3.374e+26  2.295e-10  3.862e-02
    1.250     2.091     1.259   1.157e+00   290.771    1.4975   3.630e+28  2.701e+28  1.080e+28  3.298e+26  2.381e-06  2.967e-02
    2.091     3.155     1.593   1.034e+00   287.046    1.4972   4.155e+28  3.098e+28  1.239e+28  2.800e+26  7.181e-05  3.083e-02
    3.155     4.425     1.901   8.994e-01   281.374    1.4968   4.396e+28  3.282e+28  1.313e+28  2.158e+26  4.335e-04  4.220e-02
    4.425     5.788     2.040   7.652e-01   274.194    1.4964   4.117e+28  3.076e+28  1.231e+28  1.462e+26  1.602e-03  5.788e-02
    5.788     7.124     1.999   6.452e-01   266.493    1.4959   3.500e+28  2.618e+28  1.047e+28  8.599e+25  4.609e-03  7.339e-02
    7.124     8.435     1.961   5.433e-01   259.187    1.4955   2.972e+28  2.225e+28  8.898e+27  4.686e+25  9.013e-03  7.304e-02
    8.435     9.726     1.930   4.566e-01   252.286    1.4951   2.526e+28  1.892e+28  7.567e+27  2.375e+25  1.043e-02  4.474e-02
    9.726    11.000     1.904   3.829e-01   245.487    1.4947   2.148e+28  1.609e+28  6.436e+27  1.164e+25  8.367e-03  1.599e-02
   11.000    12.260     1.883   3.203e-01   238.737    1.4943   1.827e+28  1.369e+28  5.475e+27  5.590e+24  5.393e-03  3.686e-03
   12.260    13.500     1.852   2.671e-01   232.039    1.4939   1.542e+28  1.155e+28  4.621e+27  2.548e+24  2.829e-03  4.195e-04
   13.500    14.740     1.852   2.218e-01   225.243    1.4935   1.318e+28  9.880e+27  3.952e+27  1.118e+24  1.622e-03  2.556e-08
   14.740    15.980     1.851   1.834e-01   218.589    1.4931   1.123e+28  8.414e+27  3.366e+27  4.767e+23  1.221e-03  0.000e+00
   15.980    17.220     1.851   1.507e-01   212.729    1.4928   9.475e+27  7.101e+27  2.841e+27  2.126e+23  8.961e-04  0.000e+00
   17.220    18.500     1.910   1.229e-01   208.404    1.4924   8.138e+27  6.099e+27  2.440e+27  1.157e+23  5.301e-04  0.000e+00
   18.500    19.800     1.940   9.945e-02   206.314    1.4920   6.749e+27  5.058e+27  2.023e+27  7.776e+22  1.464e-04  0.000e+00
   19.800    20.990     1.775   8.080e-02   206.045    1.4916   5.028e+27  3.768e+27  1.507e+27  5.504e+22  1.773e-05  0.000e+00
   20.990    22.010     1.521   6.720e-02   206.297    1.4912   3.582e+27  2.685e+27  1.074e+27  3.864e+22  4.346e-06  0.000e+00
   22.010    23.070     1.580   5.660e-02   206.303    1.4909   3.135e+27  2.349e+27  9.398e+26  3.337e+22  3.795e-06  0.000e+00
   23.070    24.140     1.595   4.744e-02   205.812    1.4906   2.657e+27  1.991e+27  7.966e+26  2.791e+22  3.596e-06  0.000e+00
   24.140    25.250     1.654   3.955e-02   204.770    1.4902   2.309e+27  1.731e+27  6.923e+26  2.399e+22  3.594e-06  0.000e+00
   25.250    26.380     1.684   3.282e-02   203.325    1.4899   1.964e+27  1.472e+27  5.888e+26  2.039e+22  3.655e-06  0.000e+00
   26.380    27.520     1.698   2.710e-02   201.580    1.4895   1.650e+27  1.236e+27  4.946e+26  1.743e+22  4.865e-06  0.000e+00
   27.520    28.680     1.727   2.227e-02   199.535    1.4892   1.393e+27  1.044e+27  4.175e+26  1.496e+22  7.964e-06  0.000e+00
   28.680    29.860     1.757   1.820e-02   197.336    1.4888   1.171e+27  8.772e+26  3.509e+26  1.248e+22  1.090e-05  0.000e+00
   29.860    31.060     1.786   1.480e-02   195.137    1.4885   9.786e+26  7.333e+26  2.934e+26  1.012e+22  1.190e-05  0.000e+00
   31.060    32.270     1.801   1.198e-02   193.083    1.4881   8.070e+26  6.047e+26  2.419e+26  8.061e+21  1.182e-05  0.000e+00
   32.270    33.500     1.830   9.654e-03   191.377    1.4877   6.664e+26  4.994e+26  1.998e+26  6.479e+21  1.132e-05  0.000e+00
   33.500    34.740     1.844   7.736e-03   189.974    1.4873   5.421e+26  4.062e+26  1.625e+26  5.167e+21  1.012e-05  0.000e+00
   34.740    36.010     1.888   6.169e-03   188.674    1.4869   4.455e+26  3.339e+26  1.336e+26  4.174e+21  9.183e-06  0.000e+00
   36.010    37.290     1.903   4.895e-03   187.182    1.4866   3.590e+26  2.690e+26  1.076e+26  3.281e+21  8.914e-06  0.000e+00
   37.290    38.590     1.932   3.864e-03   185.290    1.4862   2.907e+26  2.178e+26  8.715e+25  2.546e+21  9.544e-06  0.000e+00
   38.590    39.890     1.931   3.035e-03   183.095    1.4858   2.310e+26  1.731e+26  6.924e+25  1.902e+21  1.020e-05  0.000e+00
   39.890    41.210     1.961   2.373e-03   180.844    1.4854   1.855e+26  1.390e+26  5.561e+25  1.436e+21  9.777e-06  0.000e+00
   41.210    42.540     1.975   1.846e-03   178.933    1.4850   1.469e+26  1.101e+26  4.403e+25  1.093e+21  7.271e-06  0.000e+00
   42.540    43.890     2.004   1.429e-03   178.100    1.4846   1.159e+26  8.685e+25  3.474e+25  8.610e+20  3.957e-06  0.000e+00
   43.890    45.270     2.048   1.101e-03   178.577    1.4841   9.094e+25  6.815e+25  2.726e+25  6.933e+20  2.030e-06  0.000e+00
   45.270    59.900    21.678   6.673e-04   179.100    1.4817   5.460e+26  4.092e+26  1.637e+26  4.234e+21  1.066e-05  0.000e+00
   59.900    65.690     8.562   3.196e-04   179.100    1.4787   1.094e+26  8.201e+25  3.281e+25  8.485e+20  2.136e-06  0.000e+00
   65.690    73.770    11.931   2.091e-04   179.100    1.4766   9.873e+25  7.399e+25  2.960e+25  7.656e+20  1.927e-06  0.000e+00
   73.770    85.050    16.624   1.166e-04   179.100    1.4738   7.521e+25  5.636e+25  2.255e+25  5.832e+20  1.468e-06  0.000e+00
   85.050   100.800    23.151   5.244e-05   179.100    1.4699   4.535e+25  3.398e+25  1.360e+25  3.516e+20  8.853e-07  0.000e+00
  100.800   122.700    32.073   1.767e-05   179.100    1.4645   1.974e+25  1.480e+25  5.919e+24  1.531e+20  3.854e-07  0.000e+00
  122.700   153.400    44.738   4.052e-06   179.100    1.4573   5.586e+24  4.186e+24  1.675e+24  4.332e+19  1.090e-07  0.000e+00
# ----------------------------------------------------------------------------------------------
# Integrated atmospheric columns                       1.4955   4.462e+29  3.333e+29  1.333e+29  1.959e+27  4.734e-02  5.140e-01
# ----------------------------------------------------------------------------------------------
results_rad.txt
# ------------------------------------------------------------------------
# Radiance spectrum
# NASA-GSFC Planetary Spectrum Generator (PSG) (Villanueva et al. 2015)
# Synthesized on Tue Nov 21 15:08:42 2017
# ------------------------------------------------------------------------
# Atmospheric radiances synthesized with PUMAS (Villanueva et al. 2016, Smith et al. 2009, Edwards 1992)
# Molecular abundance profile: 
# Molecules considered: N2,CO2,H2O
# Molecular sources: HIT[22],HIT[2],HIT[1]
# Molecular abundances: 1,1,1
# Molecular abundance units: scl,scl,scl
# Collission-Induced-Absorption:  N2-N2(3.33-5.41um)
# Rayleigh scattering included
# ------------------------------------------------------------------------
# Spectral unit: Wavelength [um]
# Radiance unit: Spectral radiance [W/sr/m2/um]
# Wave/freq Total Stellar TRAPPIST-1-e
1.000000000e+00  3.68049e-03  3.68049e-03  3.97494e-10
1.010000000e+00  3.70309e-03  3.70309e-03  4.00017e-10
1.020000000e+00  3.72363e-03  3.72363e-03  4.02332e-10
1.030000000e+00  3.74214e-03  3.74214e-03  4.04436e-10
1.040000000e+00  3.75867e-03  3.75867e-03  3.96205e-10
1.050000000e+00  3.77328e-03  3.77327e-03  4.07924e-10
1.060000000e+00  3.78601e-03  3.78601e-03  4.08858e-10
1.070000000e+00  3.79691e-03  3.79691e-03  4.07883e-10
1.080000000e+00  3.80605e-03  3.80605e-03  4.11703e-10
1.090000000e+00  3.81347e-03  3.81347e-03  4.12867e-10
1.100000000e+00  3.81922e-03  3.81922e-03  4.13530e-10
1.110000000e+00  3.82337e-03  3.82337e-03  4.14115e-10
1.120000000e+00  3.82595e-03  3.82595e-03  4.12052e-10
1.130000000e+00  3.82703e-03  3.82703e-03  4.11395e-10
1.140000000e+00  3.82666e-03  3.82666e-03  4.13651e-10
1.150000000e+00  3.82489e-03  3.82489e-03  4.12939e-10
1.160000000e+00  3.82177e-03  3.82177e-03  4.14465e-10
1.170000000e+00  3.81735e-03  3.81734e-03  4.14482e-10
1.180000000e+00  3.81168e-03  3.81168e-03  4.13959e-10
1.190000000e+00  3.80481e-03  3.80481e-03  4.13345e-10
1.200000000e+00  3.79680e-03  3.79679e-03  4.12694e-10
1.210000000e+00  3.78768e-03  3.78768e-03  3.59513e-10
1.220000000e+00  3.77751e-03  3.77751e-03  3.83214e-10
1.230000000e+00  3.76632e-03  3.76632e-03  3.92569e-10
1.240000000e+00  3.75418e-03  3.75418e-03  4.03300e-10
1.250000000e+00  3.74111e-03  3.74111e-03  4.07318e-10
1.260000000e+00  3.72717e-03  3.72717e-03  4.04602e-10
1.270000000e+00  3.71239e-03  3.71239e-03  4.03157e-10
1.280000000e+00  3.69682e-03  3.69682e-03  4.03312e-10
1.290000000e+00  3.68049e-03  3.68049e-03  3.99009e-10
1.300000000e+00  3.66345e-03  3.66345e-03  3.94367e-10
1.310000000e+00  3.64573e-03  3.64573e-03  3.98013e-10
1.320000000e+00  3.62736e-03  3.62736e-03  3.72266e-10
1.330000000e+00  3.60839e-03  3.60839e-03  3.93938e-10
1.340000000e+00  3.58885e-03  3.58885e-03  3.77249e-10
1.350000000e+00  3.56877e-03  3.56877e-03  3.85785e-10
1.360000000e+00  3.54817e-03  3.54817e-03  3.79663e-10
1.370000000e+00  3.52711e-03  3.52711e-03  3.75532e-10
1.380000000e+00  3.50559e-03  3.50559e-03  3.73834e-10
1.390000000e+00  3.48366e-03  3.48366e-03  3.74129e-10
1.400000000e+00  3.46134e-03  3.46134e-03  3.72261e-10
1.410000000e+00  3.43866e-03  3.43866e-03  3.68791e-10
1.420000000e+00  3.41564e-03  3.41564e-03  3.73294e-10
1.430000000e+00  3.39231e-03  3.39231e-03  3.68560e-10
1.440000000e+00  3.36870e-03  3.36870e-03  2.32435e-10
1.450000000e+00  3.34482e-03  3.34482e-03  3.16726e-10
1.460000000e+00  3.32070e-03  3.32070e-03  3.61088e-10
1.470000000e+00  3.29636e-03  3.29636e-03  3.59009e-10
1.480000000e+00  3.27183e-03  3.27183e-03  3.38210e-10
1.490000000e+00  3.24712e-03  3.24711e-03  3.50477e-10
1.500000000e+00  3.22224e-03  3.22224e-03  3.35781e-10
1.510000000e+00  3.19723e-03  3.19723e-03  3.49557e-10
1.520000000e+00  3.17209e-03  3.17209e-03  3.47336e-10
1.530000000e+00  3.14685e-03  3.14685e-03  3.25335e-10
1.540000000e+00  3.12152e-03  3.12152e-03  3.05810e-10
1.550000000e+00  3.09611e-03  3.09611e-03  3.33272e-10
1.560000000e+00  3.07064e-03  3.07064e-03  3.35552e-10
1.570000000e+00  3.04513e-03  3.04513e-03  3.07494e-10
1.580000000e+00  3.01959e-03  3.01959e-03  2.41505e-10
1.590000000e+00  2.99402e-03  2.99402e-03  3.15944e-10
1.600000000e+00  2.96846e-03  2.96846e-03  2.97031e-10
1.610000000e+00  2.94289e-03  2.94289e-03  2.36853e-10
1.620000000e+00  2.91734e-03  2.91734e-03  2.87974e-10
1.630000000e+00  2.89182e-03  2.89182e-03  3.05678e-10
1.640000000e+00  2.86634e-03  2.86634e-03  2.94173e-10
1.650000000e+00  2.84091e-03  2.84091e-03  2.88330e-10
1.660000000e+00  2.81553e-03  2.81553e-03  2.99025e-10
1.670000000e+00  2.79021e-03  2.79021e-03  2.98861e-10
1.680000000e+00  2.76497e-03  2.76497e-03  2.98885e-10
1.690000000e+00  2.73981e-03  2.73981e-03  3.00701e-10
1.700000000e+00  2.71474e-03  2.71474e-03  2.99020e-10
1.710000000e+00  2.68977e-03  2.68977e-03  2.94122e-10
1.720000000e+00  2.66490e-03  2.66490e-03  2.93204e-10
1.730000000e+00  2.64013e-03  2.64013e-03  2.91145e-10
1.740000000e+00  2.61549e-03  2.61549e-03  2.88524e-10
1.750000000e+00  2.59096e-03  2.59096e-03  2.85746e-10
1.760000000e+00  2.56656e-03  2.56656e-03  2.82699e-10
1.770000000e+00  2.54229e-03  2.54229e-03  2.80160e-10
1.780000000e+00  2.51815e-03  2.51815e-03  2.77614e-10
1.790000000e+00  2.49415e-03  2.49415e-03  2.74713e-10
1.800000000e+00  2.47030e-03  2.47030e-03  2.72056e-10
1.810000000e+00  2.44660e-03  2.44660e-03  2.69054e-10
1.820000000e+00  2.42304e-03  2.42304e-03  2.64526e-10
1.830000000e+00  2.39964e-03  2.39964e-03  2.60145e-10
1.840000000e+00  2.37640e-03  2.37640e-03  2.54398e-10
1.850000000e+00  2.35332e-03  2.35332e-03  2.52541e-10
1.860000000e+00  2.33041e-03  2.33041e-03  2.48424e-10
1.870000000e+00  2.30765e-03  2.30765e-03  2.48048e-10
1.880000000e+00  2.28507e-03  2.28507e-03  2.26137e-10
1.890000000e+00  2.26266e-03  2.26266e-03  2.24969e-10
1.900000000e+00  2.24041e-03  2.24041e-03  2.37120e-10
1.910000000e+00  2.21834e-03  2.21834e-03  2.35265e-10
1.920000000e+00  2.19645e-03  2.19645e-03  2.36626e-10
1.930000000e+00  2.17473e-03  2.17473e-03  2.34378e-10
1.940000000e+00  2.15319e-03  2.15319e-03  2.25576e-10
1.950000000e+00  2.13183e-03  2.13183e-03  1.56672e-10
1.960000000e+00  2.11065e-03  2.11065e-03  9.61179e-11
1.970000000e+00  2.08964e-03  2.08964e-03  1.01117e-10
1.980000000e+00  2.06882e-03  2.06882e-03  1.53914e-10
1.990000000e+00  2.04818e-03  2.04818e-03  1.83388e-10
2.000000000e+00  2.02772e-03  2.02772e-03  1.38451e-10
2.010000000e+00  2.00745e-03  2.00745e-03  6.76484e-11
2.020000000e+00  1.98735e-03  1.98735e-03  7.81958e-11
2.030000000e+00  1.96744e-03  1.96744e-03  1.20856e-10
2.040000000e+00  1.94771e-03  1.94771e-03  1.26954e-10
2.050000000e+00  1.92816e-03  1.92816e-03  1.22109e-10
2.060000000e+00  1.90880e-03  1.90880e-03  9.07765e-11
2.070000000e+00  1.88961e-03  1.88961e-03  9.61034e-11
2.080000000e+00  1.87061e-03  1.87061e-03  1.18146e-10
2.090000000e+00  1.85179e-03  1.85179e-03  1.31147e-10
2.100000000e+00  1.83315e-03  1.83315e-03  1.51519e-10
2.110000000e+00  1.81469e-03  1.81469e-03  1.70539e-10
2.120000000e+00  1.79641e-03  1.79641e-03  1.75449e-10
2.130000000e+00  1.77831e-03  1.77831e-03  1.86853e-10
2.140000000e+00  1.76039e-03  1.76039e-03  1.87886e-10
2.150000000e+00  1.74264e-03  1.74264e-03  1.74078e-10
2.160000000e+00  1.72507e-03  1.72507e-03  1.72531e-10
2.170000000e+00  1.70768e-03  1.70768e-03  1.70496e-10
2.180000000e+00  1.69046e-03  1.69046e-03  1.76249e-10
2.190000000e+00  1.67341e-03  1.67341e-03  1.79811e-10
2.200000000e+00  1.65654e-03  1.65654e-03  1.79228e-10
2.210000000e+00  1.63984e-03  1.63984e-03  1.77750e-10
2.220000000e+00  1.62331e-03  1.62331e-03  1.75180e-10
2.230000000e+00  1.60696e-03  1.60695e-03  1.73546e-10
2.240000000e+00  1.59076e-03  1.59076e-03  1.72479e-10
2.250000000e+00  1.57474e-03  1.57474e-03  1.70574e-10
2.260000000e+00  1.55889e-03  1.55889e-03  1.67964e-10
2.270000000e+00  1.54320e-03  1.54319e-03  1.66858e-10
2.280000000e+00  1.52767e-03  1.52767e-03  1.64922e-10
2.290000000e+00  1.51230e-03  1.51230e-03  1.63472e-10
2.300000000e+00  1.49710e-03  1.49710e-03  1.61689e-10
2.310000000e+00  1.48206e-03  1.48206e-03  1.59941e-10
2.320000000e+00  1.46718e-03  1.46718e-03  1.58216e-10
2.330000000e+00  1.45245e-03  1.45245e-03  1.56479e-10
2.340000000e+00  1.43788e-03  1.43788e-03  1.54759e-10
2.350000000e+00  1.42347e-03  1.42347e-03  1.53058e-10
2.360000000e+00  1.40921e-03  1.40921e-03  1.51368e-10
2.370000000e+00  1.39510e-03  1.39510e-03  1.49707e-10
2.380000000e+00  1.38115e-03  1.38115e-03  1.48010e-10
2.390000000e+00  1.36734e-03  1.36734e-03  1.46277e-10
2.400000000e+00  1.35368e-03  1.35368e-03  1.44567e-10
2.410000000e+00  1.34017e-03  1.34017e-03  1.42929e-10
2.420000000e+00  1.32681e-03  1.32681e-03  1.41520e-10
2.430000000e+00  1.31359e-03  1.31359e-03  1.40119e-10
2.440000000e+00  1.30051e-03  1.30051e-03  1.37988e-10
2.450000000e+00  1.28757e-03  1.28757e-03  1.36772e-10
2.460000000e+00  1.27478e-03  1.27478e-03  1.35482e-10
2.470000000e+00  1.26212e-03  1.26212e-03  1.33829e-10
2.480000000e+00  1.24960e-03  1.24960e-03  1.31537e-10
2.490000000e+00  1.23722e-03  1.23722e-03  1.26744e-10
2.500000000e+00  1.22498e-03  1.22498e-03  1.26037e-10
2.510000000e+00  1.21286e-03  1.21286e-03  1.24725e-10
2.520000000e+00  1.20088e-03  1.20088e-03  1.22750e-10
2.530000000e+00  1.18903e-03  1.18903e-03  1.23552e-10
2.540000000e+00  1.17731e-03  1.17731e-03  1.21397e-10
2.550000000e+00  1.16572e-03  1.16572e-03  1.18193e-10
2.560000000e+00  1.15425e-03  1.15425e-03  1.18093e-10
2.570000000e+00  1.14291e-03  1.14291e-03  1.09943e-10
2.580000000e+00  1.13170e-03  1.13170e-03  1.04660e-10
2.590000000e+00  1.12060e-03  1.12060e-03  1.00169e-10
2.600000000e+00  1.10963e-03  1.10963e-03  9.25810e-11
2.610000000e+00  1.09878e-03  1.09878e-03  9.48964e-11
2.620000000e+00  1.08805e-03  1.08805e-03  9.29038e-11
2.630000000e+00  1.07744e-03  1.07744e-03  9.67472e-11
2.640000000e+00  1.06694e-03  1.06694e-03  9.47714e-11
2.650000000e+00  1.05656e-03  1.05656e-03  9.98122e-11
2.660000000e+00  1.04629e-03  1.04629e-03  7.93880e-11
2.670000000e+00  1.03614e-03  1.03614e-03  2.61115e-11
2.680000000e+00  1.02610e-03  1.02610e-03  6.87551e-12
2.690000000e+00  1.01616e-03  1.01616e-03  2.27537e-12
2.700000000e+00  1.00634e-03  1.00634e-03  3.12694e-12
2.710000000e+00  9.96623e-04  9.96623e-04  3.22361e-12
2.720000000e+00  9.87014e-04  9.87014e-04  6.57244e-12
2.730000000e+00  9.77511e-04  9.77511e-04  1.04880e-11
2.740000000e+00  9.68112e-04  9.68112e-04  1.01044e-11
2.750000000e+00  9.58816e-04  9.58816e-04  5.91318e-12
2.760000000e+00  9.49622e-04  9.49622e-04  2.08772e-12
2.770000000e+00  9.40529e-04  9.40529e-04  1.62323e-12
2.780000000e+00  9.31536e-04  9.31536e-04  1.21559e-12
2.790000000e+00  9.22641e-04  9.22641e-04  1.44043e-12
2.800000000e+00  9.13844e-04  9.13844e-04  2.05439e-12
2.810000000e+00  9.05143e-04  9.05143e-04  2.61158e-12
2.820000000e+00  8.96538e-04  8.96538e-04  2.76025e-12
2.830000000e+00  8.88027e-04  8.88027e-04  2.73728e-12
2.840000000e+00  8.79608e-04  8.79608e-04  2.82678e-12
2.850000000e+00  8.71282e-04  8.71282e-04  2.13259e-12
2.860000000e+00  8.63047e-04  8.63047e-04  3.03631e-12
2.870000000e+00  8.54902e-04  8.54902e-04  5.63105e-12
2.880000000e+00  8.46846e-04  8.46846e-04  8.69248e-12
2.890000000e+00  8.38878e-04  8.38878e-04  1.39430e-11
2.900000000e+00  8.30996e-04  8.30996e-04  2.06771e-11
2.910000000e+00  8.23201e-04  8.23201e-04  2.46209e-11
2.920000000e+00  8.15490e-04  8.15490e-04  2.69743e-11
2.930000000e+00  8.07863e-04  8.07863e-04  2.78422e-11
2.940000000e+00  8.00320e-04  8.00320e-04  2.86960e-11
2.950000000e+00  7.92858e-04  7.92858e-04  2.97972e-11
2.960000000e+00  7.85477e-04  7.85477e-04  2.97448e-11
2.970000000e+00  7.78176e-04  7.78176e-04  2.76232e-11
2.980000000e+00  7.70954e-04  7.70954e-04  2.47581e-11
2.990000000e+00  7.63811e-04  7.63811e-04  2.42897e-11
3.000000000e+00  7.56745e-04  7.56745e-04  2.71291e-11
3.010000000e+00  7.49755e-04  7.49755e-04  2.97401e-11
3.020000000e+00  7.42841e-04  7.42841e-04  2.79299e-11
3.030000000e+00  7.36002e-04  7.36001e-04  2.94655e-11
3.040000000e+00  7.29236e-04  7.29236e-04  3.11969e-11
3.050000000e+00  7.22543e-04  7.22543e-04  3.20965e-11
3.060000000e+00  7.15922e-04  7.15922e-04  3.23065e-11
3.070000000e+00  7.09372e-04  7.09372e-04  3.29943e-11
3.080000000e+00  7.02893e-04  7.02893e-04  3.33242e-11
3.090000000e+00  6.96483e-04  6.96483e-04  3.32089e-11
3.100000000e+00  6.90142e-04  6.90142e-04  3.31854e-11
3.110000000e+00  6.83869e-04  6.83869e-04  3.29272e-11
3.120000000e+00  6.77663e-04  6.77663e-04  3.20706e-11
3.130000000e+00  6.71523e-04  6.71523e-04  3.14171e-11
3.140000000e+00  6.65449e-04  6.65449e-04  3.18450e-11
3.150000000e+00  6.59440e-04  6.59440e-04  3.25571e-11
3.160000000e+00  6.53495e-04  6.53494e-04  3.24679e-11
3.170000000e+00  6.47613e-04  6.47612e-04  3.22676e-11
3.180000000e+00  6.41793e-04  6.41793e-04  3.28504e-11
3.190000000e+00  6.36035e-04  6.36035e-04  3.34581e-11
3.200000000e+00  6.30339e-04  6.30339e-04  3.40244e-11
3.210000000e+00  6.24703e-04  6.24702e-04  3.46017e-11
3.220000000e+00  6.19126e-04  6.19126e-04  3.53297e-11
3.230000000e+00  6.13608e-04  6.13608e-04  3.59072e-11
3.240000000e+00  6.08149e-04  6.08149e-04  3.68751e-11
3.250000000e+00  6.02747e-04  6.02747e-04  3.74420e-11
3.260000000e+00  5.97402e-04  5.97402e-04  3.83302e-11
3.270000000e+00  5.92114e-04  5.92114e-04  3.89457e-11
3.280000000e+00  5.86881e-04  5.86881e-04  3.98925e-11
3.290000000e+00  5.81702e-04  5.81702e-04  4.08586e-11
3.300000000e+00  5.76579e-04  5.76579e-04  4.15667e-11
3.310000000e+00  5.71508e-04  5.71508e-04  4.23526e-11
3.320000000e+00  5.66491e-04  5.66491e-04  4.33753e-11
3.330000000e+00  5.61527e-04  5.61527e-04  4.39253e-11
3.340000000e+00  5.56614e-04  5.56614e-04  4.47195e-11
3.350000000e+00  5.51752e-04  5.51752e-04  4.52647e-11
3.360000000e+00  5.46941e-04  5.46941e-04  4.52758e-11
3.370000000e+00  5.42180e-04  5.42180e-04  4.66056e-11
3.380000000e+00  5.37468e-04  5.37468e-04  4.73234e-11
3.390000000e+00  5.32805e-04  5.32805e-04  4.78859e-11
3.400000000e+00  5.28190e-04  5.28190e-04  4.81925e-11
3.410000000e+00  5.23623e-04  5.23623e-04  4.84343e-11
3.420000000e+00  5.19104e-04  5.19104e-04  4.86899e-11
3.430000000e+00  5.14631e-04  5.14631e-04  4.89236e-11
3.440000000e+00  5.10204e-04  5.10203e-04  4.91478e-11
3.450000000e+00  5.05822e-04  5.05822e-04  4.93215e-11
3.460000000e+00  5.01485e-04  5.01485e-04  4.92867e-11
3.470000000e+00  4.97193e-04  4.97193e-04  4.91900e-11
3.480000000e+00  4.92945e-04  4.92945e-04  4.90806e-11
3.490000000e+00  4.88741e-04  4.88741e-04  4.89718e-11
3.500000000e+00  4.84579e-04  4.84579e-04  4.88603e-11
3.510000000e+00  4.80460e-04  4.80460e-04  4.87463e-11
3.520000000e+00  4.76383e-04  4.76383e-04  4.85899e-11
3.530000000e+00  4.72347e-04  4.72347e-04  4.83141e-11
3.540000000e+00  4.68352e-04  4.68352e-04  4.80306e-11
3.550000000e+00  4.64398e-04  4.64398e-04  4.77375e-11
3.560000000e+00  4.60484e-04  4.60484e-04  4.74103e-11
3.570000000e+00  4.56609e-04  4.56609e-04  4.70207e-11
3.580000000e+00  4.52774e-04  4.52774e-04  4.65852e-11
3.590000000e+00  4.48977e-04  4.48977e-04  4.59798e-11
3.600000000e+00  4.45219e-04  4.45219e-04  4.49325e-11
3.610000000e+00  4.41498e-04  4.41498e-04  4.39167e-11
3.620000000e+00  4.37815e-04  4.37815e-04  4.30887e-11
3.630000000e+00  4.34169e-04  4.34169e-04  4.34874e-11
3.640000000e+00  4.30559e-04  4.30559e-04  4.30193e-11
3.650000000e+00  4.26986e-04  4.26986e-04  4.22657e-11
3.660000000e+00  4.23448e-04  4.23448e-04  4.26738e-11
3.670000000e+00  4.19945e-04  4.19945e-04  4.31834e-11
3.680000000e+00  4.16478e-04  4.16478e-04  4.31882e-11
3.690000000e+00  4.13044e-04  4.13044e-04  4.28680e-11
3.700000000e+00  4.09645e-04  4.09645e-04  4.25397e-11
3.710000000e+00  4.06280e-04  4.06280e-04  4.22362e-11
3.720000000e+00  4.02948e-04  4.02948e-04  4.18106e-11
3.730000000e+00  3.99649e-04  3.99649e-04  4.14770e-11
3.740000000e+00  3.96383e-04  3.96383e-04  4.11647e-11
3.750000000e+00  3.93148e-04  3.93148e-04  4.07171e-11
3.760000000e+00  3.89946e-04  3.89946e-04  3.99702e-11
3.770000000e+00  3.86775e-04  3.86775e-04  3.91028e-11
3.780000000e+00  3.83635e-04  3.83635e-04  3.82214e-11
3.790000000e+00  3.80526e-04  3.80526e-04  3.71706e-11
3.800000000e+00  3.77448e-04  3.77448e-04  3.49757e-11
3.810000000e+00  3.74400e-04  3.74400e-04  3.21690e-11
3.820000000e+00  3.71381e-04  3.71381e-04  3.22808e-11
3.830000000e+00  3.68392e-04  3.68392e-04  3.41198e-11
3.840000000e+00  3.65432e-04  3.65432e-04  3.26487e-11
3.850000000e+00  3.62500e-04  3.62500e-04  3.16950e-11
3.860000000e+00  3.59597e-04  3.59597e-04  3.26878e-11
3.870000000e+00  3.56723e-04  3.56723e-04  3.42583e-11
3.880000000e+00  3.53876e-04  3.53876e-04  3.51151e-11
3.890000000e+00  3.51056e-04  3.51056e-04  3.53603e-11
3.900000000e+00  3.48264e-04  3.48264e-04  3.53926e-11
3.910000000e+00  3.45499e-04  3.45499e-04  3.52104e-11
3.920000000e+00  3.42760e-04  3.42760e-04  3.48859e-11
3.930000000e+00  3.40048e-04  3.40048e-04  3.44137e-11
3.940000000e+00  3.37361e-04  3.37361e-04  3.37879e-11
3.950000000e+00  3.34701e-04  3.34701e-04  3.30656e-11
3.960000000e+00  3.32066e-04  3.32066e-04  3.19758e-11
3.970000000e+00  3.29456e-04  3.29456e-04  3.09279e-11
3.980000000e+00  3.26870e-04  3.26870e-04  2.92086e-11
3.990000000e+00  3.24310e-04  3.24310e-04  2.81325e-11
4.000000000e+00  3.21774e-04  3.21774e-04  2.90219e-11
4.010000000e+00  3.19262e-04  3.19262e-04  2.93425e-11
4.020000000e+00  3.16773e-04  3.16773e-04  2.78011e-11
4.030000000e+00  3.14309e-04  3.14309e-04  2.76733e-11
4.040000000e+00  3.11867e-04  3.11867e-04  2.82736e-11
4.050000000e+00  3.09449e-04  3.09449e-04  2.90659e-11
4.060000000e+00  3.07053e-04  3.07053e-04  2.97548e-11
4.070000000e+00  3.04680e-04  3.04680e-04  2.97712e-11
4.080000000e+00  3.02329e-04  3.02329e-04  2.90614e-11
4.090000000e+00  3.00000e-04  3.00000e-04  2.82204e-11
4.100000000e+00  2.97694e-04  2.97693e-04  2.75796e-11
4.110000000e+00  2.95408e-04  2.95408e-04  2.75229e-11
4.120000000e+00  2.93144e-04  2.93144e-04  2.76422e-11
4.130000000e+00  2.90901e-04  2.90901e-04  2.74391e-11
4.140000000e+00  2.88679e-04  2.88679e-04  2.67927e-11
4.150000000e+00  2.86478e-04  2.86478e-04  2.68127e-11
4.160000000e+00  2.84297e-04  2.84297e-04  2.41104e-11
4.170000000e+00  2.82136e-04  2.82136e-04  1.39213e-11
4.180000000e+00  2.79995e-04  2.79995e-04  9.47513e-12
4.190000000e+00  2.77874e-04  2.77874e-04  6.48866e-12
4.200000000e+00  2.75773e-04  2.75773e-04  3.74104e-12
4.210000000e+00  2.73691e-04  2.73691e-04  1.35865e-12
4.220000000e+00  2.71628e-04  2.71628e-04  4.21863e-13
4.230000000e+00  2.69584e-04  2.69584e-04  2.00739e-13
4.240000000e+00  2.67559e-04  2.67559e-04  1.30124e-13
4.250000000e+00  2.65552e-04  2.65552e-04  1.15850e-13
4.260000000e+00  2.63564e-04  2.63564e-04  1.57869e-13
4.270000000e+00  2.61594e-04  2.61594e-04  1.76171e-13
4.280000000e+00  2.59642e-04  2.59642e-04  1.23584e-13
4.290000000e+00  2.57707e-04  2.57707e-04  1.27197e-13
4.300000000e+00  2.55790e-04  2.55790e-04  1.59334e-13
4.310000000e+00  2.53891e-04  2.53891e-04  2.02873e-13
4.320000000e+00  2.52009e-04  2.52009e-04  2.63979e-13
4.330000000e+00  2.50144e-04  2.50144e-04  4.10239e-13
4.340000000e+00  2.48295e-04  2.48295e-04  6.00340e-13
4.350000000e+00  2.46463e-04  2.46463e-04  7.69590e-13
4.360000000e+00  2.44648e-04  2.44648e-04  7.63642e-13
4.370000000e+00  2.42849e-04  2.42849e-04  8.16346e-13
4.380000000e+00  2.41067e-04  2.41067e-04  1.09095e-12
4.390000000e+00  2.39300e-04  2.39300e-04  1.50410e-12
4.400000000e+00  2.37549e-04  2.37549e-04  1.11151e-12
4.410000000e+00  2.35814e-04  2.35814e-04  1.11600e-12
4.420000000e+00  2.34094e-04  2.34094e-04  1.31737e-12
4.430000000e+00  2.32390e-04  2.32390e-04  1.68829e-12
4.440000000e+00  2.30700e-04  2.30700e-04  2.14195e-12
4.450000000e+00  2.29026e-04  2.29026e-04  2.84546e-12
4.460000000e+00  2.27367e-04  2.27367e-04  3.74622e-12
4.470000000e+00  2.25722e-04  2.25722e-04  4.39654e-12
4.480000000e+00  2.24092e-04  2.24092e-04  5.55770e-12
4.490000000e+00  2.22476e-04  2.22476e-04  6.43407e-12
4.500000000e+00  2.20874e-04  2.20874e-04  7.56428e-12
4.510000000e+00  2.19287e-04  2.19287e-04  9.61376e-12
4.520000000e+00  2.17714e-04  2.17714e-04  1.19896e-11
4.530000000e+00  2.16154e-04  2.16154e-04  1.47649e-11
4.540000000e+00  2.14608e-04  2.14608e-04  1.64874e-11
4.550000000e+00  2.13075e-04  2.13075e-04  1.76296e-11
4.560000000e+00  2.11556e-04  2.11556e-04  1.79788e-11
4.570000000e+00  2.10051e-04  2.10051e-04  1.82821e-11
4.580000000e+00  2.08558e-04  2.08558e-04  1.83719e-11
4.590000000e+00  2.07078e-04  2.07078e-04  1.84102e-11
4.600000000e+00  2.05611e-04  2.05611e-04  1.83980e-11
4.610000000e+00  2.04157e-04  2.04157e-04  1.83124e-11
4.620000000e+00  2.02716e-04  2.02716e-04  1.76951e-11
4.630000000e+00  2.01287e-04  2.01287e-04  1.73893e-11
4.640000000e+00  1.99870e-04  1.99870e-04  1.74513e-11
4.650000000e+00  1.98466e-04  1.98466e-04  1.73981e-11
4.660000000e+00  1.97073e-04  1.97073e-04  1.74880e-11
4.670000000e+00  1.95693e-04  1.95693e-04  1.74408e-11
4.680000000e+00  1.94324e-04  1.94324e-04  1.66511e-11
4.690000000e+00  1.92967e-04  1.92967e-04  1.61899e-11
4.700000000e+00  1.91622e-04  1.91622e-04  1.55260e-11
4.710000000e+00  1.90288e-04  1.90288e-04  1.17470e-11
4.720000000e+00  1.88966e-04  1.88966e-04  1.38605e-11
4.730000000e+00  1.87655e-04  1.87655e-04  1.24259e-11
4.740000000e+00  1.86355e-04  1.86355e-04  1.15247e-11
4.750000000e+00  1.85066e-04  1.85066e-04  1.09335e-11
4.760000000e+00  1.83788e-04  1.83788e-04  1.06182e-11
4.770000000e+00  1.82521e-04  1.82521e-04  1.07665e-11
4.780000000e+00  1.81265e-04  1.81265e-04  9.43577e-12
4.790000000e+00  1.80019e-04  1.80019e-04  8.22482e-12
4.800000000e+00  1.78783e-04  1.78783e-04  7.36666e-12
4.810000000e+00  1.77559e-04  1.77559e-04  6.23866e-12
4.820000000e+00  1.76344e-04  1.76344e-04  4.28278e-12
4.830000000e+00  1.75140e-04  1.75140e-04  5.05559e-12
4.840000000e+00  1.73945e-04  1.73945e-04  5.28939e-12
4.850000000e+00  1.72761e-04  1.72761e-04  5.23716e-12
4.860000000e+00  1.71587e-04  1.71587e-04  4.93290e-12
4.870000000e+00  1.70422e-04  1.70422e-04  5.15978e-12
4.880000000e+00  1.69267e-04  1.69267e-04  5.50318e-12
4.890000000e+00  1.68122e-04  1.68122e-04  5.58585e-12
4.900000000e+00  1.66986e-04  1.66986e-04  6.93592e-12
4.910000000e+00  1.65860e-04  1.65860e-04  8.02037e-12
4.920000000e+00  1.64743e-04  1.64743e-04  7.70032e-12
4.930000000e+00  1.63635e-04  1.63635e-04  1.02804e-11
4.940000000e+00  1.62536e-04  1.62536e-04  1.09175e-11
4.950000000e+00  1.61447e-04  1.61447e-04  1.06950e-11
4.960000000e+00  1.60366e-04  1.60366e-04  1.15238e-11
4.970000000e+00  1.59294e-04  1.59294e-04  1.24479e-11
4.980000000e+00  1.58232e-04  1.58232e-04  1.28569e-11
4.990000000e+00  1.57177e-04  1.57177e-04  1.37036e-11
5.000000000e+00  1.56132e-04  1.56132e-04  1.26588e-11
results_trn.txt
# ------------------------------------------------------------------------
# NASA-GSFC Planetary Spectrum Generator (PSG, Villanueva et al. 2015)
# Atmospheric transmittance spectrum synthesized with PUMAS (Villanueva et al. 2016, Smith et al. 2009, Edwards 1992)
# Synthesized on Tue Nov 21 15:08:42 2017
# Molecular abundance profile: 
# Molecules considered: N2,CO2,H2O
# Molecular sources: HIT[22],HIT[2],HIT[1]
# Molecular abundances: 1,1,1
# Molecular abundance units: scl,scl,scl
# Collission-Induced-Absorption:  N2-N2(3.33-5.41um)
# Rayleigh scattering included
# ------------------------------------------------------------------------
# Aerosols considered: WaterIce,Cloud
# Aerosols sources: CRISM_Wolff[reff=2.0um 0.31-99.57um],White_GSFC[reff=1.0um 0.10-1000000.00um]
# Aerosols opacities: 1,1
# Aerosols opacity units: scl,scl
# ------------------------------------------------------------------------
# Spectral unit: Wavelength [um]
# Wave/freq Total N2 CO2 H2O WaterIce Cloud Rayleigh CIA
1.000000000e+00  0.00000  1.00000  0.99996  0.97495  0.00000  0.00000  0.97242  1.00000
1.010000000e+00  0.00000  1.00000  0.99999  0.96660  0.00000  0.00000  0.97348  1.00000
1.020000000e+00  0.00000  1.00000  1.00000  0.98433  0.00000  0.00000  0.97449  1.00000
1.030000000e+00  0.00000  1.00000  0.99999  0.98664  0.00000  0.00000  0.97546  1.00000
1.040000000e+00  0.00000  1.00000  0.79607  0.99841  0.00000  0.00000  0.97638  1.00000
1.050000000e+00  0.00000  1.00000  0.98654  0.99938  0.00000  0.00000  0.97725  1.00000
1.060000000e+00  0.00000  1.00000  0.96673  0.99818  0.00000  0.00000  0.97809  1.00000
1.070000000e+00  0.00000  1.00000  0.94046  0.98731  0.00000  0.00000  0.97889  1.00000
1.080000000e+00  0.00000  1.00000  0.99390  0.93975  0.00000  0.00000  0.97965  1.00000
1.090000000e+00  0.00000  1.00000  0.99963  0.88666  0.00000  0.00000  0.98038  1.00000
1.100000000e+00  0.00000  1.00000  0.99828  0.76431  0.00000  0.00000  0.98108  1.00000
1.110000000e+00  0.00000  1.00000  1.00000  0.49533  0.00000  0.00000  0.98174  1.00000
1.120000000e+00  0.00000  1.00000  0.97622  0.07822  0.00000  0.00000  0.98238  1.00000
1.130000000e+00  0.00000  1.00000  0.99654  0.02004  0.00000  0.00000  0.98299  1.00000
1.140000000e+00  0.00000  1.00000  0.99256  0.18027  0.00000  0.00000  0.98358  1.00000
1.150000000e+00  0.00000  1.00000  0.99779  0.09015  0.00000  0.00000  0.98414  1.00000
1.160000000e+00  0.00000  1.00000  0.99753  0.30217  0.00000  0.00000  0.98467  1.00000
1.170000000e+00  0.00000  1.00000  0.99992  0.57105  0.00000  0.00000  0.98519  1.00000
1.180000000e+00  0.00000  1.00000  0.99951  0.71680  0.00000  0.00000  0.98568  1.00000
1.190000000e+00  0.00000  1.00000  0.99995  0.65718  0.00000  0.00000  0.98615  1.00000
1.200000000e+00  0.00000  1.00000  0.99981  0.68338  0.00000  0.00000  0.98660  1.00000
1.210000000e+00  0.00000  1.00000  0.08548  0.79368  0.00000  0.00000  0.98704  1.00000
1.220000000e+00  0.00000  1.00000  0.56745  0.85698  0.00000  0.00000  0.98745  1.00000
1.230000000e+00  0.00000  1.00000  0.39077  0.89419  0.00000  0.00000  0.98785  1.00000
1.240000000e+00  0.00000  1.00000  0.83797  0.98215  0.00000  0.00000  0.98824  1.00000
1.250000000e+00  0.00000  1.00000  0.98853  0.99672  0.00000  0.00000  0.98861  1.00000
1.260000000e+00  0.00000  1.00000  0.95776  0.99686  0.00000  0.00000  0.98896  1.00000
1.270000000e+00  0.00000  1.00000  0.95946  0.99035  0.00000  0.00000  0.98931  1.00000
1.280000000e+00  0.00000  1.00000  0.99903  0.97865  0.00000  0.00000  0.98963  1.00000
1.290000000e+00  0.00000  1.00000  0.88106  0.94186  0.00000  0.00000  0.98995  1.00000
1.300000000e+00  0.00000  1.00000  0.82851  0.84547  0.00000  0.00000  0.99025  1.00000
1.310000000e+00  0.00000  1.00000  0.99205  0.73072  0.00000  0.00000  0.99055  1.00000
1.320000000e+00  0.00000  1.00000  0.41546  0.56285  0.00000  0.00000  0.99083  1.00000
1.330000000e+00  0.00000  1.00000  0.96763  0.41595  0.00000  0.00000  0.99110  1.00000
1.340000000e+00  0.00000  1.00000  0.56853  0.26264  0.00000  0.00000  0.99136  1.00000
1.350000000e+00  0.00000  1.00000  0.85164  0.01909  0.00000  0.00000  0.99161  1.00000
1.360000000e+00  0.00000  1.00000  0.98755  0.00000  0.00000  0.00000  0.99186  1.00000
1.370000000e+00  0.00000  1.00000  0.96986  0.00000  0.00000  0.00000  0.99209  1.00000
1.380000000e+00  0.00000  1.00000  0.96138  0.00000  0.00000  0.00000  0.99232  1.00000
1.390000000e+00  0.00000  1.00000  0.99280  0.00000  0.00000  0.00000  0.99254  1.00000
1.400000000e+00  0.00000  1.00000  0.99611  0.00002  0.00000  0.00000  0.99275  1.00000
1.410000000e+00  0.00000  1.00000  0.99980  0.00000  0.00000  0.00000  0.99295  1.00000
1.420000000e+00  0.00000  1.00000  0.99942  0.00224  0.00000  0.00000  0.99314  1.00000
1.430000000e+00  0.00000  1.00000  0.68515  0.00610  0.00000  0.00000  0.99333  1.00000
1.440000000e+00  0.00000  1.00000  0.00000  0.00678  0.00000  0.00000  0.99352  1.00000
1.450000000e+00  0.00000  1.00000  0.01223  0.03922  0.00000  0.00000  0.99369  1.00000
1.460000000e+00  0.00000  1.00000  0.63275  0.13134  0.00000  0.00000  0.99386  1.00000
1.470000000e+00  0.00000  1.00000  0.97379  0.04397  0.00000  0.00000  0.99403  1.00000
1.480000000e+00  0.00000  1.00000  0.41320  0.10349  0.00000  0.00000  0.99419  1.00000
1.490000000e+00  0.00000  1.00000  0.74706  0.10405  0.00000  0.00000  0.99434  1.00000
1.500000000e+00  0.00000  1.00000  0.55703  0.43512  0.00000  0.00000  0.99449  1.00000
1.510000000e+00  0.00000  1.00000  0.98133  0.58263  0.00000  0.00000  0.99463  1.00000
1.520000000e+00  0.00000  1.00000  0.98603  0.75559  0.00000  0.00000  0.99477  1.00000
1.530000000e+00  0.00000  1.00000  0.32268  0.83481  0.00000  0.00000  0.99491  1.00000
1.540000000e+00  0.00000  1.00000  0.13487  0.94075  0.00000  0.00000  0.99504  1.00000
1.550000000e+00  0.00000  1.00000  0.64807  0.96888  0.00000  0.00000  0.99517  1.00000
1.560000000e+00  0.00000  1.00000  0.93827  0.99140  0.00000  0.00000  0.99529  1.00000
1.570000000e+00  0.00000  1.00000  0.30413  0.98353  0.00000  0.00000  0.99541  1.00000
1.580000000e+00  0.00000  1.00000  0.00020  0.98684  0.00000  0.00000  0.99552  1.00000
1.590000000e+00  0.00000  1.00000  0.33774  0.98800  0.00000  0.00000  0.99563  1.00000
1.600000000e+00  0.00000  1.00000  0.21424  0.98163  0.00000  0.00000  0.99574  1.00000
1.610000000e+00  0.00000  1.00000  0.00212  0.99325  0.00000  0.00000  0.99585  1.00000
1.620000000e+00  0.00000  1.00000  0.01794  0.99330  0.00000  0.00000  0.99595  1.00000
1.630000000e+00  0.00000  1.00000  0.39097  0.99771  0.00000  0.00000  0.99604  1.00000
1.640000000e+00  0.00000  1.00000  0.30646  0.99300  0.00000  0.00000  0.99614  1.00000
1.650000000e+00  0.00000  1.00000  0.23224  0.98114  0.00000  0.00000  0.99623  1.00000
1.660000000e+00  0.00000  1.00000  0.39002  0.97881  0.00000  0.00000  0.99632  1.00000
1.670000000e+00  0.00000  1.00000  0.56037  0.97972  0.00000  0.00000  0.99641  1.00000
1.680000000e+00  0.00000  1.00000  0.80009  0.96867  0.00000  0.00000  0.99649  1.00000
1.690000000e+00  0.00000  1.00000  0.93734  0.97408  0.00000  0.00000  0.99658  1.00000
1.700000000e+00  0.00000  1.00000  0.98469  0.90470  0.00000  0.00000  0.99666  1.00000
1.710000000e+00  0.00000  1.00000  0.92856  0.90503  0.00000  0.00000  0.99673  1.00000
1.720000000e+00  0.00000  1.00000  0.96307  0.92134  0.00000  0.00000  0.99681  1.00000
1.730000000e+00  0.00000  1.00000  0.99259  0.87364  0.00000  0.00000  0.99688  1.00000
1.740000000e+00  0.00000  1.00000  0.99937  0.76749  0.00000  0.00000  0.99695  1.00000
1.750000000e+00  0.00000  1.00000  0.99893  0.70146  0.00000  0.00000  0.99702  1.00000
1.760000000e+00  0.00000  1.00000  0.89598  0.71427  0.00000  0.00000  0.99709  1.00000
1.770000000e+00  0.00000  1.00000  0.95775  0.55000  0.00000  0.00000  0.99715  1.00000
1.780000000e+00  0.00000  1.00000  0.99503  0.37855  0.00000  0.00000  0.99722  1.00000
1.790000000e+00  0.00000  1.00000  0.88081  0.22719  0.00000  0.00000  0.99728  1.00000
1.800000000e+00  0.00000  1.00000  0.94973  0.10248  0.00000  0.00000  0.99734  1.00000
1.810000000e+00  0.00000  1.00000  0.98725  0.01343  0.00000  0.00000  0.99740  1.00000
1.820000000e+00  0.00000  1.00000  0.99550  0.00090  0.00000  0.00000  0.99745  1.00000
1.830000000e+00  0.00000  1.00000  0.99925  0.00001  0.00000  0.00000  0.99751  1.00000
1.840000000e+00  0.00000  1.00000  0.99972  0.00000  0.00000  0.00000  0.99756  1.00000
1.850000000e+00  0.00000  1.00000  0.99753  0.00000  0.00000  0.00000  0.99761  1.00000
1.860000000e+00  0.00000  1.00000  0.99708  0.00000  0.00000  0.00000  0.99767  1.00000
1.870000000e+00  0.00000  1.00000  0.97867  0.00000  0.00000  0.00000  0.99771  1.00000
1.880000000e+00  0.00000  1.00000  0.10604  0.00000  0.00000  0.00000  0.99776  1.00000
1.890000000e+00  0.00000  1.00000  0.12375  0.00000  0.00000  0.00000  0.99781  1.00000
1.900000000e+00  0.00000  1.00000  0.51502  0.00002  0.00000  0.00000  0.99786  1.00000
1.910000000e+00  0.00000  1.00000  0.64355  0.00000  0.00000  0.00000  0.99790  1.00000
1.920000000e+00  0.00000  1.00000  0.86161  0.00001  0.00000  0.00000  0.99794  1.00000
1.930000000e+00  0.00000  1.00000  0.84030  0.00003  0.00000  0.00000  0.99799  1.00000
1.940000000e+00  0.00000  1.00000  0.18947  0.00059  0.00000  0.00000  0.99803  1.00000
1.950000000e+00  0.00000  1.00000  0.00000  0.00820  0.00000  0.00000  0.99807  1.00000
1.960000000e+00  0.00000  1.00000  0.00000  0.02275  0.00000  0.00000  0.99811  1.00000
1.970000000e+00  0.00000  1.00000  0.00000  0.24909  0.00000  0.00000  0.99814  1.00000
1.980000000e+00  0.00000  1.00000  0.00000  0.37552  0.00000  0.00000  0.99818  1.00000
1.990000000e+00  0.00000  1.00000  0.00401  0.43787  0.00000  0.00000  0.99822  1.00000
2.000000000e+00  0.00000  1.00000  0.00000  0.56714  0.00000  0.00000  0.99825  1.00000
2.010000000e+00  0.00000  1.00000  0.00000  0.46647  0.00000  0.00000  0.99829  1.00000
2.020000000e+00  0.00000  1.00000  0.00000  0.61673  0.00000  0.00000  0.99832  1.00000
2.030000000e+00  0.00000  1.00000  0.00000  0.82353  0.00000  0.00000  0.99835  1.00000
2.040000000e+00  0.00000  1.00000  0.00000  0.85085  0.00000  0.00000  0.99839  1.00000
2.050000000e+00  0.00000  1.00000  0.00000  0.93060  0.00000  0.00000  0.99842  1.00000
2.060000000e+00  0.00000  1.00000  0.00000  0.85659  0.00000  0.00000  0.99845  1.00000
2.070000000e+00  0.00000  1.00000  0.00000  0.88390  0.00000  0.00000  0.99848  1.00000
2.080000000e+00  0.00000  1.00000  0.00000  0.92368  0.00000  0.00000  0.99851  1.00000
2.090000000e+00  0.00000  1.00000  0.00000  0.92137  0.00000  0.00000  0.99853  1.00000
2.100000000e+00  0.00000  1.00000  0.00004  0.95316  0.00000  0.00000  0.99856  1.00000
2.110000000e+00  0.00000  1.00000  0.01844  0.96279  0.00000  0.00000  0.99859  1.00000
2.120000000e+00  0.00000  1.00000  0.06636  0.90195  0.00000  0.00000  0.99862  1.00000
2.130000000e+00  0.00000  1.00000  0.43753  0.86242  0.00000  0.00000  0.99864  1.00000
2.140000000e+00  0.00000  1.00000  0.63125  0.96770  0.00000  0.00000  0.99867  1.00000
2.150000000e+00  0.00000  1.00000  0.27460  0.98478  0.00000  0.00000  0.99869  1.00000
2.160000000e+00  0.00000  1.00000  0.34433  0.94107  0.00000  0.00000  0.99872  1.00000
2.170000000e+00  0.00000  1.00000  0.22790  0.87569  0.00000  0.00000  0.99874  1.00000
2.180000000e+00  0.00000  1.00000  0.53918  0.89827  0.00000  0.00000  0.99876  1.00000
2.190000000e+00  0.00000  1.00000  0.83008  0.78514  0.00000  0.00000  0.99878  1.00000
2.200000000e+00  0.00000  1.00000  0.88560  0.86784  0.00000  0.00000  0.99881  1.00000
2.210000000e+00  0.00000  1.00000  0.96448  0.90566  0.00000  0.00000  0.99883  1.00000
2.220000000e+00  0.00000  1.00000  0.95038  0.92795  0.00000  0.00000  0.99885  1.00000
2.230000000e+00  0.00000  1.00000  0.95401  0.95191  0.00000  0.00000  0.99887  1.00000
2.240000000e+00  0.00000  1.00000  0.98685  0.97744  0.00000  0.00000  0.99889  1.00000
2.250000000e+00  0.00000  1.00000  0.97805  0.98133  0.00000  0.00000  0.99891  1.00000
2.260000000e+00  0.00000  1.00000  0.94812  0.99278  0.00000  0.00000  0.99893  1.00000
2.270000000e+00  0.00000  1.00000  0.98748  0.98479  0.00000  0.00000  0.99895  1.00000
2.280000000e+00  0.00000  1.00000  0.97355  0.99721  0.00000  0.00000  0.99896  1.00000
2.290000000e+00  0.00000  1.00000  0.99186  0.98563  0.00000  0.00000  0.99898  1.00000
2.300000000e+00  0.00000  1.00000  0.99599  0.91550  0.00000  0.00000  0.99900  1.00000
2.310000000e+00  0.00000  1.00000  0.99745  0.97279  0.00000  0.00000  0.99902  1.00000
2.320000000e+00  0.00000  1.00000  0.99904  0.93167  0.00000  0.00000  0.99903  1.00000
2.330000000e+00  0.00000  1.00000  0.99988  0.92474  0.00000  0.00000  0.99905  1.00000
2.340000000e+00  0.00000  1.00000  0.99989  0.94020  0.00000  0.00000  0.99907  1.00000
2.350000000e+00  0.00000  1.00000  0.99987  0.84436  0.00000  0.00000  0.99908  1.00000
2.360000000e+00  0.00000  1.00000  0.99967  0.71439  0.00000  0.00000  0.99910  1.00000
2.370000000e+00  0.00000  1.00000  0.99821  0.73713  0.00000  0.00000  0.99911  1.00000
2.380000000e+00  0.00000  1.00000  0.99714  0.55253  0.00000  0.00000  0.99913  1.00000
2.390000000e+00  0.00000  1.00000  0.99066  0.44289  0.00000  0.00000  0.99914  1.00000
2.400000000e+00  0.00000  1.00000  0.98875  0.53381  0.00000  0.00000  0.99916  1.00000
2.410000000e+00  0.00000  1.00000  0.98696  0.36023  0.00000  0.00000  0.99917  1.00000
2.420000000e+00  0.00000  1.00000  0.99684  0.17412  0.00000  0.00000  0.99918  1.00000
2.430000000e+00  0.00000  1.00000  0.99991  0.37445  0.00000  0.00000  0.99920  1.00000
2.440000000e+00  0.00000  1.00000  0.99986  0.08420  0.00000  0.00000  0.99921  1.00000
2.450000000e+00  0.00000  1.00000  0.99965  0.15040  0.00000  0.00000  0.99922  1.00000
2.460000000e+00  0.00000  1.00000  0.99948  0.24102  0.00000  0.00000  0.99924  1.00000
2.470000000e+00  0.00000  1.00000  0.99233  0.20687  0.00000  0.00000  0.99925  1.00000
2.480000000e+00  0.00000  1.00000  0.96958  0.10159  0.00000  0.00000  0.99926  1.00000
2.490000000e+00  0.00000  1.00000  0.31806  0.00559  0.00000  0.00000  0.99927  1.00000
2.500000000e+00  0.00000  1.00000  0.73499  0.00468  0.00000  0.00000  0.99928  1.00000
2.510000000e+00  0.00000  1.00000  0.70348  0.00135  0.00000  0.00000  0.99929  1.00000
2.520000000e+00  0.00000  1.00000  0.68092  0.00040  0.00000  0.00000  0.99931  1.00000
2.530000000e+00  0.00000  1.00000  0.83683  0.00000  0.00000  0.00000  0.99932  1.00000
2.540000000e+00  0.00000  1.00000  0.89950  0.00000  0.00000  0.00000  0.99933  1.00000
2.550000000e+00  0.00000  1.00000  0.97473  0.00000  0.00000  0.00000  0.99934  1.00000
2.560000000e+00  0.00000  1.00000  0.94359  0.00000  0.00000  0.00000  0.99935  1.00000
2.570000000e+00  0.00000  1.00000  0.96648  0.00000  0.00000  0.00000  0.99936  1.00000
2.580000000e+00  0.00000  1.00000  0.78718  0.00000  0.00000  0.00000  0.99937  1.00000
2.590000000e+00  0.00000  1.00000  0.54024  0.00000  0.00000  0.00000  0.99938  1.00000
2.600000000e+00  0.00000  1.00000  0.64405  0.00000  0.00000  0.00000  0.99939  1.00000
2.610000000e+00  0.00000  1.00000  0.18093  0.00000  0.00000  0.00000  0.99940  1.00000
2.620000000e+00  0.00000  1.00000  0.06844  0.00000  0.00000  0.00000  0.99941  1.00000
2.630000000e+00  0.00000  1.00000  0.24377  0.00000  0.00000  0.00000  0.99941  1.00000
2.640000000e+00  0.00000  1.00000  0.20528  0.00000  0.00000  0.00000  0.99942  1.00000
2.650000000e+00  0.00000  1.00000  0.36880  0.00000  0.00000  0.00000  0.99943  1.00000
2.660000000e+00  0.00000  1.00000  0.00060  0.00000  0.00000  0.00000  0.99944  1.00000
2.670000000e+00  0.00000  1.00000  0.00000  0.00000  0.00000  0.00000  0.99945  1.00000
2.680000000e+00  0.00000  1.00000  0.00000  0.00000  0.00000  0.00000  0.99946  1.00000
2.690000000e+00  0.00000  1.00000  0.00000  0.00000  0.00000  0.00000  0.99947  1.00000
2.700000000e+00  0.00000  1.00000  0.00000  0.00000  0.00000  0.00000  0.99947  1.00000
2.710000000e+00  0.00000  1.00000  0.00000  0.00000  0.00000  0.00000  0.99948  1.00000
2.720000000e+00  0.00000  1.00000  0.00000  0.00000  0.00000  0.00000  0.99949  1.00000
2.730000000e+00  0.00000  1.00000  0.00000  0.00000  0.00000  0.00000  0.99950  1.00000
2.740000000e+00  0.00000  1.00000  0.00000  0.00000  0.00000  0.00000  0.99950  1.00000
2.750000000e+00  0.00000  1.00000  0.00000  0.00000  0.00000  0.00000  0.99951  1.00000
2.760000000e+00  0.00000  1.00000  0.00000  0.00000  0.00000  0.00000  0.99952  1.00000
2.770000000e+00  0.00000  1.00000  0.00000  0.00000  0.00000  0.00000  0.99952  1.00000
2.780000000e+00  0.00000  1.00000  0.00000  0.00000  0.00000  0.00000  0.99953  1.00000
2.790000000e+00  0.00000  1.00000  0.00000  0.00000  0.00001  0.00000  0.99954  1.00000
2.800000000e+00  0.00000  1.00000  0.00000  0.00000  0.00001  0.00000  0.99954  1.00000
2.810000000e+00  0.00000  1.00000  0.00000  0.00000  0.00001  0.00000  0.99955  1.00000
2.820000000e+00  0.00000  1.00000  0.00000  0.00000  0.00000  0.00000  0.99956  1.00000
2.830000000e+00  0.00000  1.00000  0.00000  0.00000  0.00000  0.00000  0.99956  1.00000
2.840000000e+00  0.00000  1.00000  0.00000  0.00000  0.00000  0.00000  0.99957  1.00000
2.850000000e+00  0.00000  1.00000  0.00000  0.00001  0.00000  0.00000  0.99958  1.00000
2.860000000e+00  0.00000  1.00000  0.00000  0.00000  0.00000  0.00000  0.99958  1.00000
2.870000000e+00  0.00000  1.00000  0.00000  0.00002  0.00000  0.00000  0.99959  1.00000
2.880000000e+00  0.00000  1.00000  0.00000  0.00008  0.00000  0.00000  0.99959  1.00000
2.890000000e+00  0.00000  1.00000  0.00002  0.00005  0.00000  0.00000  0.99960  1.00000
2.900000000e+00  0.00000  1.00000  0.00397  0.00409  0.00000  0.00000  0.99960  1.00000
2.910000000e+00  0.00000  1.00000  0.08070  0.00111  0.00000  0.00000  0.99961  1.00000
2.920000000e+00  0.00000  1.00000  0.34481  0.00170  0.00000  0.00000  0.99961  1.00000
2.930000000e+00  0.00000  1.00000  0.55533  0.00974  0.00000  0.00000  0.99962  1.00000
2.940000000e+00  0.00000  1.00000  0.68608  0.04146  0.00000  0.00000  0.99962  1.00000
2.950000000e+00  0.00000  1.00000  0.82078  0.00124  0.00000  0.00000  0.99963  1.00000
2.960000000e+00  0.00000  1.00000  0.41753  0.01296  0.00000  0.00000  0.99963  1.00000
2.970000000e+00  0.00000  1.00000  0.05092  0.03966  0.00000  0.00000  0.99964  1.00000
2.980000000e+00  0.00000  1.00000  0.00367  0.00007  0.00000  0.00000  0.99964  1.00000
2.990000000e+00  0.00000  1.00000  0.01436  0.05666  0.00000  0.00000  0.99965  1.00000
3.000000000e+00  0.00000  1.00000  0.28506  0.08668  0.00000  0.00000  0.99965  1.00000
3.010000000e+00  0.00000  1.00000  0.30110  0.06462  0.00000  0.00000  0.99966  1.00000
3.020000000e+00  0.00000  1.00000  0.05615  0.04560  0.00000  0.00000  0.99966  1.00000
3.030000000e+00  0.00000  1.00000  0.11393  0.04005  0.00000  0.00000  0.99967  1.00000
3.040000000e+00  0.00000  1.00000  0.31503  0.00715  0.00000  0.00000  0.99967  1.00000
3.050000000e+00  0.00000  1.00000  0.63477  0.00883  0.00000  0.00000  0.99968  1.00000
3.060000000e+00  0.00000  1.00000  0.68648  0.01495  0.00000  0.00000  0.99968  1.00000
3.070000000e+00  0.00000  1.00000  0.83517  0.00793  0.00000  0.00000  0.99968  1.00000
3.080000000e+00  0.00000  1.00000  0.87102  0.03135  0.00000  0.00000  0.99969  1.00000
3.090000000e+00  0.00000  1.00000  0.93010  0.00086  0.00000  0.00000  0.99969  1.00000
3.100000000e+00  0.00000  1.00000  0.89698  0.00077  0.00000  0.00000  0.99970  1.00000
3.110000000e+00  0.00000  1.00000  0.71690  0.01182  0.00000  0.00000  0.99970  1.00000
3.120000000e+00  0.00000  1.00000  0.49142  0.00163  0.00000  0.00000  0.99970  1.00000
3.130000000e+00  0.00000  1.00000  0.39759  0.06517  0.00000  0.00000  0.99971  1.00000
3.140000000e+00  0.00000  1.00000  0.55652  0.15101  0.00000  0.00000  0.99971  1.00000
3.150000000e+00  0.00000  1.00000  0.75820  0.02937  0.00000  0.00000  0.99971  1.00000
3.160000000e+00  0.00000  1.00000  0.60662  0.11071  0.00000  0.00000  0.99972  1.00000
3.170000000e+00  0.00000  1.00000  0.43505  0.65501  0.00000  0.00000  0.99972  1.00000
3.180000000e+00  0.00000  1.00000  0.49891  0.50575  0.00000  0.00000  0.99973  1.00000
3.190000000e+00  0.00000  1.00000  0.66827  0.22369  0.00000  0.00000  0.99973  1.00000
3.200000000e+00  0.00000  1.00000  0.83387  0.05168  0.00000  0.00000  0.99973  1.00000
3.210000000e+00  0.00000  1.00000  0.93393  0.00002  0.00000  0.00000  0.99974  1.00000
3.220000000e+00  0.00000  1.00000  0.91120  0.00015  0.00000  0.00000  0.99974  1.00000
3.230000000e+00  0.00000  1.00000  0.90434  0.00251  0.00000  0.00000  0.99974  1.00000
3.240000000e+00  0.00000  1.00000  0.94983  0.12071  0.00000  0.00000  0.99975  1.00000
3.250000000e+00  0.00000  1.00000  0.98781  0.04156  0.00000  0.00000  0.99975  1.00000
3.260000000e+00  0.00000  1.00000  0.99655  0.29057  0.00000  0.00000  0.99975  1.00000
3.270000000e+00  0.00000  1.00000  0.99615  0.01849  0.00000  0.00000  0.99975  1.00000
3.280000000e+00  0.00000  1.00000  0.99677  0.05542  0.00000  0.00000  0.99976  1.00000
3.290000000e+00  0.00000  1.00000  0.99853  0.29134  0.00000  0.00000  0.99976  1.00000
3.300000000e+00  0.00000  1.00000  0.99936  0.13783  0.00000  0.00000  0.99976  1.00000
3.310000000e+00  0.00000  1.00000  0.99948  0.01781  0.00000  0.00000  0.99977  1.00000
3.320000000e+00  0.00000  1.00000  0.99900  0.19547  0.00000  0.00000  0.99977  1.00000
3.330000000e+00  0.00000  1.00000  0.99374  0.06073  0.00000  0.00000  0.99977  1.00000
3.340000000e+00  0.00000  1.00000  0.97872  0.36071  0.00000  0.00000  0.99977  0.99984
3.350000000e+00  0.00000  1.00000  0.96605  0.12762  0.00000  0.00000  0.99978  0.99979
3.360000000e+00  0.00000  1.00000  0.86150  0.13252  0.00000  0.00000  0.99978  0.99985
3.370000000e+00  0.00000  1.00000  0.96001  0.18231  0.00000  0.00000  0.99978  0.99974
3.380000000e+00  0.00000  1.00000  0.97139  0.29688  0.00000  0.00000  0.99978  0.99990
3.390000000e+00  0.00000  1.00000  0.98467  0.43322  0.00000  0.00000  0.99979  0.99987
3.400000000e+00  0.00000  1.00000  0.99443  0.64924  0.00000  0.00000  0.99979  0.99994
3.410000000e+00  0.00000  1.00000  0.99796  0.48943  0.00000  0.00000  0.99979  0.99995
3.420000000e+00  0.00000  1.00000  0.99930  0.61923  0.00000  0.00000  0.99979  1.00000
3.430000000e+00  0.00000  1.00000  0.99911  0.87233  0.00000  0.00000  0.99980  0.99992
3.440000000e+00  0.00000  1.00000  0.99932  0.76234  0.00000  0.00000  0.99980  0.99987
3.450000000e+00  0.00000  1.00000  0.99654  0.76691  0.00000  0.00000  0.99980  0.99971
3.460000000e+00  0.00000  1.00000  0.99739  0.71620  0.00000  0.00000  0.99980  0.99989
3.470000000e+00  0.00000  1.00000  0.99906  0.85709  0.00000  0.00000  0.99981  0.99974
3.480000000e+00  0.00000  1.00000  0.99935  0.80795  0.00000  0.00000  0.99981  0.99983
3.490000000e+00  0.00000  1.00000  0.99957  0.84689  0.00000  0.00000  0.99981  0.99982
3.500000000e+00  0.00000  1.00000  0.99959  0.81534  0.00000  0.00000  0.99981  0.99990
3.510000000e+00  0.00000  1.00000  0.99929  0.83214  0.00000  0.00000  0.99981  0.99997
3.520000000e+00  0.00000  1.00000  0.99811  0.76601  0.00000  0.00000  0.99982  0.99996
3.530000000e+00  0.00000  1.00000  0.99503  0.73085  0.00000  0.00000  0.99982  0.99994
3.540000000e+00  0.00000  1.00000  0.98894  0.71060  0.00000  0.00000  0.99982  0.99989
3.550000000e+00  0.00000  1.00000  0.97642  0.67279  0.00000  0.00000  0.99982  0.99991
3.560000000e+00  0.00000  1.00000  0.94865  0.55880  0.00000  0.00000  0.99982  0.99966
3.570000000e+00  0.00000  1.00000  0.90683  0.69949  0.00000  0.00000  0.99983  0.99965
3.580000000e+00  0.00000  1.00000  0.87560  0.63524  0.00000  0.00000  0.99983  0.99936
3.590000000e+00  0.00000  1.00000  0.82047  0.73618  0.00000  0.00000  0.99983  0.99936
3.600000000e+00  0.00000  1.00000  0.66964  0.63220  0.00000  0.00000  0.99983  0.99943
3.610000000e+00  0.00000  1.00000  0.53980  0.82454  0.00000  0.00000  0.99983  0.99946
3.620000000e+00  0.00000  1.00000  0.48793  0.66805  0.00000  0.00000  0.99984  0.99931
3.630000000e+00  0.00000  1.00000  0.68041  0.81347  0.00000  0.00000  0.99984  0.99916
3.640000000e+00  0.00000  1.00000  0.64003  0.71418  0.00000  0.00000  0.99984  0.99890
3.650000000e+00  0.00000  1.00000  0.51492  0.92213  0.00000  0.00000  0.99984  0.99871
3.660000000e+00  0.00000  1.00000  0.61838  0.76835  0.00000  0.00000  0.99984  0.99860
3.670000000e+00  0.00000  1.00000  0.80760  0.77738  0.00000  0.00000  0.99984  0.99847
3.680000000e+00  0.00000  1.00000  0.93366  0.38647  0.00000  0.00000  0.99985  0.99823
3.690000000e+00  0.00000  1.00000  0.96885  0.53710  0.00000  0.00000  0.99985  0.99785
3.700000000e+00  0.00000  1.00000  0.97977  0.76746  0.00000  0.00000  0.99985  0.99758
3.710000000e+00  0.00000  1.00000  0.98900  0.90684  0.00000  0.00000  0.99985  0.99609
3.720000000e+00  0.00000  1.00000  0.97949  0.69717  0.00000  0.00000  0.99985  0.99507
3.730000000e+00  0.00000  1.00000  0.97820  0.83488  0.00000  0.00000  0.99985  0.99458
3.740000000e+00  0.00000  1.00000  0.97748  0.70275  0.00000  0.00000  0.99986  0.99397
3.750000000e+00  0.00000  1.00000  0.94050  0.79598  0.00000  0.00000  0.99986  0.99318
3.760000000e+00  0.00000  1.00000  0.84566  0.74852  0.00000  0.00000  0.99986  0.99226
3.770000000e+00  0.00000  1.00000  0.72136  0.69466  0.00000  0.00000  0.99986  0.99127
3.780000000e+00  0.00000  1.00000  0.54850  0.71317  0.00000  0.00000  0.99986  0.98993
3.790000000e+00  0.00000  1.00000  0.37548  0.76860  0.00000  0.00000  0.99986  0.98831
3.800000000e+00  0.00000  1.00000  0.14851  0.71581  0.00000  0.00000  0.99986  0.98661
3.810000000e+00  0.00000  1.00000  0.04015  0.87636  0.00000  0.00000  0.99987  0.98460
3.820000000e+00  0.00000  1.00000  0.06326  0.68621  0.00000  0.00000  0.99987  0.98248
3.830000000e+00  0.00000  1.00000  0.26091  0.85845  0.00000  0.00000  0.99987  0.98007
3.840000000e+00  0.00000  1.00000  0.12835  0.74273  0.00000  0.00000  0.99987  0.97722
3.850000000e+00  0.00000  1.00000  0.06651  0.86779  0.00000  0.00000  0.99987  0.97388
3.860000000e+00  0.00000  1.00000  0.12068  0.84114  0.00000  0.00000  0.99987  0.97010
3.870000000e+00  0.00000  1.00000  0.28931  0.88313  0.00000  0.00000  0.99987  0.96592
3.880000000e+00  0.00000  1.00000  0.53542  0.87853  0.00000  0.00000  0.99988  0.96113
3.890000000e+00  0.00000  1.00000  0.75557  0.90661  0.00000  0.00000  0.99988  0.95560
3.900000000e+00  0.00000  1.00000  0.90351  0.94001  0.00000  0.00000  0.99988  0.94940
3.910000000e+00  0.00000  1.00000  0.95970  0.89516  0.00000  0.00000  0.99988  0.94235
3.920000000e+00  0.00000  1.00000  0.96431  0.97652  0.00000  0.00000  0.99988  0.93416
3.930000000e+00  0.00000  1.00000  0.92679  0.94894  0.00000  0.00000  0.99988  0.92474
3.940000000e+00  0.00000  1.00000  0.84393  0.97771  0.00000  0.00000  0.99988  0.91387
3.950000000e+00  0.00000  1.00000  0.71828  0.98105  0.00000  0.00000  0.99988  0.90157
3.960000000e+00  0.00000  1.00000  0.50217  0.96863  0.00000  0.00000  0.99989  0.88706
3.970000000e+00  0.00000  1.00000  0.33113  0.99128  0.00000  0.00000  0.99989  0.87049
3.980000000e+00  0.00000  1.00000  0.18050  0.98060  0.00000  0.00000  0.99989  0.85204
3.990000000e+00  0.00000  1.00000  0.13124  0.99387  0.00000  0.00000  0.99989  0.83103
4.000000000e+00  0.00000  1.00000  0.30812  0.99169  0.00000  0.00000  0.99989  0.80709
4.010000000e+00  0.00000  1.00000  0.38078  0.99164  0.00000  0.00000  0.99989  0.78090
4.020000000e+00  0.00000  1.00000  0.16976  0.99773  0.00000  0.00000  0.99989  0.75252
4.030000000e+00  0.00000  1.00000  0.14784  0.99177  0.00000  0.00000  0.99989  0.72253
4.040000000e+00  0.00000  1.00000  0.20566  0.99578  0.00000  0.00000  0.99989  0.69108
4.050000000e+00  0.00000  1.00000  0.34418  0.99617  0.00000  0.00000  0.99990  0.65794
4.060000000e+00  0.00000  1.00000  0.51358  0.99528  0.00000  0.00000  0.99990  0.62474
4.070000000e+00  0.00000  1.00000  0.56699  0.99508  0.00000  0.00000  0.99990  0.59145
4.080000000e+00  0.00000  1.00000  0.27625  0.99766  0.00000  0.00000  0.99990  0.55983
4.090000000e+00  0.00000  1.00000  0.08451  0.99744  0.00000  0.00000  0.99990  0.53037
4.100000000e+00  0.00000  1.00000  0.03729  0.99774  0.00000  0.00000  0.99990  0.50296
4.110000000e+00  0.00000  1.00000  0.04807  0.99180  0.00000  0.00000  0.99990  0.47863
4.120000000e+00  0.00000  1.00000  0.20854  0.99775  0.00000  0.00000  0.99990  0.45775
4.130000000e+00  0.00000  1.00000  0.25807  0.99443  0.00000  0.00000  0.99990  0.44036
4.140000000e+00  0.00000  1.00000  0.11354  0.99630  0.00000  0.00000  0.99990  0.42667
4.150000000e+00  0.00000  1.00000  0.04715  0.99882  0.00000  0.00000  0.99990  0.41649
4.160000000e+00  0.00000  1.00000  0.00021  0.99367  0.00000  0.00000  0.99991  0.41025
4.170000000e+00  0.00000  1.00000  0.00000  0.99623  0.00000  0.00000  0.99991  0.40678
4.180000000e+00  0.00000  1.00000  0.00000  0.99553  0.00000  0.00000  0.99991  0.40814
4.190000000e+00  0.00000  1.00000  0.00000  0.99554  0.00000  0.00000  0.99991  0.41027
4.200000000e+00  0.00000  1.00000  0.00000  0.99497  0.00000  0.00000  0.99991  0.41552
4.210000000e+00  0.00000  1.00000  0.00000  0.99220  0.00000  0.00000  0.99991  0.41867
4.220000000e+00  0.00000  1.00000  0.00000  0.99254  0.00000  0.00000  0.99991  0.41946
4.230000000e+00  0.00000  1.00000  0.00000  0.99180  0.00000  0.00000  0.99991  0.41670
4.240000000e+00  0.00000  1.00000  0.00000  0.99383  0.00000  0.00000  0.99991  0.40843
4.250000000e+00  0.00000  1.00000  0.00000  0.98457  0.00000  0.00000  0.99991  0.39293
4.260000000e+00  0.00000  1.00000  0.00000  0.98082  0.00000  0.00000  0.99991  0.36396
4.270000000e+00  0.00000  1.00000  0.00000  0.99330  0.00000  0.00000  0.99991  0.32115
4.280000000e+00  0.00000  1.00000  0.00000  0.97227  0.00000  0.00000  0.99992  0.29178
4.290000000e+00  0.00000  1.00000  0.00000  0.96819  0.00000  0.00000  0.99992  0.27391
4.300000000e+00  0.00000  1.00000  0.00000  0.96409  0.00000  0.00000  0.99992  0.27867
4.310000000e+00  0.00000  1.00000  0.00000  0.93830  0.00000  0.00000  0.99992  0.30624
4.320000000e+00  0.00000  1.00000  0.00000  0.95059  0.00000  0.00000  0.99992  0.34608
4.330000000e+00  0.00000  1.00000  0.00000  0.94903  0.00000  0.00000  0.99992  0.40047
4.340000000e+00  0.00000  1.00000  0.00000  0.93783  0.00000  0.00000  0.99992  0.44588
4.350000000e+00  0.00000  1.00000  0.00000  0.93384  0.00000  0.00000  0.99992  0.48042
4.360000000e+00  0.00000  1.00000  0.00000  0.91146  0.00000  0.00000  0.99992  0.50542
4.370000000e+00  0.00000  1.00000  0.00000  0.82147  0.00000  0.00000  0.99992  0.52338
4.380000000e+00  0.00000  1.00000  0.00000  0.93684  0.00000  0.00000  0.99992  0.53684
4.390000000e+00  0.00000  1.00000  0.00000  0.91296  0.00000  0.00000  0.99992  0.54909
4.400000000e+00  0.00000  1.00000  0.00000  0.87104  0.00000  0.00000  0.99992  0.55770
4.410000000e+00  0.00000  1.00000  0.00000  0.75035  0.00000  0.00000  0.99993  0.56890
4.420000000e+00  0.00000  1.00000  0.00000  0.95790  0.00000  0.00000  0.99993  0.57959
4.430000000e+00  0.00000  1.00000  0.00000  0.85255  0.00000  0.00000  0.99993  0.59204
4.440000000e+00  0.00000  1.00000  0.00000  0.69315  0.00000  0.00000  0.99993  0.60539
4.450000000e+00  0.00000  1.00000  0.00000  0.75944  0.00000  0.00000  0.99993  0.62108
4.460000000e+00  0.00000  1.00000  0.00000  0.78867  0.00000  0.00000  0.99993  0.63665
4.470000000e+00  0.00000  1.00000  0.00000  0.80829  0.00000  0.00000  0.99993  0.65565
4.480000000e+00  0.00000  1.00000  0.00000  0.78638  0.00000  0.00000  0.99993  0.67343
4.490000000e+00  0.00000  1.00000  0.00000  0.82948  0.00000  0.00000  0.99993  0.69402
4.500000000e+00  0.00000  1.00000  0.00000  0.85555  0.00000  0.00000  0.99993  0.71307
4.510000000e+00  0.00000  1.00000  0.00000  0.84721  0.00000  0.00000  0.99993  0.73388
4.520000000e+00  0.00000  1.00000  0.00000  0.77503  0.00000  0.00000  0.99993  0.75413
4.530000000e+00  0.00000  1.00000  0.00000  0.64688  0.00000  0.00000  0.99993  0.77391
4.540000000e+00  0.00000  1.00000  0.00002  0.62547  0.00000  0.00000  0.99993  0.79337
4.550000000e+00  0.00000  1.00000  0.00020  0.80611  0.00000  0.00000  0.99993  0.81206
4.560000000e+00  0.00000  1.00000  0.00438  0.89987  0.00000  0.00000  0.99993  0.82995
4.570000000e+00  0.00000  1.00000  0.03157  0.79746  0.00000  0.00000  0.99993  0.84615
4.580000000e+00  0.00000  1.00000  0.11106  0.69566  0.00000  0.00000  0.99994  0.86200
4.590000000e+00  0.00000  1.00000  0.16220  0.76231  0.00000  0.00000  0.99994  0.87645
4.600000000e+00  0.00000  1.00000  0.24003  0.79714  0.00000  0.00000  0.99994  0.88974
4.610000000e+00  0.00000  1.00000  0.29998  0.83576  0.00000  0.00000  0.99994  0.90199
4.620000000e+00  0.00000  1.00000  0.24881  0.78879  0.00000  0.00000  0.99994  0.91318
4.630000000e+00  0.00000  1.00000  0.11106  0.58874  0.00000  0.00000  0.99994  0.92327
4.640000000e+00  0.00000  1.00000  0.08512  0.59910  0.00000  0.00000  0.99994  0.93238
4.650000000e+00  0.00000  1.00000  0.06921  0.61614  0.00000  0.00000  0.99994  0.94060
4.660000000e+00  0.00000  1.00000  0.06953  0.55120  0.00000  0.00000  0.99994  0.94798
4.670000000e+00  0.00000  1.00000  0.07623  0.47932  0.00000  0.00000  0.99994  0.95423
4.680000000e+00  0.00000  1.00000  0.02715  0.48706  0.00000  0.00000  0.99994  0.95939
4.690000000e+00  0.00000  1.00000  0.01182  0.20595  0.00000  0.00000  0.99994  0.96444
4.700000000e+00  0.00000  1.00000  0.00132  0.85823  0.00000  0.00000  0.99994  0.96868
4.710000000e+00  0.00000  1.00000  0.00004  0.75598  0.00000  0.00000  0.99994  0.97229
4.720000000e+00  0.00000  1.00000  0.00002  0.42633  0.00000  0.00000  0.99994  0.97571
4.730000000e+00  0.00000  1.00000  0.00000  0.56994  0.00000  0.00000  0.99994  0.97832
4.740000000e+00  0.00000  1.00000  0.00000  0.41105  0.00000  0.00000  0.99994  0.98114
4.750000000e+00  0.00000  1.00000  0.00000  0.64950  0.00000  0.00000  0.99994  0.98342
4.760000000e+00  0.00000  1.00000  0.00000  0.53705  0.00000  0.00000  0.99994  0.98549
4.770000000e+00  0.00000  1.00000  0.00000  0.54868  0.00000  0.00000  0.99994  0.98728
4.780000000e+00  0.00000  1.00000  0.00000  0.41623  0.00000  0.00000  0.99995  0.98829
4.790000000e+00  0.00000  1.00000  0.00000  0.24439  0.00000  0.00000  0.99995  0.98970
4.800000000e+00  0.00000  1.00000  0.00000  0.29158  0.00000  0.00000  0.99995  0.99142
4.810000000e+00  0.00000  1.00000  0.00000  0.45455  0.00000  0.00000  0.99995  0.99261
4.820000000e+00  0.00000  1.00000  0.00000  0.39608  0.00000  0.00000  0.99995  0.99351
4.830000000e+00  0.00000  1.00000  0.00000  0.23431  0.00000  0.00000  0.99995  0.99451
4.840000000e+00  0.00000  1.00000  0.00000  0.43353  0.00000  0.00000  0.99995  0.99266
4.850000000e+00  0.00000  1.00000  0.00000  0.11471  0.00000  0.00000  0.99995  0.99477
4.860000000e+00  0.00000  1.00000  0.00000  0.07647  0.00000  0.00000  0.99995  0.99635
4.870000000e+00  0.00000  1.00000  0.00000  0.57343  0.00000  0.00000  0.99995  0.99691
4.880000000e+00  0.00000  1.00000  0.00000  0.57295  0.00000  0.00000  0.99995  0.99727
4.890000000e+00  0.00000  1.00000  0.00000  0.50726  0.00000  0.00000  0.99995  0.99712
4.900000000e+00  0.00000  1.00000  0.00000  0.07019  0.00000  0.00000  0.99995  0.99568
4.910000000e+00  0.00000  1.00000  0.00000  0.04029  0.00000  0.00000  0.99995  0.99784
4.920000000e+00  0.00000  1.00000  0.00000  0.25150  0.00000  0.00000  0.99995  0.99818
4.930000000e+00  0.00000  1.00000  0.00000  0.48658  0.00000  0.00000  0.99995  0.99836
4.940000000e+00  0.00000  1.00000  0.00011  0.24775  0.00000  0.00000  0.99995  0.99839
4.950000000e+00  0.00000  1.00000  0.00053  0.06469  0.00000  0.00000  0.99995  0.99724
4.960000000e+00  0.00000  1.00000  0.00126  0.01907  0.00000  0.00000  0.99995  0.99179
4.970000000e+00  0.00000  1.00000  0.01062  0.00731  0.00000  0.00000  0.99995  0.99885
4.980000000e+00  0.00000  1.00000  0.03159  0.14397  0.00000  0.00000  0.99995  0.99895
4.990000000e+00  0.00000  1.00000  0.08107  0.03622  0.00000  0.00000  0.99995  0.99917
5.000000000e+00  0.00000  1.00000  0.07439  0.24969  0.00000  0.00000  0.99995  0.99920
