# ------------------------------------------------------------------------
# Radiance spectrum
# NASA-GSFC Planetary Spectrum Generator (PSG) (Villanueva et al. 2015)
# Synthesized on Tue Nov 21 15:10:35 2017
# ------------------------------------------------------------------------
# Atmospheric radiances synthesized with PUMAS (Villanueva et al. 2016, Smith et al. 2009, Edwards 1992)
# Molecular abundance profile: 
# Molecules considered: N2,CO2,H2O
# Molecular sources: HIT[22],HIT[2],HIT[1]
# Molecular abundances: 1,1,1
# Molecular abundance units: scl,scl,scl
# Collission-Induced-Absorption:  N2-N2(3.33-5.41um)
# Rayleigh scattering included
# ------------------------------------------------------------------------
# Spectral unit: Wavelength [um]
# Radiance unit: Spectral radiance [W/sr/m2/um]
# Wave/freq Total Stellar TRAPPIST-1-e
1.000000000e+00  3.68049e-03  3.68049e-03  3.55602e-10
1.010000000e+00  3.70309e-03  3.70309e-03  3.57709e-10
1.020000000e+00  3.72363e-03  3.72363e-03  3.59629e-10
1.030000000e+00  3.74214e-03  3.74214e-03  3.61352e-10
1.040000000e+00  3.75867e-03  3.75867e-03  3.51375e-10
1.050000000e+00  3.77328e-03  3.77327e-03  3.64123e-10
1.060000000e+00  3.78601e-03  3.78601e-03  3.64640e-10
1.070000000e+00  3.79691e-03  3.79691e-03  3.63022e-10
1.080000000e+00  3.80605e-03  3.80605e-03  3.66947e-10
1.090000000e+00  3.81347e-03  3.81347e-03  3.67862e-10
1.100000000e+00  3.81922e-03  3.81922e-03  3.68251e-10
1.110000000e+00  3.82337e-03  3.82337e-03  3.68591e-10
1.120000000e+00  3.82595e-03  3.82595e-03  3.65923e-10
1.130000000e+00  3.82703e-03  3.82703e-03  3.64935e-10
1.140000000e+00  3.82666e-03  3.82666e-03  3.67302e-10
1.150000000e+00  3.82489e-03  3.82489e-03  3.66288e-10
1.160000000e+00  3.82177e-03  3.82177e-03  3.67910e-10
1.170000000e+00  3.81735e-03  3.81734e-03  3.67824e-10
1.180000000e+00  3.81168e-03  3.81168e-03  3.67152e-10
1.190000000e+00  3.80481e-03  3.80481e-03  3.66412e-10
1.200000000e+00  3.79680e-03  3.79679e-03  3.65660e-10
1.210000000e+00  3.78768e-03  3.78768e-03  3.02780e-10
1.220000000e+00  3.77751e-03  3.77751e-03  3.31315e-10
1.230000000e+00  3.76632e-03  3.76632e-03  3.42106e-10
1.240000000e+00  3.75418e-03  3.75418e-03  3.55067e-10
1.250000000e+00  3.74111e-03  3.74111e-03  3.59928e-10
1.260000000e+00  3.72717e-03  3.72717e-03  3.56943e-10
1.270000000e+00  3.71239e-03  3.71239e-03  3.55494e-10
1.280000000e+00  3.69682e-03  3.69682e-03  3.55936e-10
1.290000000e+00  3.68049e-03  3.68049e-03  3.51126e-10
1.300000000e+00  3.66345e-03  3.66345e-03  3.46042e-10
1.310000000e+00  3.64573e-03  3.64573e-03  3.50673e-10
1.320000000e+00  3.62736e-03  3.62736e-03  3.20847e-10
1.330000000e+00  3.60839e-03  3.60839e-03  3.46645e-10
1.340000000e+00  3.58885e-03  3.58885e-03  3.27588e-10
1.350000000e+00  3.56877e-03  3.56877e-03  3.37835e-10
1.360000000e+00  3.54817e-03  3.54817e-03  3.31146e-10
1.370000000e+00  3.52711e-03  3.52711e-03  3.26906e-10
1.380000000e+00  3.50559e-03  3.50559e-03  3.25354e-10
1.390000000e+00  3.48366e-03  3.48366e-03  3.26167e-10
1.400000000e+00  3.46134e-03  3.46134e-03  3.24556e-10
1.410000000e+00  3.43866e-03  3.43866e-03  3.20872e-10
1.420000000e+00  3.41564e-03  3.41564e-03  3.26947e-10
1.430000000e+00  3.39231e-03  3.39231e-03  3.22032e-10
1.440000000e+00  3.36870e-03  3.36870e-03  1.47991e-10
1.450000000e+00  3.34482e-03  3.34482e-03  2.60702e-10
1.460000000e+00  3.32070e-03  3.32070e-03  3.15281e-10
1.470000000e+00  3.29636e-03  3.29636e-03  3.13705e-10
1.480000000e+00  3.27183e-03  3.27183e-03  2.89551e-10
1.490000000e+00  3.24712e-03  3.24711e-03  3.05020e-10
1.500000000e+00  3.22224e-03  3.22224e-03  2.88414e-10
1.510000000e+00  3.19723e-03  3.19723e-03  3.05553e-10
1.520000000e+00  3.17209e-03  3.17209e-03  3.03648e-10
1.530000000e+00  3.14685e-03  3.14685e-03  2.77638e-10
1.540000000e+00  3.12152e-03  3.12152e-03  2.54290e-10
1.550000000e+00  3.09611e-03  3.09611e-03  2.88911e-10
1.560000000e+00  3.07064e-03  3.07064e-03  2.92547e-10
1.570000000e+00  3.04513e-03  3.04513e-03  2.58453e-10
1.580000000e+00  3.01959e-03  3.01959e-03  1.75310e-10
1.590000000e+00  2.99402e-03  2.99402e-03  2.71007e-10
1.600000000e+00  2.96846e-03  2.96846e-03  2.48930e-10
1.610000000e+00  2.94289e-03  2.94289e-03  1.71921e-10
1.620000000e+00  2.91734e-03  2.91734e-03  2.39375e-10
1.630000000e+00  2.89182e-03  2.89182e-03  2.62114e-10
1.640000000e+00  2.86634e-03  2.86634e-03  2.49214e-10
1.650000000e+00  2.84091e-03  2.84091e-03  2.42604e-10
1.660000000e+00  2.81553e-03  2.81553e-03  2.56564e-10
1.670000000e+00  2.79021e-03  2.79021e-03  2.57378e-10
1.680000000e+00  2.76497e-03  2.76497e-03  2.58513e-10
1.690000000e+00  2.73981e-03  2.73981e-03  2.61640e-10
1.700000000e+00  2.71474e-03  2.71474e-03  2.60527e-10
1.710000000e+00  2.68977e-03  2.68977e-03  2.55510e-10
1.720000000e+00  2.66490e-03  2.66490e-03  2.55301e-10
1.730000000e+00  2.64013e-03  2.64013e-03  2.53729e-10
1.740000000e+00  2.61549e-03  2.61549e-03  2.51473e-10
1.750000000e+00  2.59096e-03  2.59096e-03  2.49030e-10
1.760000000e+00  2.56656e-03  2.56656e-03  2.46236e-10
1.770000000e+00  2.54229e-03  2.54229e-03  2.44088e-10
1.780000000e+00  2.51815e-03  2.51815e-03  2.41936e-10
1.790000000e+00  2.49415e-03  2.49415e-03  2.39322e-10
1.800000000e+00  2.47030e-03  2.47030e-03  2.37023e-10
1.810000000e+00  2.44660e-03  2.44660e-03  2.34296e-10
1.820000000e+00  2.42304e-03  2.42304e-03  2.29682e-10
1.830000000e+00  2.39964e-03  2.39964e-03  2.25360e-10
1.840000000e+00  2.37640e-03  2.37640e-03  2.19382e-10
1.850000000e+00  2.35332e-03  2.35332e-03  2.18027e-10
1.860000000e+00  2.33041e-03  2.33041e-03  2.13895e-10
1.870000000e+00  2.30765e-03  2.30765e-03  2.14396e-10
1.880000000e+00  2.28507e-03  2.28507e-03  1.88252e-10
1.890000000e+00  2.26266e-03  2.26266e-03  1.87916e-10
1.900000000e+00  2.24041e-03  2.24041e-03  2.03978e-10
1.910000000e+00  2.21834e-03  2.21834e-03  2.02715e-10
1.920000000e+00  2.19645e-03  2.19645e-03  2.05364e-10
1.930000000e+00  2.17473e-03  2.17473e-03  2.03670e-10
1.940000000e+00  2.15319e-03  2.15319e-03  1.93792e-10
1.950000000e+00  2.13183e-03  2.13183e-03  1.06052e-10
1.960000000e+00  2.11065e-03  2.11065e-03  4.02096e-11
1.970000000e+00  2.08964e-03  2.08964e-03  4.40480e-11
1.980000000e+00  2.06882e-03  2.06882e-03  1.07256e-10
1.990000000e+00  2.04818e-03  2.04818e-03  1.46917e-10
2.000000000e+00  2.02772e-03  2.02772e-03  9.04238e-11
2.010000000e+00  2.00745e-03  2.00745e-03  2.32038e-11
2.020000000e+00  1.98735e-03  1.98735e-03  3.02508e-11
2.030000000e+00  1.96744e-03  1.96744e-03  6.89654e-11
2.040000000e+00  1.94771e-03  1.94771e-03  7.99418e-11
2.050000000e+00  1.92816e-03  1.92816e-03  7.35240e-11
2.060000000e+00  1.90880e-03  1.90880e-03  3.98550e-11
2.070000000e+00  1.88961e-03  1.88961e-03  4.34367e-11
2.080000000e+00  1.87061e-03  1.87061e-03  7.11976e-11
2.090000000e+00  1.85179e-03  1.85179e-03  8.95373e-11
2.100000000e+00  1.83315e-03  1.83315e-03  1.16633e-10
2.110000000e+00  1.81469e-03  1.81469e-03  1.40781e-10
2.120000000e+00  1.79641e-03  1.79641e-03  1.47629e-10
2.130000000e+00  1.77831e-03  1.77831e-03  1.62189e-10
2.140000000e+00  1.76039e-03  1.76039e-03  1.64139e-10
2.150000000e+00  1.74264e-03  1.74264e-03  1.48508e-10
2.160000000e+00  1.72507e-03  1.72507e-03  1.47457e-10
2.170000000e+00  1.70768e-03  1.70768e-03  1.45643e-10
2.180000000e+00  1.69046e-03  1.69046e-03  1.53099e-10
2.190000000e+00  1.67341e-03  1.67341e-03  1.58010e-10
2.200000000e+00  1.65654e-03  1.65654e-03  1.57982e-10
2.210000000e+00  1.63984e-03  1.63984e-03  1.56906e-10
2.220000000e+00  1.62331e-03  1.62331e-03  1.54538e-10
2.230000000e+00  1.60696e-03  1.60695e-03  1.53253e-10
2.240000000e+00  1.59076e-03  1.59076e-03  1.52632e-10
2.250000000e+00  1.57474e-03  1.57474e-03  1.51027e-10
2.260000000e+00  1.55889e-03  1.55889e-03  1.48597e-10
2.270000000e+00  1.54320e-03  1.54319e-03  1.47921e-10
2.280000000e+00  1.52767e-03  1.52767e-03  1.46277e-10
2.290000000e+00  1.51230e-03  1.51230e-03  1.45190e-10
2.300000000e+00  1.49710e-03  1.49710e-03  1.43712e-10
2.310000000e+00  1.48206e-03  1.48206e-03  1.42267e-10
2.320000000e+00  1.46718e-03  1.46718e-03  1.40852e-10
2.330000000e+00  1.45245e-03  1.45245e-03  1.39420e-10
2.340000000e+00  1.43788e-03  1.43788e-03  1.37999e-10
2.350000000e+00  1.42347e-03  1.42347e-03  1.36593e-10
2.360000000e+00  1.40921e-03  1.40921e-03  1.35197e-10
2.370000000e+00  1.39510e-03  1.39510e-03  1.33832e-10
2.380000000e+00  1.38115e-03  1.38115e-03  1.32422e-10
2.390000000e+00  1.36734e-03  1.36734e-03  1.30966e-10
2.400000000e+00  1.35368e-03  1.35368e-03  1.29531e-10
2.410000000e+00  1.34017e-03  1.34017e-03  1.28179e-10
2.420000000e+00  1.32681e-03  1.32681e-03  1.27075e-10
2.430000000e+00  1.31359e-03  1.31359e-03  1.25975e-10
2.440000000e+00  1.30051e-03  1.30051e-03  1.24062e-10
2.450000000e+00  1.28757e-03  1.28757e-03  1.23163e-10
2.460000000e+00  1.27478e-03  1.27478e-03  1.22190e-10
2.470000000e+00  1.26212e-03  1.26212e-03  1.20813e-10
2.480000000e+00  1.24960e-03  1.24960e-03  1.18721e-10
2.490000000e+00  1.23722e-03  1.23722e-03  1.13888e-10
2.500000000e+00  1.22498e-03  1.22498e-03  1.13594e-10
2.510000000e+00  1.21286e-03  1.21286e-03  1.12609e-10
2.520000000e+00  1.20088e-03  1.20088e-03  1.10880e-10
2.530000000e+00  1.18903e-03  1.18903e-03  1.12164e-10
2.540000000e+00  1.17731e-03  1.17731e-03  1.10252e-10
2.550000000e+00  1.16572e-03  1.16572e-03  1.07310e-10
2.560000000e+00  1.15425e-03  1.15425e-03  1.07587e-10
2.570000000e+00  1.14291e-03  1.14291e-03  9.94205e-11
2.580000000e+00  1.13170e-03  1.13170e-03  9.42982e-11
2.590000000e+00  1.12060e-03  1.12060e-03  9.01354e-11
2.600000000e+00  1.10963e-03  1.10963e-03  8.22786e-11
2.610000000e+00  1.09878e-03  1.09878e-03  8.57398e-11
2.620000000e+00  1.08805e-03  1.08805e-03  8.42985e-11
2.630000000e+00  1.07744e-03  1.07744e-03  8.87904e-11
2.640000000e+00  1.06694e-03  1.06694e-03  8.71057e-11
2.650000000e+00  1.05656e-03  1.05656e-03  9.28920e-11
2.660000000e+00  1.04629e-03  1.04629e-03  7.26457e-11
2.670000000e+00  1.03614e-03  1.03614e-03  1.08572e-11
2.680000000e+00  1.02610e-03  1.02610e-03  1.55961e-12
2.690000000e+00  1.01616e-03  1.01616e-03  5.26611e-13
2.700000000e+00  1.00634e-03  1.00634e-03  6.91320e-13
2.710000000e+00  9.96623e-04  9.96623e-04  6.94790e-13
2.720000000e+00  9.87014e-04  9.87014e-04  1.58298e-12
2.730000000e+00  9.77511e-04  9.77511e-04  3.45267e-12
2.740000000e+00  9.68112e-04  9.68112e-04  3.45797e-12
2.750000000e+00  9.58816e-04  9.58816e-04  1.57662e-12
2.760000000e+00  9.49622e-04  9.49622e-04  4.47960e-13
2.770000000e+00  9.40529e-04  9.40529e-04  3.54133e-13
2.780000000e+00  9.31536e-04  9.31536e-04  2.62318e-13
2.790000000e+00  9.22641e-04  9.22641e-04  3.00452e-13
2.800000000e+00  9.13844e-04  9.13844e-04  4.91922e-13
2.810000000e+00  9.05143e-04  9.05143e-04  7.55196e-13
2.820000000e+00  8.96538e-04  8.96538e-04  9.02180e-13
2.830000000e+00  8.88027e-04  8.88027e-04  9.66063e-13
2.840000000e+00  8.79608e-04  8.79608e-04  1.16849e-12
2.850000000e+00  8.71282e-04  8.71282e-04  8.14484e-13
2.860000000e+00  8.63047e-04  8.63047e-04  1.45219e-12
2.870000000e+00  8.54902e-04  8.54902e-04  4.18042e-12
2.880000000e+00  8.46846e-04  8.46846e-04  7.33784e-12
2.890000000e+00  8.38878e-04  8.38878e-04  1.26415e-11
2.900000000e+00  8.30996e-04  8.30996e-04  1.92786e-11
2.910000000e+00  8.23201e-04  8.23201e-04  2.29845e-11
2.920000000e+00  8.15490e-04  8.15490e-04  2.51610e-11
2.930000000e+00  8.07863e-04  8.07863e-04  2.58529e-11
2.940000000e+00  8.00320e-04  8.00320e-04  2.65385e-11
2.950000000e+00  7.92858e-04  7.92858e-04  2.74911e-11
2.960000000e+00  7.85477e-04  7.85477e-04  2.72412e-11
2.970000000e+00  7.78176e-04  7.78176e-04  2.48357e-11
2.980000000e+00  7.70954e-04  7.70954e-04  2.15498e-11
2.990000000e+00  7.63811e-04  7.63811e-04  2.08367e-11
3.000000000e+00  7.56745e-04  7.56745e-04  2.37835e-11
3.010000000e+00  7.49755e-04  7.49755e-04  2.65703e-11
3.020000000e+00  7.42841e-04  7.42841e-04  2.43887e-11
3.030000000e+00  7.36002e-04  7.36001e-04  2.59844e-11
3.040000000e+00  7.29236e-04  7.29236e-04  2.77818e-11
3.050000000e+00  7.22543e-04  7.22543e-04  2.86759e-11
3.060000000e+00  7.15922e-04  7.15922e-04  2.87900e-11
3.070000000e+00  7.09372e-04  7.09372e-04  2.94510e-11
3.080000000e+00  7.02893e-04  7.02893e-04  2.97413e-11
3.090000000e+00  6.96483e-04  6.96483e-04  2.95968e-11
3.100000000e+00  6.90142e-04  6.90142e-04  2.95546e-11
3.110000000e+00  6.83869e-04  6.83869e-04  2.92439e-11
3.120000000e+00  6.77663e-04  6.77663e-04  2.82418e-11
3.130000000e+00  6.71523e-04  6.71523e-04  2.74617e-11
3.140000000e+00  6.65449e-04  6.65449e-04  2.79300e-11
3.150000000e+00  6.59440e-04  6.59440e-04  2.86880e-11
3.160000000e+00  6.53495e-04  6.53494e-04  2.85024e-11
3.170000000e+00  6.47613e-04  6.47612e-04  2.81794e-11
3.180000000e+00  6.41793e-04  6.41793e-04  2.87786e-11
3.190000000e+00  6.36035e-04  6.36035e-04  2.94154e-11
3.200000000e+00  6.30339e-04  6.30339e-04  2.99575e-11
3.210000000e+00  6.24703e-04  6.24702e-04  3.04135e-11
3.220000000e+00  6.19126e-04  6.19126e-04  3.10326e-11
3.230000000e+00  6.13608e-04  6.13608e-04  3.14783e-11
3.240000000e+00  6.08149e-04  6.08149e-04  3.23918e-11
3.250000000e+00  6.02747e-04  6.02747e-04  3.28299e-11
3.260000000e+00  5.97402e-04  5.97402e-04  3.36481e-11
3.270000000e+00  5.92114e-04  5.92114e-04  3.40756e-11
3.280000000e+00  5.86881e-04  5.86881e-04  3.49024e-11
3.290000000e+00  5.81702e-04  5.81702e-04  3.57548e-11
3.300000000e+00  5.76579e-04  5.76579e-04  3.63017e-11
3.310000000e+00  5.71508e-04  5.71508e-04  3.69453e-11
3.320000000e+00  5.66491e-04  5.66491e-04  3.78836e-11
3.330000000e+00  5.61527e-04  5.61527e-04  3.82833e-11
3.340000000e+00  5.56614e-04  5.56614e-04  3.90004e-11
3.350000000e+00  5.51752e-04  5.51752e-04  3.94164e-11
3.360000000e+00  5.46941e-04  5.46941e-04  3.91877e-11
3.370000000e+00  5.42180e-04  5.42180e-04  4.05639e-11
3.380000000e+00  5.37468e-04  5.37468e-04  4.12023e-11
3.390000000e+00  5.32805e-04  5.32805e-04  4.17156e-11
3.400000000e+00  5.28190e-04  5.28190e-04  4.20100e-11
3.410000000e+00  5.23623e-04  5.23623e-04  4.22283e-11
3.420000000e+00  5.19104e-04  5.19104e-04  4.24658e-11
3.430000000e+00  5.14631e-04  5.14631e-04  4.26794e-11
3.440000000e+00  5.10204e-04  5.10203e-04  4.28838e-11
3.450000000e+00  5.05822e-04  5.05822e-04  4.30433e-11
3.460000000e+00  5.01485e-04  5.01485e-04  4.30326e-11
3.470000000e+00  4.97193e-04  4.97193e-04  4.29766e-11
3.480000000e+00  4.92945e-04  4.92945e-04  4.29056e-11
3.490000000e+00  4.88741e-04  4.88741e-04  4.28358e-11
3.500000000e+00  4.84579e-04  4.84579e-04  4.27630e-11
3.510000000e+00  4.80460e-04  4.80460e-04  4.26877e-11
3.520000000e+00  4.76383e-04  4.76383e-04  4.25764e-11
3.530000000e+00  4.72347e-04  4.72347e-04  4.23635e-11
3.540000000e+00  4.68352e-04  4.68352e-04  4.21423e-11
3.550000000e+00  4.64398e-04  4.64398e-04  4.19089e-11
3.560000000e+00  4.60484e-04  4.60484e-04  4.16334e-11
3.570000000e+00  4.56609e-04  4.56609e-04  4.12830e-11
3.580000000e+00  4.52774e-04  4.52774e-04  4.08788e-11
3.590000000e+00  4.48977e-04  4.48977e-04  4.02870e-11
3.600000000e+00  4.45219e-04  4.45219e-04  3.91884e-11
3.610000000e+00  4.41498e-04  4.41498e-04  3.81342e-11
3.620000000e+00  4.37815e-04  4.37815e-04  3.73064e-11
3.630000000e+00  4.34169e-04  4.34169e-04  3.79176e-11
3.640000000e+00  4.30559e-04  4.30559e-04  3.74988e-11
3.650000000e+00  4.26986e-04  4.26986e-04  3.67432e-11
3.660000000e+00  4.23448e-04  4.23448e-04  3.73618e-11
3.670000000e+00  4.19945e-04  4.19945e-04  3.80890e-11
3.680000000e+00  4.16478e-04  4.16478e-04  3.82315e-11
3.690000000e+00  4.13044e-04  4.13044e-04  3.79906e-11
3.700000000e+00  4.09645e-04  4.09645e-04  3.77363e-11
3.710000000e+00  4.06280e-04  4.06280e-04  3.75092e-11
3.720000000e+00  4.02948e-04  4.02948e-04  3.71415e-11
3.730000000e+00  3.99649e-04  3.99649e-04  3.68766e-11
3.740000000e+00  3.96383e-04  3.96383e-04  3.66357e-11
3.750000000e+00  3.93148e-04  3.93148e-04  3.62387e-11
3.760000000e+00  3.89946e-04  3.89946e-04  3.54981e-11
3.770000000e+00  3.86775e-04  3.86775e-04  3.46213e-11
3.780000000e+00  3.83635e-04  3.83635e-04  3.37280e-11
3.790000000e+00  3.80526e-04  3.80526e-04  3.26346e-11
3.800000000e+00  3.77448e-04  3.77448e-04  3.02274e-11
3.810000000e+00  3.74400e-04  3.74400e-04  2.70781e-11
3.820000000e+00  3.71381e-04  3.71381e-04  2.73283e-11
3.830000000e+00  3.68392e-04  3.68392e-04  2.95953e-11
3.840000000e+00  3.65432e-04  3.65432e-04  2.80124e-11
3.850000000e+00  3.62500e-04  3.62500e-04  2.70351e-11
3.860000000e+00  3.59597e-04  3.59597e-04  2.83077e-11
3.870000000e+00  3.56723e-04  3.56723e-04  3.02055e-11
3.880000000e+00  3.53876e-04  3.53876e-04  3.12864e-11
3.890000000e+00  3.51056e-04  3.51056e-04  3.16579e-11
3.900000000e+00  3.48264e-04  3.48264e-04  3.17888e-11
3.910000000e+00  3.45499e-04  3.45499e-04  3.16764e-11
3.920000000e+00  3.42760e-04  3.42760e-04  3.14058e-11
3.930000000e+00  3.40048e-04  3.40048e-04  3.09718e-11
3.940000000e+00  3.37361e-04  3.37361e-04  3.03665e-11
3.950000000e+00  3.34701e-04  3.34701e-04  2.96509e-11
3.960000000e+00  3.32066e-04  3.32066e-04  2.85328e-11
3.970000000e+00  3.29456e-04  3.29456e-04  2.74567e-11
3.980000000e+00  3.26870e-04  3.26870e-04  2.56256e-11
3.990000000e+00  3.24310e-04  3.24310e-04  2.45074e-11
4.000000000e+00  3.21774e-04  3.21774e-04  2.55876e-11
4.010000000e+00  3.19262e-04  3.19262e-04  2.60293e-11
4.020000000e+00  3.16773e-04  3.16773e-04  2.43871e-11
4.030000000e+00  3.14309e-04  3.14309e-04  2.43344e-11
4.040000000e+00  3.11867e-04  3.11867e-04  2.50869e-11
4.050000000e+00  3.09449e-04  3.09449e-04  2.60323e-11
4.060000000e+00  3.07053e-04  3.07053e-04  2.68622e-11
4.070000000e+00  3.04680e-04  3.04680e-04  2.69515e-11
4.080000000e+00  3.02329e-04  3.02329e-04  2.62458e-11
4.090000000e+00  3.00000e-04  3.00000e-04  2.53925e-11
4.100000000e+00  2.97694e-04  2.97693e-04  2.47591e-11
4.110000000e+00  2.95408e-04  2.95408e-04  2.47694e-11
4.120000000e+00  2.93144e-04  2.93144e-04  2.49651e-11
4.130000000e+00  2.90901e-04  2.90901e-04  2.48118e-11
4.140000000e+00  2.88679e-04  2.88679e-04  2.41708e-11
4.150000000e+00  2.86478e-04  2.86478e-04  2.42682e-11
4.160000000e+00  2.84297e-04  2.84297e-04  2.15711e-11
4.170000000e+00  2.82136e-04  2.82136e-04  8.94513e-12
4.180000000e+00  2.79995e-04  2.79995e-04  3.95756e-12
4.190000000e+00  2.77874e-04  2.77874e-04  2.04224e-12
4.200000000e+00  2.75773e-04  2.75773e-04  8.85541e-13
4.210000000e+00  2.73691e-04  2.73691e-04  3.29336e-13
4.220000000e+00  2.71628e-04  2.71628e-04  1.20116e-13
4.230000000e+00  2.69584e-04  2.69584e-04  6.75029e-14
4.240000000e+00  2.67559e-04  2.67559e-04  5.15277e-14
4.250000000e+00  2.65552e-04  2.65552e-04  4.88272e-14
4.260000000e+00  2.63564e-04  2.63564e-04  5.95792e-14
4.270000000e+00  2.61594e-04  2.61594e-04  6.45722e-14
4.280000000e+00  2.59642e-04  2.59642e-04  5.27802e-14
4.290000000e+00  2.57707e-04  2.57707e-04  5.42954e-14
4.300000000e+00  2.55790e-04  2.55790e-04  6.26087e-14
4.310000000e+00  2.53891e-04  2.53891e-04  7.35504e-14
4.320000000e+00  2.52009e-04  2.52009e-04  8.92570e-14
4.330000000e+00  2.50144e-04  2.50144e-04  1.26433e-13
4.340000000e+00  2.48295e-04  2.48295e-04  1.71441e-13
4.350000000e+00  2.46463e-04  2.46463e-04  2.11135e-13
4.360000000e+00  2.44648e-04  2.44648e-04  2.13424e-13
4.370000000e+00  2.42849e-04  2.42849e-04  2.28706e-13
4.380000000e+00  2.41067e-04  2.41067e-04  2.89667e-13
4.390000000e+00  2.39300e-04  2.39300e-04  3.82924e-13
4.400000000e+00  2.37549e-04  2.37549e-04  2.98900e-13
4.410000000e+00  2.35814e-04  2.35814e-04  3.01472e-13
4.420000000e+00  2.34094e-04  2.34094e-04  3.46982e-13
4.430000000e+00  2.32390e-04  2.32390e-04  4.32264e-13
4.440000000e+00  2.30700e-04  2.30700e-04  5.65023e-13
4.450000000e+00  2.29026e-04  2.29026e-04  8.18493e-13
4.460000000e+00  2.27367e-04  2.27367e-04  1.25835e-12
4.470000000e+00  2.25722e-04  2.25722e-04  1.63858e-12
4.480000000e+00  2.24092e-04  2.24092e-04  2.36319e-12
4.490000000e+00  2.22476e-04  2.22476e-04  2.97623e-12
4.500000000e+00  2.20874e-04  2.20874e-04  4.28673e-12
4.510000000e+00  2.19287e-04  2.19287e-04  6.90072e-12
4.520000000e+00  2.17714e-04  2.17714e-04  9.79769e-12
4.530000000e+00  2.16154e-04  2.16154e-04  1.29680e-11
4.540000000e+00  2.14608e-04  2.14608e-04  1.48706e-11
4.550000000e+00  2.13075e-04  2.13075e-04  1.61035e-11
4.560000000e+00  2.11556e-04  2.11556e-04  1.64752e-11
4.570000000e+00  2.10051e-04  2.10051e-04  1.68050e-11
4.580000000e+00  2.08558e-04  2.08558e-04  1.69102e-11
4.590000000e+00  2.07078e-04  2.07078e-04  1.69631e-11
4.600000000e+00  2.05611e-04  2.05611e-04  1.69613e-11
4.610000000e+00  2.04157e-04  2.04157e-04  1.68834e-11
4.620000000e+00  2.02716e-04  2.02716e-04  1.62395e-11
4.630000000e+00  2.01287e-04  2.01287e-04  1.59370e-11
4.640000000e+00  1.99870e-04  1.99870e-04  1.60233e-11
4.650000000e+00  1.98466e-04  1.98466e-04  1.59790e-11
4.660000000e+00  1.97073e-04  1.97073e-04  1.60861e-11
4.670000000e+00  1.95693e-04  1.95693e-04  1.60504e-11
4.680000000e+00  1.94324e-04  1.94324e-04  1.52403e-11
4.690000000e+00  1.92967e-04  1.92967e-04  1.47685e-11
4.700000000e+00  1.91622e-04  1.91622e-04  1.41480e-11
4.710000000e+00  1.90288e-04  1.90288e-04  9.94500e-12
4.720000000e+00  1.88966e-04  1.88966e-04  1.23649e-11
4.730000000e+00  1.87655e-04  1.87655e-04  1.08087e-11
4.740000000e+00  1.86355e-04  1.86355e-04  9.82416e-12
4.750000000e+00  1.85066e-04  1.85066e-04  9.15557e-12
4.760000000e+00  1.83788e-04  1.83788e-04  8.82999e-12
4.770000000e+00  1.82521e-04  1.82521e-04  9.06642e-12
4.780000000e+00  1.81265e-04  1.81265e-04  7.59118e-12
4.790000000e+00  1.80019e-04  1.80019e-04  6.20008e-12
4.800000000e+00  1.78783e-04  1.78783e-04  5.07814e-12
4.810000000e+00  1.77559e-04  1.77559e-04  3.62284e-12
4.820000000e+00  1.76344e-04  1.76344e-04  2.13331e-12
4.830000000e+00  1.75140e-04  1.75140e-04  2.55580e-12
4.840000000e+00  1.73945e-04  1.73945e-04  2.69608e-12
4.850000000e+00  1.72761e-04  1.72761e-04  2.66312e-12
4.860000000e+00  1.71587e-04  1.71587e-04  2.49255e-12
4.870000000e+00  1.70422e-04  1.70422e-04  2.65373e-12
4.880000000e+00  1.69267e-04  1.69267e-04  2.98811e-12
4.890000000e+00  1.68122e-04  1.68122e-04  3.38299e-12
4.900000000e+00  1.66986e-04  1.66986e-04  4.88217e-12
4.910000000e+00  1.65860e-04  1.65860e-04  6.28518e-12
4.920000000e+00  1.64743e-04  1.64743e-04  6.04571e-12
4.930000000e+00  1.63635e-04  1.63635e-04  8.94936e-12
4.940000000e+00  1.62536e-04  1.62536e-04  9.68002e-12
4.950000000e+00  1.61447e-04  1.61447e-04  9.44892e-12
4.960000000e+00  1.60366e-04  1.60366e-04  1.03912e-11
4.970000000e+00  1.59294e-04  1.59294e-04  1.13831e-11
4.980000000e+00  1.58232e-04  1.58232e-04  1.18217e-11
4.990000000e+00  1.57177e-04  1.57177e-04  1.27378e-11
5.000000000e+00  1.56132e-04  1.56132e-04  1.16613e-11
