# ------------------------------------------------------------------------
# Radiance spectrum
# NASA-GSFC Planetary Spectrum Generator (PSG) (Villanueva et al. 2015)
# Synthesized on Tue Nov 21 15:10:28 2017
# ------------------------------------------------------------------------
# Atmospheric radiances synthesized with PUMAS (Villanueva et al. 2016, Smith et al. 2009, Edwards 1992)
# Molecular abundance profile: 
# Molecules considered: N2,CO2,H2O
# Molecular sources: HIT[22],HIT[2],HIT[1]
# Molecular abundances: 1,1,1
# Molecular abundance units: scl,scl,scl
# Collission-Induced-Absorption:  N2-N2(3.71-5.00um)
# Rayleigh scattering included
# ------------------------------------------------------------------------
# Spectral unit: Wavelength [um]
# Radiance unit: Spectral radiance [W/sr/m2/um]
# Wave/freq Total Stellar TRAPPIST-1-e
1.000000000e+00  3.68049e-03  3.68049e-03  1.79494e-35
1.010000000e+00  3.70309e-03  3.70309e-03  4.54807e-35
1.020000000e+00  3.72363e-03  3.72363e-03  6.87019e-35
1.030000000e+00  3.74214e-03  3.74214e-03  1.09320e-34
1.040000000e+00  3.75867e-03  3.75867e-03  1.27185e-32
1.050000000e+00  3.77327e-03  3.77327e-03  8.50253e-34
1.060000000e+00  3.78601e-03  3.78601e-03  3.47739e-33
1.070000000e+00  3.79691e-03  3.79691e-03  1.58690e-32
1.080000000e+00  3.80605e-03  3.80605e-03  3.44024e-33
1.090000000e+00  3.81347e-03  3.81347e-03  4.34379e-33
1.100000000e+00  3.81922e-03  3.81922e-03  1.48392e-32
1.110000000e+00  3.82337e-03  3.82337e-03  5.33663e-32
1.120000000e+00  3.82595e-03  3.82595e-03  8.64892e-31
1.130000000e+00  3.82703e-03  3.82703e-03  2.03094e-30
1.140000000e+00  3.82666e-03  3.82666e-03  1.21010e-30
1.150000000e+00  3.82489e-03  3.82489e-03  3.16262e-30
1.160000000e+00  3.82177e-03  3.82177e-03  1.29276e-30
1.170000000e+00  3.81734e-03  3.81734e-03  4.34376e-31
1.180000000e+00  3.81168e-03  3.81168e-03  8.14327e-31
1.190000000e+00  3.80481e-03  3.80481e-03  1.60954e-30
1.200000000e+00  3.79679e-03  3.79679e-03  1.88227e-30
1.210000000e+00  3.78768e-03  3.78768e-03  1.67456e-28
1.220000000e+00  3.77751e-03  3.77751e-03  1.25392e-28
1.230000000e+00  3.76632e-03  3.76632e-03  1.28774e-28
1.240000000e+00  3.75418e-03  3.75418e-03  4.58870e-29
1.250000000e+00  3.74111e-03  3.74111e-03  7.85829e-30
1.260000000e+00  3.72717e-03  3.72717e-03  3.05751e-29
1.270000000e+00  3.71239e-03  3.71239e-03  4.18494e-29
1.280000000e+00  3.69682e-03  3.69682e-03  1.34335e-29
1.290000000e+00  3.68049e-03  3.68049e-03  1.58981e-28
1.300000000e+00  3.66345e-03  3.66345e-03  4.25469e-28
1.310000000e+00  3.64573e-03  3.64573e-03  8.67809e-29
1.320000000e+00  3.62736e-03  3.62736e-03  3.62162e-27
1.330000000e+00  3.60839e-03  3.60839e-03  3.96843e-28
1.340000000e+00  3.58885e-03  3.58885e-03  4.50027e-27
1.350000000e+00  3.56877e-03  3.56877e-03  4.87755e-27
1.360000000e+00  3.54817e-03  3.54817e-03  1.94452e-26
1.370000000e+00  3.52711e-03  3.52711e-03  3.00047e-26
1.380000000e+00  3.50559e-03  3.50559e-03  3.47854e-26
1.390000000e+00  3.48366e-03  3.48366e-03  3.97073e-26
1.400000000e+00  3.46134e-03  3.46134e-03  4.87315e-26
1.410000000e+00  3.43866e-03  3.43866e-03  7.52047e-26
1.420000000e+00  3.41564e-03  3.41564e-03  2.66001e-26
1.430000000e+00  3.39231e-03  3.39231e-03  5.77524e-26
1.440000000e+00  3.36870e-03  3.36870e-03  6.27591e-25
1.450000000e+00  3.34482e-03  3.34482e-03  4.49592e-25
1.460000000e+00  3.32070e-03  3.32070e-03  8.81925e-26
1.470000000e+00  3.29636e-03  3.29636e-03  1.49874e-25
1.480000000e+00  3.27183e-03  3.27183e-03  4.61191e-25
1.490000000e+00  3.24711e-03  3.24711e-03  2.81355e-25
1.500000000e+00  3.22224e-03  3.22224e-03  6.16174e-25
1.510000000e+00  3.19723e-03  3.19723e-03  2.57205e-25
1.520000000e+00  3.17209e-03  3.17209e-03  2.94448e-25
1.530000000e+00  3.14685e-03  3.14685e-03  1.52084e-24
1.540000000e+00  3.12152e-03  3.12152e-03  3.54821e-24
1.550000000e+00  3.09611e-03  3.09611e-03  1.21236e-24
1.560000000e+00  3.07064e-03  3.07064e-03  6.95339e-25
1.570000000e+00  3.04513e-03  3.04513e-03  5.65021e-24
1.580000000e+00  3.01959e-03  3.01959e-03  1.98620e-23
1.590000000e+00  2.99402e-03  2.99402e-03  5.11462e-24
1.600000000e+00  2.96846e-03  2.96846e-03  1.16071e-23
1.610000000e+00  2.94289e-03  2.94289e-03  3.83858e-23
1.620000000e+00  2.91734e-03  2.91734e-03  2.26969e-23
1.630000000e+00  2.89182e-03  2.89182e-03  9.69582e-24
1.640000000e+00  2.86634e-03  2.86634e-03  1.96917e-23
1.650000000e+00  2.84091e-03  2.84091e-03  3.15911e-23
1.660000000e+00  2.81553e-03  2.81553e-03  1.88534e-23
1.670000000e+00  2.79021e-03  2.79021e-03  1.63058e-23
1.680000000e+00  2.76497e-03  2.76497e-03  1.20939e-23
1.690000000e+00  2.73981e-03  2.73981e-03  6.36352e-24
1.700000000e+00  2.71474e-03  2.71474e-03  5.01135e-24
1.710000000e+00  2.68977e-03  2.68977e-03  1.18311e-23
1.720000000e+00  2.66490e-03  2.66490e-03  8.42739e-24
1.730000000e+00  2.64013e-03  2.64013e-03  7.00765e-24
1.740000000e+00  2.61549e-03  2.61549e-03  7.95952e-24
1.750000000e+00  2.59096e-03  2.59096e-03  1.08086e-23
1.760000000e+00  2.56656e-03  2.56656e-03  1.68519e-23
1.770000000e+00  2.54229e-03  2.54229e-03  2.08792e-23
1.780000000e+00  2.51815e-03  2.51815e-03  2.18282e-23
1.790000000e+00  2.49415e-03  2.49415e-03  3.21246e-23
1.800000000e+00  2.47030e-03  2.47030e-03  4.71274e-23
1.810000000e+00  2.44660e-03  2.44660e-03  1.00843e-22
1.820000000e+00  2.42304e-03  2.42304e-03  2.95857e-22
1.830000000e+00  2.39964e-03  2.39964e-03  4.86308e-22
1.840000000e+00  2.37640e-03  2.37640e-03  1.01361e-21
1.850000000e+00  2.35332e-03  2.35332e-03  1.05386e-21
1.860000000e+00  2.33041e-03  2.33041e-03  1.48065e-21
1.870000000e+00  2.30765e-03  2.30765e-03  1.34626e-21
1.880000000e+00  2.28507e-03  2.28507e-03  3.66957e-21
1.890000000e+00  2.26266e-03  2.26266e-03  3.63981e-21
1.900000000e+00  2.24041e-03  2.24041e-03  2.14565e-21
1.910000000e+00  2.21834e-03  2.21834e-03  3.47693e-21
1.920000000e+00  2.19645e-03  2.19645e-03  2.62282e-21
1.930000000e+00  2.17473e-03  2.17473e-03  2.92108e-21
1.940000000e+00  2.15319e-03  2.15319e-03  4.93465e-21
1.950000000e+00  2.13183e-03  2.13183e-03  2.85637e-20
1.960000000e+00  2.11065e-03  2.11065e-03  2.38819e-20
1.970000000e+00  2.08964e-03  2.08964e-03  3.24213e-20
1.980000000e+00  2.06882e-03  2.06882e-03  4.31289e-20
1.990000000e+00  2.04818e-03  2.04818e-03  2.97470e-20
2.000000000e+00  2.02772e-03  2.02772e-03  5.46480e-20
2.010000000e+00  2.00745e-03  2.00745e-03  2.56212e-20
2.020000000e+00  1.98735e-03  1.98735e-03  4.57077e-20
2.030000000e+00  1.96744e-03  1.96744e-03  1.03391e-19
2.040000000e+00  1.94771e-03  1.94771e-03  1.11190e-19
2.050000000e+00  1.92816e-03  1.92816e-03  1.32814e-19
2.060000000e+00  1.90880e-03  1.90880e-03  1.22788e-19
2.070000000e+00  1.88961e-03  1.88961e-03  1.61152e-19
2.080000000e+00  1.87061e-03  1.87061e-03  2.03788e-19
2.090000000e+00  1.85179e-03  1.85179e-03  2.10831e-19
2.100000000e+00  1.83315e-03  1.83315e-03  1.79729e-19
2.110000000e+00  1.81469e-03  1.81469e-03  1.18045e-19
2.120000000e+00  1.79641e-03  1.79641e-03  1.05139e-19
2.130000000e+00  1.77831e-03  1.77831e-03  4.08438e-20
2.140000000e+00  1.76039e-03  1.76039e-03  2.91938e-20
2.150000000e+00  1.74264e-03  1.74264e-03  1.15093e-19
2.160000000e+00  1.72507e-03  1.72507e-03  1.21476e-19
2.170000000e+00  1.70768e-03  1.70768e-03  1.49255e-19
2.180000000e+00  1.69046e-03  1.69046e-03  7.98887e-20
2.190000000e+00  1.67341e-03  1.67341e-03  3.44365e-20
2.200000000e+00  1.65654e-03  1.65654e-03  2.26171e-20
2.210000000e+00  1.63984e-03  1.63984e-03  1.76283e-20
2.220000000e+00  1.62331e-03  1.62331e-03  2.60408e-20
2.230000000e+00  1.60695e-03  1.60695e-03  2.65676e-20
2.240000000e+00  1.59076e-03  1.59076e-03  1.81763e-20
2.250000000e+00  1.57474e-03  1.57474e-03  2.20447e-20
2.260000000e+00  1.55889e-03  1.55889e-03  4.11258e-20
2.270000000e+00  1.54319e-03  1.54319e-03  2.87441e-20
2.280000000e+00  1.52767e-03  1.52767e-03  3.90506e-20
2.290000000e+00  1.51230e-03  1.51230e-03  3.67458e-20
2.300000000e+00  1.49710e-03  1.49710e-03  4.45104e-20
2.310000000e+00  1.48206e-03  1.48206e-03  5.31851e-20
2.320000000e+00  1.46718e-03  1.46718e-03  6.46368e-20
2.330000000e+00  1.45245e-03  1.45245e-03  7.95597e-20
2.340000000e+00  1.43788e-03  1.43788e-03  9.71731e-20
2.350000000e+00  1.42347e-03  1.42347e-03  1.18386e-19
2.360000000e+00  1.40921e-03  1.40921e-03  1.46171e-19
2.370000000e+00  1.39510e-03  1.39510e-03  1.69548e-19
2.380000000e+00  1.38115e-03  1.38115e-03  2.14385e-19
2.390000000e+00  1.36734e-03  1.36734e-03  2.63342e-19
2.400000000e+00  1.35368e-03  1.35368e-03  3.12197e-19
2.410000000e+00  1.34017e-03  1.34017e-03  3.85774e-19
2.420000000e+00  1.32681e-03  1.32681e-03  4.88035e-19
2.430000000e+00  1.31359e-03  1.31359e-03  4.80673e-19
2.440000000e+00  1.30051e-03  1.30051e-03  9.83193e-19
2.450000000e+00  1.28757e-03  1.28757e-03  9.15200e-19
2.460000000e+00  1.27478e-03  1.27478e-03  8.28677e-19
2.470000000e+00  1.26212e-03  1.26212e-03  1.14805e-18
2.480000000e+00  1.24960e-03  1.24960e-03  1.97755e-18
2.490000000e+00  1.23722e-03  1.23722e-03  3.65420e-18
2.500000000e+00  1.22498e-03  1.22498e-03  3.79322e-18
2.510000000e+00  1.21286e-03  1.21286e-03  4.09890e-18
2.520000000e+00  1.20088e-03  1.20088e-03  5.34482e-18
2.530000000e+00  1.18903e-03  1.18903e-03  5.97145e-18
2.540000000e+00  1.17731e-03  1.17731e-03  1.01127e-17
2.550000000e+00  1.16572e-03  1.16572e-03  1.59242e-17
2.560000000e+00  1.15425e-03  1.15425e-03  1.27914e-17
2.570000000e+00  1.14291e-03  1.14291e-03  3.30336e-17
2.580000000e+00  1.13170e-03  1.13170e-03  4.80626e-17
2.590000000e+00  1.12060e-03  1.12060e-03  6.31420e-17
2.600000000e+00  1.10963e-03  1.10963e-03  7.72003e-17
2.610000000e+00  1.09878e-03  1.09878e-03  8.83957e-17
2.620000000e+00  1.08805e-03  1.08805e-03  1.02984e-16
2.630000000e+00  1.07744e-03  1.07744e-03  1.01468e-16
2.640000000e+00  1.06694e-03  1.06694e-03  1.02085e-16
2.650000000e+00  1.05656e-03  1.05656e-03  9.89477e-17
2.660000000e+00  1.04629e-03  1.04629e-03  1.78917e-16
2.670000000e+00  1.03614e-03  1.03614e-03  1.05566e-16
2.680000000e+00  1.02610e-03  1.02610e-03  1.39258e-17
2.690000000e+00  1.01616e-03  1.01616e-03  5.43257e-18
2.700000000e+00  1.00634e-03  1.00634e-03  8.39158e-18
2.710000000e+00  9.96623e-04  9.96623e-04  1.03628e-17
2.720000000e+00  9.87014e-04  9.87014e-04  3.05086e-17
2.730000000e+00  9.77511e-04  9.77511e-04  8.59023e-17
2.740000000e+00  9.68112e-04  9.68112e-04  1.05652e-16
2.750000000e+00  9.58816e-04  9.58816e-04  5.44827e-17
2.760000000e+00  9.49622e-04  9.49622e-04  1.80429e-17
2.770000000e+00  9.40529e-04  9.40529e-04  1.92547e-17
2.780000000e+00  9.31536e-04  9.31536e-04  1.81326e-17
2.790000000e+00  9.22641e-04  9.22641e-04  2.77034e-17
2.800000000e+00  9.13844e-04  9.13844e-04  6.08180e-17
2.810000000e+00  9.05143e-04  9.05143e-04  1.13562e-16
2.820000000e+00  8.96538e-04  8.96538e-04  1.71826e-16
2.830000000e+00  8.88027e-04  8.88027e-04  2.38189e-16
2.840000000e+00  8.79608e-04  8.79608e-04  3.95094e-16
2.850000000e+00  8.71282e-04  8.71282e-04  3.57344e-16
2.860000000e+00  8.63047e-04  8.63047e-04  5.67717e-16
2.870000000e+00  8.54902e-04  8.54902e-04  1.18085e-15
2.880000000e+00  8.46846e-04  8.46846e-04  1.59915e-15
2.890000000e+00  8.38878e-04  8.38878e-04  2.19841e-15
2.900000000e+00  8.30996e-04  8.30996e-04  2.72442e-15
2.910000000e+00  8.23201e-04  8.23201e-04  2.85754e-15
2.920000000e+00  8.15490e-04  8.15490e-04  2.93976e-15
2.930000000e+00  8.07863e-04  8.07863e-04  2.90303e-15
2.940000000e+00  8.00320e-04  8.00320e-04  2.87525e-15
2.950000000e+00  7.92858e-04  7.92858e-04  2.86588e-15
2.960000000e+00  7.85477e-04  7.85477e-04  2.79255e-15
2.970000000e+00  7.78176e-04  7.78176e-04  2.64580e-15
2.980000000e+00  7.70954e-04  7.70954e-04  2.46022e-15
2.990000000e+00  7.63811e-04  7.63811e-04  2.45080e-15
3.000000000e+00  7.56745e-04  7.56745e-04  2.63913e-15
3.010000000e+00  7.49755e-04  7.49755e-04  2.86930e-15
3.020000000e+00  7.42841e-04  7.42841e-04  2.77898e-15
3.030000000e+00  7.36001e-04  7.36001e-04  2.92047e-15
3.040000000e+00  7.29236e-04  7.29236e-04  3.06677e-15
3.050000000e+00  7.22543e-04  7.22543e-04  3.15582e-15
3.060000000e+00  7.15922e-04  7.15922e-04  3.20850e-15
3.070000000e+00  7.09372e-04  7.09372e-04  3.28530e-15
3.080000000e+00  7.02893e-04  7.02893e-04  3.36876e-15
3.090000000e+00  6.96483e-04  6.96483e-04  3.48949e-15
3.100000000e+00  6.90142e-04  6.90142e-04  3.61981e-15
3.110000000e+00  6.83869e-04  6.83869e-04  3.73976e-15
3.120000000e+00  6.77663e-04  6.77663e-04  3.83067e-15
3.130000000e+00  6.71523e-04  6.71523e-04  3.93277e-15
3.140000000e+00  6.65449e-04  6.65449e-04  4.09065e-15
3.150000000e+00  6.59440e-04  6.59440e-04  4.25036e-15
3.160000000e+00  6.53494e-04  6.53494e-04  4.34658e-15
3.170000000e+00  6.47612e-04  6.47612e-04  4.44817e-15
3.180000000e+00  6.41793e-04  6.41793e-04  4.60034e-15
3.190000000e+00  6.36035e-04  6.36035e-04  4.75413e-15
3.200000000e+00  6.30339e-04  6.30339e-04  4.86546e-15
3.210000000e+00  6.24702e-04  6.24702e-04  4.92463e-15
3.220000000e+00  6.19126e-04  6.19126e-04  4.96559e-15
3.230000000e+00  6.13608e-04  6.13608e-04  5.00776e-15
3.240000000e+00  6.08149e-04  6.08149e-04  5.03211e-15
3.250000000e+00  6.02747e-04  6.02747e-04  5.06621e-15
3.260000000e+00  5.97402e-04  5.97402e-04  5.06733e-15
3.270000000e+00  5.92114e-04  5.92114e-04  5.05873e-15
3.280000000e+00  5.86881e-04  5.86881e-04  5.01792e-15
3.290000000e+00  5.81702e-04  5.81702e-04  4.95309e-15
3.300000000e+00  5.76579e-04  5.76579e-04  4.90608e-15
3.310000000e+00  5.71508e-04  5.71508e-04  4.83372e-15
3.320000000e+00  5.66491e-04  5.66491e-04  4.71211e-15
3.330000000e+00  5.61527e-04  5.61527e-04  4.65715e-15
3.340000000e+00  5.56614e-04  5.56614e-04  4.53828e-15
3.350000000e+00  5.51752e-04  5.51752e-04  4.44660e-15
3.360000000e+00  5.46941e-04  5.46941e-04  4.37564e-15
3.370000000e+00  5.42180e-04  5.42180e-04  4.16984e-15
3.380000000e+00  5.37468e-04  5.37468e-04  3.98909e-15
3.390000000e+00  5.32805e-04  5.32805e-04  3.84059e-15
3.400000000e+00  5.28190e-04  5.28190e-04  3.75761e-15
3.410000000e+00  5.23623e-04  5.23623e-04  3.66880e-15
3.420000000e+00  5.19104e-04  5.19104e-04  3.55521e-15
3.430000000e+00  5.14631e-04  5.14631e-04  3.42515e-15
3.440000000e+00  5.10203e-04  5.10203e-04  3.27839e-15
3.450000000e+00  5.05822e-04  5.05822e-04  3.12830e-15
3.460000000e+00  5.01485e-04  5.01485e-04  3.06261e-15
3.470000000e+00  4.97193e-04  4.97193e-04  3.01776e-15
3.480000000e+00  4.92945e-04  4.92945e-04  2.96476e-15
3.490000000e+00  4.88741e-04  4.88741e-04  2.89878e-15
3.500000000e+00  4.84579e-04  4.84579e-04  2.81909e-15
3.510000000e+00  4.80460e-04  4.80460e-04  2.72685e-15
3.520000000e+00  4.76383e-04  4.76383e-04  2.64722e-15
3.530000000e+00  4.72347e-04  4.72347e-04  2.64134e-15
3.540000000e+00  4.68352e-04  4.68352e-04  2.63398e-15
3.550000000e+00  4.64398e-04  4.64398e-04  2.62441e-15
3.560000000e+00  4.60484e-04  4.60484e-04  2.62576e-15
3.570000000e+00  4.56609e-04  4.56609e-04  2.64428e-15
3.580000000e+00  4.52774e-04  4.52774e-04  2.67919e-15
3.590000000e+00  4.48977e-04  4.48977e-04  2.83120e-15
3.600000000e+00  4.45219e-04  4.45219e-04  3.33306e-15
3.610000000e+00  4.41498e-04  4.41498e-04  3.94923e-15
3.620000000e+00  4.37815e-04  4.37815e-04  4.39701e-15
3.630000000e+00  4.34169e-04  4.34169e-04  3.86470e-15
3.640000000e+00  4.30559e-04  4.30559e-04  4.12209e-15
3.650000000e+00  4.26986e-04  4.26986e-04  4.66821e-15
3.660000000e+00  4.23448e-04  4.23448e-04  4.10449e-15
3.670000000e+00  4.19945e-04  4.19945e-04  3.40402e-15
3.680000000e+00  4.16478e-04  4.16478e-04  3.19330e-15
3.690000000e+00  4.13044e-04  4.13044e-04  3.23006e-15
3.700000000e+00  4.09645e-04  4.09645e-04  3.30226e-15
3.710000000e+00  4.06280e-04  4.06280e-04  3.36032e-15
3.720000000e+00  4.02948e-04  4.02948e-04  3.52689e-15
3.730000000e+00  3.99649e-04  3.99649e-04  3.63077e-15
3.740000000e+00  3.96383e-04  3.96383e-04  3.74585e-15
3.750000000e+00  3.93148e-04  3.93148e-04  3.99211e-15
3.760000000e+00  3.89946e-04  3.89946e-04  4.64045e-15
3.770000000e+00  3.86775e-04  3.86775e-04  5.56588e-15
3.780000000e+00  3.83635e-04  3.83635e-04  6.58187e-15
3.790000000e+00  3.80526e-04  3.80526e-04  8.19895e-15
3.800000000e+00  3.77448e-04  3.77448e-04  1.21719e-14
3.810000000e+00  3.74400e-04  3.74400e-04  1.75382e-14
3.820000000e+00  3.71381e-04  3.71381e-04  1.76345e-14
3.830000000e+00  3.68392e-04  3.68392e-04  1.33588e-14
3.840000000e+00  3.65432e-04  3.65432e-04  1.67704e-14
3.850000000e+00  3.62500e-04  3.62500e-04  1.92362e-14
3.860000000e+00  3.59597e-04  3.59597e-04  1.68989e-14
3.870000000e+00  3.56723e-04  3.56723e-04  1.28507e-14
3.880000000e+00  3.53876e-04  3.53876e-04  1.00998e-14
3.890000000e+00  3.51056e-04  3.51056e-04  8.99469e-15
3.900000000e+00  3.48264e-04  3.48264e-04  8.68254e-15
3.910000000e+00  3.45499e-04  3.45499e-04  8.90171e-15
3.920000000e+00  3.42760e-04  3.42760e-04  9.43693e-15
3.930000000e+00  3.40048e-04  3.40048e-04  1.03330e-14
3.940000000e+00  3.37361e-04  3.37361e-04  1.17058e-14
3.950000000e+00  3.34701e-04  3.34701e-04  1.35511e-14
3.960000000e+00  3.32066e-04  3.32066e-04  1.70308e-14
3.970000000e+00  3.29456e-04  3.29456e-04  2.11678e-14
3.980000000e+00  3.26870e-04  3.26870e-04  2.75214e-14
3.990000000e+00  3.24310e-04  3.24310e-04  3.18190e-14
4.000000000e+00  3.21774e-04  3.21774e-04  2.79483e-14
4.010000000e+00  3.19262e-04  3.19262e-04  2.66547e-14
4.020000000e+00  3.16773e-04  3.16773e-04  3.41840e-14
4.030000000e+00  3.14309e-04  3.14309e-04  3.51436e-14
4.040000000e+00  3.11867e-04  3.11867e-04  3.21309e-14
4.050000000e+00  3.09449e-04  3.09449e-04  2.79041e-14
4.060000000e+00  3.07053e-04  3.07053e-04  2.42928e-14
4.070000000e+00  3.04680e-04  3.04680e-04  2.40242e-14
4.080000000e+00  3.02329e-04  3.02329e-04  2.81953e-14
4.090000000e+00  3.00000e-04  3.00000e-04  3.44131e-14
4.100000000e+00  2.97693e-04  2.97693e-04  3.95466e-14
4.110000000e+00  2.95408e-04  2.95408e-04  3.99125e-14
4.120000000e+00  2.93144e-04  2.93144e-04  3.80258e-14
4.130000000e+00  2.90901e-04  2.90901e-04  3.93015e-14
4.140000000e+00  2.88679e-04  2.88679e-04  4.50361e-14
4.150000000e+00  2.86478e-04  2.86478e-04  4.51793e-14
4.160000000e+00  2.84297e-04  2.84297e-04  7.80926e-14
4.170000000e+00  2.82136e-04  2.82136e-04  1.58660e-13
4.180000000e+00  2.79995e-04  2.79995e-04  1.41317e-13
4.190000000e+00  2.77874e-04  2.77874e-04  8.69769e-14
4.200000000e+00  2.75773e-04  2.75773e-04  4.95638e-14
4.210000000e+00  2.73691e-04  2.73691e-04  2.62881e-14
4.220000000e+00  2.71628e-04  2.71628e-04  1.75232e-14
4.230000000e+00  2.69584e-04  2.69584e-04  1.70409e-14
4.240000000e+00  2.67559e-04  2.67559e-04  1.76286e-14
4.250000000e+00  2.65552e-04  2.65552e-04  1.82293e-14
4.260000000e+00  2.63564e-04  2.63564e-04  1.88298e-14
4.270000000e+00  2.61594e-04  2.61594e-04  1.94646e-14
4.280000000e+00  2.59642e-04  2.59642e-04  2.01167e-14
4.290000000e+00  2.57707e-04  2.57707e-04  2.07812e-14
4.300000000e+00  2.55790e-04  2.55790e-04  2.14548e-14
4.310000000e+00  2.53891e-04  2.53891e-04  2.22122e-14
4.320000000e+00  2.52009e-04  2.52009e-04  2.34094e-14
4.330000000e+00  2.50144e-04  2.50144e-04  2.62879e-14
4.340000000e+00  2.48295e-04  2.48295e-04  3.07170e-14
4.350000000e+00  2.46463e-04  2.46463e-04  3.52195e-14
4.360000000e+00  2.44648e-04  2.44648e-04  3.64779e-14
4.370000000e+00  2.42849e-04  2.42849e-04  3.89956e-14
4.380000000e+00  2.41067e-04  2.41067e-04  4.63931e-14
4.390000000e+00  2.39300e-04  2.39300e-04  5.73831e-14
4.400000000e+00  2.37549e-04  2.37549e-04  5.02977e-14
4.410000000e+00  2.35814e-04  2.35814e-04  5.22426e-14
4.420000000e+00  2.34094e-04  2.34094e-04  5.90940e-14
4.430000000e+00  2.32390e-04  2.32390e-04  7.07715e-14
4.440000000e+00  2.30700e-04  2.30700e-04  8.72029e-14
4.450000000e+00  2.29026e-04  2.29026e-04  1.14991e-13
4.460000000e+00  2.27367e-04  2.27367e-04  1.59260e-13
4.470000000e+00  2.25722e-04  2.25722e-04  1.99339e-13
4.480000000e+00  2.24092e-04  2.24092e-04  2.75553e-13
4.490000000e+00  2.22476e-04  2.22476e-04  3.33444e-13
4.500000000e+00  2.20874e-04  2.20874e-04  3.69934e-13
4.510000000e+00  2.19287e-04  2.19287e-04  3.88468e-13
4.520000000e+00  2.17714e-04  2.17714e-04  3.68572e-13
4.530000000e+00  2.16154e-04  2.16154e-04  3.17898e-13
4.540000000e+00  2.14608e-04  2.14608e-04  2.76550e-13
4.550000000e+00  2.13075e-04  2.13075e-04  2.41316e-13
4.560000000e+00  2.11556e-04  2.11556e-04  2.29056e-13
4.570000000e+00  2.10051e-04  2.10051e-04  2.17072e-13
4.580000000e+00  2.08558e-04  2.08558e-04  2.12507e-13
4.590000000e+00  2.07078e-04  2.07078e-04  2.10078e-13
4.600000000e+00  2.05611e-04  2.05611e-04  2.08942e-13
4.610000000e+00  2.04157e-04  2.04157e-04  2.09489e-13
4.620000000e+00  2.02716e-04  2.02716e-04  2.28769e-13
4.630000000e+00  2.01287e-04  2.01287e-04  2.38573e-13
4.640000000e+00  1.99870e-04  1.99870e-04  2.35673e-13
4.650000000e+00  1.98466e-04  1.98466e-04  2.36147e-13
4.660000000e+00  1.97073e-04  1.97073e-04  2.32520e-13
4.670000000e+00  1.95693e-04  1.95693e-04  2.31078e-13
4.680000000e+00  1.94324e-04  1.94324e-04  2.64161e-13
4.690000000e+00  1.92967e-04  1.92967e-04  2.84211e-13
4.700000000e+00  1.91622e-04  1.91622e-04  3.22489e-13
4.710000000e+00  1.90288e-04  1.90288e-04  4.27834e-13
4.720000000e+00  1.88966e-04  1.88966e-04  4.03104e-13
4.730000000e+00  1.87655e-04  1.87655e-04  4.76435e-13
4.740000000e+00  1.86355e-04  1.86355e-04  5.22217e-13
4.750000000e+00  1.85066e-04  1.85066e-04  5.48157e-13
4.760000000e+00  1.83788e-04  1.83788e-04  5.62266e-13
4.770000000e+00  1.82521e-04  1.82521e-04  5.69449e-13
4.780000000e+00  1.81265e-04  1.81265e-04  5.90866e-13
4.790000000e+00  1.80019e-04  1.80019e-04  6.48688e-13
4.800000000e+00  1.78783e-04  1.78783e-04  6.98108e-13
4.810000000e+00  1.77559e-04  1.77559e-04  7.29174e-13
4.820000000e+00  1.76344e-04  1.76344e-04  5.49452e-13
4.830000000e+00  1.75140e-04  1.75140e-04  6.79151e-13
4.840000000e+00  1.73945e-04  1.73945e-04  7.30106e-13
4.850000000e+00  1.72761e-04  1.72761e-04  7.49583e-13
4.860000000e+00  1.71587e-04  1.71587e-04  7.28563e-13
4.870000000e+00  1.70422e-04  1.70422e-04  7.73870e-13
4.880000000e+00  1.69267e-04  1.69267e-04  8.35219e-13
4.890000000e+00  1.68122e-04  1.68122e-04  8.05036e-13
4.900000000e+00  1.66986e-04  1.66986e-04  8.68926e-13
4.910000000e+00  1.65860e-04  1.65860e-04  8.58024e-13
4.920000000e+00  1.64743e-04  1.64743e-04  7.63042e-13
4.930000000e+00  1.63635e-04  1.63635e-04  7.14373e-13
4.940000000e+00  1.62536e-04  1.62536e-04  6.80980e-13
4.950000000e+00  1.61447e-04  1.61447e-04  6.95793e-13
4.960000000e+00  1.60366e-04  1.60366e-04  6.32903e-13
4.970000000e+00  1.59294e-04  1.59294e-04  5.75454e-13
4.980000000e+00  1.58232e-04  1.58232e-04  5.35115e-13
4.990000000e+00  1.57177e-04  1.57177e-04  4.53952e-13
5.000000000e+00  1.56132e-04  1.56132e-04  5.27636e-13
