results_atm.txt
# ------------------------------------------------------------------------
# Atmospheric radiances synthesized with PUMAS (Villanueva et al. 2016, Smith et al. 2009, Edwards 1992)
# Molecular abundance profile: 
# Molecules considered: N2,CO2,H2O
# Molecular sources: HIT[22],HIT[2],HIT[1]
# Molecular abundances: 1,1,1
# Molecular abundance units: scl,scl,scl
# Collission-Induced-Absorption:  N2-N2(3.33-5.41um)
# Rayleigh scattering included
# ------------------------------------------------------------------------
# Wave/freq TRAPPIST-1-e
1.000000000e+00  5.02532e-10
1.010000000e+00  5.05467e-10
1.020000000e+00  5.08131e-10
1.030000000e+00  5.10516e-10
1.040000000e+00  4.97477e-10
1.050000000e+00  5.14343e-10
1.060000000e+00  5.15144e-10
1.070000000e+00  5.13065e-10
1.080000000e+00  5.18192e-10
1.090000000e+00  5.19364e-10
1.100000000e+00  5.19872e-10
1.110000000e+00  5.20284e-10
1.120000000e+00  5.16893e-10
1.130000000e+00  5.15338e-10
1.140000000e+00  5.18407e-10
1.150000000e+00  5.17020e-10
1.160000000e+00  5.19024e-10
1.170000000e+00  5.18760e-10
1.180000000e+00  5.17757e-10
1.190000000e+00  5.16648e-10
1.200000000e+00  5.15504e-10
1.210000000e+00  4.29646e-10
1.220000000e+00  4.68353e-10
1.230000000e+00  4.84032e-10
1.240000000e+00  5.01041e-10
1.250000000e+00  5.07113e-10
1.260000000e+00  5.03105e-10
1.270000000e+00  5.01052e-10
1.280000000e+00  5.01229e-10
1.290000000e+00  4.94974e-10
1.300000000e+00  4.87640e-10
1.310000000e+00  4.93691e-10
1.320000000e+00  4.53177e-10
1.330000000e+00  4.87978e-10
1.340000000e+00  4.62064e-10
1.350000000e+00  4.75921e-10
1.360000000e+00  4.66499e-10
1.370000000e+00  4.60567e-10
1.380000000e+00  4.58353e-10
1.390000000e+00  4.59197e-10
1.400000000e+00  4.56885e-10
1.410000000e+00  4.51828e-10
1.420000000e+00  4.59916e-10
1.430000000e+00  4.53310e-10
1.440000000e+00  2.05308e-10
1.450000000e+00  3.68825e-10
1.460000000e+00  4.43695e-10
1.470000000e+00  4.41157e-10
1.480000000e+00  4.07783e-10
1.490000000e+00  4.29390e-10
1.500000000e+00  4.06488e-10
1.510000000e+00  4.29415e-10
1.520000000e+00  4.26634e-10
1.530000000e+00  3.91631e-10
1.540000000e+00  3.58825e-10
1.550000000e+00  4.06394e-10
1.560000000e+00  4.11278e-10
1.570000000e+00  3.64231e-10
1.580000000e+00  2.46566e-10
1.590000000e+00  3.81691e-10
1.600000000e+00  3.51456e-10
1.610000000e+00  2.41670e-10
1.620000000e+00  3.38068e-10
1.630000000e+00  3.69686e-10
1.640000000e+00  3.51396e-10
1.650000000e+00  3.41675e-10
1.660000000e+00  3.61315e-10
1.670000000e+00  3.62593e-10
1.680000000e+00  3.64100e-10
1.690000000e+00  3.67677e-10
1.700000000e+00  3.65900e-10
1.710000000e+00  3.59250e-10
1.720000000e+00  3.58639e-10
1.730000000e+00  3.56287e-10
1.740000000e+00  3.53099e-10
1.750000000e+00  3.49688e-10
1.760000000e+00  3.45848e-10
1.770000000e+00  3.42796e-10
1.780000000e+00  3.39754e-10
1.790000000e+00  3.36145e-10
1.800000000e+00  3.32914e-10
1.810000000e+00  3.29134e-10
1.820000000e+00  3.22731e-10
1.830000000e+00  3.16705e-10
1.840000000e+00  3.08420e-10
1.850000000e+00  3.06507e-10
1.860000000e+00  3.00688e-10
1.870000000e+00  3.01408e-10
1.880000000e+00  2.65293e-10
1.890000000e+00  2.65301e-10
1.900000000e+00  2.87561e-10
1.910000000e+00  2.85258e-10
1.920000000e+00  2.88874e-10
1.930000000e+00  2.86475e-10
1.940000000e+00  2.73296e-10
1.950000000e+00  1.47020e-10
1.960000000e+00  4.71420e-11
1.970000000e+00  5.17252e-11
1.980000000e+00  1.50371e-10
1.990000000e+00  2.08120e-10
2.000000000e+00  1.23833e-10
2.010000000e+00  2.79296e-11
2.020000000e+00  3.58581e-11
2.030000000e+00  9.22732e-11
2.040000000e+00  1.10832e-10
2.050000000e+00  1.00336e-10
2.060000000e+00  4.73908e-11
2.070000000e+00  5.17030e-11
2.080000000e+00  9.68819e-11
2.090000000e+00  1.25222e-10
2.100000000e+00  1.65398e-10
2.110000000e+00  2.00018e-10
2.120000000e+00  2.09367e-10
2.130000000e+00  2.29421e-10
2.140000000e+00  2.31779e-10
2.150000000e+00  2.10384e-10
2.160000000e+00  2.08727e-10
2.170000000e+00  2.06144e-10
2.180000000e+00  2.16630e-10
2.190000000e+00  2.22878e-10
2.200000000e+00  2.22783e-10
2.210000000e+00  2.21249e-10
2.220000000e+00  2.18093e-10
2.230000000e+00  2.16268e-10
2.240000000e+00  2.15271e-10
2.250000000e+00  2.13063e-10
2.260000000e+00  2.09803e-10
2.270000000e+00  2.08798e-10
2.280000000e+00  2.06549e-10
2.290000000e+00  2.04987e-10
2.300000000e+00  2.02951e-10
2.310000000e+00  2.00958e-10
2.320000000e+00  1.99006e-10
2.330000000e+00  1.97035e-10
2.340000000e+00  1.95082e-10
2.350000000e+00  1.93150e-10
2.360000000e+00  1.91237e-10
2.370000000e+00  1.89369e-10
2.380000000e+00  1.87449e-10
2.390000000e+00  1.85476e-10
2.400000000e+00  1.83532e-10
2.410000000e+00  1.81695e-10
2.420000000e+00  1.80154e-10
2.430000000e+00  1.78634e-10
2.440000000e+00  1.76071e-10
2.450000000e+00  1.74826e-10
2.460000000e+00  1.73486e-10
2.470000000e+00  1.71631e-10
2.480000000e+00  1.68798e-10
2.490000000e+00  1.62385e-10
2.500000000e+00  1.62071e-10
2.510000000e+00  1.60741e-10
2.520000000e+00  1.58338e-10
2.530000000e+00  1.59980e-10
2.540000000e+00  1.57244e-10
2.550000000e+00  1.53223e-10
2.560000000e+00  1.53664e-10
2.570000000e+00  1.42321e-10
2.580000000e+00  1.35201e-10
2.590000000e+00  1.29627e-10
2.600000000e+00  1.18390e-10
2.610000000e+00  1.23591e-10
2.620000000e+00  1.21655e-10
2.630000000e+00  1.27805e-10
2.640000000e+00  1.25431e-10
2.650000000e+00  1.33470e-10
2.660000000e+00  1.05887e-10
2.670000000e+00  1.28787e-11
2.680000000e+00  1.69073e-12
2.690000000e+00  5.05649e-13
2.700000000e+00  6.90436e-13
2.710000000e+00  6.97666e-13
2.720000000e+00  1.82667e-12
2.730000000e+00  4.08222e-12
2.740000000e+00  4.06471e-12
2.750000000e+00  1.86746e-12
2.760000000e+00  4.61117e-13
2.770000000e+00  3.65368e-13
2.780000000e+00  2.61805e-13
2.790000000e+00  3.15169e-13
2.800000000e+00  5.77192e-13
2.810000000e+00  8.99836e-13
2.820000000e+00  1.06240e-12
2.830000000e+00  1.12784e-12
2.840000000e+00  1.46502e-12
2.850000000e+00  9.52490e-13
2.860000000e+00  1.95799e-12
2.870000000e+00  6.39027e-12
2.880000000e+00  1.10881e-11
2.890000000e+00  1.88386e-11
2.900000000e+00  2.81761e-11
2.910000000e+00  3.32280e-11
2.920000000e+00  3.61704e-11
2.930000000e+00  3.70766e-11
2.940000000e+00  3.80271e-11
2.950000000e+00  3.93000e-11
2.960000000e+00  3.89940e-11
2.970000000e+00  3.57158e-11
2.980000000e+00  3.11520e-11
2.990000000e+00  3.01603e-11
3.000000000e+00  3.41006e-11
3.010000000e+00  3.80532e-11
3.020000000e+00  3.50154e-11
3.030000000e+00  3.72144e-11
3.040000000e+00  3.96570e-11
3.050000000e+00  4.08448e-11
3.060000000e+00  4.09399e-11
3.070000000e+00  4.17925e-11
3.080000000e+00  4.21487e-11
3.090000000e+00  4.19149e-11
3.100000000e+00  4.18374e-11
3.110000000e+00  4.13922e-11
3.120000000e+00  3.99897e-11
3.130000000e+00  3.89039e-11
3.140000000e+00  3.95451e-11
3.150000000e+00  4.06165e-11
3.160000000e+00  4.03272e-11
3.170000000e+00  3.98584e-11
3.180000000e+00  4.06902e-11
3.190000000e+00  4.15808e-11
3.200000000e+00  4.22714e-11
3.210000000e+00  4.28982e-11
3.220000000e+00  4.37729e-11
3.230000000e+00  4.43734e-11
3.240000000e+00  4.56171e-11
3.250000000e+00  4.62267e-11
3.260000000e+00  4.73368e-11
3.270000000e+00  4.79477e-11
3.280000000e+00  4.90974e-11
3.290000000e+00  5.02789e-11
3.300000000e+00  5.10493e-11
3.310000000e+00  5.19463e-11
3.320000000e+00  5.32336e-11
3.330000000e+00  5.38153e-11
3.340000000e+00  5.48132e-11
3.350000000e+00  5.54162e-11
3.360000000e+00  5.52174e-11
3.370000000e+00  5.70146e-11
3.380000000e+00  5.78920e-11
3.390000000e+00  5.85951e-11
3.400000000e+00  5.89998e-11
3.410000000e+00  5.93101e-11
3.420000000e+00  5.96431e-11
3.430000000e+00  5.99457e-11
3.440000000e+00  6.02360e-11
3.450000000e+00  6.04658e-11
3.460000000e+00  6.04587e-11
3.470000000e+00  6.03854e-11
3.480000000e+00  6.02940e-11
3.490000000e+00  6.02039e-11
3.500000000e+00  6.01102e-11
3.510000000e+00  6.00133e-11
3.520000000e+00  5.98665e-11
3.530000000e+00  5.95789e-11
3.540000000e+00  5.92809e-11
3.550000000e+00  5.89685e-11
3.560000000e+00  5.86055e-11
3.570000000e+00  5.81515e-11
3.580000000e+00  5.76304e-11
3.590000000e+00  5.68506e-11
3.600000000e+00  5.53707e-11
3.610000000e+00  5.38873e-11
3.620000000e+00  5.27728e-11
3.630000000e+00  5.36214e-11
3.640000000e+00  5.30220e-11
3.650000000e+00  5.19674e-11
3.660000000e+00  5.28230e-11
3.670000000e+00  5.38182e-11
3.680000000e+00  5.39886e-11
3.690000000e+00  5.36523e-11
3.700000000e+00  5.32989e-11
3.710000000e+00  5.29794e-11
3.720000000e+00  5.24884e-11
3.730000000e+00  5.21218e-11
3.740000000e+00  5.17825e-11
3.750000000e+00  5.12519e-11
3.760000000e+00  5.02687e-11
3.770000000e+00  4.90835e-11
3.780000000e+00  4.79004e-11
3.790000000e+00  4.64157e-11
3.800000000e+00  4.31195e-11
3.810000000e+00  3.87626e-11
3.820000000e+00  3.90618e-11
3.830000000e+00  4.22139e-11
3.840000000e+00  4.00119e-11
3.850000000e+00  3.86798e-11
3.860000000e+00  4.04248e-11
3.870000000e+00  4.30070e-11
3.880000000e+00  4.45120e-11
3.890000000e+00  4.50067e-11
3.900000000e+00  4.51411e-11
3.910000000e+00  4.49593e-11
3.920000000e+00  4.45820e-11
3.930000000e+00  4.40017e-11
3.940000000e+00  4.31964e-11
3.950000000e+00  4.22385e-11
3.960000000e+00  4.07174e-11
3.970000000e+00  3.92134e-11
3.980000000e+00  3.67044e-11
3.990000000e+00  3.51663e-11
4.000000000e+00  3.66503e-11
4.010000000e+00  3.72456e-11
4.020000000e+00  3.49630e-11
4.030000000e+00  3.48966e-11
4.040000000e+00  3.59554e-11
4.050000000e+00  3.72609e-11
4.060000000e+00  3.83782e-11
4.070000000e+00  3.84811e-11
4.080000000e+00  3.75379e-11
4.090000000e+00  3.63488e-11
4.100000000e+00  3.54386e-11
4.110000000e+00  3.54330e-11
4.120000000e+00  3.56976e-11
4.130000000e+00  3.54824e-11
4.140000000e+00  3.45845e-11
4.150000000e+00  3.47146e-11
4.160000000e+00  3.11972e-11
4.170000000e+00  1.26226e-11
4.180000000e+00  4.58812e-12
4.190000000e+00  2.44035e-12
4.200000000e+00  9.81771e-13
4.210000000e+00  3.20341e-13
4.220000000e+00  1.10759e-13
4.230000000e+00  6.36326e-14
4.240000000e+00  5.04363e-14
4.250000000e+00  4.82421e-14
4.260000000e+00  5.75798e-14
4.270000000e+00  6.18747e-14
4.280000000e+00  5.21655e-14
4.290000000e+00  5.35656e-14
4.300000000e+00  6.07727e-14
4.310000000e+00  6.99658e-14
4.320000000e+00  8.42872e-14
4.330000000e+00  1.20029e-13
4.340000000e+00  1.64499e-13
4.350000000e+00  2.04810e-13
4.360000000e+00  2.07427e-13
4.370000000e+00  2.23412e-13
4.380000000e+00  2.89578e-13
4.390000000e+00  3.96864e-13
4.400000000e+00  2.97912e-13
4.410000000e+00  3.00714e-13
4.420000000e+00  3.51970e-13
4.430000000e+00  4.51042e-13
4.440000000e+00  6.18739e-13
4.450000000e+00  9.36995e-13
4.460000000e+00  1.46615e-12
4.470000000e+00  1.89443e-12
4.480000000e+00  2.68696e-12
4.490000000e+00  3.49485e-12
4.500000000e+00  5.71436e-12
4.510000000e+00  9.94767e-12
4.520000000e+00  1.43218e-11
4.530000000e+00  1.88369e-11
4.540000000e+00  2.14617e-11
4.550000000e+00  2.31269e-11
4.560000000e+00  2.35986e-11
4.570000000e+00  2.40383e-11
4.580000000e+00  2.41711e-11
4.590000000e+00  2.42315e-11
4.600000000e+00  2.42187e-11
4.610000000e+00  2.41155e-11
4.620000000e+00  2.32594e-11
4.630000000e+00  2.28620e-11
4.640000000e+00  2.29674e-11
4.650000000e+00  2.28998e-11
4.660000000e+00  2.30459e-11
4.670000000e+00  2.29942e-11
4.680000000e+00  2.18901e-11
4.690000000e+00  2.12366e-11
4.700000000e+00  2.04274e-11
4.710000000e+00  1.42909e-11
4.720000000e+00  1.78799e-11
4.730000000e+00  1.57011e-11
4.740000000e+00  1.43056e-11
4.750000000e+00  1.33408e-11
4.760000000e+00  1.28429e-11
4.770000000e+00  1.32424e-11
4.780000000e+00  1.09797e-11
4.790000000e+00  8.96439e-12
4.800000000e+00  7.22466e-12
4.810000000e+00  4.76505e-12
4.820000000e+00  2.52822e-12
4.830000000e+00  2.97204e-12
4.840000000e+00  3.12334e-12
4.850000000e+00  3.03588e-12
4.860000000e+00  2.82344e-12
4.870000000e+00  3.05288e-12
4.880000000e+00  3.65146e-12
4.890000000e+00  4.39946e-12
4.900000000e+00  6.83251e-12
4.910000000e+00  9.14081e-12
4.920000000e+00  8.57458e-12
4.930000000e+00  1.29816e-11
4.940000000e+00  1.40757e-11
4.950000000e+00  1.37214e-11
4.960000000e+00  1.50757e-11
4.970000000e+00  1.64389e-11
4.980000000e+00  1.70228e-11
4.990000000e+00  1.83189e-11
5.000000000e+00  1.68992e-11
results_cfg.txt
<OBJECT-SUMMARY>Target: TRAPPIST-1 e for date (2017/05/25 15:22 UT); geometry: Observatory.
<OBJECT>Exoplanet
<OBJECT-NAME>TRAPPIST-1 e
<OBJECT-DATE>2017/05/25 15:22
<OBJECT-DIAMETER>11697
<OBJECT-GRAVITY>3.703632e+24
<OBJECT-GRAVITY-UNIT>kg
<OBJECT-STAR-DISTANCE>0.028170
<OBJECT-STAR-VELOCITY>0
<OBJECT-SOLAR-LONGITUDE>0
<OBJECT-SOLAR-LATITUDE>0
<OBJECT-SEASON>50
<OBJECT-SEASON-YEAR>2016
<OBJECT-STAR-TYPE>M
<OBJECT-STAR-TEMPERATURE>2559.0
<OBJECT-STAR-RADIUS>0.12
<OBJECT-OBS-LONGITUDE>0.0
<OBJECT-OBS-LATITUDE>89.860
<GEOMETRY>Observatory
<GEOMETRY-OFFSET-UNIT>arcsec
<GEOMETRY-OBS-ALTITUDE>12.10
<GEOMETRY-ALTITUDE-UNIT>pc
<GEOMETRY-OBS-ANGLE>48.121
<GEOMETRY-SOLAR-ANGLE>61.807
<GEOMETRY-PLANET-FRACTION>9.985186e-01
<GEOMETRY-STAR-DISTANCE>0.000000e+00
<GEOMETRY-STAR-FRACTION>0.000000e+00
<GEOMETRY-SOLAR-ANGLE>61.807
<GEOMETRY-PHASE>310.000
<ATMOSPHERE-STRUCTURE>Equilibrium
<ATMOSPHERE-WEIGHT>34.1483649804
<ATMOSPHERE-PRESSURE>1.4000098877
<ATMOSPHERE-PUNIT>bar
<ATMOSPHERE-NGAS>3
<ATMOSPHERE-GAS>N2,CO2,H2O
<ATMOSPHERE-TYPE>HIT[22],HIT[2],HIT[1]
<ATMOSPHERE-ABUN>1,1,1
<ATMOSPHERE-UNIT>scl,scl,scl
<ATMOSPHERE-NAERO>2
<ATMOSPHERE-AEROS>WaterIce,Cloud
<ATMOSPHERE-ATYPE>CRISM_Wolff[reff=2.0um 0.31-99.57um],White_GSFC[reff=1.0um 0.10-1000000.00um]
<ATMOSPHERE-AABUN>1,1
<ATMOSPHERE-AUNIT>scl,scl
<ATMOSPHERE-NMAX>0
<ATMOSPHERE-LMAX>0
<ATMOSPHERE-ASIZE>156.097301729,14.0
<ATMOSPHERE-LAYERS-MOLECULES>Altitude,N2,CO2,H2O,WaterIce,Cloud
<ATMOSPHERE-LAYERS>47
<ATMOSPHERE-LAYER-1>1.390E+00,2.934E+02,6.415E-02,7.393E-01,2.957E-01,1.736E-02,4.467E-10,1.634E-04
<ATMOSPHERE-LAYER-2>1.358E+00,2.931E+02,2.596E-01,7.396E-01,2.958E-01,1.690E-02,4.970E-15,8.905E-05
<ATMOSPHERE-LAYER-3>1.300E+00,2.927E+02,6.380E-01,7.403E-01,2.961E-01,1.572E-02,2.357E-26,5.819E-05
<ATMOSPHERE-LAYER-4>1.210E+00,2.911E+02,1.248E+00,7.421E-01,2.968E-01,1.262E-02,2.562E-12,3.366E-05
<ATMOSPHERE-LAYER-5>1.096E+00,2.883E+02,2.087E+00,7.442E-01,2.977E-01,8.872E-03,1.367E-08,2.288E-05
<ATMOSPHERE-LAYER-6>9.655E-01,2.838E+02,3.146E+00,7.458E-01,2.983E-01,6.248E-03,1.581E-07,2.116E-05
<ATMOSPHERE-LAYER-7>8.274E-01,2.774E+02,4.413E+00,7.466E-01,2.986E-01,4.864E-03,6.884E-07,2.512E-05
<ATMOSPHERE-LAYER-8>6.982E-01,2.701E+02,5.774E+00,7.474E-01,2.990E-01,3.521E-03,1.289E-06,3.433E-05
<ATMOSPHERE-LAYER-9>5.884E-01,2.630E+02,7.109E+00,7.480E-01,2.992E-01,2.410E-03,2.532E-06,5.353E-05
<ATMOSPHERE-LAYER-10>4.950E-01,2.563E+02,8.423E+00,7.485E-01,2.994E-01,1.593E-03,4.488E-06,6.276E-05
<ATMOSPHERE-LAYER-11>4.156E-01,2.500E+02,9.717E+00,7.488E-01,2.995E-01,1.008E-03,9.549E-06,4.263E-05
<ATMOSPHERE-LAYER-12>3.482E-01,2.437E+02,1.100E+01,7.490E-01,2.996E-01,6.261E-04,1.227E-05,1.715E-05
<ATMOSPHERE-LAYER-13>2.908E-01,2.373E+02,1.226E+01,7.492E-01,2.997E-01,3.752E-04,1.210E-05,5.431E-06
<ATMOSPHERE-LAYER-14>2.421E-01,2.304E+02,1.352E+01,7.493E-01,2.997E-01,2.026E-04,5.876E-06,2.199E-07
<ATMOSPHERE-LAYER-15>2.007E-01,2.231E+02,1.477E+01,7.494E-01,2.998E-01,9.837E-05,4.620E-06,0.000E+00
<ATMOSPHERE-LAYER-16>1.655E-01,2.159E+02,1.601E+01,7.494E-01,2.998E-01,4.315E-05,3.881E-06,0.000E+00
<ATMOSPHERE-LAYER-17>1.355E-01,2.097E+02,1.725E+01,7.494E-01,2.998E-01,1.943E-05,2.987E-06,0.000E+00
<ATMOSPHERE-LAYER-18>1.101E-01,2.059E+02,1.851E+01,7.494E-01,2.998E-01,1.228E-05,1.715E-06,0.000E+00
<ATMOSPHERE-LAYER-19>8.867E-02,2.055E+02,1.982E+01,7.494E-01,2.998E-01,1.107E-05,3.734E-07,0.000E+00
<ATMOSPHERE-LAYER-20>7.287E-02,2.061E+02,2.100E+01,7.494E-01,2.998E-01,1.086E-05,2.613E-08,0.000E+00
<ATMOSPHERE-LAYER-21>6.152E-02,2.066E+02,2.202E+01,7.494E-01,2.998E-01,1.070E-05,1.453E-08,0.000E+00
<ATMOSPHERE-LAYER-22>5.168E-02,2.065E+02,2.307E+01,7.494E-01,2.998E-01,1.054E-05,1.132E-08,0.000E+00
<ATMOSPHERE-LAYER-23>4.319E-02,2.059E+02,2.416E+01,7.494E-01,2.998E-01,1.040E-05,8.949E-09,0.000E+00
<ATMOSPHERE-LAYER-24>3.592E-02,2.048E+02,2.526E+01,7.494E-01,2.998E-01,1.030E-05,7.815E-09,0.000E+00
<ATMOSPHERE-LAYER-25>2.973E-02,2.034E+02,2.639E+01,7.494E-01,2.998E-01,1.033E-05,7.147E-09,0.000E+00
<ATMOSPHERE-LAYER-26>2.448E-02,2.016E+02,2.754E+01,7.494E-01,2.998E-01,1.054E-05,1.964E-08,0.000E+00
<ATMOSPHERE-LAYER-27>2.006E-02,1.995E+02,2.871E+01,7.494E-01,2.998E-01,1.069E-05,8.259E-08,0.000E+00
<ATMOSPHERE-LAYER-28>1.635E-02,1.971E+02,2.990E+01,7.494E-01,2.998E-01,1.061E-05,1.596E-07,0.000E+00
<ATMOSPHERE-LAYER-29>1.326E-02,1.948E+02,3.110E+01,7.494E-01,2.998E-01,1.032E-05,2.147E-07,0.000E+00
<ATMOSPHERE-LAYER-30>1.071E-02,1.927E+02,3.231E+01,7.494E-01,2.998E-01,9.973E-06,2.634E-07,0.000E+00
<ATMOSPHERE-LAYER-31>8.600E-03,1.914E+02,3.355E+01,7.494E-01,2.998E-01,9.673E-06,2.369E-07,0.000E+00
<ATMOSPHERE-LAYER-32>6.873E-03,1.905E+02,3.480E+01,7.494E-01,2.998E-01,9.406E-06,1.626E-07,0.000E+00
<ATMOSPHERE-LAYER-33>5.465E-03,1.898E+02,3.607E+01,7.494E-01,2.998E-01,9.095E-06,1.149E-07,0.000E+00
<ATMOSPHERE-LAYER-34>4.325E-03,1.888E+02,3.737E+01,7.494E-01,2.998E-01,8.751E-06,9.962E-08,0.000E+00
<ATMOSPHERE-LAYER-35>3.405E-03,1.872E+02,3.869E+01,7.494E-01,2.998E-01,8.318E-06,1.045E-07,0.000E+00
<ATMOSPHERE-LAYER-36>2.667E-03,1.852E+02,4.002E+01,7.494E-01,2.998E-01,7.852E-06,1.215E-07,0.000E+00
<ATMOSPHERE-LAYER-37>2.079E-03,1.830E+02,4.136E+01,7.494E-01,2.998E-01,7.587E-06,1.322E-07,0.000E+00
<ATMOSPHERE-LAYER-38>1.613E-03,1.812E+02,4.271E+01,7.494E-01,2.998E-01,7.524E-06,1.393E-07,0.000E+00
<ATMOSPHERE-LAYER-39>1.245E-03,1.807E+02,4.408E+01,7.494E-01,2.998E-01,7.648E-06,8.668E-08,0.000E+00
<ATMOSPHERE-LAYER-40>9.559E-04,1.813E+02,4.548E+01,7.494E-01,2.998E-01,7.830E-06,5.816E-08,0.000E+00
<ATMOSPHERE-LAYER-41>3.776E-04,1.813E+02,6.042E+01,7.494E-01,2.998E-01,7.830E-06,5.816E-08,0.000E+00
<ATMOSPHERE-LAYER-42>2.615E-04,1.813E+02,6.632E+01,7.494E-01,2.998E-01,7.830E-06,5.816E-08,0.000E+00
<ATMOSPHERE-LAYER-43>1.566E-04,1.813E+02,7.457E+01,7.494E-01,2.998E-01,7.830E-06,5.816E-08,0.000E+00
<ATMOSPHERE-LAYER-44>7.656E-05,1.813E+02,8.608E+01,7.494E-01,2.998E-01,7.830E-06,5.816E-08,0.000E+00
<ATMOSPHERE-LAYER-45>2.820E-05,1.813E+02,1.021E+02,7.494E-01,2.998E-01,7.830E-06,5.816E-08,0.000E+00
<ATMOSPHERE-LAYER-46>6.996E-06,1.813E+02,1.246E+02,7.494E-01,2.998E-01,7.830E-06,5.816E-08,0.000E+00
<ATMOSPHERE-LAYER-47>1.000E-06,1.813E+02,1.558E+02,7.494E-01,2.998E-01,7.830E-06,5.816E-08,0.000E+00
<SURFACE-TEMPERATURE>293.6166992
<SURFACE-ALBEDO>0.1459557
<SURFACE-EMISSIVITY>0.8540443
results_lyr.txt
# ----------------------------------------------------------------------------------------------
# NASA-GSFC Planetary Spectrum Generator (PSG, Villanueva et al. 2015)
# Atmospheric layering information considered by PUMAS
# Synthesized on Tue Nov 21 15:10:14 2017
# Radiative transfer method: correlated-k
# Synthesis spectral resolution [cm-1] and resolving power: 8.913678 5.010e+02
# Scattering parameters (nmax, lmax): 0 0
# ----------------------------------------------------------------------------------------------
# Molecular abundance profile: 
# Molecules considered: N2,CO2,H2O
# Molecular sources: HIT[22],HIT[2],HIT[1]
# Molecular abundances: 1,1,1
# Molecular abundance units: scl,scl,scl
# Collission-Induced-Absorption:  N2-N2(3.33-5.41um)
# Rayleigh scattering included
# ----------------------------------------------------------------------------------------------
# Aerosols considered: WaterIce,Cloud
# Aerosols sources: CRISM_Wolff[reff=2.0um 0.31-99.57um],White_GSFC[reff=1.0um 0.10-1000000.00um]
# Aerosols abundances: 1,1
# Aerosols abundance units: scl,scl
# Aerosols sizes [um]: 156.097301729,14.0
# ----------------------------------------------------------------------------------------------
# Input layer-by-layer atmospheric profile
# Molecular abundances in molec/molec and aerosols in kg/kg
# ----------------------------------------------------------------------------------------------
# Alt[km] Pressure[bar] Temp[K]         N2        CO2        H2O   WaterIce      Cloud
# ----------------------------------------------------------------------------------------------
    0.000   1.400e+00   293.617   7.393e-01  2.957e-01  1.736e-02  4.467e-10  1.634e-04
    0.260   1.358e+00   293.100   7.396e-01  2.958e-01  1.690e-02  4.970e-15  8.905e-05
    0.638   1.300e+00   292.700   7.403e-01  2.961e-01  1.572e-02  2.357e-26  5.819e-05
    1.248   1.210e+00   291.100   7.421e-01  2.968e-01  1.262e-02  2.562e-12  3.366e-05
    2.087   1.096e+00   288.300   7.442e-01  2.977e-01  8.872e-03  1.367e-08  2.288e-05
    3.146   9.655e-01   283.800   7.458e-01  2.983e-01  6.248e-03  1.581e-07  2.116e-05
    4.413   8.274e-01   277.400   7.466e-01  2.986e-01  4.864e-03  6.884e-07  2.512e-05
    5.774   6.982e-01   270.100   7.474e-01  2.990e-01  3.521e-03  1.289e-06  3.433e-05
    7.109   5.884e-01   263.000   7.480e-01  2.992e-01  2.410e-03  2.532e-06  5.353e-05
    8.423   4.950e-01   256.300   7.485e-01  2.994e-01  1.593e-03  4.488e-06  6.276e-05
    9.717   4.156e-01   250.000   7.488e-01  2.995e-01  1.008e-03  9.549e-06  4.263e-05
   11.000   3.482e-01   243.700   7.490e-01  2.996e-01  6.261e-04  1.227e-05  1.715e-05
   12.260   2.908e-01   237.300   7.492e-01  2.997e-01  3.752e-04  1.210e-05  5.431e-06
   13.520   2.421e-01   230.400   7.493e-01  2.997e-01  2.026e-04  5.876e-06  2.199e-07
   14.770   2.007e-01   223.100   7.494e-01  2.998e-01  9.837e-05  4.620e-06  0.000e+00
   16.010   1.655e-01   215.900   7.494e-01  2.998e-01  4.315e-05  3.881e-06  0.000e+00
   17.250   1.355e-01   209.700   7.494e-01  2.998e-01  1.943e-05  2.987e-06  0.000e+00
   18.510   1.101e-01   205.900   7.494e-01  2.998e-01  1.228e-05  1.715e-06  0.000e+00
   19.820   8.867e-02   205.500   7.494e-01  2.998e-01  1.107e-05  3.734e-07  0.000e+00
   21.000   7.287e-02   206.100   7.494e-01  2.998e-01  1.086e-05  2.613e-08  0.000e+00
   22.020   6.152e-02   206.600   7.494e-01  2.998e-01  1.070e-05  1.453e-08  0.000e+00
   23.070   5.168e-02   206.500   7.494e-01  2.998e-01  1.054e-05  1.132e-08  0.000e+00
   24.160   4.319e-02   205.900   7.494e-01  2.998e-01  1.040e-05  8.949e-09  0.000e+00
   25.260   3.592e-02   204.800   7.494e-01  2.998e-01  1.030e-05  7.815e-09  0.000e+00
   26.390   2.973e-02   203.400   7.494e-01  2.998e-01  1.033e-05  7.147e-09  0.000e+00
   27.540   2.448e-02   201.600   7.494e-01  2.998e-01  1.054e-05  1.964e-08  0.000e+00
   28.710   2.006e-02   199.500   7.494e-01  2.998e-01  1.069e-05  8.259e-08  0.000e+00
   29.900   1.635e-02   197.100   7.494e-01  2.998e-01  1.061e-05  1.596e-07  0.000e+00
   31.100   1.326e-02   194.800   7.494e-01  2.998e-01  1.032e-05  2.147e-07  0.000e+00
   32.310   1.071e-02   192.700   7.494e-01  2.998e-01  9.973e-06  2.634e-07  0.000e+00
   33.550   8.600e-03   191.400   7.494e-01  2.998e-01  9.673e-06  2.369e-07  0.000e+00
   34.800   6.873e-03   190.500   7.494e-01  2.998e-01  9.406e-06  1.626e-07  0.000e+00
   36.070   5.465e-03   189.800   7.494e-01  2.998e-01  9.095e-06  1.149e-07  0.000e+00
   37.370   4.325e-03   188.800   7.494e-01  2.998e-01  8.751e-06  9.962e-08  0.000e+00
   38.690   3.405e-03   187.200   7.494e-01  2.998e-01  8.318e-06  1.045e-07  0.000e+00
   40.020   2.667e-03   185.200   7.494e-01  2.998e-01  7.852e-06  1.215e-07  0.000e+00
   41.360   2.079e-03   183.000   7.494e-01  2.998e-01  7.587e-06  1.322e-07  0.000e+00
   42.710   1.613e-03   181.200   7.494e-01  2.998e-01  7.524e-06  1.393e-07  0.000e+00
   44.080   1.245e-03   180.700   7.494e-01  2.998e-01  7.648e-06  8.668e-08  0.000e+00
   45.480   9.559e-04   181.300   7.494e-01  2.998e-01  7.830e-06  5.816e-08  0.000e+00
   60.420   3.776e-04   181.300   7.494e-01  2.998e-01  7.830e-06  5.816e-08  0.000e+00
   66.320   2.615e-04   181.300   7.494e-01  2.998e-01  7.830e-06  5.816e-08  0.000e+00
   74.570   1.566e-04   181.300   7.494e-01  2.998e-01  7.830e-06  5.816e-08  0.000e+00
   86.080   7.656e-05   181.300   7.494e-01  2.998e-01  7.830e-06  5.816e-08  0.000e+00
  102.100   2.820e-05   181.300   7.494e-01  2.998e-01  7.830e-06  5.816e-08  0.000e+00
  124.600   6.996e-06   181.300   7.494e-01  2.998e-01  7.830e-06  5.816e-08  0.000e+00
  155.800   1.000e-06   181.300   7.494e-01  2.998e-01  7.830e-06  5.816e-08  0.000e+00
#
# ----------------------------------------------------------------------------------------------
# Curtis-Godson integrated layer information used by the radiative transfer analysis
# Oblique molecular layer columns in molec/m2 and aerosols in kg/m2
# ----------------------------------------------------------------------------------------------
# Low[km]  High[km]  Path[km] Pressure[bar] Temp[K]   Airmass   dcol[m-2]         N2        CO2        H2O   WaterIce      Cloud
# ----------------------------------------------------------------------------------------------
    0.000     0.260     0.389   1.379e+00   293.360    1.4980   1.327e+28  9.815e+27  3.926e+27  2.274e+26  4.209e-08  9.241e-02
    0.260     0.638     0.567   1.329e+00   292.902    1.4979   1.866e+28  1.381e+28  5.522e+27  3.043e+26  6.063e-13  7.688e-02
    0.638     1.248     0.914   1.255e+00   291.910    1.4977   2.847e+28  2.110e+28  8.440e+27  4.023e+26  2.255e-10  7.258e-02
    1.248     2.087     1.256   1.153e+00   289.722    1.4975   3.622e+28  2.691e+28  1.076e+28  3.863e+26  3.242e-06  5.752e-02
    2.087     3.146     1.585   1.031e+00   286.093    1.4972   4.135e+28  3.080e+28  1.232e+28  3.105e+26  1.355e-04  5.164e-02
    3.146     4.413     1.896   8.962e-01   280.672    1.4968   4.381e+28  3.269e+28  1.308e+28  2.428e+26  8.814e-04  5.724e-02
    4.413     5.774     2.037   7.626e-01   273.839    1.4964   4.102e+28  3.064e+28  1.226e+28  1.711e+26  2.210e-03  6.832e-02
    5.774     7.109     1.997   6.431e-01   266.637    1.4959   3.483e+28  2.605e+28  1.042e+28  1.026e+26  3.607e-03  8.491e-02
    7.109     8.423     1.965   5.415e-01   259.734    1.4955   2.963e+28  2.217e+28  8.868e+27  5.877e+25  5.701e-03  9.729e-02
    8.423     9.717     1.935   4.552e-01   253.231    1.4951   2.515e+28  1.883e+28  7.530e+27  3.233e+25  9.467e-03  7.458e-02
    9.717    11.000     1.918   3.818e-01   246.931    1.4947   2.144e+28  1.606e+28  6.422e+27  1.730e+25  1.315e-02  3.442e-02
   11.000    12.260     1.883   3.194e-01   240.584    1.4943   1.807e+28  1.354e+28  5.416e+27  8.915e+24  1.249e-02  1.060e-02
   12.260    13.520     1.882   2.663e-01   233.940    1.4939   1.550e+28  1.161e+28  4.644e+27  4.375e+24  7.643e-03  1.491e-03
   13.520    14.770     1.867   2.213e-01   226.847    1.4935   1.317e+28  9.867e+27  3.947e+27  1.918e+24  3.912e-03  9.490e-08
   14.770    16.010     1.851   1.830e-01   219.598    1.4931   1.115e+28  8.359e+27  3.344e+27  7.559e+23  2.688e-03  0.000e+00
   16.010    17.250     1.851   1.504e-01   212.890    1.4927   9.453e+27  7.084e+27  2.834e+27  2.843e+23  1.837e-03  0.000e+00
   17.250    18.510     1.880   1.228e-01   207.861    1.4924   8.022e+27  6.012e+27  2.405e+27  1.259e+23  1.052e-03  0.000e+00
   18.510    19.820     1.954   9.939e-02   205.707    1.4920   6.817e+27  5.108e+27  2.044e+27  7.966e+22  3.495e-04  0.000e+00
   19.820    21.000     1.760   8.078e-02   205.790    1.4916   4.991e+27  3.740e+27  1.496e+27  5.474e+22  3.862e-05  0.000e+00
   21.000    22.020     1.521   6.720e-02   206.343    1.4912   3.582e+27  2.684e+27  1.074e+27  3.862e+22  4.049e-06  0.000e+00
   22.020    23.070     1.565   5.660e-02   206.551    1.4909   3.101e+27  2.324e+27  9.298e+26  3.294e+22  2.270e-06  0.000e+00
   23.070    24.160     1.625   4.744e-02   206.209    1.4906   2.702e+27  2.025e+27  8.099e+26  2.829e+22  1.551e-06  0.000e+00
   24.160    25.260     1.639   3.955e-02   205.367    1.4902   2.282e+27  1.710e+27  6.841e+26  2.362e+22  1.085e-06  0.000e+00
   25.260    26.390     1.684   3.282e-02   204.122    1.4899   1.956e+27  1.466e+27  5.865e+26  2.018e+22  8.305e-07  0.000e+00
   26.390    27.540     1.713   2.710e-02   202.528    1.4895   1.656e+27  1.241e+27  4.966e+26  1.728e+22  1.143e-06  0.000e+00
   27.540    28.710     1.742   2.227e-02   200.584    1.4892   1.397e+27  1.047e+27  4.189e+26  1.483e+22  3.396e-06  0.000e+00
   28.710    29.900     1.772   1.820e-02   198.339    1.4888   1.175e+27  8.802e+26  3.521e+26  1.251e+22  7.702e-06  0.000e+00
   29.900    31.100     1.786   1.480e-02   195.989    1.4884   9.743e+26  7.302e+26  2.921e+26  1.020e+22  1.021e-05  0.000e+00
   31.100    32.310     1.801   1.198e-02   193.786    1.4881   8.040e+26  6.025e+26  2.410e+26  8.162e+21  1.082e-05  0.000e+00
   32.310    33.550     1.845   9.655e-03   192.073    1.4877   6.694e+26  5.016e+26  2.007e+26  6.578e+21  9.504e-06  0.000e+00
   33.550    34.800     1.859   7.736e-03   190.967    1.4873   5.436e+26  4.074e+26  1.630e+26  5.188e+21  6.128e-06  0.000e+00
   34.800    36.070     1.888   6.169e-03   190.163    1.4869   4.420e+26  3.313e+26  1.325e+26  4.091e+21  3.466e-06  0.000e+00
   36.070    37.370     1.932   4.895e-03   189.319    1.4865   3.605e+26  2.701e+26  1.081e+26  3.219e+21  2.195e-06  0.000e+00
   37.370    38.690     1.962   3.865e-03   188.031    1.4861   2.908e+26  2.180e+26  8.719e+25  2.484e+21  1.681e-06  0.000e+00
   38.690    40.020     1.976   3.036e-03   186.239    1.4857   2.323e+26  1.741e+26  6.964e+25  1.880e+21  1.481e-06  0.000e+00
   40.020    41.360     1.990   2.373e-03   184.144    1.4853   1.849e+26  1.386e+26  5.544e+25  1.428e+21  1.327e-06  0.000e+00
   41.360    42.710     2.005   1.846e-03   182.137    1.4849   1.465e+26  1.098e+26  4.391e+25  1.107e+21  1.126e-06  0.000e+00
   42.710    44.080     2.034   1.429e-03   180.961    1.4845   1.157e+26  8.674e+25  3.470e+25  8.777e+20  7.354e-07  0.000e+00
   44.080    45.480     2.078   1.101e-03   180.986    1.4841   9.102e+25  6.821e+25  2.729e+25  7.040e+20  3.722e-07  0.000e+00
   45.480    60.420    22.135   6.673e-04   181.300    1.4816   5.508e+26  4.127e+26  1.651e+26  4.313e+21  1.816e-06  0.000e+00
   60.420    66.320     8.723   3.196e-04   181.300    1.4785   1.101e+26  8.254e+25  3.302e+25  8.624e+20  3.632e-07  0.000e+00
   66.320    74.570    12.180   2.091e-04   181.300    1.4764   9.957e+25  7.462e+25  2.985e+25  7.796e+20  3.284e-07  0.000e+00
   74.570    86.080    16.960   1.166e-04   181.300    1.4735   7.580e+25  5.681e+25  2.273e+25  5.935e+20  2.500e-07  0.000e+00
   86.080   102.100    23.542   5.244e-05   181.300    1.4696   4.556e+25  3.414e+25  1.366e+25  3.567e+20  1.502e-07  0.000e+00
  102.100   124.600    32.942   1.767e-05   181.300    1.4641   2.003e+25  1.501e+25  6.006e+24  1.569e+20  6.607e-08  0.000e+00
  124.600   155.800    45.448   4.052e-06   181.300    1.4567   5.606e+24  4.201e+24  1.681e+24  4.390e+19  1.849e-08  0.000e+00
# ----------------------------------------------------------------------------------------------
# Integrated atmospheric columns                       1.4955   4.446e+29  3.319e+29  1.328e+29  2.272e+27  6.524e-02  7.799e-01
# ----------------------------------------------------------------------------------------------
results_rad.txt
# ------------------------------------------------------------------------
# Radiance spectrum
# NASA-GSFC Planetary Spectrum Generator (PSG) (Villanueva et al. 2015)
# Synthesized on Tue Nov 21 15:10:14 2017
# ------------------------------------------------------------------------
# Atmospheric radiances synthesized with PUMAS (Villanueva et al. 2016, Smith et al. 2009, Edwards 1992)
# Molecular abundance profile: 
# Molecules considered: N2,CO2,H2O
# Molecular sources: HIT[22],HIT[2],HIT[1]
# Molecular abundances: 1,1,1
# Molecular abundance units: scl,scl,scl
# Collission-Induced-Absorption:  N2-N2(3.33-5.41um)
# Rayleigh scattering included
# ------------------------------------------------------------------------
# Spectral unit: Wavelength [um]
# Radiance unit: Spectral radiance [W/sr/m2/um]
# Wave/freq Total Stellar TRAPPIST-1-e
1.000000000e+00  3.68049e-03  3.68049e-03  5.02532e-10
1.010000000e+00  3.70309e-03  3.70309e-03  5.05467e-10
1.020000000e+00  3.72363e-03  3.72363e-03  5.08131e-10
1.030000000e+00  3.74214e-03  3.74214e-03  5.10516e-10
1.040000000e+00  3.75867e-03  3.75867e-03  4.97477e-10
1.050000000e+00  3.77328e-03  3.77327e-03  5.14343e-10
1.060000000e+00  3.78601e-03  3.78601e-03  5.15144e-10
1.070000000e+00  3.79691e-03  3.79691e-03  5.13065e-10
1.080000000e+00  3.80605e-03  3.80605e-03  5.18192e-10
1.090000000e+00  3.81347e-03  3.81347e-03  5.19364e-10
1.100000000e+00  3.81923e-03  3.81922e-03  5.19872e-10
1.110000000e+00  3.82337e-03  3.82337e-03  5.20284e-10
1.120000000e+00  3.82595e-03  3.82595e-03  5.16893e-10
1.130000000e+00  3.82703e-03  3.82703e-03  5.15338e-10
1.140000000e+00  3.82666e-03  3.82666e-03  5.18407e-10
1.150000000e+00  3.82489e-03  3.82489e-03  5.17020e-10
1.160000000e+00  3.82177e-03  3.82177e-03  5.19024e-10
1.170000000e+00  3.81735e-03  3.81734e-03  5.18760e-10
1.180000000e+00  3.81168e-03  3.81168e-03  5.17757e-10
1.190000000e+00  3.80481e-03  3.80481e-03  5.16648e-10
1.200000000e+00  3.79680e-03  3.79679e-03  5.15504e-10
1.210000000e+00  3.78768e-03  3.78768e-03  4.29646e-10
1.220000000e+00  3.77751e-03  3.77751e-03  4.68353e-10
1.230000000e+00  3.76632e-03  3.76632e-03  4.84032e-10
1.240000000e+00  3.75418e-03  3.75418e-03  5.01041e-10
1.250000000e+00  3.74111e-03  3.74111e-03  5.07113e-10
1.260000000e+00  3.72717e-03  3.72717e-03  5.03105e-10
1.270000000e+00  3.71239e-03  3.71239e-03  5.01052e-10
1.280000000e+00  3.69682e-03  3.69682e-03  5.01229e-10
1.290000000e+00  3.68049e-03  3.68049e-03  4.94974e-10
1.300000000e+00  3.66345e-03  3.66345e-03  4.87640e-10
1.310000000e+00  3.64573e-03  3.64573e-03  4.93691e-10
1.320000000e+00  3.62737e-03  3.62736e-03  4.53177e-10
1.330000000e+00  3.60839e-03  3.60839e-03  4.87978e-10
1.340000000e+00  3.58885e-03  3.58885e-03  4.62064e-10
1.350000000e+00  3.56877e-03  3.56877e-03  4.75921e-10
1.360000000e+00  3.54817e-03  3.54817e-03  4.66499e-10
1.370000000e+00  3.52711e-03  3.52711e-03  4.60567e-10
1.380000000e+00  3.50559e-03  3.50559e-03  4.58353e-10
1.390000000e+00  3.48366e-03  3.48366e-03  4.59197e-10
1.400000000e+00  3.46134e-03  3.46134e-03  4.56885e-10
1.410000000e+00  3.43866e-03  3.43866e-03  4.51828e-10
1.420000000e+00  3.41564e-03  3.41564e-03  4.59916e-10
1.430000000e+00  3.39231e-03  3.39231e-03  4.53310e-10
1.440000000e+00  3.36870e-03  3.36870e-03  2.05308e-10
1.450000000e+00  3.34482e-03  3.34482e-03  3.68825e-10
1.460000000e+00  3.32070e-03  3.32070e-03  4.43695e-10
1.470000000e+00  3.29636e-03  3.29636e-03  4.41157e-10
1.480000000e+00  3.27183e-03  3.27183e-03  4.07783e-10
1.490000000e+00  3.24712e-03  3.24711e-03  4.29390e-10
1.500000000e+00  3.22224e-03  3.22224e-03  4.06488e-10
1.510000000e+00  3.19723e-03  3.19723e-03  4.29415e-10
1.520000000e+00  3.17209e-03  3.17209e-03  4.26634e-10
1.530000000e+00  3.14685e-03  3.14685e-03  3.91631e-10
1.540000000e+00  3.12152e-03  3.12152e-03  3.58825e-10
1.550000000e+00  3.09611e-03  3.09611e-03  4.06394e-10
1.560000000e+00  3.07064e-03  3.07064e-03  4.11278e-10
1.570000000e+00  3.04513e-03  3.04513e-03  3.64231e-10
1.580000000e+00  3.01959e-03  3.01959e-03  2.46566e-10
1.590000000e+00  2.99402e-03  2.99402e-03  3.81691e-10
1.600000000e+00  2.96846e-03  2.96846e-03  3.51456e-10
1.610000000e+00  2.94289e-03  2.94289e-03  2.41670e-10
1.620000000e+00  2.91734e-03  2.91734e-03  3.38068e-10
1.630000000e+00  2.89182e-03  2.89182e-03  3.69686e-10
1.640000000e+00  2.86634e-03  2.86634e-03  3.51396e-10
1.650000000e+00  2.84091e-03  2.84091e-03  3.41675e-10
1.660000000e+00  2.81553e-03  2.81553e-03  3.61315e-10
1.670000000e+00  2.79021e-03  2.79021e-03  3.62593e-10
1.680000000e+00  2.76497e-03  2.76497e-03  3.64100e-10
1.690000000e+00  2.73981e-03  2.73981e-03  3.67677e-10
1.700000000e+00  2.71474e-03  2.71474e-03  3.65900e-10
1.710000000e+00  2.68977e-03  2.68977e-03  3.59250e-10
1.720000000e+00  2.66490e-03  2.66490e-03  3.58639e-10
1.730000000e+00  2.64013e-03  2.64013e-03  3.56287e-10
1.740000000e+00  2.61549e-03  2.61549e-03  3.53099e-10
1.750000000e+00  2.59096e-03  2.59096e-03  3.49688e-10
1.760000000e+00  2.56656e-03  2.56656e-03  3.45848e-10
1.770000000e+00  2.54229e-03  2.54229e-03  3.42796e-10
1.780000000e+00  2.51815e-03  2.51815e-03  3.39754e-10
1.790000000e+00  2.49415e-03  2.49415e-03  3.36145e-10
1.800000000e+00  2.47030e-03  2.47030e-03  3.32914e-10
1.810000000e+00  2.44660e-03  2.44660e-03  3.29134e-10
1.820000000e+00  2.42304e-03  2.42304e-03  3.22731e-10
1.830000000e+00  2.39964e-03  2.39964e-03  3.16705e-10
1.840000000e+00  2.37640e-03  2.37640e-03  3.08420e-10
1.850000000e+00  2.35332e-03  2.35332e-03  3.06507e-10
1.860000000e+00  2.33041e-03  2.33041e-03  3.00688e-10
1.870000000e+00  2.30765e-03  2.30765e-03  3.01408e-10
1.880000000e+00  2.28507e-03  2.28507e-03  2.65293e-10
1.890000000e+00  2.26266e-03  2.26266e-03  2.65301e-10
1.900000000e+00  2.24041e-03  2.24041e-03  2.87561e-10
1.910000000e+00  2.21834e-03  2.21834e-03  2.85258e-10
1.920000000e+00  2.19645e-03  2.19645e-03  2.88874e-10
1.930000000e+00  2.17473e-03  2.17473e-03  2.86475e-10
1.940000000e+00  2.15319e-03  2.15319e-03  2.73296e-10
1.950000000e+00  2.13183e-03  2.13183e-03  1.47020e-10
1.960000000e+00  2.11065e-03  2.11065e-03  4.71420e-11
1.970000000e+00  2.08964e-03  2.08964e-03  5.17252e-11
1.980000000e+00  2.06882e-03  2.06882e-03  1.50371e-10
1.990000000e+00  2.04818e-03  2.04818e-03  2.08120e-10
2.000000000e+00  2.02772e-03  2.02772e-03  1.23833e-10
2.010000000e+00  2.00745e-03  2.00745e-03  2.79296e-11
2.020000000e+00  1.98735e-03  1.98735e-03  3.58581e-11
2.030000000e+00  1.96744e-03  1.96744e-03  9.22732e-11
2.040000000e+00  1.94771e-03  1.94771e-03  1.10832e-10
2.050000000e+00  1.92816e-03  1.92816e-03  1.00336e-10
2.060000000e+00  1.90880e-03  1.90880e-03  4.73908e-11
2.070000000e+00  1.88961e-03  1.88961e-03  5.17030e-11
2.080000000e+00  1.87061e-03  1.87061e-03  9.68819e-11
2.090000000e+00  1.85179e-03  1.85179e-03  1.25222e-10
2.100000000e+00  1.83315e-03  1.83315e-03  1.65398e-10
2.110000000e+00  1.81469e-03  1.81469e-03  2.00018e-10
2.120000000e+00  1.79641e-03  1.79641e-03  2.09367e-10
2.130000000e+00  1.77831e-03  1.77831e-03  2.29421e-10
2.140000000e+00  1.76039e-03  1.76039e-03  2.31779e-10
2.150000000e+00  1.74264e-03  1.74264e-03  2.10384e-10
2.160000000e+00  1.72507e-03  1.72507e-03  2.08727e-10
2.170000000e+00  1.70768e-03  1.70768e-03  2.06144e-10
2.180000000e+00  1.69046e-03  1.69046e-03  2.16630e-10
2.190000000e+00  1.67341e-03  1.67341e-03  2.22878e-10
2.200000000e+00  1.65654e-03  1.65654e-03  2.22783e-10
2.210000000e+00  1.63984e-03  1.63984e-03  2.21249e-10
2.220000000e+00  1.62331e-03  1.62331e-03  2.18093e-10
2.230000000e+00  1.60696e-03  1.60695e-03  2.16268e-10
2.240000000e+00  1.59076e-03  1.59076e-03  2.15271e-10
2.250000000e+00  1.57474e-03  1.57474e-03  2.13063e-10
2.260000000e+00  1.55889e-03  1.55889e-03  2.09803e-10
2.270000000e+00  1.54320e-03  1.54319e-03  2.08798e-10
2.280000000e+00  1.52767e-03  1.52767e-03  2.06549e-10
2.290000000e+00  1.51230e-03  1.51230e-03  2.04987e-10
2.300000000e+00  1.49710e-03  1.49710e-03  2.02951e-10
2.310000000e+00  1.48206e-03  1.48206e-03  2.00958e-10
2.320000000e+00  1.46718e-03  1.46718e-03  1.99006e-10
2.330000000e+00  1.45245e-03  1.45245e-03  1.97035e-10
2.340000000e+00  1.43788e-03  1.43788e-03  1.95082e-10
2.350000000e+00  1.42347e-03  1.42347e-03  1.93150e-10
2.360000000e+00  1.40921e-03  1.40921e-03  1.91237e-10
2.370000000e+00  1.39510e-03  1.39510e-03  1.89369e-10
2.380000000e+00  1.38115e-03  1.38115e-03  1.87449e-10
2.390000000e+00  1.36734e-03  1.36734e-03  1.85476e-10
2.400000000e+00  1.35368e-03  1.35368e-03  1.83532e-10
2.410000000e+00  1.34017e-03  1.34017e-03  1.81695e-10
2.420000000e+00  1.32681e-03  1.32681e-03  1.80154e-10
2.430000000e+00  1.31359e-03  1.31359e-03  1.78634e-10
2.440000000e+00  1.30051e-03  1.30051e-03  1.76071e-10
2.450000000e+00  1.28757e-03  1.28757e-03  1.74826e-10
2.460000000e+00  1.27478e-03  1.27478e-03  1.73486e-10
2.470000000e+00  1.26212e-03  1.26212e-03  1.71631e-10
2.480000000e+00  1.24960e-03  1.24960e-03  1.68798e-10
2.490000000e+00  1.23722e-03  1.23722e-03  1.62385e-10
2.500000000e+00  1.22498e-03  1.22498e-03  1.62071e-10
2.510000000e+00  1.21286e-03  1.21286e-03  1.60741e-10
2.520000000e+00  1.20088e-03  1.20088e-03  1.58338e-10
2.530000000e+00  1.18903e-03  1.18903e-03  1.59980e-10
2.540000000e+00  1.17731e-03  1.17731e-03  1.57244e-10
2.550000000e+00  1.16572e-03  1.16572e-03  1.53223e-10
2.560000000e+00  1.15425e-03  1.15425e-03  1.53664e-10
2.570000000e+00  1.14291e-03  1.14291e-03  1.42321e-10
2.580000000e+00  1.13170e-03  1.13170e-03  1.35201e-10
2.590000000e+00  1.12060e-03  1.12060e-03  1.29627e-10
2.600000000e+00  1.10963e-03  1.10963e-03  1.18390e-10
2.610000000e+00  1.09878e-03  1.09878e-03  1.23591e-10
2.620000000e+00  1.08805e-03  1.08805e-03  1.21655e-10
2.630000000e+00  1.07744e-03  1.07744e-03  1.27805e-10
2.640000000e+00  1.06694e-03  1.06694e-03  1.25431e-10
2.650000000e+00  1.05656e-03  1.05656e-03  1.33470e-10
2.660000000e+00  1.04629e-03  1.04629e-03  1.05887e-10
2.670000000e+00  1.03614e-03  1.03614e-03  1.28787e-11
2.680000000e+00  1.02610e-03  1.02610e-03  1.69073e-12
2.690000000e+00  1.01616e-03  1.01616e-03  5.05649e-13
2.700000000e+00  1.00634e-03  1.00634e-03  6.90436e-13
2.710000000e+00  9.96623e-04  9.96623e-04  6.97666e-13
2.720000000e+00  9.87014e-04  9.87014e-04  1.82667e-12
2.730000000e+00  9.77511e-04  9.77511e-04  4.08222e-12
2.740000000e+00  9.68112e-04  9.68112e-04  4.06471e-12
2.750000000e+00  9.58816e-04  9.58816e-04  1.86746e-12
2.760000000e+00  9.49622e-04  9.49622e-04  4.61117e-13
2.770000000e+00  9.40529e-04  9.40529e-04  3.65368e-13
2.780000000e+00  9.31536e-04  9.31536e-04  2.61805e-13
2.790000000e+00  9.22641e-04  9.22641e-04  3.15169e-13
2.800000000e+00  9.13844e-04  9.13844e-04  5.77192e-13
2.810000000e+00  9.05143e-04  9.05143e-04  8.99836e-13
2.820000000e+00  8.96538e-04  8.96538e-04  1.06240e-12
2.830000000e+00  8.88027e-04  8.88027e-04  1.12784e-12
2.840000000e+00  8.79608e-04  8.79608e-04  1.46502e-12
2.850000000e+00  8.71282e-04  8.71282e-04  9.52490e-13
2.860000000e+00  8.63047e-04  8.63047e-04  1.95799e-12
2.870000000e+00  8.54902e-04  8.54902e-04  6.39027e-12
2.880000000e+00  8.46846e-04  8.46846e-04  1.10881e-11
2.890000000e+00  8.38878e-04  8.38878e-04  1.88386e-11
2.900000000e+00  8.30996e-04  8.30996e-04  2.81761e-11
2.910000000e+00  8.23201e-04  8.23201e-04  3.32280e-11
2.920000000e+00  8.15490e-04  8.15490e-04  3.61704e-11
2.930000000e+00  8.07863e-04  8.07863e-04  3.70766e-11
2.940000000e+00  8.00320e-04  8.00320e-04  3.80271e-11
2.950000000e+00  7.92858e-04  7.92858e-04  3.93000e-11
2.960000000e+00  7.85477e-04  7.85477e-04  3.89940e-11
2.970000000e+00  7.78176e-04  7.78176e-04  3.57158e-11
2.980000000e+00  7.70954e-04  7.70954e-04  3.11520e-11
2.990000000e+00  7.63811e-04  7.63811e-04  3.01603e-11
3.000000000e+00  7.56745e-04  7.56745e-04  3.41006e-11
3.010000000e+00  7.49755e-04  7.49755e-04  3.80532e-11
3.020000000e+00  7.42841e-04  7.42841e-04  3.50154e-11
3.030000000e+00  7.36002e-04  7.36001e-04  3.72144e-11
3.040000000e+00  7.29236e-04  7.29236e-04  3.96570e-11
3.050000000e+00  7.22543e-04  7.22543e-04  4.08448e-11
3.060000000e+00  7.15922e-04  7.15922e-04  4.09399e-11
3.070000000e+00  7.09372e-04  7.09372e-04  4.17925e-11
3.080000000e+00  7.02893e-04  7.02893e-04  4.21487e-11
3.090000000e+00  6.96483e-04  6.96483e-04  4.19149e-11
3.100000000e+00  6.90142e-04  6.90142e-04  4.18374e-11
3.110000000e+00  6.83869e-04  6.83869e-04  4.13922e-11
3.120000000e+00  6.77663e-04  6.77663e-04  3.99897e-11
3.130000000e+00  6.71523e-04  6.71523e-04  3.89039e-11
3.140000000e+00  6.65449e-04  6.65449e-04  3.95451e-11
3.150000000e+00  6.59440e-04  6.59440e-04  4.06165e-11
3.160000000e+00  6.53495e-04  6.53494e-04  4.03272e-11
3.170000000e+00  6.47613e-04  6.47612e-04  3.98584e-11
3.180000000e+00  6.41793e-04  6.41793e-04  4.06902e-11
3.190000000e+00  6.36035e-04  6.36035e-04  4.15808e-11
3.200000000e+00  6.30339e-04  6.30339e-04  4.22714e-11
3.210000000e+00  6.24703e-04  6.24702e-04  4.28982e-11
3.220000000e+00  6.19126e-04  6.19126e-04  4.37729e-11
3.230000000e+00  6.13608e-04  6.13608e-04  4.43734e-11
3.240000000e+00  6.08149e-04  6.08149e-04  4.56171e-11
3.250000000e+00  6.02747e-04  6.02747e-04  4.62267e-11
3.260000000e+00  5.97402e-04  5.97402e-04  4.73368e-11
3.270000000e+00  5.92114e-04  5.92114e-04  4.79477e-11
3.280000000e+00  5.86881e-04  5.86881e-04  4.90974e-11
3.290000000e+00  5.81703e-04  5.81702e-04  5.02789e-11
3.300000000e+00  5.76579e-04  5.76579e-04  5.10493e-11
3.310000000e+00  5.71509e-04  5.71508e-04  5.19463e-11
3.320000000e+00  5.66491e-04  5.66491e-04  5.32336e-11
3.330000000e+00  5.61527e-04  5.61527e-04  5.38153e-11
3.340000000e+00  5.56614e-04  5.56614e-04  5.48132e-11
3.350000000e+00  5.51752e-04  5.51752e-04  5.54162e-11
3.360000000e+00  5.46941e-04  5.46941e-04  5.52174e-11
3.370000000e+00  5.42180e-04  5.42180e-04  5.70146e-11
3.380000000e+00  5.37468e-04  5.37468e-04  5.78920e-11
3.390000000e+00  5.32805e-04  5.32805e-04  5.85951e-11
3.400000000e+00  5.28190e-04  5.28190e-04  5.89998e-11
3.410000000e+00  5.23623e-04  5.23623e-04  5.93101e-11
3.420000000e+00  5.19104e-04  5.19104e-04  5.96431e-11
3.430000000e+00  5.14631e-04  5.14631e-04  5.99457e-11
3.440000000e+00  5.10204e-04  5.10203e-04  6.02360e-11
3.450000000e+00  5.05822e-04  5.05822e-04  6.04658e-11
3.460000000e+00  5.01485e-04  5.01485e-04  6.04587e-11
3.470000000e+00  4.97193e-04  4.97193e-04  6.03854e-11
3.480000000e+00  4.92945e-04  4.92945e-04  6.02940e-11
3.490000000e+00  4.88741e-04  4.88741e-04  6.02039e-11
3.500000000e+00  4.84579e-04  4.84579e-04  6.01102e-11
3.510000000e+00  4.80460e-04  4.80460e-04  6.00133e-11
3.520000000e+00  4.76383e-04  4.76383e-04  5.98665e-11
3.530000000e+00  4.72347e-04  4.72347e-04  5.95789e-11
3.540000000e+00  4.68352e-04  4.68352e-04  5.92809e-11
3.550000000e+00  4.64398e-04  4.64398e-04  5.89685e-11
3.560000000e+00  4.60484e-04  4.60484e-04  5.86055e-11
3.570000000e+00  4.56609e-04  4.56609e-04  5.81515e-11
3.580000000e+00  4.52774e-04  4.52774e-04  5.76304e-11
3.590000000e+00  4.48977e-04  4.48977e-04  5.68506e-11
3.600000000e+00  4.45219e-04  4.45219e-04  5.53707e-11
3.610000000e+00  4.41498e-04  4.41498e-04  5.38873e-11
3.620000000e+00  4.37815e-04  4.37815e-04  5.27728e-11
3.630000000e+00  4.34169e-04  4.34169e-04  5.36214e-11
3.640000000e+00  4.30559e-04  4.30559e-04  5.30220e-11
3.650000000e+00  4.26986e-04  4.26986e-04  5.19674e-11
3.660000000e+00  4.23448e-04  4.23448e-04  5.28230e-11
3.670000000e+00  4.19945e-04  4.19945e-04  5.38182e-11
3.680000000e+00  4.16478e-04  4.16478e-04  5.39886e-11
3.690000000e+00  4.13045e-04  4.13044e-04  5.36523e-11
3.700000000e+00  4.09645e-04  4.09645e-04  5.32989e-11
3.710000000e+00  4.06280e-04  4.06280e-04  5.29794e-11
3.720000000e+00  4.02948e-04  4.02948e-04  5.24884e-11
3.730000000e+00  3.99649e-04  3.99649e-04  5.21218e-11
3.740000000e+00  3.96383e-04  3.96383e-04  5.17825e-11
3.750000000e+00  3.93148e-04  3.93148e-04  5.12519e-11
3.760000000e+00  3.89946e-04  3.89946e-04  5.02687e-11
3.770000000e+00  3.86775e-04  3.86775e-04  4.90835e-11
3.780000000e+00  3.83635e-04  3.83635e-04  4.79004e-11
3.790000000e+00  3.80526e-04  3.80526e-04  4.64157e-11
3.800000000e+00  3.77448e-04  3.77448e-04  4.31195e-11
3.810000000e+00  3.74400e-04  3.74400e-04  3.87626e-11
3.820000000e+00  3.71381e-04  3.71381e-04  3.90618e-11
3.830000000e+00  3.68392e-04  3.68392e-04  4.22139e-11
3.840000000e+00  3.65432e-04  3.65432e-04  4.00119e-11
3.850000000e+00  3.62500e-04  3.62500e-04  3.86798e-11
3.860000000e+00  3.59597e-04  3.59597e-04  4.04248e-11
3.870000000e+00  3.56723e-04  3.56723e-04  4.30070e-11
3.880000000e+00  3.53876e-04  3.53876e-04  4.45120e-11
3.890000000e+00  3.51056e-04  3.51056e-04  4.50067e-11
3.900000000e+00  3.48264e-04  3.48264e-04  4.51411e-11
3.910000000e+00  3.45499e-04  3.45499e-04  4.49593e-11
3.920000000e+00  3.42760e-04  3.42760e-04  4.45820e-11
3.930000000e+00  3.40048e-04  3.40048e-04  4.40017e-11
3.940000000e+00  3.37361e-04  3.37361e-04  4.31964e-11
3.950000000e+00  3.34701e-04  3.34701e-04  4.22385e-11
3.960000000e+00  3.32066e-04  3.32066e-04  4.07174e-11
3.970000000e+00  3.29456e-04  3.29456e-04  3.92134e-11
3.980000000e+00  3.26870e-04  3.26870e-04  3.67044e-11
3.990000000e+00  3.24310e-04  3.24310e-04  3.51663e-11
4.000000000e+00  3.21774e-04  3.21774e-04  3.66503e-11
4.010000000e+00  3.19262e-04  3.19262e-04  3.72456e-11
4.020000000e+00  3.16773e-04  3.16773e-04  3.49630e-11
4.030000000e+00  3.14309e-04  3.14309e-04  3.48966e-11
4.040000000e+00  3.11867e-04  3.11867e-04  3.59554e-11
4.050000000e+00  3.09449e-04  3.09449e-04  3.72609e-11
4.060000000e+00  3.07053e-04  3.07053e-04  3.83782e-11
4.070000000e+00  3.04680e-04  3.04680e-04  3.84811e-11
4.080000000e+00  3.02329e-04  3.02329e-04  3.75379e-11
4.090000000e+00  3.00000e-04  3.00000e-04  3.63488e-11
4.100000000e+00  2.97694e-04  2.97693e-04  3.54386e-11
4.110000000e+00  2.95408e-04  2.95408e-04  3.54330e-11
4.120000000e+00  2.93144e-04  2.93144e-04  3.56976e-11
4.130000000e+00  2.90901e-04  2.90901e-04  3.54824e-11
4.140000000e+00  2.88679e-04  2.88679e-04  3.45845e-11
4.150000000e+00  2.86478e-04  2.86478e-04  3.47146e-11
4.160000000e+00  2.84297e-04  2.84297e-04  3.11972e-11
4.170000000e+00  2.82136e-04  2.82136e-04  1.26226e-11
4.180000000e+00  2.79995e-04  2.79995e-04  4.58812e-12
4.190000000e+00  2.77874e-04  2.77874e-04  2.44035e-12
4.200000000e+00  2.75773e-04  2.75773e-04  9.81771e-13
4.210000000e+00  2.73691e-04  2.73691e-04  3.20341e-13
4.220000000e+00  2.71628e-04  2.71628e-04  1.10759e-13
4.230000000e+00  2.69584e-04  2.69584e-04  6.36326e-14
4.240000000e+00  2.67559e-04  2.67559e-04  5.04363e-14
4.250000000e+00  2.65552e-04  2.65552e-04  4.82421e-14
4.260000000e+00  2.63564e-04  2.63564e-04  5.75798e-14
4.270000000e+00  2.61594e-04  2.61594e-04  6.18747e-14
4.280000000e+00  2.59642e-04  2.59642e-04  5.21655e-14
4.290000000e+00  2.57707e-04  2.57707e-04  5.35656e-14
4.300000000e+00  2.55790e-04  2.55790e-04  6.07727e-14
4.310000000e+00  2.53891e-04  2.53891e-04  6.99658e-14
4.320000000e+00  2.52009e-04  2.52009e-04  8.42872e-14
4.330000000e+00  2.50144e-04  2.50144e-04  1.20029e-13
4.340000000e+00  2.48295e-04  2.48295e-04  1.64499e-13
4.350000000e+00  2.46463e-04  2.46463e-04  2.04810e-13
4.360000000e+00  2.44648e-04  2.44648e-04  2.07427e-13
4.370000000e+00  2.42849e-04  2.42849e-04  2.23412e-13
4.380000000e+00  2.41067e-04  2.41067e-04  2.89578e-13
4.390000000e+00  2.39300e-04  2.39300e-04  3.96864e-13
4.400000000e+00  2.37549e-04  2.37549e-04  2.97912e-13
4.410000000e+00  2.35814e-04  2.35814e-04  3.00714e-13
4.420000000e+00  2.34094e-04  2.34094e-04  3.51970e-13
4.430000000e+00  2.32390e-04  2.32390e-04  4.51042e-13
4.440000000e+00  2.30700e-04  2.30700e-04  6.18739e-13
4.450000000e+00  2.29026e-04  2.29026e-04  9.36995e-13
4.460000000e+00  2.27367e-04  2.27367e-04  1.46615e-12
4.470000000e+00  2.25722e-04  2.25722e-04  1.89443e-12
4.480000000e+00  2.24092e-04  2.24092e-04  2.68696e-12
4.490000000e+00  2.22476e-04  2.22476e-04  3.49485e-12
4.500000000e+00  2.20874e-04  2.20874e-04  5.71436e-12
4.510000000e+00  2.19287e-04  2.19287e-04  9.94767e-12
4.520000000e+00  2.17714e-04  2.17714e-04  1.43218e-11
4.530000000e+00  2.16154e-04  2.16154e-04  1.88369e-11
4.540000000e+00  2.14608e-04  2.14608e-04  2.14617e-11
4.550000000e+00  2.13075e-04  2.13075e-04  2.31269e-11
4.560000000e+00  2.11556e-04  2.11556e-04  2.35986e-11
4.570000000e+00  2.10051e-04  2.10051e-04  2.40383e-11
4.580000000e+00  2.08558e-04  2.08558e-04  2.41711e-11
4.590000000e+00  2.07078e-04  2.07078e-04  2.42315e-11
4.600000000e+00  2.05611e-04  2.05611e-04  2.42187e-11
4.610000000e+00  2.04157e-04  2.04157e-04  2.41155e-11
4.620000000e+00  2.02716e-04  2.02716e-04  2.32594e-11
4.630000000e+00  2.01287e-04  2.01287e-04  2.28620e-11
4.640000000e+00  1.99870e-04  1.99870e-04  2.29674e-11
4.650000000e+00  1.98466e-04  1.98466e-04  2.28998e-11
4.660000000e+00  1.97073e-04  1.97073e-04  2.30459e-11
4.670000000e+00  1.95693e-04  1.95693e-04  2.29942e-11
4.680000000e+00  1.94324e-04  1.94324e-04  2.18901e-11
4.690000000e+00  1.92967e-04  1.92967e-04  2.12366e-11
4.700000000e+00  1.91622e-04  1.91622e-04  2.04274e-11
4.710000000e+00  1.90288e-04  1.90288e-04  1.42909e-11
4.720000000e+00  1.88966e-04  1.88966e-04  1.78799e-11
4.730000000e+00  1.87655e-04  1.87655e-04  1.57011e-11
4.740000000e+00  1.86355e-04  1.86355e-04  1.43056e-11
4.750000000e+00  1.85066e-04  1.85066e-04  1.33408e-11
4.760000000e+00  1.83788e-04  1.83788e-04  1.28429e-11
4.770000000e+00  1.82521e-04  1.82521e-04  1.32424e-11
4.780000000e+00  1.81265e-04  1.81265e-04  1.09797e-11
4.790000000e+00  1.80019e-04  1.80019e-04  8.96439e-12
4.800000000e+00  1.78783e-04  1.78783e-04  7.22466e-12
4.810000000e+00  1.77559e-04  1.77559e-04  4.76505e-12
4.820000000e+00  1.76344e-04  1.76344e-04  2.52822e-12
4.830000000e+00  1.75140e-04  1.75140e-04  2.97204e-12
4.840000000e+00  1.73945e-04  1.73945e-04  3.12334e-12
4.850000000e+00  1.72761e-04  1.72761e-04  3.03588e-12
4.860000000e+00  1.71587e-04  1.71587e-04  2.82344e-12
4.870000000e+00  1.70422e-04  1.70422e-04  3.05288e-12
4.880000000e+00  1.69267e-04  1.69267e-04  3.65146e-12
4.890000000e+00  1.68122e-04  1.68122e-04  4.39946e-12
4.900000000e+00  1.66986e-04  1.66986e-04  6.83251e-12
4.910000000e+00  1.65860e-04  1.65860e-04  9.14081e-12
4.920000000e+00  1.64743e-04  1.64743e-04  8.57458e-12
4.930000000e+00  1.63635e-04  1.63635e-04  1.29816e-11
4.940000000e+00  1.62536e-04  1.62536e-04  1.40757e-11
4.950000000e+00  1.61447e-04  1.61447e-04  1.37214e-11
4.960000000e+00  1.60366e-04  1.60366e-04  1.50757e-11
4.970000000e+00  1.59294e-04  1.59294e-04  1.64389e-11
4.980000000e+00  1.58232e-04  1.58232e-04  1.70228e-11
4.990000000e+00  1.57177e-04  1.57177e-04  1.83189e-11
5.000000000e+00  1.56132e-04  1.56132e-04  1.68992e-11
results_trn.txt
# ------------------------------------------------------------------------
# NASA-GSFC Planetary Spectrum Generator (PSG, Villanueva et al. 2015)
# Atmospheric transmittance spectrum synthesized with PUMAS (Villanueva et al. 2016, Smith et al. 2009, Edwards 1992)
# Synthesized on Tue Nov 21 15:10:14 2017
# Molecular abundance profile: 
# Molecules considered: N2,CO2,H2O
# Molecular sources: HIT[22],HIT[2],HIT[1]
# Molecular abundances: 1,1,1
# Molecular abundance units: scl,scl,scl
# Collission-Induced-Absorption:  N2-N2(3.33-5.41um)
# Rayleigh scattering included
# ------------------------------------------------------------------------
# Aerosols considered: WaterIce,Cloud
# Aerosols sources: CRISM_Wolff[reff=2.0um 0.31-99.57um],White_GSFC[reff=1.0um 0.10-1000000.00um]
# Aerosols opacities: 1,1
# Aerosols opacity units: scl,scl
# ------------------------------------------------------------------------
# Spectral unit: Wavelength [um]
# Wave/freq Total N2 CO2 H2O WaterIce Cloud Rayleigh CIA
1.000000000e+00  0.00000  1.00000  0.99996  0.97142  0.00000  0.00000  0.97252  1.00000
1.010000000e+00  0.00000  1.00000  0.99999  0.96194  0.00000  0.00000  0.97358  1.00000
1.020000000e+00  0.00000  1.00000  1.00000  0.98206  0.00000  0.00000  0.97459  1.00000
1.030000000e+00  0.00000  1.00000  0.99999  0.98470  0.00000  0.00000  0.97555  1.00000
1.040000000e+00  0.00000  1.00000  0.79680  0.99817  0.00000  0.00000  0.97647  1.00000
1.050000000e+00  0.00000  1.00000  0.98663  0.99928  0.00000  0.00000  0.97734  1.00000
1.060000000e+00  0.00000  1.00000  0.96690  0.99791  0.00000  0.00000  0.97817  1.00000
1.070000000e+00  0.00000  1.00000  0.94068  0.98557  0.00000  0.00000  0.97897  1.00000
1.080000000e+00  0.00000  1.00000  0.99393  0.93311  0.00000  0.00000  0.97973  1.00000
1.090000000e+00  0.00000  1.00000  0.99963  0.87498  0.00000  0.00000  0.98046  1.00000
1.100000000e+00  0.00000  1.00000  0.99829  0.74330  0.00000  0.00000  0.98115  1.00000
1.110000000e+00  0.00000  1.00000  1.00000  0.46349  0.00000  0.00000  0.98181  1.00000
1.120000000e+00  0.00000  1.00000  0.97631  0.06448  0.00000  0.00000  0.98245  1.00000
1.130000000e+00  0.00000  1.00000  0.99656  0.01352  0.00000  0.00000  0.98306  1.00000
1.140000000e+00  0.00000  1.00000  0.99258  0.15078  0.00000  0.00000  0.98364  1.00000
1.150000000e+00  0.00000  1.00000  0.99779  0.07507  0.00000  0.00000  0.98420  1.00000
1.160000000e+00  0.00000  1.00000  0.99754  0.27022  0.00000  0.00000  0.98473  1.00000
1.170000000e+00  0.00000  1.00000  0.99992  0.54019  0.00000  0.00000  0.98524  1.00000
1.180000000e+00  0.00000  1.00000  0.99951  0.69623  0.00000  0.00000  0.98573  1.00000
1.190000000e+00  0.00000  1.00000  0.99995  0.63084  0.00000  0.00000  0.98620  1.00000
1.200000000e+00  0.00000  1.00000  0.99981  0.65862  0.00000  0.00000  0.98665  1.00000
1.210000000e+00  0.00000  1.00000  0.08649  0.77572  0.00000  0.00000  0.98709  1.00000
1.220000000e+00  0.00000  1.00000  0.56832  0.84227  0.00000  0.00000  0.98750  1.00000
1.230000000e+00  0.00000  1.00000  0.39267  0.88234  0.00000  0.00000  0.98790  1.00000
1.240000000e+00  0.00000  1.00000  0.83875  0.97985  0.00000  0.00000  0.98828  1.00000
1.250000000e+00  0.00000  1.00000  0.98860  0.99623  0.00000  0.00000  0.98865  1.00000
1.260000000e+00  0.00000  1.00000  0.95791  0.99639  0.00000  0.00000  0.98901  1.00000
1.270000000e+00  0.00000  1.00000  0.95962  0.98895  0.00000  0.00000  0.98935  1.00000
1.280000000e+00  0.00000  1.00000  0.99903  0.97598  0.00000  0.00000  0.98967  1.00000
1.290000000e+00  0.00000  1.00000  0.88156  0.93494  0.00000  0.00000  0.98999  1.00000
1.300000000e+00  0.00000  1.00000  0.82916  0.83092  0.00000  0.00000  0.99029  1.00000
1.310000000e+00  0.00000  1.00000  0.99208  0.70859  0.00000  0.00000  0.99058  1.00000
1.320000000e+00  0.00000  1.00000  0.41707  0.53472  0.00000  0.00000  0.99086  1.00000
1.330000000e+00  0.00000  1.00000  0.96785  0.38348  0.00000  0.00000  0.99113  1.00000
1.340000000e+00  0.00000  1.00000  0.56992  0.23286  0.00000  0.00000  0.99140  1.00000
1.350000000e+00  0.00000  1.00000  0.85226  0.01430  0.00000  0.00000  0.99165  1.00000
1.360000000e+00  0.00000  1.00000  0.98764  0.00000  0.00000  0.00000  0.99189  1.00000
1.370000000e+00  0.00000  1.00000  0.96997  0.00000  0.00000  0.00000  0.99212  1.00000
1.380000000e+00  0.00000  1.00000  0.96152  0.00000  0.00000  0.00000  0.99235  1.00000
1.390000000e+00  0.00000  1.00000  0.99283  0.00000  0.00000  0.00000  0.99256  1.00000
1.400000000e+00  0.00000  1.00000  0.99613  0.00001  0.00000  0.00000  0.99277  1.00000
1.410000000e+00  0.00000  1.00000  0.99980  0.00000  0.00000  0.00000  0.99298  1.00000
1.420000000e+00  0.00000  1.00000  0.99942  0.00126  0.00000  0.00000  0.99317  1.00000
1.430000000e+00  0.00000  1.00000  0.68660  0.00378  0.00000  0.00000  0.99336  1.00000
1.440000000e+00  0.00000  1.00000  0.00000  0.00402  0.00000  0.00000  0.99354  1.00000
1.450000000e+00  0.00000  1.00000  0.01256  0.02968  0.00000  0.00000  0.99372  1.00000
1.460000000e+00  0.00000  1.00000  0.63578  0.10685  0.00000  0.00000  0.99389  1.00000
1.470000000e+00  0.00000  1.00000  0.97415  0.03354  0.00000  0.00000  0.99405  1.00000
1.480000000e+00  0.00000  1.00000  0.41482  0.08502  0.00000  0.00000  0.99421  1.00000
1.490000000e+00  0.00000  1.00000  0.74822  0.08525  0.00000  0.00000  0.99436  1.00000
1.500000000e+00  0.00000  1.00000  0.55833  0.40272  0.00000  0.00000  0.99451  1.00000
1.510000000e+00  0.00000  1.00000  0.98143  0.55869  0.00000  0.00000  0.99465  1.00000
1.520000000e+00  0.00000  1.00000  0.98618  0.73538  0.00000  0.00000  0.99479  1.00000
1.530000000e+00  0.00000  1.00000  0.32462  0.81726  0.00000  0.00000  0.99493  1.00000
1.540000000e+00  0.00000  1.00000  0.13597  0.93293  0.00000  0.00000  0.99506  1.00000
1.550000000e+00  0.00000  1.00000  0.64951  0.96437  0.00000  0.00000  0.99518  1.00000
1.560000000e+00  0.00000  1.00000  0.93856  0.99013  0.00000  0.00000  0.99531  1.00000
1.570000000e+00  0.00000  1.00000  0.30576  0.98103  0.00000  0.00000  0.99542  1.00000
1.580000000e+00  0.00000  1.00000  0.00020  0.98484  0.00000  0.00000  0.99554  1.00000
1.590000000e+00  0.00000  1.00000  0.33993  0.98620  0.00000  0.00000  0.99565  1.00000
1.600000000e+00  0.00000  1.00000  0.21543  0.97883  0.00000  0.00000  0.99576  1.00000
1.610000000e+00  0.00000  1.00000  0.00218  0.99221  0.00000  0.00000  0.99586  1.00000
1.620000000e+00  0.00000  1.00000  0.01841  0.99228  0.00000  0.00000  0.99596  1.00000
1.630000000e+00  0.00000  1.00000  0.39336  0.99737  0.00000  0.00000  0.99606  1.00000
1.640000000e+00  0.00000  1.00000  0.30812  0.99197  0.00000  0.00000  0.99616  1.00000
1.650000000e+00  0.00000  1.00000  0.23375  0.97832  0.00000  0.00000  0.99625  1.00000
1.660000000e+00  0.00000  1.00000  0.39205  0.97578  0.00000  0.00000  0.99634  1.00000
1.670000000e+00  0.00000  1.00000  0.56215  0.97703  0.00000  0.00000  0.99642  1.00000
1.680000000e+00  0.00000  1.00000  0.80100  0.96475  0.00000  0.00000  0.99651  1.00000
1.690000000e+00  0.00000  1.00000  0.93762  0.97118  0.00000  0.00000  0.99659  1.00000
1.700000000e+00  0.00000  1.00000  0.98477  0.89653  0.00000  0.00000  0.99667  1.00000
1.710000000e+00  0.00000  1.00000  0.92888  0.89513  0.00000  0.00000  0.99675  1.00000
1.720000000e+00  0.00000  1.00000  0.96321  0.91462  0.00000  0.00000  0.99682  1.00000
1.730000000e+00  0.00000  1.00000  0.99262  0.86208  0.00000  0.00000  0.99689  1.00000
1.740000000e+00  0.00000  1.00000  0.99937  0.75031  0.00000  0.00000  0.99696  1.00000
1.750000000e+00  0.00000  1.00000  0.99894  0.68344  0.00000  0.00000  0.99703  1.00000
1.760000000e+00  0.00000  1.00000  0.89687  0.69413  0.00000  0.00000  0.99710  1.00000
1.770000000e+00  0.00000  1.00000  0.95815  0.52305  0.00000  0.00000  0.99716  1.00000
1.780000000e+00  0.00000  1.00000  0.99511  0.34794  0.00000  0.00000  0.99723  1.00000
1.790000000e+00  0.00000  1.00000  0.88195  0.20249  0.00000  0.00000  0.99729  1.00000
1.800000000e+00  0.00000  1.00000  0.95019  0.08185  0.00000  0.00000  0.99735  1.00000
1.810000000e+00  0.00000  1.00000  0.98745  0.00877  0.00000  0.00000  0.99741  1.00000
1.820000000e+00  0.00000  1.00000  0.99557  0.00043  0.00000  0.00000  0.99746  1.00000
1.830000000e+00  0.00000  1.00000  0.99927  0.00000  0.00000  0.00000  0.99752  1.00000
1.840000000e+00  0.00000  1.00000  0.99972  0.00000  0.00000  0.00000  0.99757  1.00000
1.850000000e+00  0.00000  1.00000  0.99755  0.00000  0.00000  0.00000  0.99762  1.00000
1.860000000e+00  0.00000  1.00000  0.99710  0.00000  0.00000  0.00000  0.99767  1.00000
1.870000000e+00  0.00000  1.00000  0.97878  0.00000  0.00000  0.00000  0.99772  1.00000
1.880000000e+00  0.00000  1.00000  0.10725  0.00000  0.00000  0.00000  0.99777  1.00000
1.890000000e+00  0.00000  1.00000  0.12502  0.00000  0.00000  0.00000  0.99782  1.00000
1.900000000e+00  0.00000  1.00000  0.51697  0.00001  0.00000  0.00000  0.99786  1.00000
1.910000000e+00  0.00000  1.00000  0.64544  0.00000  0.00000  0.00000  0.99791  1.00000
1.920000000e+00  0.00000  1.00000  0.86262  0.00000  0.00000  0.00000  0.99795  1.00000
1.930000000e+00  0.00000  1.00000  0.84156  0.00001  0.00000  0.00000  0.99799  1.00000
1.940000000e+00  0.00000  1.00000  0.19251  0.00027  0.00000  0.00000  0.99803  1.00000
1.950000000e+00  0.00000  1.00000  0.00000  0.00526  0.00000  0.00000  0.99807  1.00000
1.960000000e+00  0.00000  1.00000  0.00000  0.01587  0.00000  0.00000  0.99811  1.00000
1.970000000e+00  0.00000  1.00000  0.00000  0.22154  0.00000  0.00000  0.99815  1.00000
1.980000000e+00  0.00000  1.00000  0.00000  0.34240  0.00000  0.00000  0.99819  1.00000
1.990000000e+00  0.00000  1.00000  0.00415  0.40513  0.00000  0.00000  0.99822  1.00000
2.000000000e+00  0.00000  1.00000  0.00000  0.53645  0.00000  0.00000  0.99826  1.00000
2.010000000e+00  0.00000  1.00000  0.00000  0.43480  0.00000  0.00000  0.99829  1.00000
2.020000000e+00  0.00000  1.00000  0.00000  0.58751  0.00000  0.00000  0.99833  1.00000
2.030000000e+00  0.00000  1.00000  0.00000  0.80792  0.00000  0.00000  0.99836  1.00000
2.040000000e+00  0.00000  1.00000  0.00000  0.83875  0.00000  0.00000  0.99839  1.00000
2.050000000e+00  0.00000  1.00000  0.00000  0.92270  0.00000  0.00000  0.99842  1.00000
2.060000000e+00  0.00000  1.00000  0.00000  0.84145  0.00000  0.00000  0.99845  1.00000
2.070000000e+00  0.00000  1.00000  0.00000  0.87048  0.00000  0.00000  0.99848  1.00000
2.080000000e+00  0.00000  1.00000  0.00000  0.91415  0.00000  0.00000  0.99851  1.00000
2.090000000e+00  0.00000  1.00000  0.00000  0.91256  0.00000  0.00000  0.99854  1.00000
2.100000000e+00  0.00000  1.00000  0.00004  0.94705  0.00000  0.00000  0.99857  1.00000
2.110000000e+00  0.00000  1.00000  0.01902  0.95755  0.00000  0.00000  0.99859  1.00000
2.120000000e+00  0.00000  1.00000  0.06752  0.89141  0.00000  0.00000  0.99862  1.00000
2.130000000e+00  0.00000  1.00000  0.44007  0.84932  0.00000  0.00000  0.99865  1.00000
2.140000000e+00  0.00000  1.00000  0.63312  0.96347  0.00000  0.00000  0.99867  1.00000
2.150000000e+00  0.00000  1.00000  0.27590  0.98260  0.00000  0.00000  0.99870  1.00000
2.160000000e+00  0.00000  1.00000  0.34595  0.93302  0.00000  0.00000  0.99872  1.00000
2.170000000e+00  0.00000  1.00000  0.22945  0.86477  0.00000  0.00000  0.99874  1.00000
2.180000000e+00  0.00000  1.00000  0.54067  0.88730  0.00000  0.00000  0.99877  1.00000
2.190000000e+00  0.00000  1.00000  0.83086  0.76619  0.00000  0.00000  0.99879  1.00000
2.200000000e+00  0.00000  1.00000  0.88618  0.85456  0.00000  0.00000  0.99881  1.00000
2.210000000e+00  0.00000  1.00000  0.96465  0.89656  0.00000  0.00000  0.99883  1.00000
2.220000000e+00  0.00000  1.00000  0.95061  0.92104  0.00000  0.00000  0.99885  1.00000
2.230000000e+00  0.00000  1.00000  0.95420  0.94689  0.00000  0.00000  0.99887  1.00000
2.240000000e+00  0.00000  1.00000  0.98690  0.97495  0.00000  0.00000  0.99889  1.00000
2.250000000e+00  0.00000  1.00000  0.97814  0.97898  0.00000  0.00000  0.99891  1.00000
2.260000000e+00  0.00000  1.00000  0.94832  0.99180  0.00000  0.00000  0.99893  1.00000
2.270000000e+00  0.00000  1.00000  0.98754  0.98292  0.00000  0.00000  0.99895  1.00000
2.280000000e+00  0.00000  1.00000  0.97365  0.99681  0.00000  0.00000  0.99897  1.00000
2.290000000e+00  0.00000  1.00000  0.99191  0.98378  0.00000  0.00000  0.99899  1.00000
2.300000000e+00  0.00000  1.00000  0.99601  0.90770  0.00000  0.00000  0.99900  1.00000
2.310000000e+00  0.00000  1.00000  0.99746  0.96946  0.00000  0.00000  0.99902  1.00000
2.320000000e+00  0.00000  1.00000  0.99905  0.92398  0.00000  0.00000  0.99904  1.00000
2.330000000e+00  0.00000  1.00000  0.99989  0.91685  0.00000  0.00000  0.99905  1.00000
2.340000000e+00  0.00000  1.00000  0.99989  0.93382  0.00000  0.00000  0.99907  1.00000
2.350000000e+00  0.00000  1.00000  0.99987  0.82942  0.00000  0.00000  0.99909  1.00000
2.360000000e+00  0.00000  1.00000  0.99967  0.69595  0.00000  0.00000  0.99910  1.00000
2.370000000e+00  0.00000  1.00000  0.99822  0.71564  0.00000  0.00000  0.99912  1.00000
2.380000000e+00  0.00000  1.00000  0.99715  0.52681  0.00000  0.00000  0.99913  1.00000
2.390000000e+00  0.00000  1.00000  0.99069  0.41087  0.00000  0.00000  0.99915  1.00000
2.400000000e+00  0.00000  1.00000  0.98880  0.50485  0.00000  0.00000  0.99916  1.00000
2.410000000e+00  0.00000  1.00000  0.98702  0.33099  0.00000  0.00000  0.99917  1.00000
2.420000000e+00  0.00000  1.00000  0.99685  0.14766  0.00000  0.00000  0.99919  1.00000
2.430000000e+00  0.00000  1.00000  0.99991  0.34083  0.00000  0.00000  0.99920  1.00000
2.440000000e+00  0.00000  1.00000  0.99986  0.06891  0.00000  0.00000  0.99921  1.00000
2.450000000e+00  0.00000  1.00000  0.99965  0.13004  0.00000  0.00000  0.99923  1.00000
2.460000000e+00  0.00000  1.00000  0.99948  0.21151  0.00000  0.00000  0.99924  1.00000
2.470000000e+00  0.00000  1.00000  0.99242  0.17960  0.00000  0.00000  0.99925  1.00000
2.480000000e+00  0.00000  1.00000  0.96980  0.08315  0.00000  0.00000  0.99926  1.00000
2.490000000e+00  0.00000  1.00000  0.32089  0.00300  0.00000  0.00000  0.99927  1.00000
2.500000000e+00  0.00000  1.00000  0.73606  0.00313  0.00000  0.00000  0.99929  1.00000
2.510000000e+00  0.00000  1.00000  0.70495  0.00083  0.00000  0.00000  0.99930  1.00000
2.520000000e+00  0.00000  1.00000  0.68237  0.00017  0.00000  0.00000  0.99931  1.00000
2.530000000e+00  0.00000  1.00000  0.83794  0.00000  0.00000  0.00000  0.99932  1.00000
2.540000000e+00  0.00000  1.00000  0.90060  0.00000  0.00000  0.00000  0.99933  1.00000
2.550000000e+00  0.00000  1.00000  0.97503  0.00000  0.00000  0.00000  0.99934  1.00000
2.560000000e+00  0.00000  1.00000  0.94397  0.00000  0.00000  0.00000  0.99935  1.00000
2.570000000e+00  0.00000  1.00000  0.96684  0.00000  0.00000  0.00000  0.99936  1.00000
2.580000000e+00  0.00000  1.00000  0.78879  0.00000  0.00000  0.00000  0.99937  1.00000
2.590000000e+00  0.00000  1.00000  0.54267  0.00000  0.00000  0.00000  0.99938  1.00000
2.600000000e+00  0.00000  1.00000  0.64636  0.00000  0.00000  0.00000  0.99939  1.00000
2.610000000e+00  0.00000  1.00000  0.18388  0.00000  0.00000  0.00000  0.99940  1.00000
2.620000000e+00  0.00000  1.00000  0.07033  0.00000  0.00000  0.00000  0.99941  1.00000
2.630000000e+00  0.00000  1.00000  0.24683  0.00000  0.00000  0.00000  0.99942  1.00000
2.640000000e+00  0.00000  1.00000  0.20876  0.00000  0.00000  0.00000  0.99943  1.00000
2.650000000e+00  0.00000  1.00000  0.37315  0.00000  0.00000  0.00000  0.99943  1.00000
2.660000000e+00  0.00000  1.00000  0.00065  0.00000  0.00000  0.00000  0.99944  1.00000
2.670000000e+00  0.00000  1.00000  0.00000  0.00000  0.00000  0.00000  0.99945  1.00000
2.680000000e+00  0.00000  1.00000  0.00000  0.00000  0.00000  0.00000  0.99946  1.00000
2.690000000e+00  0.00000  1.00000  0.00000  0.00000  0.00000  0.00000  0.99947  1.00000
2.700000000e+00  0.00000  1.00000  0.00000  0.00000  0.00000  0.00000  0.99947  1.00000
2.710000000e+00  0.00000  1.00000  0.00000  0.00000  0.00000  0.00000  0.99948  1.00000
2.720000000e+00  0.00000  1.00000  0.00000  0.00000  0.00000  0.00000  0.99949  1.00000
2.730000000e+00  0.00000  1.00000  0.00000  0.00000  0.00000  0.00000  0.99950  1.00000
2.740000000e+00  0.00000  1.00000  0.00000  0.00000  0.00000  0.00000  0.99950  1.00000
2.750000000e+00  0.00000  1.00000  0.00000  0.00000  0.00000  0.00000  0.99951  1.00000
2.760000000e+00  0.00000  1.00000  0.00000  0.00000  0.00000  0.00000  0.99952  1.00000
2.770000000e+00  0.00000  1.00000  0.00000  0.00000  0.00000  0.00000  0.99953  1.00000
2.780000000e+00  0.00000  1.00000  0.00000  0.00000  0.00000  0.00000  0.99953  1.00000
2.790000000e+00  0.00000  1.00000  0.00000  0.00000  0.00000  0.00000  0.99954  1.00000
2.800000000e+00  0.00000  1.00000  0.00000  0.00000  0.00000  0.00000  0.99955  1.00000
2.810000000e+00  0.00000  1.00000  0.00000  0.00000  0.00000  0.00000  0.99955  1.00000
2.820000000e+00  0.00000  1.00000  0.00000  0.00000  0.00000  0.00000  0.99956  1.00000
2.830000000e+00  0.00000  1.00000  0.00000  0.00000  0.00000  0.00000  0.99956  1.00000
2.840000000e+00  0.00000  1.00000  0.00000  0.00000  0.00000  0.00000  0.99957  1.00000
2.850000000e+00  0.00000  1.00000  0.00000  0.00000  0.00000  0.00000  0.99958  1.00000
2.860000000e+00  0.00000  1.00000  0.00000  0.00000  0.00000  0.00000  0.99958  1.00000
2.870000000e+00  0.00000  1.00000  0.00000  0.00001  0.00000  0.00000  0.99959  1.00000
2.880000000e+00  0.00000  1.00000  0.00000  0.00003  0.00000  0.00000  0.99959  1.00000
2.890000000e+00  0.00000  1.00000  0.00003  0.00002  0.00000  0.00000  0.99960  1.00000
2.900000000e+00  0.00000  1.00000  0.00418  0.00232  0.00000  0.00000  0.99961  1.00000
2.910000000e+00  0.00000  1.00000  0.08268  0.00069  0.00000  0.00000  0.99961  1.00000
2.920000000e+00  0.00000  1.00000  0.34897  0.00096  0.00000  0.00000  0.99962  1.00000
2.930000000e+00  0.00000  1.00000  0.55858  0.00610  0.00000  0.00000  0.99962  1.00000
2.940000000e+00  0.00000  1.00000  0.68814  0.02996  0.00000  0.00000  0.99963  1.00000
2.950000000e+00  0.00000  1.00000  0.82265  0.00068  0.00000  0.00000  0.99963  1.00000
2.960000000e+00  0.00000  1.00000  0.42067  0.00829  0.00000  0.00000  0.99964  1.00000
2.970000000e+00  0.00000  1.00000  0.05200  0.02996  0.00000  0.00000  0.99964  1.00000
2.980000000e+00  0.00000  1.00000  0.00381  0.00004  0.00000  0.00000  0.99965  1.00000
2.990000000e+00  0.00000  1.00000  0.01465  0.04306  0.00000  0.00000  0.99965  1.00000
3.000000000e+00  0.00000  1.00000  0.28650  0.07248  0.00000  0.00000  0.99966  1.00000
3.010000000e+00  0.00000  1.00000  0.30302  0.05051  0.00000  0.00000  0.99966  1.00000
3.020000000e+00  0.00000  1.00000  0.05709  0.03466  0.00000  0.00000  0.99966  1.00000
3.030000000e+00  0.00000  1.00000  0.11544  0.02989  0.00000  0.00000  0.99967  1.00000
3.040000000e+00  0.00000  1.00000  0.31759  0.00417  0.00000  0.00000  0.99967  1.00000
3.050000000e+00  0.00000  1.00000  0.63659  0.00536  0.00000  0.00000  0.99968  1.00000
3.060000000e+00  0.00000  1.00000  0.68774  0.01111  0.00000  0.00000  0.99968  1.00000
3.070000000e+00  0.00000  1.00000  0.83592  0.00525  0.00000  0.00000  0.99969  1.00000
3.080000000e+00  0.00000  1.00000  0.87165  0.02213  0.00000  0.00000  0.99969  1.00000
3.090000000e+00  0.00000  1.00000  0.93062  0.00040  0.00000  0.00000  0.99969  1.00000
3.100000000e+00  0.00000  1.00000  0.89782  0.00038  0.00000  0.00000  0.99970  1.00000
3.110000000e+00  0.00000  1.00000  0.71835  0.00786  0.00000  0.00000  0.99970  1.00000
3.120000000e+00  0.00000  1.00000  0.49320  0.00115  0.00000  0.00000  0.99971  1.00000
3.130000000e+00  0.00000  1.00000  0.39931  0.05108  0.00000  0.00000  0.99971  1.00000
3.140000000e+00  0.00000  1.00000  0.55796  0.12176  0.00000  0.00000  0.99971  1.00000
3.150000000e+00  0.00000  1.00000  0.75921  0.02149  0.00000  0.00000  0.99972  1.00000
3.160000000e+00  0.00000  1.00000  0.60807  0.08825  0.00000  0.00000  0.99972  1.00000
3.170000000e+00  0.00000  1.00000  0.43685  0.62627  0.00000  0.00000  0.99972  1.00000
3.180000000e+00  0.00000  1.00000  0.50080  0.47176  0.00000  0.00000  0.99973  1.00000
3.190000000e+00  0.00000  1.00000  0.66984  0.19015  0.00000  0.00000  0.99973  1.00000
3.200000000e+00  0.00000  1.00000  0.83483  0.04147  0.00000  0.00000  0.99973  1.00000
3.210000000e+00  0.00000  1.00000  0.93445  0.00001  0.00000  0.00000  0.99974  1.00000
3.220000000e+00  0.00000  1.00000  0.91170  0.00005  0.00000  0.00000  0.99974  1.00000
3.230000000e+00  0.00000  1.00000  0.90491  0.00132  0.00000  0.00000  0.99974  1.00000
3.240000000e+00  0.00000  1.00000  0.95022  0.09710  0.00000  0.00000  0.99975  1.00000
3.250000000e+00  0.00000  1.00000  0.98794  0.03075  0.00000  0.00000  0.99975  1.00000
3.260000000e+00  0.00000  1.00000  0.99659  0.24444  0.00000  0.00000  0.99975  1.00000
3.270000000e+00  0.00000  1.00000  0.99619  0.01301  0.00000  0.00000  0.99976  1.00000
3.280000000e+00  0.00000  1.00000  0.99681  0.04150  0.00000  0.00000  0.99976  1.00000
3.290000000e+00  0.00000  1.00000  0.99855  0.25729  0.00000  0.00000  0.99976  1.00000
3.300000000e+00  0.00000  1.00000  0.99936  0.11833  0.00000  0.00000  0.99976  1.00000
3.310000000e+00  0.00000  1.00000  0.99949  0.01148  0.00000  0.00000  0.99977  1.00000
3.320000000e+00  0.00000  1.00000  0.99901  0.16229  0.00000  0.00000  0.99977  1.00000
3.330000000e+00  0.00000  1.00000  0.99376  0.04791  0.00000  0.00000  0.99977  1.00000
3.340000000e+00  0.00000  1.00000  0.97881  0.32584  0.00000  0.00000  0.99978  0.99989
3.350000000e+00  0.00000  1.00000  0.96621  0.10826  0.00000  0.00000  0.99978  0.99984
3.360000000e+00  0.00000  1.00000  0.86198  0.10865  0.00000  0.00000  0.99978  0.99989
3.370000000e+00  0.00000  1.00000  0.96018  0.15561  0.00000  0.00000  0.99978  0.99981
3.380000000e+00  0.00000  1.00000  0.97151  0.26482  0.00000  0.00000  0.99979  0.99993
3.390000000e+00  0.00000  1.00000  0.98473  0.40918  0.00000  0.00000  0.99979  0.99991
3.400000000e+00  0.00000  1.00000  0.99445  0.62067  0.00000  0.00000  0.99979  0.99995
3.410000000e+00  0.00000  1.00000  0.99797  0.46679  0.00000  0.00000  0.99979  0.99996
3.420000000e+00  0.00000  1.00000  0.99931  0.59379  0.00000  0.00000  0.99980  1.00000
3.430000000e+00  0.00000  1.00000  0.99911  0.85743  0.00000  0.00000  0.99980  0.99994
3.440000000e+00  0.00000  1.00000  0.99932  0.74219  0.00000  0.00000  0.99980  0.99991
3.450000000e+00  0.00000  1.00000  0.99656  0.74490  0.00000  0.00000  0.99980  0.99979
3.460000000e+00  0.00000  1.00000  0.99741  0.69479  0.00000  0.00000  0.99980  0.99992
3.470000000e+00  0.00000  1.00000  0.99906  0.84088  0.00000  0.00000  0.99981  0.99981
3.480000000e+00  0.00000  1.00000  0.99935  0.78783  0.00000  0.00000  0.99981  0.99988
3.490000000e+00  0.00000  1.00000  0.99958  0.82858  0.00000  0.00000  0.99981  0.99987
3.500000000e+00  0.00000  1.00000  0.99960  0.79424  0.00000  0.00000  0.99981  0.99993
3.510000000e+00  0.00000  1.00000  0.99930  0.81229  0.00000  0.00000  0.99982  0.99998
3.520000000e+00  0.00000  1.00000  0.99813  0.73953  0.00000  0.00000  0.99982  0.99997
3.530000000e+00  0.00000  1.00000  0.99508  0.70360  0.00000  0.00000  0.99982  0.99996
3.540000000e+00  0.00000  1.00000  0.98903  0.68268  0.00000  0.00000  0.99982  0.99992
3.550000000e+00  0.00000  1.00000  0.97657  0.64294  0.00000  0.00000  0.99982  0.99994
3.560000000e+00  0.00000  1.00000  0.94891  0.52286  0.00000  0.00000  0.99983  0.99975
3.570000000e+00  0.00000  1.00000  0.90724  0.67366  0.00000  0.00000  0.99983  0.99975
3.580000000e+00  0.00000  1.00000  0.87608  0.60177  0.00000  0.00000  0.99983  0.99954
3.590000000e+00  0.00000  1.00000  0.82115  0.71322  0.00000  0.00000  0.99983  0.99953
3.600000000e+00  0.00000  1.00000  0.67078  0.60279  0.00000  0.00000  0.99983  0.99958
3.610000000e+00  0.00000  1.00000  0.54123  0.80822  0.00000  0.00000  0.99983  0.99961
3.620000000e+00  0.00000  1.00000  0.48953  0.63873  0.00000  0.00000  0.99984  0.99950
3.630000000e+00  0.00000  1.00000  0.68157  0.79561  0.00000  0.00000  0.99984  0.99939
3.640000000e+00  0.00000  1.00000  0.64131  0.68776  0.00000  0.00000  0.99984  0.99920
3.650000000e+00  0.00000  1.00000  0.51641  0.91107  0.00000  0.00000  0.99984  0.99907
3.660000000e+00  0.00000  1.00000  0.61967  0.74263  0.00000  0.00000  0.99984  0.99898
3.670000000e+00  0.00000  1.00000  0.80835  0.75458  0.00000  0.00000  0.99985  0.99888
3.680000000e+00  0.00000  1.00000  0.93394  0.35665  0.00000  0.00000  0.99985  0.99871
3.690000000e+00  0.00000  1.00000  0.96900  0.49859  0.00000  0.00000  0.99985  0.99844
3.700000000e+00  0.00000  1.00000  0.97986  0.74082  0.00000  0.00000  0.99985  0.99824
3.710000000e+00  0.00000  1.00000  0.98905  0.89413  0.00000  0.00000  0.99985  0.99650
3.720000000e+00  0.00000  1.00000  0.97958  0.66956  0.00000  0.00000  0.99985  0.99538
3.730000000e+00  0.00000  1.00000  0.97830  0.81840  0.00000  0.00000  0.99986  0.99489
3.740000000e+00  0.00000  1.00000  0.97758  0.67716  0.00000  0.00000  0.99986  0.99432
3.750000000e+00  0.00000  1.00000  0.94073  0.77577  0.00000  0.00000  0.99986  0.99356
3.760000000e+00  0.00000  1.00000  0.84627  0.72690  0.00000  0.00000  0.99986  0.99273
3.770000000e+00  0.00000  1.00000  0.72245  0.66794  0.00000  0.00000  0.99986  0.99178
3.780000000e+00  0.00000  1.00000  0.55014  0.68955  0.00000  0.00000  0.99986  0.99055
3.790000000e+00  0.00000  1.00000  0.37729  0.74787  0.00000  0.00000  0.99986  0.98903
3.800000000e+00  0.00000  1.00000  0.14986  0.69339  0.00000  0.00000  0.99987  0.98741
3.810000000e+00  0.00000  1.00000  0.04082  0.86362  0.00000  0.00000  0.99987  0.98547
3.820000000e+00  0.00000  1.00000  0.06409  0.65997  0.00000  0.00000  0.99987  0.98338
3.830000000e+00  0.00000  1.00000  0.26242  0.84571  0.00000  0.00000  0.99987  0.98100
3.840000000e+00  0.00000  1.00000  0.12959  0.72147  0.00000  0.00000  0.99987  0.97822
3.850000000e+00  0.00000  1.00000  0.06742  0.85438  0.00000  0.00000  0.99987  0.97500
3.860000000e+00  0.00000  1.00000  0.12193  0.82515  0.00000  0.00000  0.99987  0.97133
3.870000000e+00  0.00000  1.00000  0.29112  0.86953  0.00000  0.00000  0.99987  0.96727
3.880000000e+00  0.00000  1.00000  0.53722  0.86449  0.00000  0.00000  0.99988  0.96265
3.890000000e+00  0.00000  1.00000  0.75671  0.89574  0.00000  0.00000  0.99988  0.95730
3.900000000e+00  0.00000  1.00000  0.90402  0.93216  0.00000  0.00000  0.99988  0.95127
3.910000000e+00  0.00000  1.00000  0.95990  0.88271  0.00000  0.00000  0.99988  0.94445
3.920000000e+00  0.00000  1.00000  0.96446  0.97326  0.00000  0.00000  0.99988  0.93644
3.930000000e+00  0.00000  1.00000  0.92710  0.94213  0.00000  0.00000  0.99988  0.92729
3.940000000e+00  0.00000  1.00000  0.84461  0.97468  0.00000  0.00000  0.99988  0.91669
3.950000000e+00  0.00000  1.00000  0.71942  0.97835  0.00000  0.00000  0.99988  0.90475
3.960000000e+00  0.00000  1.00000  0.50380  0.96434  0.00000  0.00000  0.99989  0.89060
3.970000000e+00  0.00000  1.00000  0.33286  0.99002  0.00000  0.00000  0.99989  0.87445
3.980000000e+00  0.00000  1.00000  0.18200  0.97789  0.00000  0.00000  0.99989  0.85647
3.990000000e+00  0.00000  1.00000  0.13255  0.99302  0.00000  0.00000  0.99989  0.83589
4.000000000e+00  0.00000  1.00000  0.30963  0.99050  0.00000  0.00000  0.99989  0.81227
4.010000000e+00  0.00000  1.00000  0.38241  0.99044  0.00000  0.00000  0.99989  0.78644
4.020000000e+00  0.00000  1.00000  0.17120  0.99741  0.00000  0.00000  0.99989  0.75834
4.030000000e+00  0.00000  1.00000  0.14929  0.99060  0.00000  0.00000  0.99989  0.72855
4.040000000e+00  0.00000  1.00000  0.20749  0.99518  0.00000  0.00000  0.99989  0.69717
4.050000000e+00  0.00000  1.00000  0.34657  0.99561  0.00000  0.00000  0.99990  0.66395
4.060000000e+00  0.00000  1.00000  0.51652  0.99462  0.00000  0.00000  0.99990  0.63055
4.070000000e+00  0.00000  1.00000  0.57064  0.99437  0.00000  0.00000  0.99990  0.59699
4.080000000e+00  0.00000  1.00000  0.28007  0.99731  0.00000  0.00000  0.99990  0.56511
4.090000000e+00  0.00000  1.00000  0.08679  0.99708  0.00000  0.00000  0.99990  0.53530
4.100000000e+00  0.00000  1.00000  0.03868  0.99742  0.00000  0.00000  0.99990  0.50748
4.110000000e+00  0.00000  1.00000  0.04965  0.99067  0.00000  0.00000  0.99990  0.48256
4.120000000e+00  0.00000  1.00000  0.21152  0.99744  0.00000  0.00000  0.99990  0.46122
4.130000000e+00  0.00000  1.00000  0.26116  0.99366  0.00000  0.00000  0.99990  0.44338
4.140000000e+00  0.00000  1.00000  0.11607  0.99578  0.00000  0.00000  0.99990  0.42927
4.150000000e+00  0.00000  1.00000  0.04869  0.99866  0.00000  0.00000  0.99991  0.41873
4.160000000e+00  0.00000  1.00000  0.00022  0.99281  0.00000  0.00000  0.99991  0.41212
4.170000000e+00  0.00000  1.00000  0.00000  0.99571  0.00000  0.00000  0.99991  0.40833
4.180000000e+00  0.00000  1.00000  0.00000  0.99490  0.00000  0.00000  0.99991  0.40941
4.190000000e+00  0.00000  1.00000  0.00000  0.99494  0.00000  0.00000  0.99991  0.41137
4.200000000e+00  0.00000  1.00000  0.00000  0.99427  0.00000  0.00000  0.99991  0.41653
4.210000000e+00  0.00000  1.00000  0.00000  0.99114  0.00000  0.00000  0.99991  0.41970
4.220000000e+00  0.00000  1.00000  0.00000  0.99157  0.00000  0.00000  0.99991  0.42058
4.230000000e+00  0.00000  1.00000  0.00000  0.99070  0.00000  0.00000  0.99991  0.41798
4.240000000e+00  0.00000  1.00000  0.00000  0.99299  0.00000  0.00000  0.99991  0.41000
4.250000000e+00  0.00000  1.00000  0.00000  0.98261  0.00000  0.00000  0.99991  0.39492
4.260000000e+00  0.00000  1.00000  0.00000  0.97831  0.00000  0.00000  0.99991  0.36617
4.270000000e+00  0.00000  1.00000  0.00000  0.99243  0.00000  0.00000  0.99992  0.32320
4.280000000e+00  0.00000  1.00000  0.00000  0.96905  0.00000  0.00000  0.99992  0.29340
4.290000000e+00  0.00000  1.00000  0.00000  0.96417  0.00000  0.00000  0.99992  0.27523
4.300000000e+00  0.00000  1.00000  0.00000  0.95955  0.00000  0.00000  0.99992  0.27987
4.310000000e+00  0.00000  1.00000  0.00000  0.93166  0.00000  0.00000  0.99992  0.30758
4.320000000e+00  0.00000  1.00000  0.00000  0.94466  0.00000  0.00000  0.99992  0.34777
4.330000000e+00  0.00000  1.00000  0.00000  0.94308  0.00000  0.00000  0.99992  0.40248
4.340000000e+00  0.00000  1.00000  0.00000  0.93176  0.00000  0.00000  0.99992  0.44828
4.350000000e+00  0.00000  1.00000  0.00000  0.92604  0.00000  0.00000  0.99992  0.48289
4.360000000e+00  0.00000  1.00000  0.00000  0.90172  0.00000  0.00000  0.99992  0.50785
4.370000000e+00  0.00000  1.00000  0.00000  0.80636  0.00000  0.00000  0.99992  0.52579
4.380000000e+00  0.00000  1.00000  0.00000  0.93087  0.00000  0.00000  0.99992  0.53923
4.390000000e+00  0.00000  1.00000  0.00000  0.90345  0.00000  0.00000  0.99992  0.55145
4.400000000e+00  0.00000  1.00000  0.00000  0.85747  0.00000  0.00000  0.99992  0.56011
4.410000000e+00  0.00000  1.00000  0.00000  0.73018  0.00000  0.00000  0.99993  0.57136
4.420000000e+00  0.00000  1.00000  0.00000  0.95317  0.00000  0.00000  0.99993  0.58219
4.430000000e+00  0.00000  1.00000  0.00000  0.83965  0.00000  0.00000  0.99993  0.59486
4.440000000e+00  0.00000  1.00000  0.00000  0.66997  0.00000  0.00000  0.99993  0.60842
4.450000000e+00  0.00000  1.00000  0.00000  0.73881  0.00000  0.00000  0.99993  0.62429
4.460000000e+00  0.00000  1.00000  0.00000  0.76997  0.00000  0.00000  0.99993  0.64009
4.470000000e+00  0.00000  1.00000  0.00000  0.79220  0.00000  0.00000  0.99993  0.65927
4.480000000e+00  0.00000  1.00000  0.00000  0.76568  0.00000  0.00000  0.99993  0.67735
4.490000000e+00  0.00000  1.00000  0.00000  0.81501  0.00000  0.00000  0.99993  0.69813
4.500000000e+00  0.00000  1.00000  0.00000  0.84145  0.00000  0.00000  0.99993  0.71733
4.510000000e+00  0.00000  1.00000  0.00000  0.83220  0.00000  0.00000  0.99993  0.73826
4.520000000e+00  0.00000  1.00000  0.00000  0.75459  0.00000  0.00000  0.99993  0.75863
4.530000000e+00  0.00000  1.00000  0.00000  0.62026  0.00000  0.00000  0.99993  0.77848
4.540000000e+00  0.00000  1.00000  0.00002  0.59973  0.00000  0.00000  0.99993  0.79792
4.550000000e+00  0.00000  1.00000  0.00023  0.79204  0.00000  0.00000  0.99993  0.81660
4.560000000e+00  0.00000  1.00000  0.00478  0.88957  0.00000  0.00000  0.99993  0.83441
4.570000000e+00  0.00000  1.00000  0.03341  0.77903  0.00000  0.00000  0.99994  0.85052
4.580000000e+00  0.00000  1.00000  0.11503  0.67352  0.00000  0.00000  0.99994  0.86621
4.590000000e+00  0.00000  1.00000  0.16692  0.74259  0.00000  0.00000  0.99994  0.88045
4.600000000e+00  0.00000  1.00000  0.24545  0.78221  0.00000  0.00000  0.99994  0.89357
4.610000000e+00  0.00000  1.00000  0.30510  0.82153  0.00000  0.00000  0.99994  0.90560
4.620000000e+00  0.00000  1.00000  0.25284  0.77074  0.00000  0.00000  0.99994  0.91657
4.630000000e+00  0.00000  1.00000  0.11376  0.56593  0.00000  0.00000  0.99994  0.92647
4.640000000e+00  0.00000  1.00000  0.08741  0.57373  0.00000  0.00000  0.99994  0.93537
4.650000000e+00  0.00000  1.00000  0.07124  0.58849  0.00000  0.00000  0.99994  0.94338
4.660000000e+00  0.00000  1.00000  0.07170  0.52260  0.00000  0.00000  0.99994  0.95054
4.670000000e+00  0.00000  1.00000  0.07860  0.45080  0.00000  0.00000  0.99994  0.95661
4.680000000e+00  0.00000  1.00000  0.02814  0.45939  0.00000  0.00000  0.99994  0.96146
4.690000000e+00  0.00000  1.00000  0.01233  0.18655  0.00000  0.00000  0.99994  0.96656
4.700000000e+00  0.00000  1.00000  0.00141  0.84111  0.00000  0.00000  0.99994  0.97068
4.710000000e+00  0.00000  1.00000  0.00004  0.73291  0.00000  0.00000  0.99994  0.97415
4.720000000e+00  0.00000  1.00000  0.00002  0.39430  0.00000  0.00000  0.99994  0.97742
4.730000000e+00  0.00000  1.00000  0.00000  0.54579  0.00000  0.00000  0.99994  0.97987
4.740000000e+00  0.00000  1.00000  0.00000  0.38766  0.00000  0.00000  0.99994  0.98270
4.750000000e+00  0.00000  1.00000  0.00000  0.62277  0.00000  0.00000  0.99994  0.98488
4.760000000e+00  0.00000  1.00000  0.00000  0.50846  0.00000  0.00000  0.99994  0.98685
4.770000000e+00  0.00000  1.00000  0.00000  0.51873  0.00000  0.00000  0.99995  0.98856
4.780000000e+00  0.00000  1.00000  0.00000  0.37945  0.00000  0.00000  0.99995  0.98929
4.790000000e+00  0.00000  1.00000  0.00000  0.21547  0.00000  0.00000  0.99995  0.99064
4.800000000e+00  0.00000  1.00000  0.00000  0.26557  0.00000  0.00000  0.99995  0.99251
4.810000000e+00  0.00000  1.00000  0.00000  0.42140  0.00000  0.00000  0.99995  0.99367
4.820000000e+00  0.00000  1.00000  0.00000  0.36042  0.00000  0.00000  0.99995  0.99448
4.830000000e+00  0.00000  1.00000  0.00000  0.20489  0.00000  0.00000  0.99995  0.99544
4.840000000e+00  0.00000  1.00000  0.00000  0.39595  0.00000  0.00000  0.99995  0.99257
4.850000000e+00  0.00000  1.00000  0.00000  0.10203  0.00000  0.00000  0.99995  0.99518
4.860000000e+00  0.00000  1.00000  0.00000  0.05790  0.00000  0.00000  0.99995  0.99708
4.870000000e+00  0.00000  1.00000  0.00000  0.53987  0.00000  0.00000  0.99995  0.99761
4.880000000e+00  0.00000  1.00000  0.00000  0.53560  0.00000  0.00000  0.99995  0.99787
4.890000000e+00  0.00000  1.00000  0.00000  0.46915  0.00000  0.00000  0.99995  0.99751
4.900000000e+00  0.00000  1.00000  0.00000  0.05763  0.00000  0.00000  0.99995  0.99540
4.910000000e+00  0.00000  1.00000  0.00000  0.03040  0.00000  0.00000  0.99995  0.99822
4.920000000e+00  0.00000  1.00000  0.00000  0.21796  0.00000  0.00000  0.99995  0.99855
4.930000000e+00  0.00000  1.00000  0.00000  0.45125  0.00000  0.00000  0.99995  0.99868
4.940000000e+00  0.00000  1.00000  0.00012  0.21700  0.00000  0.00000  0.99995  0.99868
4.950000000e+00  0.00000  1.00000  0.00056  0.04823  0.00000  0.00000  0.99995  0.99695
4.960000000e+00  0.00000  1.00000  0.00132  0.01239  0.00000  0.00000  0.99995  0.98941
4.970000000e+00  0.00000  1.00000  0.01095  0.00516  0.00000  0.00000  0.99995  0.99899
4.980000000e+00  0.00000  1.00000  0.03229  0.11078  0.00000  0.00000  0.99995  0.99906
4.990000000e+00  0.00000  1.00000  0.08243  0.02747  0.00000  0.00000  0.99995  0.99927
5.000000000e+00  0.00000  1.00000  0.07542  0.20868  0.00000  0.00000  0.99995  0.99929
