# ------------------------------------------------------------------------
# NASA-GSFC Planetary Spectrum Generator (PSG, Villanueva et al. 2015)
# Atmospheric transmittance spectrum synthesized with PUMAS (Villanueva et al. 2016, Smith et al. 2009, Edwards 1992)
# Synthesized on Tue Nov 21 15:11:05 2017
# Molecular abundance profile: 
# Molecules considered: N2,CO2,H2O
# Molecular sources: HIT[22],HIT[2],HIT[1]
# Molecular abundances: 1,1,1
# Molecular abundance units: scl,scl,scl
# Collission-Induced-Absorption:  N2-N2(3.71-5.00um)
# Rayleigh scattering included
# ------------------------------------------------------------------------
# Aerosols considered: WaterIce,Cloud
# Aerosols sources: CRISM_Wolff[reff=2.0um 0.31-99.57um],White_GSFC[reff=1.0um 0.10-1000000.00um]
# Aerosols opacities: 1,1
# Aerosols opacity units: scl,scl
# ------------------------------------------------------------------------
# Spectral unit: Wavelength [um]
# Wave/freq Total N2 CO2 H2O WaterIce Cloud Rayleigh CIA
1.000000000e+00  0.00000  1.00000  0.99996  0.97816  0.00000  0.00000  0.97238  1.00000
1.010000000e+00  0.00000  1.00000  0.99999  0.97040  0.00000  0.00000  0.97344  1.00000
1.020000000e+00  0.00000  1.00000  1.00000  0.98618  0.00000  0.00000  0.97445  1.00000
1.030000000e+00  0.00000  1.00000  0.99999  0.98832  0.00000  0.00000  0.97542  1.00000
1.040000000e+00  0.00000  1.00000  0.79557  0.99863  0.00000  0.00000  0.97634  1.00000
1.050000000e+00  0.00000  1.00000  0.98654  0.99948  0.00000  0.00000  0.97722  1.00000
1.060000000e+00  0.00000  1.00000  0.96705  0.99847  0.00000  0.00000  0.97806  1.00000
1.070000000e+00  0.00000  1.00000  0.94031  0.98918  0.00000  0.00000  0.97886  1.00000
1.080000000e+00  0.00000  1.00000  0.99393  0.94657  0.00000  0.00000  0.97962  1.00000
1.090000000e+00  0.00000  1.00000  0.99963  0.89793  0.00000  0.00000  0.98035  1.00000
1.100000000e+00  0.00000  1.00000  0.99828  0.78548  0.00000  0.00000  0.98105  1.00000
1.110000000e+00  0.00000  1.00000  1.00000  0.53255  0.00000  0.00000  0.98172  1.00000
1.120000000e+00  0.00000  1.00000  0.97616  0.09635  0.00000  0.00000  0.98236  1.00000
1.130000000e+00  0.00000  1.00000  0.99656  0.02894  0.00000  0.00000  0.98297  1.00000
1.140000000e+00  0.00000  1.00000  0.99260  0.21409  0.00000  0.00000  0.98355  1.00000
1.150000000e+00  0.00000  1.00000  0.99779  0.10870  0.00000  0.00000  0.98411  1.00000
1.160000000e+00  0.00000  1.00000  0.99754  0.34249  0.00000  0.00000  0.98465  1.00000
1.170000000e+00  0.00000  1.00000  0.99992  0.60742  0.00000  0.00000  0.98516  1.00000
1.180000000e+00  0.00000  1.00000  0.99951  0.73865  0.00000  0.00000  0.98566  1.00000
1.190000000e+00  0.00000  1.00000  0.99995  0.68302  0.00000  0.00000  0.98613  1.00000
1.200000000e+00  0.00000  1.00000  0.99982  0.70703  0.00000  0.00000  0.98658  1.00000
1.210000000e+00  0.00000  1.00000  0.08459  0.81197  0.00000  0.00000  0.98702  1.00000
1.220000000e+00  0.00000  1.00000  0.56822  0.87173  0.00000  0.00000  0.98744  1.00000
1.230000000e+00  0.00000  1.00000  0.39258  0.90549  0.00000  0.00000  0.98784  1.00000
1.240000000e+00  0.00000  1.00000  0.83880  0.98471  0.00000  0.00000  0.98822  1.00000
1.250000000e+00  0.00000  1.00000  0.98866  0.99725  0.00000  0.00000  0.98859  1.00000
1.260000000e+00  0.00000  1.00000  0.95777  0.99733  0.00000  0.00000  0.98895  1.00000
1.270000000e+00  0.00000  1.00000  0.95947  0.99177  0.00000  0.00000  0.98929  1.00000
1.280000000e+00  0.00000  1.00000  0.99903  0.98130  0.00000  0.00000  0.98962  1.00000
1.290000000e+00  0.00000  1.00000  0.88175  0.94979  0.00000  0.00000  0.98994  1.00000
1.300000000e+00  0.00000  1.00000  0.82835  0.86164  0.00000  0.00000  0.99024  1.00000
1.310000000e+00  0.00000  1.00000  0.99208  0.75565  0.00000  0.00000  0.99053  1.00000
1.320000000e+00  0.00000  1.00000  0.41416  0.59398  0.00000  0.00000  0.99082  1.00000
1.330000000e+00  0.00000  1.00000  0.96817  0.45152  0.00000  0.00000  0.99109  1.00000
1.340000000e+00  0.00000  1.00000  0.56739  0.29825  0.00000  0.00000  0.99135  1.00000
1.350000000e+00  0.00000  1.00000  0.85222  0.02729  0.00000  0.00000  0.99160  1.00000
1.360000000e+00  0.00000  1.00000  0.98775  0.00000  0.00000  0.00000  0.99184  1.00000
1.370000000e+00  0.00000  1.00000  0.96988  0.00000  0.00000  0.00000  0.99208  1.00000
1.380000000e+00  0.00000  1.00000  0.96134  0.00001  0.00000  0.00000  0.99231  1.00000
1.390000000e+00  0.00000  1.00000  0.99286  0.00000  0.00000  0.00000  0.99252  1.00000
1.400000000e+00  0.00000  1.00000  0.99612  0.00007  0.00000  0.00000  0.99273  1.00000
1.410000000e+00  0.00000  1.00000  0.99980  0.00001  0.00000  0.00000  0.99294  1.00000
1.420000000e+00  0.00000  1.00000  0.99942  0.00423  0.00000  0.00000  0.99313  1.00000
1.430000000e+00  0.00000  1.00000  0.68401  0.01048  0.00000  0.00000  0.99332  1.00000
1.440000000e+00  0.00000  1.00000  0.00000  0.01152  0.00000  0.00000  0.99351  1.00000
1.450000000e+00  0.00000  1.00000  0.01268  0.05231  0.00000  0.00000  0.99368  1.00000
1.460000000e+00  0.00000  1.00000  0.64055  0.16241  0.00000  0.00000  0.99385  1.00000
1.470000000e+00  0.00000  1.00000  0.97470  0.05773  0.00000  0.00000  0.99402  1.00000
1.480000000e+00  0.00000  1.00000  0.41147  0.12779  0.00000  0.00000  0.99418  1.00000
1.490000000e+00  0.00000  1.00000  0.74876  0.12978  0.00000  0.00000  0.99433  1.00000
1.500000000e+00  0.00000  1.00000  0.55678  0.47392  0.00000  0.00000  0.99448  1.00000
1.510000000e+00  0.00000  1.00000  0.98150  0.61182  0.00000  0.00000  0.99463  1.00000
1.520000000e+00  0.00000  1.00000  0.98646  0.77852  0.00000  0.00000  0.99477  1.00000
1.530000000e+00  0.00000  1.00000  0.32435  0.85453  0.00000  0.00000  0.99490  1.00000
1.540000000e+00  0.00000  1.00000  0.13385  0.94906  0.00000  0.00000  0.99503  1.00000
1.550000000e+00  0.00000  1.00000  0.64927  0.97327  0.00000  0.00000  0.99516  1.00000
1.560000000e+00  0.00000  1.00000  0.93862  0.99275  0.00000  0.00000  0.99528  1.00000
1.570000000e+00  0.00000  1.00000  0.30708  0.98579  0.00000  0.00000  0.99540  1.00000
1.580000000e+00  0.00000  1.00000  0.00019  0.98865  0.00000  0.00000  0.99551  1.00000
1.590000000e+00  0.00000  1.00000  0.34073  0.98958  0.00000  0.00000  0.99563  1.00000
1.600000000e+00  0.00000  1.00000  0.21523  0.98400  0.00000  0.00000  0.99573  1.00000
1.610000000e+00  0.00000  1.00000  0.00208  0.99417  0.00000  0.00000  0.99584  1.00000
1.620000000e+00  0.00000  1.00000  0.01846  0.99417  0.00000  0.00000  0.99594  1.00000
1.630000000e+00  0.00000  1.00000  0.39482  0.99807  0.00000  0.00000  0.99604  1.00000
1.640000000e+00  0.00000  1.00000  0.30667  0.99396  0.00000  0.00000  0.99613  1.00000
1.650000000e+00  0.00000  1.00000  0.23043  0.98366  0.00000  0.00000  0.99623  1.00000
1.660000000e+00  0.00000  1.00000  0.39205  0.98185  0.00000  0.00000  0.99632  1.00000
1.670000000e+00  0.00000  1.00000  0.56243  0.98266  0.00000  0.00000  0.99640  1.00000
1.680000000e+00  0.00000  1.00000  0.80079  0.97325  0.00000  0.00000  0.99649  1.00000
1.690000000e+00  0.00000  1.00000  0.93766  0.97777  0.00000  0.00000  0.99657  1.00000
1.700000000e+00  0.00000  1.00000  0.98479  0.91476  0.00000  0.00000  0.99665  1.00000
1.710000000e+00  0.00000  1.00000  0.92833  0.91688  0.00000  0.00000  0.99673  1.00000
1.720000000e+00  0.00000  1.00000  0.96316  0.92957  0.00000  0.00000  0.99680  1.00000
1.730000000e+00  0.00000  1.00000  0.99266  0.88719  0.00000  0.00000  0.99688  1.00000
1.740000000e+00  0.00000  1.00000  0.99938  0.78788  0.00000  0.00000  0.99695  1.00000
1.750000000e+00  0.00000  1.00000  0.99894  0.72236  0.00000  0.00000  0.99702  1.00000
1.760000000e+00  0.00000  1.00000  0.89827  0.73907  0.00000  0.00000  0.99708  1.00000
1.770000000e+00  0.00000  1.00000  0.95880  0.58351  0.00000  0.00000  0.99715  1.00000
1.780000000e+00  0.00000  1.00000  0.99526  0.41977  0.00000  0.00000  0.99721  1.00000
1.790000000e+00  0.00000  1.00000  0.88384  0.26396  0.00000  0.00000  0.99727  1.00000
1.800000000e+00  0.00000  1.00000  0.95092  0.13393  0.00000  0.00000  0.99733  1.00000
1.810000000e+00  0.00000  1.00000  0.98781  0.02226  0.00000  0.00000  0.99739  1.00000
1.820000000e+00  0.00000  1.00000  0.99570  0.00203  0.00000  0.00000  0.99745  1.00000
1.830000000e+00  0.00000  1.00000  0.99929  0.00004  0.00000  0.00000  0.99750  1.00000
1.840000000e+00  0.00000  1.00000  0.99972  0.00000  0.00000  0.00000  0.99756  1.00000
1.850000000e+00  0.00000  1.00000  0.99758  0.00000  0.00000  0.00000  0.99761  1.00000
1.860000000e+00  0.00000  1.00000  0.99712  0.00000  0.00000  0.00000  0.99766  1.00000
1.870000000e+00  0.00000  1.00000  0.97880  0.00000  0.00000  0.00000  0.99771  1.00000
1.880000000e+00  0.00000  1.00000  0.10546  0.00000  0.00000  0.00000  0.99776  1.00000
1.890000000e+00  0.00000  1.00000  0.12372  0.00001  0.00000  0.00000  0.99781  1.00000
1.900000000e+00  0.00000  1.00000  0.51780  0.00008  0.00000  0.00000  0.99785  1.00000
1.910000000e+00  0.00000  1.00000  0.64743  0.00000  0.00000  0.00000  0.99790  1.00000
1.920000000e+00  0.00000  1.00000  0.86388  0.00003  0.00000  0.00000  0.99794  1.00000
1.930000000e+00  0.00000  1.00000  0.84321  0.00009  0.00000  0.00000  0.99798  1.00000
1.940000000e+00  0.00000  1.00000  0.19677  0.00146  0.00000  0.00000  0.99802  1.00000
1.950000000e+00  0.00000  1.00000  0.00000  0.01358  0.00000  0.00000  0.99806  1.00000
1.960000000e+00  0.00000  1.00000  0.00000  0.03540  0.00000  0.00000  0.99810  1.00000
1.970000000e+00  0.00000  1.00000  0.00000  0.28803  0.00000  0.00000  0.99814  1.00000
1.980000000e+00  0.00000  1.00000  0.00000  0.41741  0.00000  0.00000  0.99818  1.00000
1.990000000e+00  0.00000  1.00000  0.00412  0.47761  0.00000  0.00000  0.99821  1.00000
2.000000000e+00  0.00000  1.00000  0.00000  0.60314  0.00000  0.00000  0.99825  1.00000
2.010000000e+00  0.00000  1.00000  0.00000  0.50564  0.00000  0.00000  0.99828  1.00000
2.020000000e+00  0.00000  1.00000  0.00000  0.65107  0.00000  0.00000  0.99832  1.00000
2.030000000e+00  0.00000  1.00000  0.00000  0.84126  0.00000  0.00000  0.99835  1.00000
2.040000000e+00  0.00000  1.00000  0.00000  0.86614  0.00000  0.00000  0.99838  1.00000
2.050000000e+00  0.00000  1.00000  0.00000  0.93992  0.00000  0.00000  0.99841  1.00000
2.060000000e+00  0.00000  1.00000  0.00000  0.87288  0.00000  0.00000  0.99844  1.00000
2.070000000e+00  0.00000  1.00000  0.00000  0.89791  0.00000  0.00000  0.99847  1.00000
2.080000000e+00  0.00000  1.00000  0.00000  0.93279  0.00000  0.00000  0.99850  1.00000
2.090000000e+00  0.00000  1.00000  0.00000  0.93010  0.00000  0.00000  0.99853  1.00000
2.100000000e+00  0.00000  1.00000  0.00004  0.95910  0.00000  0.00000  0.99856  1.00000
2.110000000e+00  0.00000  1.00000  0.01941  0.96744  0.00000  0.00000  0.99859  1.00000
2.120000000e+00  0.00000  1.00000  0.06805  0.91179  0.00000  0.00000  0.99861  1.00000
2.130000000e+00  0.00000  1.00000  0.44248  0.87377  0.00000  0.00000  0.99864  1.00000
2.140000000e+00  0.00000  1.00000  0.63486  0.97158  0.00000  0.00000  0.99866  1.00000
2.150000000e+00  0.00000  1.00000  0.27546  0.98691  0.00000  0.00000  0.99869  1.00000
2.160000000e+00  0.00000  1.00000  0.34318  0.94786  0.00000  0.00000  0.99871  1.00000
2.170000000e+00  0.00000  1.00000  0.22743  0.88590  0.00000  0.00000  0.99874  1.00000
2.180000000e+00  0.00000  1.00000  0.54030  0.90827  0.00000  0.00000  0.99876  1.00000
2.190000000e+00  0.00000  1.00000  0.83089  0.80386  0.00000  0.00000  0.99878  1.00000
2.200000000e+00  0.00000  1.00000  0.88668  0.88097  0.00000  0.00000  0.99880  1.00000
2.210000000e+00  0.00000  1.00000  0.96473  0.91525  0.00000  0.00000  0.99883  1.00000
2.220000000e+00  0.00000  1.00000  0.95031  0.93561  0.00000  0.00000  0.99885  1.00000
2.230000000e+00  0.00000  1.00000  0.95398  0.95781  0.00000  0.00000  0.99887  1.00000
2.240000000e+00  0.00000  1.00000  0.98692  0.98036  0.00000  0.00000  0.99889  1.00000
2.250000000e+00  0.00000  1.00000  0.97818  0.98433  0.00000  0.00000  0.99891  1.00000
2.260000000e+00  0.00000  1.00000  0.94800  0.99391  0.00000  0.00000  0.99893  1.00000
2.270000000e+00  0.00000  1.00000  0.98748  0.98732  0.00000  0.00000  0.99894  1.00000
2.280000000e+00  0.00000  1.00000  0.97359  0.99772  0.00000  0.00000  0.99896  1.00000
2.290000000e+00  0.00000  1.00000  0.99196  0.98792  0.00000  0.00000  0.99898  1.00000
2.300000000e+00  0.00000  1.00000  0.99602  0.92610  0.00000  0.00000  0.99900  1.00000
2.310000000e+00  0.00000  1.00000  0.99746  0.97695  0.00000  0.00000  0.99902  1.00000
2.320000000e+00  0.00000  1.00000  0.99906  0.94179  0.00000  0.00000  0.99903  1.00000
2.330000000e+00  0.00000  1.00000  0.99989  0.93496  0.00000  0.00000  0.99905  1.00000
2.340000000e+00  0.00000  1.00000  0.99990  0.94778  0.00000  0.00000  0.99907  1.00000
2.350000000e+00  0.00000  1.00000  0.99987  0.86400  0.00000  0.00000  0.99908  1.00000
2.360000000e+00  0.00000  1.00000  0.99967  0.73774  0.00000  0.00000  0.99910  1.00000
2.370000000e+00  0.00000  1.00000  0.99823  0.76343  0.00000  0.00000  0.99911  1.00000
2.380000000e+00  0.00000  1.00000  0.99714  0.58405  0.00000  0.00000  0.99913  1.00000
2.390000000e+00  0.00000  1.00000  0.99066  0.48505  0.00000  0.00000  0.99914  1.00000
2.400000000e+00  0.00000  1.00000  0.98871  0.56837  0.00000  0.00000  0.99916  1.00000
2.410000000e+00  0.00000  1.00000  0.98691  0.39841  0.00000  0.00000  0.99917  1.00000
2.420000000e+00  0.00000  1.00000  0.99685  0.21043  0.00000  0.00000  0.99918  1.00000
2.430000000e+00  0.00000  1.00000  0.99991  0.41422  0.00000  0.00000  0.99920  1.00000
2.440000000e+00  0.00000  1.00000  0.99986  0.10516  0.00000  0.00000  0.99921  1.00000
2.450000000e+00  0.00000  1.00000  0.99965  0.17780  0.00000  0.00000  0.99922  1.00000
2.460000000e+00  0.00000  1.00000  0.99948  0.27942  0.00000  0.00000  0.99923  1.00000
2.470000000e+00  0.00000  1.00000  0.99257  0.24208  0.00000  0.00000  0.99925  1.00000
2.480000000e+00  0.00000  1.00000  0.97000  0.12823  0.00000  0.00000  0.99926  1.00000
2.490000000e+00  0.00000  1.00000  0.32279  0.01056  0.00000  0.00000  0.99927  1.00000
2.500000000e+00  0.00000  1.00000  0.73598  0.00781  0.00000  0.00000  0.99928  1.00000
2.510000000e+00  0.00000  1.00000  0.70554  0.00253  0.00000  0.00000  0.99929  1.00000
2.520000000e+00  0.00000  1.00000  0.68241  0.00106  0.00000  0.00000  0.99930  1.00000
2.530000000e+00  0.00000  1.00000  0.83914  0.00000  0.00000  0.00000  0.99932  1.00000
2.540000000e+00  0.00000  1.00000  0.90245  0.00000  0.00000  0.00000  0.99933  1.00000
2.550000000e+00  0.00000  1.00000  0.97555  0.00000  0.00000  0.00000  0.99934  1.00000
2.560000000e+00  0.00000  1.00000  0.94442  0.00000  0.00000  0.00000  0.99935  1.00000
2.570000000e+00  0.00000  1.00000  0.96743  0.00000  0.00000  0.00000  0.99936  1.00000
2.580000000e+00  0.00000  1.00000  0.79091  0.00000  0.00000  0.00000  0.99937  1.00000
2.590000000e+00  0.00000  1.00000  0.54414  0.00000  0.00000  0.00000  0.99938  1.00000
2.600000000e+00  0.00000  1.00000  0.64855  0.00000  0.00000  0.00000  0.99939  1.00000
2.610000000e+00  0.00000  1.00000  0.18698  0.00000  0.00000  0.00000  0.99940  1.00000
2.620000000e+00  0.00000  1.00000  0.07178  0.00000  0.00000  0.00000  0.99940  1.00000
2.630000000e+00  0.00000  1.00000  0.24927  0.00000  0.00000  0.00000  0.99941  1.00000
2.640000000e+00  0.00000  1.00000  0.21187  0.00000  0.00000  0.00000  0.99942  1.00000
2.650000000e+00  0.00000  1.00000  0.37806  0.00000  0.00000  0.00000  0.99943  1.00000
2.660000000e+00  0.00000  1.00000  0.00067  0.00000  0.00000  0.00000  0.99944  1.00000
2.670000000e+00  0.00000  1.00000  0.00000  0.00000  0.00000  0.00000  0.99945  1.00000
2.680000000e+00  0.00000  1.00000  0.00000  0.00000  0.00000  0.00000  0.99946  1.00000
2.690000000e+00  0.00000  1.00000  0.00000  0.00000  0.00000  0.00000  0.99946  1.00000
2.700000000e+00  0.00000  1.00000  0.00000  0.00000  0.00000  0.00000  0.99947  1.00000
2.710000000e+00  0.00000  1.00000  0.00000  0.00000  0.00000  0.00000  0.99948  1.00000
2.720000000e+00  0.00000  1.00000  0.00000  0.00000  0.00000  0.00000  0.99949  1.00000
2.730000000e+00  0.00000  1.00000  0.00000  0.00000  0.00000  0.00000  0.99949  1.00000
2.740000000e+00  0.00000  1.00000  0.00000  0.00000  0.00000  0.00000  0.99950  1.00000
2.750000000e+00  0.00000  1.00000  0.00000  0.00000  0.00000  0.00000  0.99951  1.00000
2.760000000e+00  0.00000  1.00000  0.00000  0.00000  0.00000  0.00000  0.99952  1.00000
2.770000000e+00  0.00000  1.00000  0.00000  0.00000  0.00000  0.00000  0.99952  1.00000
2.780000000e+00  0.00000  1.00000  0.00000  0.00000  0.00000  0.00000  0.99953  1.00000
2.790000000e+00  0.00000  1.00000  0.00000  0.00000  0.00001  0.00000  0.99954  1.00000
2.800000000e+00  0.00000  1.00000  0.00000  0.00000  0.00001  0.00000  0.99954  1.00000
2.810000000e+00  0.00000  1.00000  0.00000  0.00000  0.00001  0.00000  0.99955  1.00000
2.820000000e+00  0.00000  1.00000  0.00000  0.00000  0.00001  0.00000  0.99956  1.00000
2.830000000e+00  0.00000  1.00000  0.00000  0.00000  0.00000  0.00000  0.99956  1.00000
2.840000000e+00  0.00000  1.00000  0.00000  0.00000  0.00000  0.00000  0.99957  1.00000
2.850000000e+00  0.00000  1.00000  0.00000  0.00003  0.00000  0.00000  0.99957  1.00000
2.860000000e+00  0.00000  1.00000  0.00000  0.00000  0.00000  0.00000  0.99958  1.00000
2.870000000e+00  0.00000  1.00000  0.00000  0.00009  0.00000  0.00000  0.99959  1.00000
2.880000000e+00  0.00000  1.00000  0.00000  0.00028  0.00000  0.00000  0.99959  1.00000
2.890000000e+00  0.00000  1.00000  0.00003  0.00020  0.00000  0.00000  0.99960  1.00000
2.900000000e+00  0.00000  1.00000  0.00440  0.00789  0.00000  0.00000  0.99960  1.00000
2.910000000e+00  0.00000  1.00000  0.08522  0.00196  0.00000  0.00000  0.99961  1.00000
2.920000000e+00  0.00000  1.00000  0.35559  0.00334  0.00000  0.00000  0.99961  1.00000
2.930000000e+00  0.00000  1.00000  0.56323  0.01708  0.00000  0.00000  0.99962  1.00000
2.940000000e+00  0.00000  1.00000  0.69068  0.06070  0.00000  0.00000  0.99962  1.00000
2.950000000e+00  0.00000  1.00000  0.82583  0.00264  0.00000  0.00000  0.99963  1.00000
2.960000000e+00  0.00000  1.00000  0.42406  0.02149  0.00000  0.00000  0.99963  1.00000
2.970000000e+00  0.00000  1.00000  0.05241  0.05493  0.00000  0.00000  0.99964  1.00000
2.980000000e+00  0.00000  1.00000  0.00365  0.00013  0.00000  0.00000  0.99964  1.00000
2.990000000e+00  0.00000  1.00000  0.01411  0.07794  0.00000  0.00000  0.99965  1.00000
3.000000000e+00  0.00000  1.00000  0.28528  0.10905  0.00000  0.00000  0.99965  1.00000
3.010000000e+00  0.00000  1.00000  0.30223  0.08738  0.00000  0.00000  0.99966  1.00000
3.020000000e+00  0.00000  1.00000  0.05619  0.06200  0.00000  0.00000  0.99966  1.00000
3.030000000e+00  0.00000  1.00000  0.11531  0.05469  0.00000  0.00000  0.99967  1.00000
3.040000000e+00  0.00000  1.00000  0.31873  0.01245  0.00000  0.00000  0.99967  1.00000
3.050000000e+00  0.00000  1.00000  0.63778  0.01507  0.00000  0.00000  0.99968  1.00000
3.060000000e+00  0.00000  1.00000  0.68866  0.02024  0.00000  0.00000  0.99968  1.00000
3.070000000e+00  0.00000  1.00000  0.83606  0.01227  0.00000  0.00000  0.99968  1.00000
3.080000000e+00  0.00000  1.00000  0.87225  0.04487  0.00000  0.00000  0.99969  1.00000
3.090000000e+00  0.00000  1.00000  0.93146  0.00184  0.00000  0.00000  0.99969  1.00000
3.100000000e+00  0.00000  1.00000  0.89895  0.00154  0.00000  0.00000  0.99970  1.00000
3.110000000e+00  0.00000  1.00000  0.71861  0.01775  0.00000  0.00000  0.99970  1.00000
3.120000000e+00  0.00000  1.00000  0.49148  0.00246  0.00000  0.00000  0.99970  1.00000
3.130000000e+00  0.00000  1.00000  0.39645  0.08270  0.00000  0.00000  0.99971  1.00000
3.140000000e+00  0.00000  1.00000  0.55568  0.18790  0.00000  0.00000  0.99971  1.00000
3.150000000e+00  0.00000  1.00000  0.75893  0.04004  0.00000  0.00000  0.99971  1.00000
3.160000000e+00  0.00000  1.00000  0.60673  0.13920  0.00000  0.00000  0.99972  1.00000
3.170000000e+00  0.00000  1.00000  0.43489  0.68918  0.00000  0.00000  0.99972  1.00000
3.180000000e+00  0.00000  1.00000  0.50037  0.54755  0.00000  0.00000  0.99973  1.00000
3.190000000e+00  0.00000  1.00000  0.67076  0.26381  0.00000  0.00000  0.99973  1.00000
3.200000000e+00  0.00000  1.00000  0.83596  0.06471  0.00000  0.00000  0.99973  1.00000
3.210000000e+00  0.00000  1.00000  0.93527  0.00008  0.00000  0.00000  0.99974  1.00000
3.220000000e+00  0.00000  1.00000  0.91224  0.00043  0.00000  0.00000  0.99974  1.00000
3.230000000e+00  0.00000  1.00000  0.90559  0.00470  0.00000  0.00000  0.99974  1.00000
3.240000000e+00  0.00000  1.00000  0.95090  0.14863  0.00000  0.00000  0.99974  1.00000
3.250000000e+00  0.00000  1.00000  0.98817  0.05687  0.00000  0.00000  0.99975  1.00000
3.260000000e+00  0.00000  1.00000  0.99665  0.34226  0.00000  0.00000  0.99975  1.00000
3.270000000e+00  0.00000  1.00000  0.99626  0.02624  0.00000  0.00000  0.99975  1.00000
3.280000000e+00  0.00000  1.00000  0.99688  0.07393  0.00000  0.00000  0.99976  1.00000
3.290000000e+00  0.00000  1.00000  0.99858  0.33162  0.00000  0.00000  0.99976  1.00000
3.300000000e+00  0.00000  1.00000  0.99938  0.16211  0.00000  0.00000  0.99976  1.00000
3.310000000e+00  0.00000  1.00000  0.99950  0.02772  0.00000  0.00000  0.99977  1.00000
3.320000000e+00  0.00000  1.00000  0.99902  0.23706  0.00000  0.00000  0.99977  1.00000
3.330000000e+00  0.00000  1.00000  0.99377  0.07840  0.00000  0.00000  0.99977  1.00000
3.340000000e+00  0.00000  1.00000  0.97871  0.40400  0.00000  0.00000  0.99977  0.99990
3.350000000e+00  0.00000  1.00000  0.96597  0.15394  0.00000  0.00000  0.99978  0.99986
3.360000000e+00  0.00000  1.00000  0.86123  0.16582  0.00000  0.00000  0.99978  0.99991
3.370000000e+00  0.00000  1.00000  0.96001  0.21855  0.00000  0.00000  0.99978  0.99983
3.380000000e+00  0.00000  1.00000  0.97138  0.34110  0.00000  0.00000  0.99978  0.99994
3.390000000e+00  0.00000  1.00000  0.98470  0.46755  0.00000  0.00000  0.99979  0.99992
3.400000000e+00  0.00000  1.00000  0.99447  0.68685  0.00000  0.00000  0.99979  0.99996
3.410000000e+00  0.00000  1.00000  0.99799  0.52031  0.00000  0.00000  0.99979  0.99997
3.420000000e+00  0.00000  1.00000  0.99932  0.65326  0.00000  0.00000  0.99979  1.00000
3.430000000e+00  0.00000  1.00000  0.99912  0.89063  0.00000  0.00000  0.99980  0.99995
3.440000000e+00  0.00000  1.00000  0.99932  0.79056  0.00000  0.00000  0.99980  0.99992
3.450000000e+00  0.00000  1.00000  0.99657  0.79225  0.00000  0.00000  0.99980  0.99981
3.460000000e+00  0.00000  1.00000  0.99740  0.74223  0.00000  0.00000  0.99980  0.99993
3.470000000e+00  0.00000  1.00000  0.99906  0.87513  0.00000  0.00000  0.99981  0.99984
3.480000000e+00  0.00000  1.00000  0.99935  0.82909  0.00000  0.00000  0.99981  0.99989
3.490000000e+00  0.00000  1.00000  0.99958  0.86509  0.00000  0.00000  0.99981  0.99989
3.500000000e+00  0.00000  1.00000  0.99961  0.83734  0.00000  0.00000  0.99981  0.99994
3.510000000e+00  0.00000  1.00000  0.99932  0.85086  0.00000  0.00000  0.99981  0.99998
3.520000000e+00  0.00000  1.00000  0.99817  0.79183  0.00000  0.00000  0.99982  0.99998
3.530000000e+00  0.00000  1.00000  0.99516  0.75765  0.00000  0.00000  0.99982  0.99996
3.540000000e+00  0.00000  1.00000  0.98917  0.73814  0.00000  0.00000  0.99982  0.99993
3.550000000e+00  0.00000  1.00000  0.97681  0.70295  0.00000  0.00000  0.99982  0.99995
3.560000000e+00  0.00000  1.00000  0.94927  0.59285  0.00000  0.00000  0.99982  0.99978
3.570000000e+00  0.00000  1.00000  0.90758  0.72406  0.00000  0.00000  0.99983  0.99978
3.580000000e+00  0.00000  1.00000  0.87624  0.66590  0.00000  0.00000  0.99983  0.99960
3.590000000e+00  0.00000  1.00000  0.82084  0.75753  0.00000  0.00000  0.99983  0.99959
3.600000000e+00  0.00000  1.00000  0.66972  0.65979  0.00000  0.00000  0.99983  0.99964
3.610000000e+00  0.00000  1.00000  0.53914  0.83905  0.00000  0.00000  0.99983  0.99966
3.620000000e+00  0.00000  1.00000  0.48647  0.69401  0.00000  0.00000  0.99984  0.99956
3.630000000e+00  0.00000  1.00000  0.67934  0.82900  0.00000  0.00000  0.99984  0.99947
3.640000000e+00  0.00000  1.00000  0.63864  0.73706  0.00000  0.00000  0.99984  0.99930
3.650000000e+00  0.00000  1.00000  0.51337  0.93148  0.00000  0.00000  0.99984  0.99919
3.660000000e+00  0.00000  1.00000  0.61771  0.78991  0.00000  0.00000  0.99984  0.99912
3.670000000e+00  0.00000  1.00000  0.80789  0.79812  0.00000  0.00000  0.99984  0.99903
3.680000000e+00  0.00000  1.00000  0.93401  0.41670  0.00000  0.00000  0.99985  0.99888
3.690000000e+00  0.00000  1.00000  0.96890  0.57691  0.00000  0.00000  0.99985  0.99864
3.700000000e+00  0.00000  1.00000  0.97974  0.79240  0.00000  0.00000  0.99985  0.99847
3.710000000e+00  0.00000  1.00000  0.98898  0.91821  0.00000  0.00000  0.99985  0.99658
3.720000000e+00  0.00000  1.00000  0.97942  0.72204  0.00000  0.00000  0.99985  0.99540
3.730000000e+00  0.00000  1.00000  0.97820  0.84959  0.00000  0.00000  0.99985  0.99490
3.740000000e+00  0.00000  1.00000  0.97763  0.72607  0.00000  0.00000  0.99986  0.99434
3.750000000e+00  0.00000  1.00000  0.94081  0.81462  0.00000  0.00000  0.99986  0.99358
3.760000000e+00  0.00000  1.00000  0.84591  0.76848  0.00000  0.00000  0.99986  0.99277
3.770000000e+00  0.00000  1.00000  0.72161  0.71945  0.00000  0.00000  0.99986  0.99182
3.780000000e+00  0.00000  1.00000  0.54953  0.73549  0.00000  0.00000  0.99986  0.99060
3.790000000e+00  0.00000  1.00000  0.37640  0.78861  0.00000  0.00000  0.99986  0.98909
3.800000000e+00  0.00000  1.00000  0.14846  0.73786  0.00000  0.00000  0.99986  0.98746
3.810000000e+00  0.00000  1.00000  0.03963  0.88880  0.00000  0.00000  0.99987  0.98552
3.820000000e+00  0.00000  1.00000  0.06226  0.71286  0.00000  0.00000  0.99987  0.98340
3.830000000e+00  0.00000  1.00000  0.25974  0.87117  0.00000  0.00000  0.99987  0.98099
3.840000000e+00  0.00000  1.00000  0.12708  0.76543  0.00000  0.00000  0.99987  0.97818
3.850000000e+00  0.00000  1.00000  0.06559  0.88134  0.00000  0.00000  0.99987  0.97494
3.860000000e+00  0.00000  1.00000  0.12010  0.85752  0.00000  0.00000  0.99987  0.97123
3.870000000e+00  0.00000  1.00000  0.28961  0.89743  0.00000  0.00000  0.99987  0.96714
3.880000000e+00  0.00000  1.00000  0.53673  0.89280  0.00000  0.00000  0.99988  0.96250
3.890000000e+00  0.00000  1.00000  0.75705  0.91817  0.00000  0.00000  0.99988  0.95711
3.900000000e+00  0.00000  1.00000  0.90430  0.94830  0.00000  0.00000  0.99988  0.95104
3.910000000e+00  0.00000  1.00000  0.96006  0.90859  0.00000  0.00000  0.99988  0.94418
3.920000000e+00  0.00000  1.00000  0.96454  0.98005  0.00000  0.00000  0.99988  0.93609
3.930000000e+00  0.00000  1.00000  0.92708  0.95644  0.00000  0.00000  0.99988  0.92687
3.940000000e+00  0.00000  1.00000  0.84441  0.98102  0.00000  0.00000  0.99988  0.91618
3.950000000e+00  0.00000  1.00000  0.71887  0.98402  0.00000  0.00000  0.99988  0.90416
3.960000000e+00  0.00000  1.00000  0.50228  0.97357  0.00000  0.00000  0.99989  0.88988
3.970000000e+00  0.00000  1.00000  0.33029  0.99268  0.00000  0.00000  0.99989  0.87363
3.980000000e+00  0.00000  1.00000  0.17905  0.98377  0.00000  0.00000  0.99989  0.85550
3.990000000e+00  0.00000  1.00000  0.12966  0.99503  0.00000  0.00000  0.99989  0.83476
4.000000000e+00  0.00000  1.00000  0.30647  0.99309  0.00000  0.00000  0.99989  0.81087
4.010000000e+00  0.00000  1.00000  0.37928  0.99308  0.00000  0.00000  0.99989  0.78477
4.020000000e+00  0.00000  1.00000  0.16842  0.99814  0.00000  0.00000  0.99989  0.75635
4.030000000e+00  0.00000  1.00000  0.14723  0.99323  0.00000  0.00000  0.99989  0.72621
4.040000000e+00  0.00000  1.00000  0.20669  0.99656  0.00000  0.00000  0.99989  0.69444
4.050000000e+00  0.00000  1.00000  0.34758  0.99680  0.00000  0.00000  0.99989  0.66078
4.060000000e+00  0.00000  1.00000  0.52015  0.99615  0.00000  0.00000  0.99990  0.62691
4.070000000e+00  0.00000  1.00000  0.57618  0.99594  0.00000  0.00000  0.99990  0.59289
4.080000000e+00  0.00000  1.00000  0.28486  0.99804  0.00000  0.00000  0.99990  0.56060
4.090000000e+00  0.00000  1.00000  0.08924  0.99790  0.00000  0.00000  0.99990  0.53042
4.100000000e+00  0.00000  1.00000  0.03995  0.99817  0.00000  0.00000  0.99990  0.50224
4.110000000e+00  0.00000  1.00000  0.05094  0.99330  0.00000  0.00000  0.99990  0.47694
4.120000000e+00  0.00000  1.00000  0.21400  0.99818  0.00000  0.00000  0.99990  0.45531
4.130000000e+00  0.00000  1.00000  0.26378  0.99544  0.00000  0.00000  0.99990  0.43722
4.140000000e+00  0.00000  1.00000  0.11799  0.99697  0.00000  0.00000  0.99990  0.42290
4.150000000e+00  0.00000  1.00000  0.05013  0.99904  0.00000  0.00000  0.99990  0.41219
4.160000000e+00  0.00000  1.00000  0.00023  0.99487  0.00000  0.00000  0.99991  0.40543
4.170000000e+00  0.00000  1.00000  0.00000  0.99695  0.00000  0.00000  0.99991  0.40149
4.180000000e+00  0.00000  1.00000  0.00000  0.99634  0.00000  0.00000  0.99991  0.40247
4.190000000e+00  0.00000  1.00000  0.00000  0.99645  0.00000  0.00000  0.99991  0.40436
4.200000000e+00  0.00000  1.00000  0.00000  0.99592  0.00000  0.00000  0.99991  0.40950
4.210000000e+00  0.00000  1.00000  0.00000  0.99369  0.00000  0.00000  0.99991  0.41269
4.220000000e+00  0.00000  1.00000  0.00000  0.99408  0.00000  0.00000  0.99991  0.41361
4.230000000e+00  0.00000  1.00000  0.00000  0.99345  0.00000  0.00000  0.99991  0.41106
4.240000000e+00  0.00000  1.00000  0.00000  0.99506  0.00000  0.00000  0.99991  0.40319
4.250000000e+00  0.00000  1.00000  0.00000  0.98763  0.00000  0.00000  0.99991  0.38824
4.260000000e+00  0.00000  1.00000  0.00000  0.98471  0.00000  0.00000  0.99991  0.35957
4.270000000e+00  0.00000  1.00000  0.00000  0.99463  0.00000  0.00000  0.99991  0.31659
4.280000000e+00  0.00000  1.00000  0.00000  0.97768  0.00000  0.00000  0.99992  0.28675
4.290000000e+00  0.00000  1.00000  0.00000  0.97442  0.00000  0.00000  0.99992  0.26855
4.300000000e+00  0.00000  1.00000  0.00000  0.97102  0.00000  0.00000  0.99992  0.27312
4.310000000e+00  0.00000  1.00000  0.00000  0.94919  0.00000  0.00000  0.99992  0.30075
4.320000000e+00  0.00000  1.00000  0.00000  0.95962  0.00000  0.00000  0.99992  0.34096
4.330000000e+00  0.00000  1.00000  0.00000  0.95785  0.00000  0.00000  0.99992  0.39582
4.340000000e+00  0.00000  1.00000  0.00000  0.94751  0.00000  0.00000  0.99992  0.44190
4.350000000e+00  0.00000  1.00000  0.00000  0.94599  0.00000  0.00000  0.99992  0.47669
4.360000000e+00  0.00000  1.00000  0.00000  0.92666  0.00000  0.00000  0.99992  0.50180
4.370000000e+00  0.00000  1.00000  0.00000  0.84629  0.00000  0.00000  0.99992  0.51985
4.380000000e+00  0.00000  1.00000  0.00000  0.94627  0.00000  0.00000  0.99992  0.53338
4.390000000e+00  0.00000  1.00000  0.00000  0.92692  0.00000  0.00000  0.99992  0.54569
4.400000000e+00  0.00000  1.00000  0.00000  0.89200  0.00000  0.00000  0.99992  0.55443
4.410000000e+00  0.00000  1.00000  0.00000  0.78260  0.00000  0.00000  0.99992  0.56580
4.420000000e+00  0.00000  1.00000  0.00000  0.96448  0.00000  0.00000  0.99993  0.57678
4.430000000e+00  0.00000  1.00000  0.00000  0.87158  0.00000  0.00000  0.99993  0.58965
4.440000000e+00  0.00000  1.00000  0.00000  0.72760  0.00000  0.00000  0.99993  0.60343
4.450000000e+00  0.00000  1.00000  0.00000  0.79089  0.00000  0.00000  0.99993  0.61954
4.460000000e+00  0.00000  1.00000  0.00000  0.81645  0.00000  0.00000  0.99993  0.63561
4.470000000e+00  0.00000  1.00000  0.00000  0.83277  0.00000  0.00000  0.99993  0.65508
4.480000000e+00  0.00000  1.00000  0.00000  0.81862  0.00000  0.00000  0.99993  0.67350
4.490000000e+00  0.00000  1.00000  0.00000  0.85200  0.00000  0.00000  0.99993  0.69462
4.500000000e+00  0.00000  1.00000  0.00000  0.87607  0.00000  0.00000  0.99993  0.71414
4.510000000e+00  0.00000  1.00000  0.00000  0.86896  0.00000  0.00000  0.99993  0.73540
4.520000000e+00  0.00000  1.00000  0.00000  0.80539  0.00000  0.00000  0.99993  0.75612
4.530000000e+00  0.00000  1.00000  0.00000  0.68648  0.00000  0.00000  0.99993  0.77629
4.540000000e+00  0.00000  1.00000  0.00003  0.66607  0.00000  0.00000  0.99993  0.79603
4.550000000e+00  0.00000  1.00000  0.00028  0.82631  0.00000  0.00000  0.99993  0.81501
4.560000000e+00  0.00000  1.00000  0.00548  0.91466  0.00000  0.00000  0.99993  0.83309
4.570000000e+00  0.00000  1.00000  0.03651  0.82376  0.00000  0.00000  0.99993  0.84943
4.580000000e+00  0.00000  1.00000  0.12161  0.73083  0.00000  0.00000  0.99994  0.86532
4.590000000e+00  0.00000  1.00000  0.17485  0.78998  0.00000  0.00000  0.99994  0.87974
4.600000000e+00  0.00000  1.00000  0.25451  0.81831  0.00000  0.00000  0.99994  0.89303
4.610000000e+00  0.00000  1.00000  0.31348  0.85476  0.00000  0.00000  0.99994  0.90520
4.620000000e+00  0.00000  1.00000  0.25898  0.81346  0.00000  0.00000  0.99994  0.91629
4.630000000e+00  0.00000  1.00000  0.11751  0.62697  0.00000  0.00000  0.99994  0.92629
4.640000000e+00  0.00000  1.00000  0.09019  0.63777  0.00000  0.00000  0.99994  0.93528
4.650000000e+00  0.00000  1.00000  0.07363  0.65491  0.00000  0.00000  0.99994  0.94335
4.660000000e+00  0.00000  1.00000  0.07450  0.59382  0.00000  0.00000  0.99994  0.95057
4.670000000e+00  0.00000  1.00000  0.08156  0.52220  0.00000  0.00000  0.99994  0.95669
4.680000000e+00  0.00000  1.00000  0.02913  0.53027  0.00000  0.00000  0.99994  0.96151
4.690000000e+00  0.00000  1.00000  0.01275  0.23703  0.00000  0.00000  0.99994  0.96673
4.700000000e+00  0.00000  1.00000  0.00147  0.88188  0.00000  0.00000  0.99994  0.97089
4.710000000e+00  0.00000  1.00000  0.00004  0.78809  0.00000  0.00000  0.99994  0.97438
4.720000000e+00  0.00000  1.00000  0.00002  0.47325  0.00000  0.00000  0.99994  0.97765
4.730000000e+00  0.00000  1.00000  0.00000  0.60471  0.00000  0.00000  0.99994  0.98008
4.740000000e+00  0.00000  1.00000  0.00000  0.44882  0.00000  0.00000  0.99994  0.98297
4.750000000e+00  0.00000  1.00000  0.00000  0.68651  0.00000  0.00000  0.99994  0.98515
4.760000000e+00  0.00000  1.00000  0.00000  0.57505  0.00000  0.00000  0.99994  0.98712
4.770000000e+00  0.00000  1.00000  0.00000  0.58895  0.00000  0.00000  0.99994  0.98885
4.780000000e+00  0.00000  1.00000  0.00000  0.47067  0.00000  0.00000  0.99995  0.98948
4.790000000e+00  0.00000  1.00000  0.00000  0.29221  0.00000  0.00000  0.99995  0.99083
4.800000000e+00  0.00000  1.00000  0.00000  0.33332  0.00000  0.00000  0.99995  0.99280
4.810000000e+00  0.00000  1.00000  0.00000  0.50300  0.00000  0.00000  0.99995  0.99397
4.820000000e+00  0.00000  1.00000  0.00000  0.44973  0.00000  0.00000  0.99995  0.99476
4.830000000e+00  0.00000  1.00000  0.00000  0.27683  0.00000  0.00000  0.99995  0.99572
4.840000000e+00  0.00000  1.00000  0.00000  0.48658  0.00000  0.00000  0.99995  0.99238
4.850000000e+00  0.00000  1.00000  0.00000  0.13538  0.00000  0.00000  0.99995  0.99525
4.860000000e+00  0.00000  1.00000  0.00000  0.10669  0.00000  0.00000  0.99995  0.99732
4.870000000e+00  0.00000  1.00000  0.00000  0.61761  0.00000  0.00000  0.99995  0.99784
4.880000000e+00  0.00000  1.00000  0.00000  0.62634  0.00000  0.00000  0.99995  0.99808
4.890000000e+00  0.00000  1.00000  0.00000  0.56165  0.00000  0.00000  0.99995  0.99762
4.900000000e+00  0.00000  1.00000  0.00000  0.09099  0.00000  0.00000  0.99995  0.99519
4.910000000e+00  0.00000  1.00000  0.00000  0.05770  0.00000  0.00000  0.99995  0.99835
4.920000000e+00  0.00000  1.00000  0.00000  0.30212  0.00000  0.00000  0.99995  0.99867
4.930000000e+00  0.00000  1.00000  0.00000  0.53616  0.00000  0.00000  0.99995  0.99878
4.940000000e+00  0.00000  1.00000  0.00011  0.28869  0.00000  0.00000  0.99995  0.99877
4.950000000e+00  0.00000  1.00000  0.00055  0.09264  0.00000  0.00000  0.99995  0.99677
4.960000000e+00  0.00000  1.00000  0.00129  0.03270  0.00000  0.00000  0.99995  0.98824
4.970000000e+00  0.00000  1.00000  0.01081  0.01151  0.00000  0.00000  0.99995  0.99903
4.980000000e+00  0.00000  1.00000  0.03198  0.19674  0.00000  0.00000  0.99995  0.99908
4.990000000e+00  0.00000  1.00000  0.08211  0.05126  0.00000  0.00000  0.99995  0.99930
5.000000000e+00  0.00000  1.00000  0.07534  0.30965  0.00000  0.00000  0.99995  0.99932
