# ------------------------------------------------------------------------
# Radiance spectrum
# NASA-GSFC Planetary Spectrum Generator (PSG) (Villanueva et al. 2015)
# Synthesized on Tue Nov 21 15:11:50 2017
# ------------------------------------------------------------------------
# Atmospheric radiances synthesized with PUMAS (Villanueva et al. 2016, Smith et al. 2009, Edwards 1992)
# Molecular abundance profile: 
# Molecules considered: N2,CO2,H2O
# Molecular sources: HIT[22],HIT[2],HIT[1]
# Molecular abundances: 1,1,1
# Molecular abundance units: scl,scl,scl
# Collission-Induced-Absorption:  N2-N2(3.71-5.00um)
# Rayleigh scattering included
# ------------------------------------------------------------------------
# Spectral unit: Wavelength [um]
# Radiance unit: Spectral radiance [W/sr/m2/um]
# Wave/freq Total Stellar TRAPPIST-1-e
1.000000000e+00  3.68049e-03  3.68049e-03  1.03114e-35
1.010000000e+00  3.70309e-03  3.70309e-03  2.59779e-35
1.020000000e+00  3.72363e-03  3.72363e-03  4.06837e-35
1.030000000e+00  3.74214e-03  3.74214e-03  6.55393e-35
1.040000000e+00  3.75867e-03  3.75867e-03  7.31580e-33
1.050000000e+00  3.77327e-03  3.77327e-03  4.76885e-34
1.060000000e+00  3.78601e-03  3.78601e-03  1.96205e-33
1.070000000e+00  3.79691e-03  3.79691e-03  9.28339e-33
1.080000000e+00  3.80605e-03  3.80605e-03  1.97914e-33
1.090000000e+00  3.81347e-03  3.81347e-03  2.37824e-33
1.100000000e+00  3.81922e-03  3.81922e-03  8.02673e-33
1.110000000e+00  3.82337e-03  3.82337e-03  2.81443e-32
1.120000000e+00  3.82595e-03  3.82595e-03  4.63904e-31
1.130000000e+00  3.82703e-03  3.82703e-03  1.11362e-30
1.140000000e+00  3.82666e-03  3.82666e-03  6.63942e-31
1.150000000e+00  3.82489e-03  3.82489e-03  1.72658e-30
1.160000000e+00  3.82177e-03  3.82177e-03  6.87974e-31
1.170000000e+00  3.81734e-03  3.81734e-03  2.37912e-31
1.180000000e+00  3.81168e-03  3.81168e-03  4.54717e-31
1.190000000e+00  3.80481e-03  3.80481e-03  9.00546e-31
1.200000000e+00  3.79679e-03  3.79679e-03  1.07032e-30
1.210000000e+00  3.78768e-03  3.78768e-03  1.08121e-28
1.220000000e+00  3.77751e-03  3.77751e-03  8.12982e-29
1.230000000e+00  3.76632e-03  3.76632e-03  8.07418e-29
1.240000000e+00  3.75418e-03  3.75418e-03  2.95937e-29
1.250000000e+00  3.74111e-03  3.74111e-03  5.17701e-30
1.260000000e+00  3.72717e-03  3.72717e-03  2.01055e-29
1.270000000e+00  3.71239e-03  3.71239e-03  2.76482e-29
1.280000000e+00  3.69682e-03  3.69682e-03  9.11552e-30
1.290000000e+00  3.68049e-03  3.68049e-03  1.03164e-28
1.300000000e+00  3.66345e-03  3.66345e-03  2.85025e-28
1.310000000e+00  3.64573e-03  3.64573e-03  5.44178e-29
1.320000000e+00  3.62736e-03  3.62736e-03  2.47501e-27
1.330000000e+00  3.60839e-03  3.60839e-03  2.37581e-28
1.340000000e+00  3.58885e-03  3.58885e-03  3.06039e-27
1.350000000e+00  3.56877e-03  3.56877e-03  2.93737e-27
1.360000000e+00  3.54817e-03  3.54817e-03  1.17286e-26
1.370000000e+00  3.52711e-03  3.52711e-03  1.82773e-26
1.380000000e+00  3.50559e-03  3.50559e-03  2.14634e-26
1.390000000e+00  3.48366e-03  3.48366e-03  2.42842e-26
1.400000000e+00  3.46134e-03  3.46134e-03  3.00442e-26
1.410000000e+00  3.43866e-03  3.43866e-03  4.65240e-26
1.420000000e+00  3.41564e-03  3.41564e-03  1.59162e-26
1.430000000e+00  3.39231e-03  3.39231e-03  3.61582e-26
1.440000000e+00  3.36870e-03  3.36870e-03  5.25292e-25
1.450000000e+00  3.34482e-03  3.34482e-03  3.27473e-25
1.460000000e+00  3.32070e-03  3.32070e-03  6.04018e-26
1.470000000e+00  3.29636e-03  3.29636e-03  1.00309e-25
1.480000000e+00  3.27183e-03  3.27183e-03  3.44867e-25
1.490000000e+00  3.24711e-03  3.24711e-03  2.02766e-25
1.500000000e+00  3.22224e-03  3.22224e-03  4.67937e-25
1.510000000e+00  3.19723e-03  3.19723e-03  1.91467e-25
1.520000000e+00  3.17209e-03  3.17209e-03  2.21623e-25
1.530000000e+00  3.14685e-03  3.14685e-03  1.15989e-24
1.540000000e+00  3.12152e-03  3.12152e-03  2.75590e-24
1.550000000e+00  3.09611e-03  3.09611e-03  9.16987e-25
1.560000000e+00  3.07064e-03  3.07064e-03  5.33145e-25
1.570000000e+00  3.04513e-03  3.04513e-03  4.45500e-24
1.580000000e+00  3.01959e-03  3.01959e-03  1.65105e-23
1.590000000e+00  2.99402e-03  2.99402e-03  3.89838e-24
1.600000000e+00  2.96846e-03  2.96846e-03  9.12332e-24
1.610000000e+00  2.94289e-03  2.94289e-03  3.23549e-23
1.620000000e+00  2.91734e-03  2.91734e-03  1.76292e-23
1.630000000e+00  2.89182e-03  2.89182e-03  7.60304e-24
1.640000000e+00  2.86634e-03  2.86634e-03  1.57736e-23
1.650000000e+00  2.84091e-03  2.84091e-03  2.54728e-23
1.660000000e+00  2.81553e-03  2.81553e-03  1.48138e-23
1.670000000e+00  2.79021e-03  2.79021e-03  1.29138e-23
1.680000000e+00  2.76497e-03  2.76497e-03  9.76081e-24
1.690000000e+00  2.73981e-03  2.73981e-03  5.08111e-24
1.700000000e+00  2.71474e-03  2.71474e-03  3.99814e-24
1.710000000e+00  2.68977e-03  2.68977e-03  9.62730e-24
1.720000000e+00  2.66490e-03  2.66490e-03  6.74626e-24
1.730000000e+00  2.64013e-03  2.64013e-03  5.60382e-24
1.740000000e+00  2.61549e-03  2.61549e-03  6.32007e-24
1.750000000e+00  2.59096e-03  2.59096e-03  8.40574e-24
1.760000000e+00  2.56656e-03  2.56656e-03  1.31056e-23
1.770000000e+00  2.54229e-03  2.54229e-03  1.57444e-23
1.780000000e+00  2.51815e-03  2.51815e-03  1.65012e-23
1.790000000e+00  2.49415e-03  2.49415e-03  2.41655e-23
1.800000000e+00  2.47030e-03  2.47030e-03  3.40522e-23
1.810000000e+00  2.44660e-03  2.44660e-03  6.97550e-23
1.820000000e+00  2.42304e-03  2.42304e-03  2.09847e-22
1.830000000e+00  2.39964e-03  2.39964e-03  3.55109e-22
1.840000000e+00  2.37640e-03  2.37640e-03  7.32147e-22
1.850000000e+00  2.35332e-03  2.35332e-03  7.71434e-22
1.860000000e+00  2.33041e-03  2.33041e-03  1.09417e-21
1.870000000e+00  2.30765e-03  2.30765e-03  9.78883e-22
1.880000000e+00  2.28507e-03  2.28507e-03  2.98564e-21
1.890000000e+00  2.26266e-03  2.26266e-03  3.00403e-21
1.900000000e+00  2.24041e-03  2.24041e-03  1.66640e-21
1.910000000e+00  2.21834e-03  2.21834e-03  2.61052e-21
1.920000000e+00  2.19645e-03  2.19645e-03  1.95308e-21
1.930000000e+00  2.17473e-03  2.17473e-03  2.20946e-21
1.940000000e+00  2.15319e-03  2.15319e-03  3.96430e-21
1.950000000e+00  2.13183e-03  2.13183e-03  2.59689e-20
1.960000000e+00  2.11065e-03  2.11065e-03  2.46821e-20
1.970000000e+00  2.08964e-03  2.08964e-03  3.32821e-20
1.980000000e+00  2.06882e-03  2.06882e-03  3.87706e-20
1.990000000e+00  2.04818e-03  2.04818e-03  2.56443e-20
2.000000000e+00  2.02772e-03  2.02772e-03  5.11969e-20
2.010000000e+00  2.00745e-03  2.00745e-03  2.68083e-20
2.020000000e+00  1.98735e-03  1.98735e-03  4.74683e-20
2.030000000e+00  1.96744e-03  1.96744e-03  9.86680e-20
2.040000000e+00  1.94771e-03  1.94771e-03  1.03081e-19
2.050000000e+00  1.92816e-03  1.92816e-03  1.25039e-19
2.060000000e+00  1.90880e-03  1.90880e-03  1.25487e-19
2.070000000e+00  1.88961e-03  1.88961e-03  1.63643e-19
2.080000000e+00  1.87061e-03  1.87061e-03  1.92259e-19
2.090000000e+00  1.85179e-03  1.85179e-03  1.92128e-19
2.100000000e+00  1.83315e-03  1.83315e-03  1.57309e-19
2.110000000e+00  1.81469e-03  1.81469e-03  1.01458e-19
2.120000000e+00  1.79641e-03  1.79641e-03  8.97304e-20
2.130000000e+00  1.77831e-03  1.77831e-03  3.44439e-20
2.140000000e+00  1.76039e-03  1.76039e-03  2.45696e-20
2.150000000e+00  1.74264e-03  1.74264e-03  9.87705e-20
2.160000000e+00  1.72507e-03  1.72507e-03  1.05358e-19
2.170000000e+00  1.70768e-03  1.70768e-03  1.28256e-19
2.180000000e+00  1.69046e-03  1.69046e-03  6.83792e-20
2.190000000e+00  1.67341e-03  1.67341e-03  2.94083e-20
2.200000000e+00  1.65654e-03  1.65654e-03  1.89927e-20
2.210000000e+00  1.63984e-03  1.63984e-03  1.49690e-20
2.220000000e+00  1.62331e-03  1.62331e-03  2.23646e-20
2.230000000e+00  1.60695e-03  1.60695e-03  2.27802e-20
2.240000000e+00  1.59076e-03  1.59076e-03  1.54768e-20
2.250000000e+00  1.57474e-03  1.57474e-03  1.87535e-20
2.260000000e+00  1.55889e-03  1.55889e-03  3.53726e-20
2.270000000e+00  1.54319e-03  1.54319e-03  2.46135e-20
2.280000000e+00  1.52767e-03  1.52767e-03  3.33471e-20
2.290000000e+00  1.51230e-03  1.51230e-03  3.13495e-20
2.300000000e+00  1.49710e-03  1.49710e-03  3.80058e-20
2.310000000e+00  1.48206e-03  1.48206e-03  4.54753e-20
2.320000000e+00  1.46718e-03  1.46718e-03  5.52617e-20
2.330000000e+00  1.45245e-03  1.45245e-03  6.80221e-20
2.340000000e+00  1.43788e-03  1.43788e-03  8.31114e-20
2.350000000e+00  1.42347e-03  1.42347e-03  1.01172e-19
2.360000000e+00  1.40921e-03  1.40921e-03  1.23999e-19
2.370000000e+00  1.39510e-03  1.39510e-03  1.44458e-19
2.380000000e+00  1.38115e-03  1.38115e-03  1.80346e-19
2.390000000e+00  1.36734e-03  1.36734e-03  2.21083e-19
2.400000000e+00  1.35368e-03  1.35368e-03  2.63152e-19
2.410000000e+00  1.34017e-03  1.34017e-03  3.21627e-19
2.420000000e+00  1.32681e-03  1.32681e-03  3.96028e-19
2.430000000e+00  1.31359e-03  1.31359e-03  3.98601e-19
2.440000000e+00  1.30051e-03  1.30051e-03  7.70780e-19
2.450000000e+00  1.28757e-03  1.28757e-03  7.26337e-19
2.460000000e+00  1.27478e-03  1.27478e-03  6.78335e-19
2.470000000e+00  1.26212e-03  1.26212e-03  9.19518e-19
2.480000000e+00  1.24960e-03  1.24960e-03  1.56476e-18
2.490000000e+00  1.23722e-03  1.23722e-03  2.95667e-18
2.500000000e+00  1.22498e-03  1.22498e-03  3.02505e-18
2.510000000e+00  1.21286e-03  1.21286e-03  3.26140e-18
2.520000000e+00  1.20088e-03  1.20088e-03  4.23172e-18
2.530000000e+00  1.18903e-03  1.18903e-03  4.55721e-18
2.540000000e+00  1.17731e-03  1.17731e-03  7.63999e-18
2.550000000e+00  1.16572e-03  1.16572e-03  1.20087e-17
2.560000000e+00  1.15425e-03  1.15425e-03  9.79902e-18
2.570000000e+00  1.14291e-03  1.14291e-03  2.56584e-17
2.580000000e+00  1.13170e-03  1.13170e-03  3.75191e-17
2.590000000e+00  1.12060e-03  1.12060e-03  4.98214e-17
2.600000000e+00  1.10963e-03  1.10963e-03  6.23550e-17
2.610000000e+00  1.09878e-03  1.09878e-03  7.02492e-17
2.620000000e+00  1.08805e-03  1.08805e-03  8.19069e-17
2.630000000e+00  1.07744e-03  1.07744e-03  7.99353e-17
2.640000000e+00  1.06694e-03  1.06694e-03  8.18757e-17
2.650000000e+00  1.05656e-03  1.05656e-03  7.77553e-17
2.660000000e+00  1.04629e-03  1.04629e-03  1.46716e-16
2.670000000e+00  1.03614e-03  1.03614e-03  1.06561e-16
2.680000000e+00  1.02610e-03  1.02610e-03  1.45015e-17
2.690000000e+00  1.01616e-03  1.01616e-03  5.72637e-18
2.700000000e+00  1.00634e-03  1.00634e-03  8.83368e-18
2.710000000e+00  9.96623e-04  9.96623e-04  1.08865e-17
2.720000000e+00  9.87014e-04  9.87014e-04  3.15669e-17
2.730000000e+00  9.77511e-04  9.77511e-04  8.79292e-17
2.740000000e+00  9.68112e-04  9.68112e-04  1.07953e-16
2.750000000e+00  9.58816e-04  9.58816e-04  5.61138e-17
2.760000000e+00  9.49622e-04  9.49622e-04  1.88982e-17
2.770000000e+00  9.40529e-04  9.40529e-04  2.01632e-17
2.780000000e+00  9.31536e-04  9.31536e-04  1.90219e-17
2.790000000e+00  9.22641e-04  9.22641e-04  2.88769e-17
2.800000000e+00  9.13844e-04  9.13844e-04  6.27199e-17
2.810000000e+00  9.05143e-04  9.05143e-04  1.16337e-16
2.820000000e+00  8.96538e-04  8.96538e-04  1.75323e-16
2.830000000e+00  8.88027e-04  8.88027e-04  2.42384e-16
2.840000000e+00  8.79608e-04  8.79608e-04  3.97840e-16
2.850000000e+00  8.71282e-04  8.71282e-04  3.62041e-16
2.860000000e+00  8.63047e-04  8.63047e-04  5.65374e-16
2.870000000e+00  8.54902e-04  8.54902e-04  1.12956e-15
2.880000000e+00  8.46846e-04  8.46846e-04  1.48714e-15
2.890000000e+00  8.38878e-04  8.38878e-04  1.99067e-15
2.900000000e+00  8.30996e-04  8.30996e-04  2.41950e-15
2.910000000e+00  8.23201e-04  8.23201e-04  2.52069e-15
2.920000000e+00  8.15490e-04  8.15490e-04  2.58524e-15
2.930000000e+00  8.07863e-04  8.07863e-04  2.55360e-15
2.940000000e+00  8.00320e-04  8.00320e-04  2.53092e-15
2.950000000e+00  7.92858e-04  7.92858e-04  2.52326e-15
2.960000000e+00  7.85477e-04  7.85477e-04  2.46639e-15
2.970000000e+00  7.78176e-04  7.78176e-04  2.35695e-15
2.980000000e+00  7.70954e-04  7.70954e-04  2.21851e-15
2.990000000e+00  7.63811e-04  7.63811e-04  2.22019e-15
3.000000000e+00  7.56745e-04  7.56745e-04  2.37161e-15
3.010000000e+00  7.49755e-04  7.49755e-04  2.56708e-15
3.020000000e+00  7.42841e-04  7.42841e-04  2.50847e-15
3.030000000e+00  7.36001e-04  7.36001e-04  2.63016e-15
3.040000000e+00  7.29236e-04  7.29236e-04  2.75455e-15
3.050000000e+00  7.22543e-04  7.22543e-04  2.83578e-15
3.060000000e+00  7.15922e-04  7.15922e-04  2.89003e-15
3.070000000e+00  7.09372e-04  7.09372e-04  2.96297e-15
3.080000000e+00  7.02893e-04  7.02893e-04  3.04353e-15
3.090000000e+00  6.96483e-04  6.96483e-04  3.15717e-15
3.100000000e+00  6.90142e-04  6.90142e-04  3.27932e-15
3.110000000e+00  6.83869e-04  6.83869e-04  3.39496e-15
3.120000000e+00  6.77663e-04  6.77663e-04  3.49061e-15
3.130000000e+00  6.71523e-04  6.71523e-04  3.59598e-15
3.140000000e+00  6.65449e-04  6.65449e-04  3.74060e-15
3.150000000e+00  6.59440e-04  6.59440e-04  3.88397e-15
3.160000000e+00  6.53494e-04  6.53494e-04  3.98229e-15
3.170000000e+00  6.47612e-04  6.47612e-04  4.08648e-15
3.180000000e+00  6.41793e-04  6.41793e-04  4.22659e-15
3.190000000e+00  6.36035e-04  6.36035e-04  4.36758e-15
3.200000000e+00  6.30339e-04  6.30339e-04  4.47363e-15
3.210000000e+00  6.24702e-04  6.24702e-04  4.53350e-15
3.220000000e+00  6.19126e-04  6.19126e-04  4.57768e-15
3.230000000e+00  6.13608e-04  6.13608e-04  4.62376e-15
3.240000000e+00  6.08149e-04  6.08149e-04  4.65192e-15
3.250000000e+00  6.02747e-04  6.02747e-04  4.68952e-15
3.260000000e+00  5.97402e-04  5.97402e-04  4.69778e-15
3.270000000e+00  5.92114e-04  5.92114e-04  4.69471e-15
3.280000000e+00  5.86881e-04  5.86881e-04  4.66159e-15
3.290000000e+00  5.81702e-04  5.81702e-04  4.60728e-15
3.300000000e+00  5.76579e-04  5.76579e-04  4.56743e-15
3.310000000e+00  5.71508e-04  5.71508e-04  4.50458e-15
3.320000000e+00  5.66491e-04  5.66491e-04  4.39775e-15
3.330000000e+00  5.61527e-04  5.61527e-04  4.34751e-15
3.340000000e+00  5.56614e-04  5.56614e-04  4.24271e-15
3.350000000e+00  5.51752e-04  5.51752e-04  4.15908e-15
3.360000000e+00  5.46941e-04  5.46941e-04  4.10059e-15
3.370000000e+00  5.42180e-04  5.42180e-04  3.90572e-15
3.380000000e+00  5.37468e-04  5.37468e-04  3.73952e-15
3.390000000e+00  5.32805e-04  5.32805e-04  3.60165e-15
3.400000000e+00  5.28190e-04  5.28190e-04  3.52466e-15
3.410000000e+00  5.23623e-04  5.23623e-04  3.44114e-15
3.420000000e+00  5.19104e-04  5.19104e-04  3.33569e-15
3.430000000e+00  5.14631e-04  5.14631e-04  3.21437e-15
3.440000000e+00  5.10203e-04  5.10203e-04  3.07704e-15
3.450000000e+00  5.05822e-04  5.05822e-04  2.93646e-15
3.460000000e+00  5.01485e-04  5.01485e-04  2.87439e-15
3.470000000e+00  4.97193e-04  4.97193e-04  2.83200e-15
3.480000000e+00  4.92945e-04  4.92945e-04  2.78170e-15
3.490000000e+00  4.88741e-04  4.88741e-04  2.71938e-15
3.500000000e+00  4.84579e-04  4.84579e-04  2.64414e-15
3.510000000e+00  4.80460e-04  4.80460e-04  2.55714e-15
3.520000000e+00  4.76383e-04  4.76383e-04  2.48188e-15
3.530000000e+00  4.72347e-04  4.72347e-04  2.47555e-15
3.540000000e+00  4.68352e-04  4.68352e-04  2.46779e-15
3.550000000e+00  4.64398e-04  4.64398e-04  2.45785e-15
3.560000000e+00  4.60484e-04  4.60484e-04  2.45748e-15
3.570000000e+00  4.56609e-04  4.56609e-04  2.47397e-15
3.580000000e+00  4.52774e-04  4.52774e-04  2.50584e-15
3.590000000e+00  4.48977e-04  4.48977e-04  2.64869e-15
3.600000000e+00  4.45219e-04  4.45219e-04  3.11973e-15
3.610000000e+00  4.41498e-04  4.41498e-04  3.70141e-15
3.620000000e+00  4.37815e-04  4.37815e-04  4.12139e-15
3.630000000e+00  4.34169e-04  4.34169e-04  3.62157e-15
3.640000000e+00  4.30559e-04  4.30559e-04  3.86266e-15
3.650000000e+00  4.26986e-04  4.26986e-04  4.37270e-15
3.660000000e+00  4.23448e-04  4.23448e-04  3.83499e-15
3.670000000e+00  4.19945e-04  4.19945e-04  3.17418e-15
3.680000000e+00  4.16478e-04  4.16478e-04  2.97342e-15
3.690000000e+00  4.13044e-04  4.13044e-04  3.01221e-15
3.700000000e+00  4.09645e-04  4.09645e-04  3.07994e-15
3.710000000e+00  4.06280e-04  4.06280e-04  3.13353e-15
3.720000000e+00  4.02948e-04  4.02948e-04  3.28635e-15
3.730000000e+00  3.99649e-04  3.99649e-04  3.38296e-15
3.740000000e+00  3.96383e-04  3.96383e-04  3.48707e-15
3.750000000e+00  3.93148e-04  3.93148e-04  3.71510e-15
3.760000000e+00  3.89946e-04  3.89946e-04  4.31740e-15
3.770000000e+00  3.86775e-04  3.86775e-04  5.17892e-15
3.780000000e+00  3.83635e-04  3.83635e-04  6.11414e-15
3.790000000e+00  3.80526e-04  3.80526e-04  7.60033e-15
3.800000000e+00  3.77448e-04  3.77448e-04  1.12896e-14
3.810000000e+00  3.74400e-04  3.74400e-04  1.63606e-14
3.820000000e+00  3.71381e-04  3.71381e-04  1.64529e-14
3.830000000e+00  3.68392e-04  3.68392e-04  1.24343e-14
3.840000000e+00  3.65432e-04  3.65432e-04  1.56217e-14
3.850000000e+00  3.62500e-04  3.62500e-04  1.78889e-14
3.860000000e+00  3.59597e-04  3.59597e-04  1.56582e-14
3.870000000e+00  3.56723e-04  3.56723e-04  1.18809e-14
3.880000000e+00  3.53876e-04  3.53876e-04  9.33128e-15
3.890000000e+00  3.51056e-04  3.51056e-04  8.33164e-15
3.900000000e+00  3.48264e-04  3.48264e-04  8.05530e-15
3.910000000e+00  3.45499e-04  3.45499e-04  8.26104e-15
3.920000000e+00  3.42760e-04  3.42760e-04  8.75650e-15
3.930000000e+00  3.40048e-04  3.40048e-04  9.58320e-15
3.940000000e+00  3.37361e-04  3.37361e-04  1.08504e-14
3.950000000e+00  3.34701e-04  3.34701e-04  1.25452e-14
3.960000000e+00  3.32066e-04  3.32066e-04  1.57421e-14
3.970000000e+00  3.29456e-04  3.29456e-04  1.95405e-14
3.980000000e+00  3.26870e-04  3.26870e-04  2.54646e-14
3.990000000e+00  3.24310e-04  3.24310e-04  2.94832e-14
4.000000000e+00  3.21774e-04  3.21774e-04  2.58905e-14
4.010000000e+00  3.19262e-04  3.19262e-04  2.46740e-14
4.020000000e+00  3.16773e-04  3.16773e-04  3.16447e-14
4.030000000e+00  3.14309e-04  3.14309e-04  3.24584e-14
4.040000000e+00  3.11867e-04  3.11867e-04  2.95829e-14
4.050000000e+00  3.09449e-04  3.09449e-04  2.56511e-14
4.060000000e+00  3.07053e-04  3.07053e-04  2.23154e-14
4.070000000e+00  3.04680e-04  3.04680e-04  2.20676e-14
4.080000000e+00  3.02329e-04  3.02329e-04  2.57449e-14
4.090000000e+00  3.00000e-04  3.00000e-04  3.12581e-14
4.100000000e+00  2.97693e-04  2.97693e-04  3.58831e-14
4.110000000e+00  2.95408e-04  2.95408e-04  3.62301e-14
4.120000000e+00  2.93144e-04  2.93144e-04  3.46368e-14
4.130000000e+00  2.90901e-04  2.90901e-04  3.58154e-14
4.140000000e+00  2.88679e-04  2.88679e-04  4.09563e-14
4.150000000e+00  2.86478e-04  2.86478e-04  4.09625e-14
4.160000000e+00  2.84297e-04  2.84297e-04  6.88908e-14
4.170000000e+00  2.82136e-04  2.82136e-04  1.53775e-13
4.180000000e+00  2.79995e-04  2.79995e-04  1.43983e-13
4.190000000e+00  2.77874e-04  2.77874e-04  8.92958e-14
4.200000000e+00  2.75773e-04  2.75773e-04  5.11750e-14
4.210000000e+00  2.73691e-04  2.73691e-04  2.71994e-14
4.220000000e+00  2.71628e-04  2.71628e-04  1.77232e-14
4.230000000e+00  2.69584e-04  2.69584e-04  1.70505e-14
4.240000000e+00  2.67559e-04  2.67559e-04  1.76311e-14
4.250000000e+00  2.65552e-04  2.65552e-04  1.82315e-14
4.260000000e+00  2.63564e-04  2.63564e-04  1.88345e-14
4.270000000e+00  2.61594e-04  2.61594e-04  1.94746e-14
4.280000000e+00  2.59642e-04  2.59642e-04  2.01194e-14
4.290000000e+00  2.57707e-04  2.57707e-04  2.07843e-14
4.300000000e+00  2.55790e-04  2.55790e-04  2.14611e-14
4.310000000e+00  2.53891e-04  2.53891e-04  2.22434e-14
4.320000000e+00  2.52009e-04  2.52009e-04  2.35432e-14
4.330000000e+00  2.50144e-04  2.50144e-04  2.66982e-14
4.340000000e+00  2.48295e-04  2.48295e-04  3.14307e-14
4.350000000e+00  2.46463e-04  2.46463e-04  3.61868e-14
4.360000000e+00  2.44648e-04  2.44648e-04  3.75095e-14
4.370000000e+00  2.42849e-04  2.42849e-04  4.01685e-14
4.380000000e+00  2.41067e-04  2.41067e-04  4.78345e-14
4.390000000e+00  2.39300e-04  2.39300e-04  5.91432e-14
4.400000000e+00  2.37549e-04  2.37549e-04  5.19132e-14
4.410000000e+00  2.35814e-04  2.35814e-04  5.39376e-14
4.420000000e+00  2.34094e-04  2.34094e-04  6.09867e-14
4.430000000e+00  2.32390e-04  2.32390e-04  7.29770e-14
4.440000000e+00  2.30700e-04  2.30700e-04  8.97643e-14
4.450000000e+00  2.29026e-04  2.29026e-04  1.18095e-13
4.460000000e+00  2.27367e-04  2.27367e-04  1.63051e-13
4.470000000e+00  2.25722e-04  2.25722e-04  2.03639e-13
4.480000000e+00  2.24092e-04  2.24092e-04  2.80173e-13
4.490000000e+00  2.22476e-04  2.22476e-04  3.36660e-13
4.500000000e+00  2.20874e-04  2.20874e-04  3.66157e-13
4.510000000e+00  2.19287e-04  2.19287e-04  3.72737e-13
4.520000000e+00  2.17714e-04  2.17714e-04  3.44546e-13
4.530000000e+00  2.16154e-04  2.16154e-04  2.91805e-13
4.540000000e+00  2.14608e-04  2.14608e-04  2.52569e-13
4.550000000e+00  2.13075e-04  2.13075e-04  2.21216e-13
4.560000000e+00  2.11556e-04  2.11556e-04  2.11021e-13
4.570000000e+00  2.10051e-04  2.10051e-04  2.00808e-13
4.580000000e+00  2.08558e-04  2.08558e-04  1.97157e-13
4.590000000e+00  2.07078e-04  2.07078e-04  1.95284e-13
4.600000000e+00  2.05611e-04  2.05611e-04  1.94520e-13
4.610000000e+00  2.04157e-04  2.04157e-04  1.95036e-13
4.620000000e+00  2.02716e-04  2.02716e-04  2.12293e-13
4.630000000e+00  2.01287e-04  2.01287e-04  2.20718e-13
4.640000000e+00  1.99870e-04  1.99870e-04  2.17970e-13
4.650000000e+00  1.98466e-04  1.98466e-04  2.18327e-13
4.660000000e+00  1.97073e-04  1.97073e-04  2.14685e-13
4.670000000e+00  1.95693e-04  1.95693e-04  2.13527e-13
4.680000000e+00  1.94324e-04  1.94324e-04  2.43167e-13
4.690000000e+00  1.92967e-04  1.92967e-04  2.61392e-13
4.700000000e+00  1.91622e-04  1.91622e-04  2.94034e-13
4.710000000e+00  1.90288e-04  1.90288e-04  4.02927e-13
4.720000000e+00  1.88966e-04  1.88966e-04  3.70305e-13
4.730000000e+00  1.87655e-04  1.87655e-04  4.39878e-13
4.740000000e+00  1.86355e-04  1.86355e-04  4.84639e-13
4.750000000e+00  1.85066e-04  1.85066e-04  5.11319e-13
4.760000000e+00  1.83788e-04  1.83788e-04  5.25740e-13
4.770000000e+00  1.82521e-04  1.82521e-04  5.29639e-13
4.780000000e+00  1.81265e-04  1.81265e-04  5.58011e-13
4.790000000e+00  1.80019e-04  1.80019e-04  6.18870e-13
4.800000000e+00  1.78783e-04  1.78783e-04  6.74951e-13
4.810000000e+00  1.77559e-04  1.77559e-04  7.20716e-13
4.820000000e+00  1.76344e-04  1.76344e-04  5.53963e-13
4.830000000e+00  1.75140e-04  1.75140e-04  6.83646e-13
4.840000000e+00  1.73945e-04  1.73945e-04  7.35098e-13
4.850000000e+00  1.72761e-04  1.72761e-04  7.55809e-13
4.860000000e+00  1.71587e-04  1.71587e-04  7.35718e-13
4.870000000e+00  1.70422e-04  1.70422e-04  7.79248e-13
4.880000000e+00  1.69267e-04  1.69267e-04  8.34013e-13
4.890000000e+00  1.68122e-04  1.68122e-04  7.96889e-13
4.900000000e+00  1.66986e-04  1.66986e-04  8.40542e-13
4.910000000e+00  1.65860e-04  1.65860e-04  8.12129e-13
4.920000000e+00  1.64743e-04  1.64743e-04  7.30874e-13
4.930000000e+00  1.63635e-04  1.63635e-04  6.64381e-13
4.940000000e+00  1.62536e-04  1.62536e-04  6.29716e-13
4.950000000e+00  1.61447e-04  1.61447e-04  6.45869e-13
4.960000000e+00  1.60366e-04  1.60366e-04  5.84165e-13
4.970000000e+00  1.59294e-04  1.59294e-04  5.29297e-13
4.980000000e+00  1.58232e-04  1.58232e-04  4.92925e-13
4.990000000e+00  1.57177e-04  1.57177e-04  4.16566e-13
5.000000000e+00  1.56132e-04  1.56132e-04  4.85799e-13
