results_atm.txt
# ------------------------------------------------------------------------
# Atmospheric radiances synthesized with PUMAS (Villanueva et al. 2016, Smith et al. 2009, Edwards 1992)
# Molecular abundance profile: 
# Molecules considered: N2,CO2,H2O
# Molecular sources: HIT[22],HIT[2],HIT[1]
# Molecular abundances: 1,1,1
# Molecular abundance units: scl,scl,scl
# Collission-Induced-Absorption:  N2-N2(3.33-5.41um)
# Rayleigh scattering included
# ------------------------------------------------------------------------
# Wave/freq TRAPPIST-1-e
1.000000000e+00  5.28077e-10
1.010000000e+00  5.31159e-10
1.020000000e+00  5.33957e-10
1.030000000e+00  5.36461e-10
1.040000000e+00  5.22955e-10
1.050000000e+00  5.40480e-10
1.060000000e+00  5.41337e-10
1.070000000e+00  5.39200e-10
1.080000000e+00  5.44521e-10
1.090000000e+00  5.45741e-10
1.100000000e+00  5.46274e-10
1.110000000e+00  5.46703e-10
1.120000000e+00  5.43205e-10
1.130000000e+00  5.41559e-10
1.140000000e+00  5.44743e-10
1.150000000e+00  5.43299e-10
1.160000000e+00  5.45364e-10
1.170000000e+00  5.45071e-10
1.180000000e+00  5.44014e-10
1.190000000e+00  5.42845e-10
1.200000000e+00  5.41636e-10
1.210000000e+00  4.52080e-10
1.220000000e+00  4.92411e-10
1.230000000e+00  5.08906e-10
1.240000000e+00  5.26548e-10
1.250000000e+00  5.32799e-10
1.260000000e+00  5.28626e-10
1.270000000e+00  5.26469e-10
1.280000000e+00  5.26591e-10
1.290000000e+00  5.20106e-10
1.300000000e+00  5.12400e-10
1.310000000e+00  5.18666e-10
1.320000000e+00  4.76430e-10
1.330000000e+00  5.12666e-10
1.340000000e+00  4.85642e-10
1.350000000e+00  5.00075e-10
1.360000000e+00  4.90193e-10
1.370000000e+00  4.83977e-10
1.380000000e+00  4.81651e-10
1.390000000e+00  4.82487e-10
1.400000000e+00  4.80050e-10
1.410000000e+00  4.74768e-10
1.420000000e+00  4.83165e-10
1.430000000e+00  4.76277e-10
1.440000000e+00  2.16416e-10
1.450000000e+00  3.88053e-10
1.460000000e+00  4.66164e-10
1.470000000e+00  4.63453e-10
1.480000000e+00  4.28584e-10
1.490000000e+00  4.51173e-10
1.500000000e+00  4.27248e-10
1.510000000e+00  4.51077e-10
1.520000000e+00  4.48141e-10
1.530000000e+00  4.11715e-10
1.540000000e+00  3.77365e-10
1.550000000e+00  4.26986e-10
1.560000000e+00  4.32056e-10
1.570000000e+00  3.82936e-10
1.580000000e+00  2.59727e-10
1.590000000e+00  4.01146e-10
1.600000000e+00  3.69605e-10
1.610000000e+00  2.54561e-10
1.620000000e+00  3.55566e-10
1.630000000e+00  3.88607e-10
1.640000000e+00  3.69428e-10
1.650000000e+00  3.59183e-10
1.660000000e+00  3.79731e-10
1.670000000e+00  3.81075e-10
1.680000000e+00  3.82622e-10
1.690000000e+00  3.86238e-10
1.700000000e+00  3.84338e-10
1.710000000e+00  3.77420e-10
1.720000000e+00  3.76724e-10
1.730000000e+00  3.74230e-10
1.740000000e+00  3.70879e-10
1.750000000e+00  3.67299e-10
1.760000000e+00  3.63278e-10
1.770000000e+00  3.60067e-10
1.780000000e+00  3.56869e-10
1.790000000e+00  3.53087e-10
1.800000000e+00  3.49693e-10
1.810000000e+00  3.45731e-10
1.820000000e+00  3.39029e-10
1.830000000e+00  3.32713e-10
1.840000000e+00  3.24041e-10
1.850000000e+00  3.22027e-10
1.860000000e+00  3.15921e-10
1.870000000e+00  3.16665e-10
1.880000000e+00  2.78946e-10
1.890000000e+00  2.79007e-10
1.900000000e+00  3.02244e-10
1.910000000e+00  2.99746e-10
1.920000000e+00  3.03507e-10
1.930000000e+00  3.00978e-10
1.940000000e+00  2.87272e-10
1.950000000e+00  1.54760e-10
1.960000000e+00  4.89249e-11
1.970000000e+00  5.36839e-11
1.980000000e+00  1.58446e-10
1.990000000e+00  2.19098e-10
2.000000000e+00  1.30200e-10
2.010000000e+00  2.91813e-11
2.020000000e+00  3.73061e-11
2.030000000e+00  9.70230e-11
2.040000000e+00  1.16839e-10
2.050000000e+00  1.05653e-10
2.060000000e+00  4.92580e-11
2.070000000e+00  5.37684e-11
2.080000000e+00  1.01963e-10
2.090000000e+00  1.31943e-10
2.100000000e+00  1.74238e-10
2.110000000e+00  2.10560e-10
2.120000000e+00  2.20290e-10
2.130000000e+00  2.41216e-10
2.140000000e+00  2.43621e-10
2.150000000e+00  2.21292e-10
2.160000000e+00  2.19523e-10
2.170000000e+00  2.16802e-10
2.180000000e+00  2.27775e-10
2.190000000e+00  2.34216e-10
2.200000000e+00  2.34098e-10
2.210000000e+00  2.32480e-10
2.220000000e+00  2.29189e-10
2.230000000e+00  2.27267e-10
2.240000000e+00  2.26197e-10
2.250000000e+00  2.23883e-10
2.260000000e+00  2.20481e-10
2.270000000e+00  2.19411e-10
2.280000000e+00  2.17056e-10
2.290000000e+00  2.15407e-10
2.300000000e+00  2.13271e-10
2.310000000e+00  2.11180e-10
2.320000000e+00  2.09131e-10
2.330000000e+00  2.07063e-10
2.340000000e+00  2.05014e-10
2.350000000e+00  2.02988e-10
2.360000000e+00  2.00982e-10
2.370000000e+00  1.99022e-10
2.380000000e+00  1.97010e-10
2.390000000e+00  1.94945e-10
2.400000000e+00  1.92910e-10
2.410000000e+00  1.90984e-10
2.420000000e+00  1.89362e-10
2.430000000e+00  1.87764e-10
2.440000000e+00  1.85086e-10
2.450000000e+00  1.83775e-10
2.460000000e+00  1.82365e-10
2.470000000e+00  1.80423e-10
2.480000000e+00  1.77459e-10
2.490000000e+00  1.70782e-10
2.500000000e+00  1.70457e-10
2.510000000e+00  1.69060e-10
2.520000000e+00  1.66537e-10
2.530000000e+00  1.68222e-10
2.540000000e+00  1.65336e-10
2.550000000e+00  1.61123e-10
2.560000000e+00  1.61582e-10
2.570000000e+00  1.49696e-10
2.580000000e+00  1.42232e-10
2.590000000e+00  1.36415e-10
2.600000000e+00  1.24607e-10
2.610000000e+00  1.30080e-10
2.620000000e+00  1.28047e-10
2.630000000e+00  1.34457e-10
2.640000000e+00  1.31959e-10
2.650000000e+00  1.40357e-10
2.660000000e+00  1.11557e-10
2.670000000e+00  1.33961e-11
2.680000000e+00  1.75589e-12
2.690000000e+00  5.06942e-13
2.700000000e+00  7.03766e-13
2.710000000e+00  7.13728e-13
2.720000000e+00  1.91317e-12
2.730000000e+00  4.25318e-12
2.740000000e+00  4.22840e-12
2.750000000e+00  1.95634e-12
2.760000000e+00  4.74414e-13
2.770000000e+00  3.75628e-13
2.780000000e+00  2.67437e-13
2.790000000e+00  3.26434e-13
2.800000000e+00  6.05740e-13
2.810000000e+00  9.40995e-13
2.820000000e+00  1.10636e-12
2.830000000e+00  1.17165e-12
2.840000000e+00  1.53514e-12
2.850000000e+00  9.89466e-13
2.860000000e+00  2.06528e-12
2.870000000e+00  6.78949e-12
2.880000000e+00  1.17434e-11
2.890000000e+00  1.99035e-11
2.900000000e+00  2.96908e-11
2.910000000e+00  3.49675e-11
2.920000000e+00  3.80403e-11
2.930000000e+00  3.89870e-11
2.940000000e+00  3.99871e-11
2.950000000e+00  4.13171e-11
2.960000000e+00  4.10087e-11
2.970000000e+00  3.75925e-11
2.980000000e+00  3.28248e-11
2.990000000e+00  3.17937e-11
3.000000000e+00  3.58971e-11
3.010000000e+00  4.00438e-11
3.020000000e+00  3.68701e-11
3.030000000e+00  3.91703e-11
3.040000000e+00  4.17216e-11
3.050000000e+00  4.29587e-11
3.060000000e+00  4.30526e-11
3.070000000e+00  4.39383e-11
3.080000000e+00  4.43062e-11
3.090000000e+00  4.40579e-11
3.100000000e+00  4.39751e-11
3.110000000e+00  4.35082e-11
3.120000000e+00  4.20406e-11
3.130000000e+00  4.09058e-11
3.140000000e+00  4.15760e-11
3.150000000e+00  4.27000e-11
3.160000000e+00  4.23946e-11
3.170000000e+00  4.19029e-11
3.180000000e+00  4.27738e-11
3.190000000e+00  4.37070e-11
3.200000000e+00  4.44223e-11
3.210000000e+00  4.50799e-11
3.220000000e+00  4.59997e-11
3.230000000e+00  4.66283e-11
3.240000000e+00  4.79282e-11
3.250000000e+00  4.85689e-11
3.260000000e+00  4.97289e-11
3.270000000e+00  5.03738e-11
3.280000000e+00  5.15799e-11
3.290000000e+00  5.28186e-11
3.300000000e+00  5.36294e-11
3.310000000e+00  5.45713e-11
3.320000000e+00  5.59184e-11
3.330000000e+00  5.65335e-11
3.340000000e+00  5.75798e-11
3.350000000e+00  5.82168e-11
3.360000000e+00  5.80288e-11
3.370000000e+00  5.98942e-11
3.380000000e+00  6.08130e-11
3.390000000e+00  6.15487e-11
3.400000000e+00  6.19722e-11
3.410000000e+00  6.22984e-11
3.420000000e+00  6.26479e-11
3.430000000e+00  6.29660e-11
3.440000000e+00  6.32713e-11
3.450000000e+00  6.35133e-11
3.460000000e+00  6.35066e-11
3.470000000e+00  6.34299e-11
3.480000000e+00  6.33347e-11
3.490000000e+00  6.32408e-11
3.500000000e+00  6.31431e-11
3.510000000e+00  6.30421e-11
3.520000000e+00  6.28888e-11
3.530000000e+00  6.25878e-11
3.540000000e+00  6.22761e-11
3.550000000e+00  6.19496e-11
3.560000000e+00  6.15712e-11
3.570000000e+00  6.10994e-11
3.580000000e+00  6.05587e-11
3.590000000e+00  5.97480e-11
3.600000000e+00  5.82058e-11
3.610000000e+00  5.66503e-11
3.620000000e+00  5.54880e-11
3.630000000e+00  5.63732e-11
3.640000000e+00  5.57424e-11
3.650000000e+00  5.46371e-11
3.660000000e+00  5.55289e-11
3.670000000e+00  5.65650e-11
3.680000000e+00  5.67368e-11
3.690000000e+00  5.63831e-11
3.700000000e+00  5.60116e-11
3.710000000e+00  5.56750e-11
3.720000000e+00  5.51622e-11
3.730000000e+00  5.47771e-11
3.740000000e+00  5.44198e-11
3.750000000e+00  5.38659e-11
3.760000000e+00  5.28424e-11
3.770000000e+00  5.16060e-11
3.780000000e+00  5.03749e-11
3.790000000e+00  4.88251e-11
3.800000000e+00  4.53828e-11
3.810000000e+00  4.08289e-11
3.820000000e+00  4.11329e-11
3.830000000e+00  4.44268e-11
3.840000000e+00  4.21219e-11
3.850000000e+00  4.07300e-11
3.860000000e+00  4.25489e-11
3.870000000e+00  4.52397e-11
3.880000000e+00  4.68122e-11
3.890000000e+00  4.73246e-11
3.900000000e+00  4.74566e-11
3.910000000e+00  4.72613e-11
3.920000000e+00  4.68647e-11
3.930000000e+00  4.62592e-11
3.940000000e+00  4.54204e-11
3.950000000e+00  4.44223e-11
3.960000000e+00  4.28343e-11
3.970000000e+00  4.12580e-11
3.980000000e+00  3.86375e-11
3.990000000e+00  3.70299e-11
4.000000000e+00  3.85779e-11
4.010000000e+00  3.91963e-11
4.020000000e+00  3.68076e-11
4.030000000e+00  3.67370e-11
4.040000000e+00  3.78442e-11
4.050000000e+00  3.92070e-11
4.060000000e+00  4.03687e-11
4.070000000e+00  4.04716e-11
4.080000000e+00  3.94888e-11
4.090000000e+00  3.82429e-11
4.100000000e+00  3.72850e-11
4.110000000e+00  3.72751e-11
4.120000000e+00  3.75501e-11
4.130000000e+00  3.73233e-11
4.140000000e+00  3.63815e-11
4.150000000e+00  3.65154e-11
4.160000000e+00  3.28609e-11
4.170000000e+00  1.33235e-11
4.180000000e+00  4.75249e-12
4.190000000e+00  2.55191e-12
4.200000000e+00  1.02468e-12
4.210000000e+00  3.23254e-13
4.220000000e+00  1.08849e-13
4.230000000e+00  6.26920e-14
4.240000000e+00  5.00455e-14
4.250000000e+00  4.79631e-14
4.260000000e+00  5.69998e-14
4.270000000e+00  6.11677e-14
4.280000000e+00  5.18702e-14
4.290000000e+00  5.32488e-14
4.300000000e+00  6.02270e-14
4.310000000e+00  6.91165e-14
4.320000000e+00  8.31740e-14
4.330000000e+00  1.18762e-13
4.340000000e+00  1.63940e-13
4.350000000e+00  2.05419e-13
4.360000000e+00  2.08088e-13
4.370000000e+00  2.24556e-13
4.380000000e+00  2.94098e-13
4.390000000e+00  4.07734e-13
4.400000000e+00  3.02424e-13
4.410000000e+00  3.05267e-13
4.420000000e+00  3.59411e-13
4.430000000e+00  4.64378e-13
4.440000000e+00  6.41889e-13
4.450000000e+00  9.76075e-13
4.460000000e+00  1.52461e-12
4.470000000e+00  1.96367e-12
4.480000000e+00  2.77453e-12
4.490000000e+00  3.62379e-12
4.500000000e+00  6.00196e-12
4.510000000e+00  1.05045e-11
4.520000000e+00  1.51202e-11
4.530000000e+00  1.98534e-11
4.540000000e+00  2.25950e-11
4.550000000e+00  2.43302e-11
4.560000000e+00  2.48178e-11
4.570000000e+00  2.52752e-11
4.580000000e+00  2.54122e-11
4.590000000e+00  2.54733e-11
4.600000000e+00  2.54582e-11
4.610000000e+00  2.53507e-11
4.620000000e+00  2.44605e-11
4.630000000e+00  2.40475e-11
4.640000000e+00  2.41553e-11
4.650000000e+00  2.40836e-11
4.660000000e+00  2.42355e-11
4.670000000e+00  2.41808e-11
4.680000000e+00  2.30282e-11
4.690000000e+00  2.23446e-11
4.700000000e+00  2.15037e-11
4.710000000e+00  1.50490e-11
4.720000000e+00  1.88302e-11
4.730000000e+00  1.65501e-11
4.740000000e+00  1.50878e-11
4.750000000e+00  1.40756e-11
4.760000000e+00  1.35487e-11
4.770000000e+00  1.39750e-11
4.780000000e+00  1.15807e-11
4.790000000e+00  9.46597e-12
4.800000000e+00  7.62802e-12
4.810000000e+00  5.00026e-12
4.820000000e+00  2.62078e-12
4.830000000e+00  3.07506e-12
4.840000000e+00  3.22943e-12
4.850000000e+00  3.13145e-12
4.860000000e+00  2.90910e-12
4.870000000e+00  3.15294e-12
4.880000000e+00  3.80125e-12
4.890000000e+00  4.60260e-12
4.900000000e+00  7.19614e-12
4.910000000e+00  9.65461e-12
4.920000000e+00  9.02612e-12
4.930000000e+00  1.36826e-11
4.940000000e+00  1.48363e-11
4.950000000e+00  1.44614e-11
4.960000000e+00  1.58814e-11
4.970000000e+00  1.73037e-11
4.980000000e+00  1.79101e-11
4.990000000e+00  1.92674e-11
5.000000000e+00  1.77943e-11
results_cfg.txt
<OBJECT-SUMMARY>Target: TRAPPIST-1 e for date (2017/05/25 15:22 UT); geometry: Observatory.
<OBJECT>Exoplanet
<OBJECT-NAME>TRAPPIST-1 e
<OBJECT-DATE>2017/05/25 15:22
<OBJECT-DIAMETER>11697
<OBJECT-GRAVITY>3.703632e+24
<OBJECT-GRAVITY-UNIT>kg
<OBJECT-STAR-DISTANCE>0.028170
<OBJECT-STAR-VELOCITY>0
<OBJECT-SOLAR-LONGITUDE>0
<OBJECT-SOLAR-LATITUDE>0
<OBJECT-SEASON>45
<OBJECT-SEASON-YEAR>2016
<OBJECT-STAR-TYPE>M
<OBJECT-STAR-TEMPERATURE>2559.0
<OBJECT-STAR-RADIUS>0.12
<OBJECT-OBS-LONGITUDE>0.0
<OBJECT-OBS-LATITUDE>89.860
<GEOMETRY>Observatory
<GEOMETRY-OFFSET-UNIT>arcsec
<GEOMETRY-OBS-ALTITUDE>12.10
<GEOMETRY-ALTITUDE-UNIT>pc
<GEOMETRY-OBS-ANGLE>48.121
<GEOMETRY-SOLAR-ANGLE>59.731
<GEOMETRY-PLANET-FRACTION>9.985186e-01
<GEOMETRY-STAR-DISTANCE>0.000000e+00
<GEOMETRY-STAR-FRACTION>0.000000e+00
<GEOMETRY-SOLAR-ANGLE>59.731
<GEOMETRY-PHASE>315.000
<ATMOSPHERE-STRUCTURE>Equilibrium
<ATMOSPHERE-WEIGHT>34.1482044034
<ATMOSPHERE-PRESSURE>1.3999815674
<ATMOSPHERE-PUNIT>bar
<ATMOSPHERE-NGAS>3
<ATMOSPHERE-GAS>N2,CO2,H2O
<ATMOSPHERE-TYPE>HIT[22],HIT[2],HIT[1]
<ATMOSPHERE-ABUN>1,1,1
<ATMOSPHERE-UNIT>scl,scl,scl
<ATMOSPHERE-NAERO>2
<ATMOSPHERE-AEROS>WaterIce,Cloud
<ATMOSPHERE-ATYPE>CRISM_Wolff[reff=2.0um 0.31-99.57um],White_GSFC[reff=1.0um 0.10-1000000.00um]
<ATMOSPHERE-AABUN>1,1
<ATMOSPHERE-AUNIT>scl,scl
<ATMOSPHERE-NMAX>0
<ATMOSPHERE-LMAX>0
<ATMOSPHERE-ASIZE>156.147234032,14.0
<ATMOSPHERE-LAYERS-MOLECULES>Altitude,N2,CO2,H2O,WaterIce,Cloud
<ATMOSPHERE-LAYERS>47
<ATMOSPHERE-LAYER-1>1.390E+00,2.938E+02,6.424E-02,7.391E-01,2.957E-01,1.769E-02,4.180E-10,1.617E-04
<ATMOSPHERE-LAYER-2>1.358E+00,2.934E+02,2.599E-01,7.394E-01,2.958E-01,1.721E-02,4.971E-15,8.877E-05
<ATMOSPHERE-LAYER-3>1.300E+00,2.929E+02,6.387E-01,7.401E-01,2.961E-01,1.594E-02,2.384E-26,5.855E-05
<ATMOSPHERE-LAYER-4>1.210E+00,2.912E+02,1.249E+00,7.420E-01,2.968E-01,1.266E-02,2.329E-12,3.306E-05
<ATMOSPHERE-LAYER-5>1.096E+00,2.884E+02,2.088E+00,7.442E-01,2.977E-01,8.889E-03,1.345E-08,2.240E-05
<ATMOSPHERE-LAYER-6>9.655E-01,2.838E+02,3.148E+00,7.458E-01,2.983E-01,6.251E-03,1.542E-07,2.055E-05
<ATMOSPHERE-LAYER-7>8.274E-01,2.775E+02,4.415E+00,7.466E-01,2.986E-01,4.845E-03,6.689E-07,2.434E-05
<ATMOSPHERE-LAYER-8>6.982E-01,2.701E+02,5.776E+00,7.474E-01,2.990E-01,3.507E-03,1.255E-06,3.373E-05
<ATMOSPHERE-LAYER-9>5.884E-01,2.630E+02,7.112E+00,7.480E-01,2.992E-01,2.406E-03,2.493E-06,5.330E-05
<ATMOSPHERE-LAYER-10>4.950E-01,2.563E+02,8.425E+00,7.485E-01,2.994E-01,1.593E-03,4.423E-06,6.262E-05
<ATMOSPHERE-LAYER-11>4.156E-01,2.500E+02,9.720E+00,7.488E-01,2.995E-01,1.004E-03,9.477E-06,4.245E-05
<ATMOSPHERE-LAYER-12>3.482E-01,2.437E+02,1.100E+01,7.490E-01,2.996E-01,6.236E-04,1.223E-05,1.710E-05
<ATMOSPHERE-LAYER-13>2.908E-01,2.372E+02,1.227E+01,7.492E-01,2.997E-01,3.735E-04,1.207E-05,5.413E-06
<ATMOSPHERE-LAYER-14>2.421E-01,2.303E+02,1.352E+01,7.493E-01,2.997E-01,2.015E-04,5.856E-06,2.198E-07
<ATMOSPHERE-LAYER-15>2.007E-01,2.230E+02,1.477E+01,7.494E-01,2.998E-01,9.779E-05,4.599E-06,0.000E+00
<ATMOSPHERE-LAYER-16>1.655E-01,2.159E+02,1.601E+01,7.494E-01,2.998E-01,4.292E-05,3.863E-06,0.000E+00
<ATMOSPHERE-LAYER-17>1.355E-01,2.097E+02,1.725E+01,7.494E-01,2.998E-01,1.938E-05,2.975E-06,0.000E+00
<ATMOSPHERE-LAYER-18>1.101E-01,2.060E+02,1.851E+01,7.494E-01,2.998E-01,1.228E-05,1.687E-06,0.000E+00
<ATMOSPHERE-LAYER-19>8.867E-02,2.055E+02,1.982E+01,7.494E-01,2.998E-01,1.107E-05,3.616E-07,0.000E+00
<ATMOSPHERE-LAYER-20>7.287E-02,2.061E+02,2.100E+01,7.494E-01,2.998E-01,1.086E-05,2.615E-08,0.000E+00
<ATMOSPHERE-LAYER-21>6.152E-02,2.066E+02,2.202E+01,7.494E-01,2.998E-01,1.070E-05,1.493E-08,0.000E+00
<ATMOSPHERE-LAYER-22>5.168E-02,2.065E+02,2.307E+01,7.494E-01,2.998E-01,1.054E-05,1.194E-08,0.000E+00
<ATMOSPHERE-LAYER-23>4.319E-02,2.059E+02,2.416E+01,7.494E-01,2.998E-01,1.040E-05,9.598E-09,0.000E+00
<ATMOSPHERE-LAYER-24>3.592E-02,2.048E+02,2.526E+01,7.494E-01,2.998E-01,1.031E-05,8.572E-09,0.000E+00
<ATMOSPHERE-LAYER-25>2.973E-02,2.033E+02,2.639E+01,7.494E-01,2.998E-01,1.033E-05,7.991E-09,0.000E+00
<ATMOSPHERE-LAYER-26>2.448E-02,2.015E+02,2.754E+01,7.494E-01,2.998E-01,1.055E-05,2.080E-08,0.000E+00
<ATMOSPHERE-LAYER-27>2.006E-02,1.994E+02,2.871E+01,7.494E-01,2.998E-01,1.070E-05,8.432E-08,0.000E+00
<ATMOSPHERE-LAYER-28>1.635E-02,1.971E+02,2.990E+01,7.494E-01,2.998E-01,1.060E-05,1.620E-07,0.000E+00
<ATMOSPHERE-LAYER-29>1.326E-02,1.948E+02,3.110E+01,7.494E-01,2.998E-01,1.032E-05,2.173E-07,0.000E+00
<ATMOSPHERE-LAYER-30>1.071E-02,1.927E+02,3.231E+01,7.494E-01,2.998E-01,9.974E-06,2.671E-07,0.000E+00
<ATMOSPHERE-LAYER-31>8.600E-03,1.913E+02,3.354E+01,7.494E-01,2.998E-01,9.677E-06,2.423E-07,0.000E+00
<ATMOSPHERE-LAYER-32>6.873E-03,1.905E+02,3.480E+01,7.494E-01,2.998E-01,9.415E-06,1.701E-07,0.000E+00
<ATMOSPHERE-LAYER-33>5.465E-03,1.898E+02,3.607E+01,7.494E-01,2.998E-01,9.111E-06,1.230E-07,0.000E+00
<ATMOSPHERE-LAYER-34>4.325E-03,1.887E+02,3.737E+01,7.494E-01,2.998E-01,8.773E-06,1.070E-07,0.000E+00
<ATMOSPHERE-LAYER-35>3.405E-03,1.872E+02,3.868E+01,7.494E-01,2.998E-01,8.339E-06,1.126E-07,0.000E+00
<ATMOSPHERE-LAYER-36>2.667E-03,1.852E+02,4.001E+01,7.494E-01,2.998E-01,7.867E-06,1.308E-07,0.000E+00
<ATMOSPHERE-LAYER-37>2.079E-03,1.829E+02,4.136E+01,7.494E-01,2.998E-01,7.592E-06,1.383E-07,0.000E+00
<ATMOSPHERE-LAYER-38>1.613E-03,1.811E+02,4.271E+01,7.494E-01,2.998E-01,7.524E-06,1.435E-07,0.000E+00
<ATMOSPHERE-LAYER-39>1.245E-03,1.807E+02,4.408E+01,7.494E-01,2.998E-01,7.647E-06,8.797E-08,0.000E+00
<ATMOSPHERE-LAYER-40>9.559E-04,1.814E+02,4.548E+01,7.494E-01,2.998E-01,7.830E-06,5.507E-08,0.000E+00
<ATMOSPHERE-LAYER-41>3.776E-04,1.814E+02,6.042E+01,7.494E-01,2.998E-01,7.830E-06,5.507E-08,0.000E+00
<ATMOSPHERE-LAYER-42>2.615E-04,1.814E+02,6.633E+01,7.494E-01,2.998E-01,7.830E-06,5.507E-08,0.000E+00
<ATMOSPHERE-LAYER-43>1.566E-04,1.814E+02,7.458E+01,7.494E-01,2.998E-01,7.830E-06,5.507E-08,0.000E+00
<ATMOSPHERE-LAYER-44>7.656E-05,1.814E+02,8.609E+01,7.494E-01,2.998E-01,7.830E-06,5.507E-08,0.000E+00
<ATMOSPHERE-LAYER-45>2.820E-05,1.814E+02,1.022E+02,7.494E-01,2.998E-01,7.830E-06,5.507E-08,0.000E+00
<ATMOSPHERE-LAYER-46>6.996E-06,1.814E+02,1.246E+02,7.494E-01,2.998E-01,7.830E-06,5.507E-08,0.000E+00
<ATMOSPHERE-LAYER-47>1.000E-06,1.814E+02,1.559E+02,7.494E-01,2.998E-01,7.830E-06,5.507E-08,0.000E+00
<SURFACE-TEMPERATURE>294.074707
<SURFACE-ALBEDO>0.1459557
<SURFACE-EMISSIVITY>0.8540443
results_lyr.txt
# ----------------------------------------------------------------------------------------------
# NASA-GSFC Planetary Spectrum Generator (PSG, Villanueva et al. 2015)
# Atmospheric layering information considered by PUMAS
# Synthesized on Tue Nov 21 15:10:11 2017
# Radiative transfer method: correlated-k
# Synthesis spectral resolution [cm-1] and resolving power: 8.913678 5.010e+02
# Scattering parameters (nmax, lmax): 0 0
# ----------------------------------------------------------------------------------------------
# Molecular abundance profile: 
# Molecules considered: N2,CO2,H2O
# Molecular sources: HIT[22],HIT[2],HIT[1]
# Molecular abundances: 1,1,1
# Molecular abundance units: scl,scl,scl
# Collission-Induced-Absorption:  N2-N2(3.33-5.41um)
# Rayleigh scattering included
# ----------------------------------------------------------------------------------------------
# Aerosols considered: WaterIce,Cloud
# Aerosols sources: CRISM_Wolff[reff=2.0um 0.31-99.57um],White_GSFC[reff=1.0um 0.10-1000000.00um]
# Aerosols abundances: 1,1
# Aerosols abundance units: scl,scl
# Aerosols sizes [um]: 156.147234032,14.0
# ----------------------------------------------------------------------------------------------
# Input layer-by-layer atmospheric profile
# Molecular abundances in molec/molec and aerosols in kg/kg
# ----------------------------------------------------------------------------------------------
# Alt[km] Pressure[bar] Temp[K]         N2        CO2        H2O   WaterIce      Cloud
# ----------------------------------------------------------------------------------------------
    0.000   1.400e+00   294.075   7.391e-01  2.957e-01  1.769e-02  4.180e-10  1.617e-04
    0.260   1.358e+00   293.400   7.394e-01  2.958e-01  1.721e-02  4.971e-15  8.877e-05
    0.639   1.300e+00   292.900   7.401e-01  2.961e-01  1.594e-02  2.384e-26  5.855e-05
    1.249   1.210e+00   291.200   7.420e-01  2.968e-01  1.266e-02  2.329e-12  3.306e-05
    2.088   1.096e+00   288.400   7.442e-01  2.977e-01  8.889e-03  1.345e-08  2.240e-05
    3.148   9.655e-01   283.800   7.458e-01  2.983e-01  6.251e-03  1.542e-07  2.055e-05
    4.415   8.274e-01   277.500   7.466e-01  2.986e-01  4.845e-03  6.689e-07  2.434e-05
    5.776   6.982e-01   270.100   7.474e-01  2.990e-01  3.507e-03  1.255e-06  3.373e-05
    7.112   5.884e-01   263.000   7.480e-01  2.992e-01  2.406e-03  2.493e-06  5.330e-05
    8.425   4.950e-01   256.300   7.485e-01  2.994e-01  1.593e-03  4.423e-06  6.262e-05
    9.720   4.156e-01   250.000   7.488e-01  2.995e-01  1.004e-03  9.477e-06  4.245e-05
   11.000   3.482e-01   243.700   7.490e-01  2.996e-01  6.236e-04  1.223e-05  1.710e-05
   12.270   2.908e-01   237.200   7.492e-01  2.997e-01  3.735e-04  1.207e-05  5.413e-06
   13.520   2.421e-01   230.300   7.493e-01  2.997e-01  2.015e-04  5.856e-06  2.198e-07
   14.770   2.007e-01   223.000   7.494e-01  2.998e-01  9.779e-05  4.599e-06  0.000e+00
   16.010   1.655e-01   215.900   7.494e-01  2.998e-01  4.292e-05  3.863e-06  0.000e+00
   17.250   1.355e-01   209.700   7.494e-01  2.998e-01  1.938e-05  2.975e-06  0.000e+00
   18.510   1.101e-01   206.000   7.494e-01  2.998e-01  1.228e-05  1.687e-06  0.000e+00
   19.820   8.867e-02   205.500   7.494e-01  2.998e-01  1.107e-05  3.616e-07  0.000e+00
   21.000   7.287e-02   206.100   7.494e-01  2.998e-01  1.086e-05  2.615e-08  0.000e+00
   22.020   6.152e-02   206.600   7.494e-01  2.998e-01  1.070e-05  1.493e-08  0.000e+00
   23.070   5.168e-02   206.500   7.494e-01  2.998e-01  1.054e-05  1.194e-08  0.000e+00
   24.160   4.319e-02   205.900   7.494e-01  2.998e-01  1.040e-05  9.598e-09  0.000e+00
   25.260   3.592e-02   204.800   7.494e-01  2.998e-01  1.031e-05  8.572e-09  0.000e+00
   26.390   2.973e-02   203.300   7.494e-01  2.998e-01  1.033e-05  7.991e-09  0.000e+00
   27.540   2.448e-02   201.500   7.494e-01  2.998e-01  1.055e-05  2.080e-08  0.000e+00
   28.710   2.006e-02   199.400   7.494e-01  2.998e-01  1.070e-05  8.432e-08  0.000e+00
   29.900   1.635e-02   197.100   7.494e-01  2.998e-01  1.060e-05  1.620e-07  0.000e+00
   31.100   1.326e-02   194.800   7.494e-01  2.998e-01  1.032e-05  2.173e-07  0.000e+00
   32.310   1.071e-02   192.700   7.494e-01  2.998e-01  9.974e-06  2.671e-07  0.000e+00
   33.540   8.600e-03   191.300   7.494e-01  2.998e-01  9.677e-06  2.423e-07  0.000e+00
   34.800   6.873e-03   190.500   7.494e-01  2.998e-01  9.415e-06  1.701e-07  0.000e+00
   36.070   5.465e-03   189.800   7.494e-01  2.998e-01  9.111e-06  1.230e-07  0.000e+00
   37.370   4.325e-03   188.700   7.494e-01  2.998e-01  8.773e-06  1.070e-07  0.000e+00
   38.680   3.405e-03   187.200   7.494e-01  2.998e-01  8.339e-06  1.126e-07  0.000e+00
   40.010   2.667e-03   185.200   7.494e-01  2.998e-01  7.867e-06  1.308e-07  0.000e+00
   41.360   2.079e-03   182.900   7.494e-01  2.998e-01  7.592e-06  1.383e-07  0.000e+00
   42.710   1.613e-03   181.100   7.494e-01  2.998e-01  7.524e-06  1.435e-07  0.000e+00
   44.080   1.245e-03   180.700   7.494e-01  2.998e-01  7.647e-06  8.797e-08  0.000e+00
   45.480   9.559e-04   181.400   7.494e-01  2.998e-01  7.830e-06  5.507e-08  0.000e+00
   60.420   3.776e-04   181.400   7.494e-01  2.998e-01  7.830e-06  5.507e-08  0.000e+00
   66.330   2.615e-04   181.400   7.494e-01  2.998e-01  7.830e-06  5.507e-08  0.000e+00
   74.580   1.566e-04   181.400   7.494e-01  2.998e-01  7.830e-06  5.507e-08  0.000e+00
   86.090   7.656e-05   181.400   7.494e-01  2.998e-01  7.830e-06  5.507e-08  0.000e+00
  102.200   2.820e-05   181.400   7.494e-01  2.998e-01  7.830e-06  5.507e-08  0.000e+00
  124.600   6.996e-06   181.400   7.494e-01  2.998e-01  7.830e-06  5.507e-08  0.000e+00
  155.900   1.000e-06   181.400   7.494e-01  2.998e-01  7.830e-06  5.507e-08  0.000e+00
#
# ----------------------------------------------------------------------------------------------
# Curtis-Godson integrated layer information used by the radiative transfer analysis
# Oblique molecular layer columns in molec/m2 and aerosols in kg/m2
# ----------------------------------------------------------------------------------------------
# Low[km]  High[km]  Path[km] Pressure[bar] Temp[K]   Airmass   dcol[m-2]         N2        CO2        H2O   WaterIce      Cloud
# ----------------------------------------------------------------------------------------------
    0.000     0.260     0.389   1.379e+00   293.740    1.4980   1.327e+28  9.811e+27  3.925e+27  2.316e+26  3.944e-08  9.173e-02
    0.260     0.639     0.567   1.329e+00   293.152    1.4979   1.866e+28  1.380e+28  5.523e+27  3.093e+26  6.064e-13  7.698e-02
    0.639     1.249     0.914   1.255e+00   292.060    1.4977   2.847e+28  2.110e+28  8.439e+27  4.059e+26  2.051e-10  7.224e-02
    1.249     2.088     1.256   1.153e+00   289.822    1.4975   3.620e+28  2.690e+28  1.076e+28  3.871e+26  3.161e-06  5.639e-02
    2.088     3.148     1.587   1.031e+00   286.144    1.4972   4.138e+28  3.083e+28  1.233e+28  3.111e+26  1.327e-04  5.040e-02
    3.148     4.415     1.896   8.962e-01   280.721    1.4968   4.380e+28  3.269e+28  1.307e+28  2.424e+26  8.575e-04  5.551e-02
    4.415     5.776     2.037   7.625e-01   273.890    1.4964   4.101e+28  3.063e+28  1.225e+28  1.704e+26  2.149e-03  6.666e-02
    5.776     7.112     1.999   6.431e-01   266.637    1.4959   3.486e+28  2.607e+28  1.043e+28  1.023e+26  3.536e-03  8.408e-02
    7.112     8.425     1.964   5.415e-01   259.734    1.4955   2.961e+28  2.215e+28  8.861e+27  5.868e+25  5.611e-03  9.690e-02
    8.425     9.720     1.936   4.552e-01   253.231    1.4951   2.517e+28  1.884e+28  7.536e+27  3.230e+25  9.373e-03  7.441e-02
    9.720    11.000     1.913   3.818e-01   246.931    1.4947   2.139e+28  1.602e+28  6.407e+27  1.719e+25  1.305e-02  3.421e-02
   11.000    12.270     1.898   3.194e-01   240.535    1.4943   1.822e+28  1.365e+28  5.460e+27  8.950e+24  1.256e-02  1.065e-02
   12.270    13.520     1.867   2.663e-01   233.840    1.4939   1.538e+28  1.152e+28  4.609e+27  4.321e+24  7.563e-03  1.476e-03
   13.520    14.770     1.867   2.213e-01   226.747    1.4935   1.317e+28  9.872e+27  3.949e+27  1.908e+24  3.898e-03  9.490e-08
   14.770    16.010     1.851   1.830e-01   219.547    1.4931   1.116e+28  8.361e+27  3.345e+27  7.518e+23  2.676e-03  0.000e+00
   16.010    17.250     1.851   1.504e-01   212.890    1.4927   9.453e+27  7.084e+27  2.834e+27  2.831e+23  1.829e-03  0.000e+00
   17.250    18.510     1.880   1.228e-01   207.910    1.4924   8.020e+27  6.010e+27  2.405e+27  1.257e+23  1.042e-03  0.000e+00
   18.510    19.820     1.954   9.939e-02   205.759    1.4920   6.815e+27  5.107e+27  2.043e+27  7.964e+22  3.418e-04  0.000e+00
   19.820    21.000     1.760   8.078e-02   205.790    1.4916   4.991e+27  3.740e+27  1.496e+27  5.474e+22  3.775e-05  0.000e+00
   21.000    22.020     1.521   6.720e-02   206.343    1.4912   3.582e+27  2.684e+27  1.074e+27  3.862e+22  4.099e-06  0.000e+00
   22.020    23.070     1.565   5.660e-02   206.551    1.4909   3.101e+27  2.324e+27  9.298e+26  3.294e+22  2.361e-06  0.000e+00
   23.070    24.160     1.625   4.744e-02   206.209    1.4906   2.702e+27  2.025e+27  8.099e+26  2.829e+22  1.649e-06  0.000e+00
   24.160    25.260     1.639   3.955e-02   205.367    1.4902   2.282e+27  1.710e+27  6.841e+26  2.363e+22  1.176e-06  0.000e+00
   25.260    26.390     1.684   3.282e-02   204.073    1.4899   1.957e+27  1.466e+27  5.867e+26  2.019e+22  9.196e-07  0.000e+00
   26.390    27.540     1.713   2.710e-02   202.428    1.4895   1.657e+27  1.242e+27  4.968e+26  1.729e+22  1.240e-06  0.000e+00
   27.540    28.710     1.742   2.227e-02   200.484    1.4892   1.398e+27  1.048e+27  4.192e+26  1.485e+22  3.521e-06  0.000e+00
   28.710    29.900     1.772   1.820e-02   198.288    1.4888   1.175e+27  8.804e+26  3.522e+26  1.251e+22  7.841e-06  0.000e+00
   29.900    31.100     1.786   1.480e-02   195.989    1.4884   9.743e+26  7.302e+26  2.921e+26  1.020e+22  1.035e-05  0.000e+00
   31.100    32.310     1.801   1.198e-02   193.786    1.4881   8.040e+26  6.025e+26  2.410e+26  8.162e+21  1.096e-05  0.000e+00
   32.310    33.540     1.830   9.654e-03   192.025    1.4877   6.641e+26  4.977e+26  1.991e+26  6.529e+21  9.601e-06  0.000e+00
   33.540    34.800     1.874   7.736e-03   190.915    1.4873   5.481e+26  4.107e+26  1.643e+26  5.234e+21  6.384e-06  0.000e+00
   34.800    36.070     1.888   6.169e-03   190.163    1.4869   4.420e+26  3.313e+26  1.325e+26  4.097e+21  3.664e-06  0.000e+00
   36.070    37.370     1.932   4.895e-03   189.271    1.4865   3.606e+26  2.702e+26  1.081e+26  3.226e+21  2.354e-06  0.000e+00
   37.370    38.680     1.947   3.865e-03   187.979    1.4861   2.887e+26  2.164e+26  8.656e+25  2.472e+21  1.795e-06  0.000e+00
   38.680    40.010     1.976   3.036e-03   186.239    1.4857   2.323e+26  1.741e+26  6.964e+25  1.884e+21  1.595e-06  0.000e+00
   40.010    41.360     2.005   2.373e-03   184.096    1.4853   1.864e+26  1.397e+26  5.587e+25  1.441e+21  1.420e-06  0.000e+00
   41.360    42.710     2.005   1.846e-03   182.037    1.4849   1.465e+26  1.098e+26  4.393e+25  1.108e+21  1.170e-06  0.000e+00
   42.710    44.080     2.034   1.429e-03   180.909    1.4845   1.158e+26  8.676e+25  3.471e+25  8.779e+20  7.529e-07  0.000e+00
   44.080    45.480     2.078   1.101e-03   181.034    1.4841   9.100e+25  6.819e+25  2.728e+25  7.038e+20  3.663e-07  0.000e+00
   45.480    60.420    22.135   6.673e-04   181.400    1.4816   5.505e+26  4.125e+26  1.650e+26  4.310e+21  1.719e-06  0.000e+00
   60.420    66.330     8.738   3.196e-04   181.400    1.4785   1.103e+26  8.264e+25  3.306e+25  8.634e+20  3.443e-07  0.000e+00
   66.330    74.580    12.180   2.091e-04   181.400    1.4764   9.952e+25  7.458e+25  2.984e+25  7.792e+20  3.108e-07  0.000e+00
   74.580    86.090    16.960   1.166e-04   181.400    1.4735   7.576e+25  5.677e+25  2.271e+25  5.932e+20  2.366e-07  0.000e+00
   86.090   102.200    23.674   5.244e-05   181.400    1.4695   4.579e+25  3.431e+25  1.373e+25  3.585e+20  1.430e-07  0.000e+00
  102.200   124.600    32.795   1.767e-05   181.400    1.4641   1.993e+25  1.494e+25  5.976e+24  1.561e+20  6.224e-08  0.000e+00
  124.600   155.900    45.593   4.052e-06   181.400    1.4567   5.621e+24  4.212e+24  1.685e+24  4.401e+19  1.755e-08  0.000e+00
# ----------------------------------------------------------------------------------------------
# Integrated atmospheric columns                       1.4955   4.446e+29  3.319e+29  1.328e+29  2.285e+27  6.473e-02  7.716e-01
# ----------------------------------------------------------------------------------------------
results_rad.txt
# ------------------------------------------------------------------------
# Radiance spectrum
# NASA-GSFC Planetary Spectrum Generator (PSG) (Villanueva et al. 2015)
# Synthesized on Tue Nov 21 15:10:11 2017
# ------------------------------------------------------------------------
# Atmospheric radiances synthesized with PUMAS (Villanueva et al. 2016, Smith et al. 2009, Edwards 1992)
# Molecular abundance profile: 
# Molecules considered: N2,CO2,H2O
# Molecular sources: HIT[22],HIT[2],HIT[1]
# Molecular abundances: 1,1,1
# Molecular abundance units: scl,scl,scl
# Collission-Induced-Absorption:  N2-N2(3.33-5.41um)
# Rayleigh scattering included
# ------------------------------------------------------------------------
# Spectral unit: Wavelength [um]
# Radiance unit: Spectral radiance [W/sr/m2/um]
# Wave/freq Total Stellar TRAPPIST-1-e
1.000000000e+00  3.68049e-03  3.68049e-03  5.28077e-10
1.010000000e+00  3.70309e-03  3.70309e-03  5.31159e-10
1.020000000e+00  3.72363e-03  3.72363e-03  5.33957e-10
1.030000000e+00  3.74214e-03  3.74214e-03  5.36461e-10
1.040000000e+00  3.75867e-03  3.75867e-03  5.22955e-10
1.050000000e+00  3.77328e-03  3.77327e-03  5.40480e-10
1.060000000e+00  3.78601e-03  3.78601e-03  5.41337e-10
1.070000000e+00  3.79691e-03  3.79691e-03  5.39200e-10
1.080000000e+00  3.80605e-03  3.80605e-03  5.44521e-10
1.090000000e+00  3.81347e-03  3.81347e-03  5.45741e-10
1.100000000e+00  3.81923e-03  3.81922e-03  5.46274e-10
1.110000000e+00  3.82337e-03  3.82337e-03  5.46703e-10
1.120000000e+00  3.82595e-03  3.82595e-03  5.43205e-10
1.130000000e+00  3.82703e-03  3.82703e-03  5.41559e-10
1.140000000e+00  3.82666e-03  3.82666e-03  5.44743e-10
1.150000000e+00  3.82489e-03  3.82489e-03  5.43299e-10
1.160000000e+00  3.82177e-03  3.82177e-03  5.45364e-10
1.170000000e+00  3.81735e-03  3.81734e-03  5.45071e-10
1.180000000e+00  3.81168e-03  3.81168e-03  5.44014e-10
1.190000000e+00  3.80481e-03  3.80481e-03  5.42845e-10
1.200000000e+00  3.79680e-03  3.79679e-03  5.41636e-10
1.210000000e+00  3.78768e-03  3.78768e-03  4.52080e-10
1.220000000e+00  3.77751e-03  3.77751e-03  4.92411e-10
1.230000000e+00  3.76632e-03  3.76632e-03  5.08906e-10
1.240000000e+00  3.75418e-03  3.75418e-03  5.26548e-10
1.250000000e+00  3.74111e-03  3.74111e-03  5.32799e-10
1.260000000e+00  3.72717e-03  3.72717e-03  5.28626e-10
1.270000000e+00  3.71239e-03  3.71239e-03  5.26469e-10
1.280000000e+00  3.69682e-03  3.69682e-03  5.26591e-10
1.290000000e+00  3.68049e-03  3.68049e-03  5.20106e-10
1.300000000e+00  3.66345e-03  3.66345e-03  5.12400e-10
1.310000000e+00  3.64573e-03  3.64573e-03  5.18666e-10
1.320000000e+00  3.62737e-03  3.62736e-03  4.76430e-10
1.330000000e+00  3.60839e-03  3.60839e-03  5.12666e-10
1.340000000e+00  3.58885e-03  3.58885e-03  4.85642e-10
1.350000000e+00  3.56877e-03  3.56877e-03  5.00075e-10
1.360000000e+00  3.54817e-03  3.54817e-03  4.90193e-10
1.370000000e+00  3.52711e-03  3.52711e-03  4.83977e-10
1.380000000e+00  3.50559e-03  3.50559e-03  4.81651e-10
1.390000000e+00  3.48366e-03  3.48366e-03  4.82487e-10
1.400000000e+00  3.46134e-03  3.46134e-03  4.80050e-10
1.410000000e+00  3.43866e-03  3.43866e-03  4.74768e-10
1.420000000e+00  3.41564e-03  3.41564e-03  4.83165e-10
1.430000000e+00  3.39231e-03  3.39231e-03  4.76277e-10
1.440000000e+00  3.36870e-03  3.36870e-03  2.16416e-10
1.450000000e+00  3.34482e-03  3.34482e-03  3.88053e-10
1.460000000e+00  3.32070e-03  3.32070e-03  4.66164e-10
1.470000000e+00  3.29636e-03  3.29636e-03  4.63453e-10
1.480000000e+00  3.27183e-03  3.27183e-03  4.28584e-10
1.490000000e+00  3.24712e-03  3.24711e-03  4.51173e-10
1.500000000e+00  3.22224e-03  3.22224e-03  4.27248e-10
1.510000000e+00  3.19723e-03  3.19723e-03  4.51077e-10
1.520000000e+00  3.17209e-03  3.17209e-03  4.48141e-10
1.530000000e+00  3.14685e-03  3.14685e-03  4.11715e-10
1.540000000e+00  3.12152e-03  3.12152e-03  3.77365e-10
1.550000000e+00  3.09611e-03  3.09611e-03  4.26986e-10
1.560000000e+00  3.07064e-03  3.07064e-03  4.32056e-10
1.570000000e+00  3.04513e-03  3.04513e-03  3.82936e-10
1.580000000e+00  3.01959e-03  3.01959e-03  2.59727e-10
1.590000000e+00  2.99402e-03  2.99402e-03  4.01146e-10
1.600000000e+00  2.96846e-03  2.96846e-03  3.69605e-10
1.610000000e+00  2.94289e-03  2.94289e-03  2.54561e-10
1.620000000e+00  2.91734e-03  2.91734e-03  3.55566e-10
1.630000000e+00  2.89182e-03  2.89182e-03  3.88607e-10
1.640000000e+00  2.86634e-03  2.86634e-03  3.69428e-10
1.650000000e+00  2.84091e-03  2.84091e-03  3.59183e-10
1.660000000e+00  2.81553e-03  2.81553e-03  3.79731e-10
1.670000000e+00  2.79021e-03  2.79021e-03  3.81075e-10
1.680000000e+00  2.76497e-03  2.76497e-03  3.82622e-10
1.690000000e+00  2.73981e-03  2.73981e-03  3.86238e-10
1.700000000e+00  2.71474e-03  2.71474e-03  3.84338e-10
1.710000000e+00  2.68977e-03  2.68977e-03  3.77420e-10
1.720000000e+00  2.66490e-03  2.66490e-03  3.76724e-10
1.730000000e+00  2.64013e-03  2.64013e-03  3.74230e-10
1.740000000e+00  2.61549e-03  2.61549e-03  3.70879e-10
1.750000000e+00  2.59096e-03  2.59096e-03  3.67299e-10
1.760000000e+00  2.56656e-03  2.56656e-03  3.63278e-10
1.770000000e+00  2.54229e-03  2.54229e-03  3.60067e-10
1.780000000e+00  2.51815e-03  2.51815e-03  3.56869e-10
1.790000000e+00  2.49415e-03  2.49415e-03  3.53087e-10
1.800000000e+00  2.47030e-03  2.47030e-03  3.49693e-10
1.810000000e+00  2.44660e-03  2.44660e-03  3.45731e-10
1.820000000e+00  2.42304e-03  2.42304e-03  3.39029e-10
1.830000000e+00  2.39964e-03  2.39964e-03  3.32713e-10
1.840000000e+00  2.37640e-03  2.37640e-03  3.24041e-10
1.850000000e+00  2.35332e-03  2.35332e-03  3.22027e-10
1.860000000e+00  2.33041e-03  2.33041e-03  3.15921e-10
1.870000000e+00  2.30765e-03  2.30765e-03  3.16665e-10
1.880000000e+00  2.28507e-03  2.28507e-03  2.78946e-10
1.890000000e+00  2.26266e-03  2.26266e-03  2.79007e-10
1.900000000e+00  2.24041e-03  2.24041e-03  3.02244e-10
1.910000000e+00  2.21834e-03  2.21834e-03  2.99746e-10
1.920000000e+00  2.19645e-03  2.19645e-03  3.03507e-10
1.930000000e+00  2.17473e-03  2.17473e-03  3.00978e-10
1.940000000e+00  2.15319e-03  2.15319e-03  2.87272e-10
1.950000000e+00  2.13183e-03  2.13183e-03  1.54760e-10
1.960000000e+00  2.11065e-03  2.11065e-03  4.89249e-11
1.970000000e+00  2.08964e-03  2.08964e-03  5.36839e-11
1.980000000e+00  2.06882e-03  2.06882e-03  1.58446e-10
1.990000000e+00  2.04818e-03  2.04818e-03  2.19098e-10
2.000000000e+00  2.02772e-03  2.02772e-03  1.30200e-10
2.010000000e+00  2.00745e-03  2.00745e-03  2.91813e-11
2.020000000e+00  1.98735e-03  1.98735e-03  3.73061e-11
2.030000000e+00  1.96744e-03  1.96744e-03  9.70230e-11
2.040000000e+00  1.94771e-03  1.94771e-03  1.16839e-10
2.050000000e+00  1.92816e-03  1.92816e-03  1.05653e-10
2.060000000e+00  1.90880e-03  1.90880e-03  4.92580e-11
2.070000000e+00  1.88961e-03  1.88961e-03  5.37684e-11
2.080000000e+00  1.87061e-03  1.87061e-03  1.01963e-10
2.090000000e+00  1.85179e-03  1.85179e-03  1.31943e-10
2.100000000e+00  1.83315e-03  1.83315e-03  1.74238e-10
2.110000000e+00  1.81469e-03  1.81469e-03  2.10560e-10
2.120000000e+00  1.79641e-03  1.79641e-03  2.20290e-10
2.130000000e+00  1.77831e-03  1.77831e-03  2.41216e-10
2.140000000e+00  1.76039e-03  1.76039e-03  2.43621e-10
2.150000000e+00  1.74264e-03  1.74264e-03  2.21292e-10
2.160000000e+00  1.72507e-03  1.72507e-03  2.19523e-10
2.170000000e+00  1.70768e-03  1.70768e-03  2.16802e-10
2.180000000e+00  1.69046e-03  1.69046e-03  2.27775e-10
2.190000000e+00  1.67341e-03  1.67341e-03  2.34216e-10
2.200000000e+00  1.65654e-03  1.65654e-03  2.34098e-10
2.210000000e+00  1.63984e-03  1.63984e-03  2.32480e-10
2.220000000e+00  1.62331e-03  1.62331e-03  2.29189e-10
2.230000000e+00  1.60696e-03  1.60695e-03  2.27267e-10
2.240000000e+00  1.59076e-03  1.59076e-03  2.26197e-10
2.250000000e+00  1.57474e-03  1.57474e-03  2.23883e-10
2.260000000e+00  1.55889e-03  1.55889e-03  2.20481e-10
2.270000000e+00  1.54320e-03  1.54319e-03  2.19411e-10
2.280000000e+00  1.52767e-03  1.52767e-03  2.17056e-10
2.290000000e+00  1.51230e-03  1.51230e-03  2.15407e-10
2.300000000e+00  1.49710e-03  1.49710e-03  2.13271e-10
2.310000000e+00  1.48206e-03  1.48206e-03  2.11180e-10
2.320000000e+00  1.46718e-03  1.46718e-03  2.09131e-10
2.330000000e+00  1.45245e-03  1.45245e-03  2.07063e-10
2.340000000e+00  1.43788e-03  1.43788e-03  2.05014e-10
2.350000000e+00  1.42347e-03  1.42347e-03  2.02988e-10
2.360000000e+00  1.40921e-03  1.40921e-03  2.00982e-10
2.370000000e+00  1.39510e-03  1.39510e-03  1.99022e-10
2.380000000e+00  1.38115e-03  1.38115e-03  1.97010e-10
2.390000000e+00  1.36734e-03  1.36734e-03  1.94945e-10
2.400000000e+00  1.35368e-03  1.35368e-03  1.92910e-10
2.410000000e+00  1.34017e-03  1.34017e-03  1.90984e-10
2.420000000e+00  1.32681e-03  1.32681e-03  1.89362e-10
2.430000000e+00  1.31359e-03  1.31359e-03  1.87764e-10
2.440000000e+00  1.30051e-03  1.30051e-03  1.85086e-10
2.450000000e+00  1.28757e-03  1.28757e-03  1.83775e-10
2.460000000e+00  1.27478e-03  1.27478e-03  1.82365e-10
2.470000000e+00  1.26212e-03  1.26212e-03  1.80423e-10
2.480000000e+00  1.24960e-03  1.24960e-03  1.77459e-10
2.490000000e+00  1.23722e-03  1.23722e-03  1.70782e-10
2.500000000e+00  1.22498e-03  1.22498e-03  1.70457e-10
2.510000000e+00  1.21286e-03  1.21286e-03  1.69060e-10
2.520000000e+00  1.20088e-03  1.20088e-03  1.66537e-10
2.530000000e+00  1.18903e-03  1.18903e-03  1.68222e-10
2.540000000e+00  1.17731e-03  1.17731e-03  1.65336e-10
2.550000000e+00  1.16572e-03  1.16572e-03  1.61123e-10
2.560000000e+00  1.15425e-03  1.15425e-03  1.61582e-10
2.570000000e+00  1.14291e-03  1.14291e-03  1.49696e-10
2.580000000e+00  1.13170e-03  1.13170e-03  1.42232e-10
2.590000000e+00  1.12060e-03  1.12060e-03  1.36415e-10
2.600000000e+00  1.10963e-03  1.10963e-03  1.24607e-10
2.610000000e+00  1.09878e-03  1.09878e-03  1.30080e-10
2.620000000e+00  1.08805e-03  1.08805e-03  1.28047e-10
2.630000000e+00  1.07744e-03  1.07744e-03  1.34457e-10
2.640000000e+00  1.06694e-03  1.06694e-03  1.31959e-10
2.650000000e+00  1.05656e-03  1.05656e-03  1.40357e-10
2.660000000e+00  1.04629e-03  1.04629e-03  1.11557e-10
2.670000000e+00  1.03614e-03  1.03614e-03  1.33961e-11
2.680000000e+00  1.02610e-03  1.02610e-03  1.75589e-12
2.690000000e+00  1.01616e-03  1.01616e-03  5.06942e-13
2.700000000e+00  1.00634e-03  1.00634e-03  7.03766e-13
2.710000000e+00  9.96623e-04  9.96623e-04  7.13728e-13
2.720000000e+00  9.87014e-04  9.87014e-04  1.91317e-12
2.730000000e+00  9.77511e-04  9.77511e-04  4.25318e-12
2.740000000e+00  9.68112e-04  9.68112e-04  4.22840e-12
2.750000000e+00  9.58816e-04  9.58816e-04  1.95634e-12
2.760000000e+00  9.49622e-04  9.49622e-04  4.74414e-13
2.770000000e+00  9.40529e-04  9.40529e-04  3.75628e-13
2.780000000e+00  9.31536e-04  9.31536e-04  2.67437e-13
2.790000000e+00  9.22641e-04  9.22641e-04  3.26434e-13
2.800000000e+00  9.13844e-04  9.13844e-04  6.05740e-13
2.810000000e+00  9.05143e-04  9.05143e-04  9.40995e-13
2.820000000e+00  8.96538e-04  8.96538e-04  1.10636e-12
2.830000000e+00  8.88027e-04  8.88027e-04  1.17165e-12
2.840000000e+00  8.79608e-04  8.79608e-04  1.53514e-12
2.850000000e+00  8.71282e-04  8.71282e-04  9.89466e-13
2.860000000e+00  8.63047e-04  8.63047e-04  2.06528e-12
2.870000000e+00  8.54902e-04  8.54902e-04  6.78949e-12
2.880000000e+00  8.46846e-04  8.46846e-04  1.17434e-11
2.890000000e+00  8.38878e-04  8.38878e-04  1.99035e-11
2.900000000e+00  8.30996e-04  8.30996e-04  2.96908e-11
2.910000000e+00  8.23201e-04  8.23201e-04  3.49675e-11
2.920000000e+00  8.15490e-04  8.15490e-04  3.80403e-11
2.930000000e+00  8.07863e-04  8.07863e-04  3.89870e-11
2.940000000e+00  8.00320e-04  8.00320e-04  3.99871e-11
2.950000000e+00  7.92858e-04  7.92858e-04  4.13171e-11
2.960000000e+00  7.85477e-04  7.85477e-04  4.10087e-11
2.970000000e+00  7.78176e-04  7.78176e-04  3.75925e-11
2.980000000e+00  7.70954e-04  7.70954e-04  3.28248e-11
2.990000000e+00  7.63811e-04  7.63811e-04  3.17937e-11
3.000000000e+00  7.56745e-04  7.56745e-04  3.58971e-11
3.010000000e+00  7.49755e-04  7.49755e-04  4.00438e-11
3.020000000e+00  7.42841e-04  7.42841e-04  3.68701e-11
3.030000000e+00  7.36002e-04  7.36001e-04  3.91703e-11
3.040000000e+00  7.29236e-04  7.29236e-04  4.17216e-11
3.050000000e+00  7.22543e-04  7.22543e-04  4.29587e-11
3.060000000e+00  7.15922e-04  7.15922e-04  4.30526e-11
3.070000000e+00  7.09372e-04  7.09372e-04  4.39383e-11
3.080000000e+00  7.02893e-04  7.02893e-04  4.43062e-11
3.090000000e+00  6.96483e-04  6.96483e-04  4.40579e-11
3.100000000e+00  6.90142e-04  6.90142e-04  4.39751e-11
3.110000000e+00  6.83869e-04  6.83869e-04  4.35082e-11
3.120000000e+00  6.77663e-04  6.77663e-04  4.20406e-11
3.130000000e+00  6.71523e-04  6.71523e-04  4.09058e-11
3.140000000e+00  6.65449e-04  6.65449e-04  4.15760e-11
3.150000000e+00  6.59440e-04  6.59440e-04  4.27000e-11
3.160000000e+00  6.53495e-04  6.53494e-04  4.23946e-11
3.170000000e+00  6.47613e-04  6.47612e-04  4.19029e-11
3.180000000e+00  6.41793e-04  6.41793e-04  4.27738e-11
3.190000000e+00  6.36035e-04  6.36035e-04  4.37070e-11
3.200000000e+00  6.30339e-04  6.30339e-04  4.44223e-11
3.210000000e+00  6.24703e-04  6.24702e-04  4.50799e-11
3.220000000e+00  6.19126e-04  6.19126e-04  4.59997e-11
3.230000000e+00  6.13608e-04  6.13608e-04  4.66283e-11
3.240000000e+00  6.08149e-04  6.08149e-04  4.79282e-11
3.250000000e+00  6.02747e-04  6.02747e-04  4.85689e-11
3.260000000e+00  5.97402e-04  5.97402e-04  4.97289e-11
3.270000000e+00  5.92114e-04  5.92114e-04  5.03738e-11
3.280000000e+00  5.86881e-04  5.86881e-04  5.15799e-11
3.290000000e+00  5.81703e-04  5.81702e-04  5.28186e-11
3.300000000e+00  5.76579e-04  5.76579e-04  5.36294e-11
3.310000000e+00  5.71509e-04  5.71508e-04  5.45713e-11
3.320000000e+00  5.66491e-04  5.66491e-04  5.59184e-11
3.330000000e+00  5.61527e-04  5.61527e-04  5.65335e-11
3.340000000e+00  5.56614e-04  5.56614e-04  5.75798e-11
3.350000000e+00  5.51752e-04  5.51752e-04  5.82168e-11
3.360000000e+00  5.46941e-04  5.46941e-04  5.80288e-11
3.370000000e+00  5.42180e-04  5.42180e-04  5.98942e-11
3.380000000e+00  5.37468e-04  5.37468e-04  6.08130e-11
3.390000000e+00  5.32805e-04  5.32805e-04  6.15487e-11
3.400000000e+00  5.28190e-04  5.28190e-04  6.19722e-11
3.410000000e+00  5.23623e-04  5.23623e-04  6.22984e-11
3.420000000e+00  5.19104e-04  5.19104e-04  6.26479e-11
3.430000000e+00  5.14631e-04  5.14631e-04  6.29660e-11
3.440000000e+00  5.10204e-04  5.10203e-04  6.32713e-11
3.450000000e+00  5.05822e-04  5.05822e-04  6.35133e-11
3.460000000e+00  5.01485e-04  5.01485e-04  6.35066e-11
3.470000000e+00  4.97193e-04  4.97193e-04  6.34299e-11
3.480000000e+00  4.92945e-04  4.92945e-04  6.33347e-11
3.490000000e+00  4.88741e-04  4.88741e-04  6.32408e-11
3.500000000e+00  4.84579e-04  4.84579e-04  6.31431e-11
3.510000000e+00  4.80460e-04  4.80460e-04  6.30421e-11
3.520000000e+00  4.76383e-04  4.76383e-04  6.28888e-11
3.530000000e+00  4.72347e-04  4.72347e-04  6.25878e-11
3.540000000e+00  4.68352e-04  4.68352e-04  6.22761e-11
3.550000000e+00  4.64398e-04  4.64398e-04  6.19496e-11
3.560000000e+00  4.60484e-04  4.60484e-04  6.15712e-11
3.570000000e+00  4.56609e-04  4.56609e-04  6.10994e-11
3.580000000e+00  4.52774e-04  4.52774e-04  6.05587e-11
3.590000000e+00  4.48977e-04  4.48977e-04  5.97480e-11
3.600000000e+00  4.45219e-04  4.45219e-04  5.82058e-11
3.610000000e+00  4.41498e-04  4.41498e-04  5.66503e-11
3.620000000e+00  4.37815e-04  4.37815e-04  5.54880e-11
3.630000000e+00  4.34169e-04  4.34169e-04  5.63732e-11
3.640000000e+00  4.30559e-04  4.30559e-04  5.57424e-11
3.650000000e+00  4.26986e-04  4.26986e-04  5.46371e-11
3.660000000e+00  4.23448e-04  4.23448e-04  5.55289e-11
3.670000000e+00  4.19945e-04  4.19945e-04  5.65650e-11
3.680000000e+00  4.16478e-04  4.16478e-04  5.67368e-11
3.690000000e+00  4.13045e-04  4.13044e-04  5.63831e-11
3.700000000e+00  4.09645e-04  4.09645e-04  5.60116e-11
3.710000000e+00  4.06280e-04  4.06280e-04  5.56750e-11
3.720000000e+00  4.02948e-04  4.02948e-04  5.51622e-11
3.730000000e+00  3.99649e-04  3.99649e-04  5.47771e-11
3.740000000e+00  3.96383e-04  3.96383e-04  5.44198e-11
3.750000000e+00  3.93148e-04  3.93148e-04  5.38659e-11
3.760000000e+00  3.89946e-04  3.89946e-04  5.28424e-11
3.770000000e+00  3.86775e-04  3.86775e-04  5.16060e-11
3.780000000e+00  3.83635e-04  3.83635e-04  5.03749e-11
3.790000000e+00  3.80526e-04  3.80526e-04  4.88251e-11
3.800000000e+00  3.77448e-04  3.77448e-04  4.53828e-11
3.810000000e+00  3.74400e-04  3.74400e-04  4.08289e-11
3.820000000e+00  3.71381e-04  3.71381e-04  4.11329e-11
3.830000000e+00  3.68392e-04  3.68392e-04  4.44268e-11
3.840000000e+00  3.65432e-04  3.65432e-04  4.21219e-11
3.850000000e+00  3.62500e-04  3.62500e-04  4.07300e-11
3.860000000e+00  3.59597e-04  3.59597e-04  4.25489e-11
3.870000000e+00  3.56723e-04  3.56723e-04  4.52397e-11
3.880000000e+00  3.53876e-04  3.53876e-04  4.68122e-11
3.890000000e+00  3.51056e-04  3.51056e-04  4.73246e-11
3.900000000e+00  3.48264e-04  3.48264e-04  4.74566e-11
3.910000000e+00  3.45499e-04  3.45499e-04  4.72613e-11
3.920000000e+00  3.42760e-04  3.42760e-04  4.68647e-11
3.930000000e+00  3.40048e-04  3.40048e-04  4.62592e-11
3.940000000e+00  3.37361e-04  3.37361e-04  4.54204e-11
3.950000000e+00  3.34701e-04  3.34701e-04  4.44223e-11
3.960000000e+00  3.32066e-04  3.32066e-04  4.28343e-11
3.970000000e+00  3.29456e-04  3.29456e-04  4.12580e-11
3.980000000e+00  3.26870e-04  3.26870e-04  3.86375e-11
3.990000000e+00  3.24310e-04  3.24310e-04  3.70299e-11
4.000000000e+00  3.21774e-04  3.21774e-04  3.85779e-11
4.010000000e+00  3.19262e-04  3.19262e-04  3.91963e-11
4.020000000e+00  3.16773e-04  3.16773e-04  3.68076e-11
4.030000000e+00  3.14309e-04  3.14309e-04  3.67370e-11
4.040000000e+00  3.11867e-04  3.11867e-04  3.78442e-11
4.050000000e+00  3.09449e-04  3.09449e-04  3.92070e-11
4.060000000e+00  3.07053e-04  3.07053e-04  4.03687e-11
4.070000000e+00  3.04680e-04  3.04680e-04  4.04716e-11
4.080000000e+00  3.02329e-04  3.02329e-04  3.94888e-11
4.090000000e+00  3.00000e-04  3.00000e-04  3.82429e-11
4.100000000e+00  2.97694e-04  2.97693e-04  3.72850e-11
4.110000000e+00  2.95408e-04  2.95408e-04  3.72751e-11
4.120000000e+00  2.93144e-04  2.93144e-04  3.75501e-11
4.130000000e+00  2.90901e-04  2.90901e-04  3.73233e-11
4.140000000e+00  2.88679e-04  2.88679e-04  3.63815e-11
4.150000000e+00  2.86478e-04  2.86478e-04  3.65154e-11
4.160000000e+00  2.84297e-04  2.84297e-04  3.28609e-11
4.170000000e+00  2.82136e-04  2.82136e-04  1.33235e-11
4.180000000e+00  2.79995e-04  2.79995e-04  4.75249e-12
4.190000000e+00  2.77874e-04  2.77874e-04  2.55191e-12
4.200000000e+00  2.75773e-04  2.75773e-04  1.02468e-12
4.210000000e+00  2.73691e-04  2.73691e-04  3.23254e-13
4.220000000e+00  2.71628e-04  2.71628e-04  1.08849e-13
4.230000000e+00  2.69584e-04  2.69584e-04  6.26920e-14
4.240000000e+00  2.67559e-04  2.67559e-04  5.00455e-14
4.250000000e+00  2.65552e-04  2.65552e-04  4.79631e-14
4.260000000e+00  2.63564e-04  2.63564e-04  5.69998e-14
4.270000000e+00  2.61594e-04  2.61594e-04  6.11677e-14
4.280000000e+00  2.59642e-04  2.59642e-04  5.18702e-14
4.290000000e+00  2.57707e-04  2.57707e-04  5.32488e-14
4.300000000e+00  2.55790e-04  2.55790e-04  6.02270e-14
4.310000000e+00  2.53891e-04  2.53891e-04  6.91165e-14
4.320000000e+00  2.52009e-04  2.52009e-04  8.31740e-14
4.330000000e+00  2.50144e-04  2.50144e-04  1.18762e-13
4.340000000e+00  2.48295e-04  2.48295e-04  1.63940e-13
4.350000000e+00  2.46463e-04  2.46463e-04  2.05419e-13
4.360000000e+00  2.44648e-04  2.44648e-04  2.08088e-13
4.370000000e+00  2.42849e-04  2.42849e-04  2.24556e-13
4.380000000e+00  2.41067e-04  2.41067e-04  2.94098e-13
4.390000000e+00  2.39300e-04  2.39300e-04  4.07734e-13
4.400000000e+00  2.37549e-04  2.37549e-04  3.02424e-13
4.410000000e+00  2.35814e-04  2.35814e-04  3.05267e-13
4.420000000e+00  2.34094e-04  2.34094e-04  3.59411e-13
4.430000000e+00  2.32390e-04  2.32390e-04  4.64378e-13
4.440000000e+00  2.30700e-04  2.30700e-04  6.41889e-13
4.450000000e+00  2.29026e-04  2.29026e-04  9.76075e-13
4.460000000e+00  2.27367e-04  2.27367e-04  1.52461e-12
4.470000000e+00  2.25722e-04  2.25722e-04  1.96367e-12
4.480000000e+00  2.24092e-04  2.24092e-04  2.77453e-12
4.490000000e+00  2.22476e-04  2.22476e-04  3.62379e-12
4.500000000e+00  2.20874e-04  2.20874e-04  6.00196e-12
4.510000000e+00  2.19287e-04  2.19287e-04  1.05045e-11
4.520000000e+00  2.17714e-04  2.17714e-04  1.51202e-11
4.530000000e+00  2.16154e-04  2.16154e-04  1.98534e-11
4.540000000e+00  2.14608e-04  2.14608e-04  2.25950e-11
4.550000000e+00  2.13075e-04  2.13075e-04  2.43302e-11
4.560000000e+00  2.11556e-04  2.11556e-04  2.48178e-11
4.570000000e+00  2.10051e-04  2.10051e-04  2.52752e-11
4.580000000e+00  2.08558e-04  2.08558e-04  2.54122e-11
4.590000000e+00  2.07078e-04  2.07078e-04  2.54733e-11
4.600000000e+00  2.05611e-04  2.05611e-04  2.54582e-11
4.610000000e+00  2.04157e-04  2.04157e-04  2.53507e-11
4.620000000e+00  2.02716e-04  2.02716e-04  2.44605e-11
4.630000000e+00  2.01287e-04  2.01287e-04  2.40475e-11
4.640000000e+00  1.99870e-04  1.99870e-04  2.41553e-11
4.650000000e+00  1.98466e-04  1.98466e-04  2.40836e-11
4.660000000e+00  1.97073e-04  1.97073e-04  2.42355e-11
4.670000000e+00  1.95693e-04  1.95693e-04  2.41808e-11
4.680000000e+00  1.94324e-04  1.94324e-04  2.30282e-11
4.690000000e+00  1.92967e-04  1.92967e-04  2.23446e-11
4.700000000e+00  1.91622e-04  1.91622e-04  2.15037e-11
4.710000000e+00  1.90288e-04  1.90288e-04  1.50490e-11
4.720000000e+00  1.88966e-04  1.88966e-04  1.88302e-11
4.730000000e+00  1.87655e-04  1.87655e-04  1.65501e-11
4.740000000e+00  1.86355e-04  1.86355e-04  1.50878e-11
4.750000000e+00  1.85066e-04  1.85066e-04  1.40756e-11
4.760000000e+00  1.83788e-04  1.83788e-04  1.35487e-11
4.770000000e+00  1.82521e-04  1.82521e-04  1.39750e-11
4.780000000e+00  1.81265e-04  1.81265e-04  1.15807e-11
4.790000000e+00  1.80019e-04  1.80019e-04  9.46597e-12
4.800000000e+00  1.78783e-04  1.78783e-04  7.62802e-12
4.810000000e+00  1.77559e-04  1.77559e-04  5.00026e-12
4.820000000e+00  1.76344e-04  1.76344e-04  2.62078e-12
4.830000000e+00  1.75140e-04  1.75140e-04  3.07506e-12
4.840000000e+00  1.73945e-04  1.73945e-04  3.22943e-12
4.850000000e+00  1.72761e-04  1.72761e-04  3.13145e-12
4.860000000e+00  1.71587e-04  1.71587e-04  2.90910e-12
4.870000000e+00  1.70422e-04  1.70422e-04  3.15294e-12
4.880000000e+00  1.69267e-04  1.69267e-04  3.80125e-12
4.890000000e+00  1.68122e-04  1.68122e-04  4.60260e-12
4.900000000e+00  1.66986e-04  1.66986e-04  7.19614e-12
4.910000000e+00  1.65860e-04  1.65860e-04  9.65461e-12
4.920000000e+00  1.64743e-04  1.64743e-04  9.02612e-12
4.930000000e+00  1.63635e-04  1.63635e-04  1.36826e-11
4.940000000e+00  1.62536e-04  1.62536e-04  1.48363e-11
4.950000000e+00  1.61447e-04  1.61447e-04  1.44614e-11
4.960000000e+00  1.60366e-04  1.60366e-04  1.58814e-11
4.970000000e+00  1.59294e-04  1.59294e-04  1.73037e-11
4.980000000e+00  1.58232e-04  1.58232e-04  1.79101e-11
4.990000000e+00  1.57177e-04  1.57177e-04  1.92674e-11
5.000000000e+00  1.56132e-04  1.56132e-04  1.77943e-11
results_trn.txt
# ------------------------------------------------------------------------
# NASA-GSFC Planetary Spectrum Generator (PSG, Villanueva et al. 2015)
# Atmospheric transmittance spectrum synthesized with PUMAS (Villanueva et al. 2016, Smith et al. 2009, Edwards 1992)
# Synthesized on Tue Nov 21 15:10:11 2017
# Molecular abundance profile: 
# Molecules considered: N2,CO2,H2O
# Molecular sources: HIT[22],HIT[2],HIT[1]
# Molecular abundances: 1,1,1
# Molecular abundance units: scl,scl,scl
# Collission-Induced-Absorption:  N2-N2(3.33-5.41um)
# Rayleigh scattering included
# ------------------------------------------------------------------------
# Aerosols considered: WaterIce,Cloud
# Aerosols sources: CRISM_Wolff[reff=2.0um 0.31-99.57um],White_GSFC[reff=1.0um 0.10-1000000.00um]
# Aerosols opacities: 1,1
# Aerosols opacity units: scl,scl
# ------------------------------------------------------------------------
# Spectral unit: Wavelength [um]
# Wave/freq Total N2 CO2 H2O WaterIce Cloud Rayleigh CIA
1.000000000e+00  0.00000  1.00000  0.99996  0.97126  0.00000  0.00000  0.97252  1.00000
1.010000000e+00  0.00000  1.00000  0.99999  0.96176  0.00000  0.00000  0.97358  1.00000
1.020000000e+00  0.00000  1.00000  1.00000  0.98197  0.00000  0.00000  0.97459  1.00000
1.030000000e+00  0.00000  1.00000  0.99999  0.98462  0.00000  0.00000  0.97555  1.00000
1.040000000e+00  0.00000  1.00000  0.79681  0.99816  0.00000  0.00000  0.97646  1.00000
1.050000000e+00  0.00000  1.00000  0.98663  0.99928  0.00000  0.00000  0.97734  1.00000
1.060000000e+00  0.00000  1.00000  0.96687  0.99789  0.00000  0.00000  0.97817  1.00000
1.070000000e+00  0.00000  1.00000  0.94068  0.98547  0.00000  0.00000  0.97897  1.00000
1.080000000e+00  0.00000  1.00000  0.99393  0.93277  0.00000  0.00000  0.97973  1.00000
1.090000000e+00  0.00000  1.00000  0.99963  0.87444  0.00000  0.00000  0.98046  1.00000
1.100000000e+00  0.00000  1.00000  0.99829  0.74232  0.00000  0.00000  0.98115  1.00000
1.110000000e+00  0.00000  1.00000  1.00000  0.46177  0.00000  0.00000  0.98181  1.00000
1.120000000e+00  0.00000  1.00000  0.97631  0.06381  0.00000  0.00000  0.98245  1.00000
1.130000000e+00  0.00000  1.00000  0.99655  0.01329  0.00000  0.00000  0.98306  1.00000
1.140000000e+00  0.00000  1.00000  0.99258  0.14951  0.00000  0.00000  0.98364  1.00000
1.150000000e+00  0.00000  1.00000  0.99779  0.07439  0.00000  0.00000  0.98420  1.00000
1.160000000e+00  0.00000  1.00000  0.99754  0.26844  0.00000  0.00000  0.98473  1.00000
1.170000000e+00  0.00000  1.00000  0.99992  0.53844  0.00000  0.00000  0.98524  1.00000
1.180000000e+00  0.00000  1.00000  0.99951  0.69520  0.00000  0.00000  0.98573  1.00000
1.190000000e+00  0.00000  1.00000  0.99995  0.62967  0.00000  0.00000  0.98620  1.00000
1.200000000e+00  0.00000  1.00000  0.99981  0.65757  0.00000  0.00000  0.98665  1.00000
1.210000000e+00  0.00000  1.00000  0.08651  0.77485  0.00000  0.00000  0.98709  1.00000
1.220000000e+00  0.00000  1.00000  0.56825  0.84155  0.00000  0.00000  0.98750  1.00000
1.230000000e+00  0.00000  1.00000  0.39251  0.88179  0.00000  0.00000  0.98790  1.00000
1.240000000e+00  0.00000  1.00000  0.83867  0.97971  0.00000  0.00000  0.98828  1.00000
1.250000000e+00  0.00000  1.00000  0.98859  0.99620  0.00000  0.00000  0.98865  1.00000
1.260000000e+00  0.00000  1.00000  0.95791  0.99636  0.00000  0.00000  0.98901  1.00000
1.270000000e+00  0.00000  1.00000  0.95961  0.98887  0.00000  0.00000  0.98935  1.00000
1.280000000e+00  0.00000  1.00000  0.99903  0.97584  0.00000  0.00000  0.98967  1.00000
1.290000000e+00  0.00000  1.00000  0.88150  0.93450  0.00000  0.00000  0.98999  1.00000
1.300000000e+00  0.00000  1.00000  0.82914  0.83011  0.00000  0.00000  0.99029  1.00000
1.310000000e+00  0.00000  1.00000  0.99208  0.70735  0.00000  0.00000  0.99058  1.00000
1.320000000e+00  0.00000  1.00000  0.41709  0.53329  0.00000  0.00000  0.99086  1.00000
1.330000000e+00  0.00000  1.00000  0.96781  0.38192  0.00000  0.00000  0.99113  1.00000
1.340000000e+00  0.00000  1.00000  0.56994  0.23135  0.00000  0.00000  0.99140  1.00000
1.350000000e+00  0.00000  1.00000  0.85220  0.01403  0.00000  0.00000  0.99165  1.00000
1.360000000e+00  0.00000  1.00000  0.98762  0.00000  0.00000  0.00000  0.99189  1.00000
1.370000000e+00  0.00000  1.00000  0.96997  0.00000  0.00000  0.00000  0.99212  1.00000
1.380000000e+00  0.00000  1.00000  0.96152  0.00000  0.00000  0.00000  0.99235  1.00000
1.390000000e+00  0.00000  1.00000  0.99283  0.00000  0.00000  0.00000  0.99256  1.00000
1.400000000e+00  0.00000  1.00000  0.99613  0.00001  0.00000  0.00000  0.99277  1.00000
1.410000000e+00  0.00000  1.00000  0.99980  0.00000  0.00000  0.00000  0.99297  1.00000
1.420000000e+00  0.00000  1.00000  0.99942  0.00122  0.00000  0.00000  0.99317  1.00000
1.430000000e+00  0.00000  1.00000  0.68662  0.00367  0.00000  0.00000  0.99336  1.00000
1.440000000e+00  0.00000  1.00000  0.00000  0.00391  0.00000  0.00000  0.99354  1.00000
1.450000000e+00  0.00000  1.00000  0.01253  0.02925  0.00000  0.00000  0.99372  1.00000
1.460000000e+00  0.00000  1.00000  0.63524  0.10571  0.00000  0.00000  0.99389  1.00000
1.470000000e+00  0.00000  1.00000  0.97408  0.03309  0.00000  0.00000  0.99405  1.00000
1.480000000e+00  0.00000  1.00000  0.41486  0.08413  0.00000  0.00000  0.99421  1.00000
1.490000000e+00  0.00000  1.00000  0.74808  0.08431  0.00000  0.00000  0.99436  1.00000
1.500000000e+00  0.00000  1.00000  0.55830  0.40092  0.00000  0.00000  0.99451  1.00000
1.510000000e+00  0.00000  1.00000  0.98142  0.55730  0.00000  0.00000  0.99465  1.00000
1.520000000e+00  0.00000  1.00000  0.98615  0.73424  0.00000  0.00000  0.99479  1.00000
1.530000000e+00  0.00000  1.00000  0.32447  0.81622  0.00000  0.00000  0.99493  1.00000
1.540000000e+00  0.00000  1.00000  0.13599  0.93248  0.00000  0.00000  0.99506  1.00000
1.550000000e+00  0.00000  1.00000  0.64940  0.96413  0.00000  0.00000  0.99518  1.00000
1.560000000e+00  0.00000  1.00000  0.93853  0.99005  0.00000  0.00000  0.99531  1.00000
1.570000000e+00  0.00000  1.00000  0.30554  0.98091  0.00000  0.00000  0.99542  1.00000
1.580000000e+00  0.00000  1.00000  0.00020  0.98474  0.00000  0.00000  0.99554  1.00000
1.590000000e+00  0.00000  1.00000  0.33969  0.98611  0.00000  0.00000  0.99565  1.00000
1.600000000e+00  0.00000  1.00000  0.21533  0.97871  0.00000  0.00000  0.99576  1.00000
1.610000000e+00  0.00000  1.00000  0.00218  0.99216  0.00000  0.00000  0.99586  1.00000
1.620000000e+00  0.00000  1.00000  0.01837  0.99224  0.00000  0.00000  0.99596  1.00000
1.630000000e+00  0.00000  1.00000  0.39306  0.99735  0.00000  0.00000  0.99606  1.00000
1.640000000e+00  0.00000  1.00000  0.30805  0.99191  0.00000  0.00000  0.99616  1.00000
1.650000000e+00  0.00000  1.00000  0.23381  0.97819  0.00000  0.00000  0.99625  1.00000
1.660000000e+00  0.00000  1.00000  0.39188  0.97561  0.00000  0.00000  0.99634  1.00000
1.670000000e+00  0.00000  1.00000  0.56198  0.97687  0.00000  0.00000  0.99642  1.00000
1.680000000e+00  0.00000  1.00000  0.80093  0.96449  0.00000  0.00000  0.99651  1.00000
1.690000000e+00  0.00000  1.00000  0.93759  0.97097  0.00000  0.00000  0.99659  1.00000
1.700000000e+00  0.00000  1.00000  0.98476  0.89602  0.00000  0.00000  0.99667  1.00000
1.710000000e+00  0.00000  1.00000  0.92888  0.89449  0.00000  0.00000  0.99675  1.00000
1.720000000e+00  0.00000  1.00000  0.96320  0.91418  0.00000  0.00000  0.99682  1.00000
1.730000000e+00  0.00000  1.00000  0.99262  0.86138  0.00000  0.00000  0.99689  1.00000
1.740000000e+00  0.00000  1.00000  0.99937  0.74929  0.00000  0.00000  0.99696  1.00000
1.750000000e+00  0.00000  1.00000  0.99894  0.68242  0.00000  0.00000  0.99703  1.00000
1.760000000e+00  0.00000  1.00000  0.89671  0.69287  0.00000  0.00000  0.99710  1.00000
1.770000000e+00  0.00000  1.00000  0.95808  0.52140  0.00000  0.00000  0.99716  1.00000
1.780000000e+00  0.00000  1.00000  0.99510  0.34599  0.00000  0.00000  0.99723  1.00000
1.790000000e+00  0.00000  1.00000  0.88175  0.20089  0.00000  0.00000  0.99729  1.00000
1.800000000e+00  0.00000  1.00000  0.95011  0.08066  0.00000  0.00000  0.99735  1.00000
1.810000000e+00  0.00000  1.00000  0.98741  0.00853  0.00000  0.00000  0.99741  1.00000
1.820000000e+00  0.00000  1.00000  0.99555  0.00041  0.00000  0.00000  0.99746  1.00000
1.830000000e+00  0.00000  1.00000  0.99926  0.00000  0.00000  0.00000  0.99752  1.00000
1.840000000e+00  0.00000  1.00000  0.99972  0.00000  0.00000  0.00000  0.99757  1.00000
1.850000000e+00  0.00000  1.00000  0.99754  0.00000  0.00000  0.00000  0.99762  1.00000
1.860000000e+00  0.00000  1.00000  0.99710  0.00000  0.00000  0.00000  0.99767  1.00000
1.870000000e+00  0.00000  1.00000  0.97877  0.00000  0.00000  0.00000  0.99772  1.00000
1.880000000e+00  0.00000  1.00000  0.10725  0.00000  0.00000  0.00000  0.99777  1.00000
1.890000000e+00  0.00000  1.00000  0.12498  0.00000  0.00000  0.00000  0.99782  1.00000
1.900000000e+00  0.00000  1.00000  0.51675  0.00001  0.00000  0.00000  0.99786  1.00000
1.910000000e+00  0.00000  1.00000  0.64516  0.00000  0.00000  0.00000  0.99791  1.00000
1.920000000e+00  0.00000  1.00000  0.86246  0.00000  0.00000  0.00000  0.99795  1.00000
1.930000000e+00  0.00000  1.00000  0.84135  0.00001  0.00000  0.00000  0.99799  1.00000
1.940000000e+00  0.00000  1.00000  0.19199  0.00025  0.00000  0.00000  0.99803  1.00000
1.950000000e+00  0.00000  1.00000  0.00000  0.00512  0.00000  0.00000  0.99807  1.00000
1.960000000e+00  0.00000  1.00000  0.00000  0.01550  0.00000  0.00000  0.99811  1.00000
1.970000000e+00  0.00000  1.00000  0.00000  0.21981  0.00000  0.00000  0.99815  1.00000
1.980000000e+00  0.00000  1.00000  0.00000  0.34044  0.00000  0.00000  0.99819  1.00000
1.990000000e+00  0.00000  1.00000  0.00414  0.40326  0.00000  0.00000  0.99822  1.00000
2.000000000e+00  0.00000  1.00000  0.00000  0.53470  0.00000  0.00000  0.99826  1.00000
2.010000000e+00  0.00000  1.00000  0.00000  0.43299  0.00000  0.00000  0.99829  1.00000
2.020000000e+00  0.00000  1.00000  0.00000  0.58583  0.00000  0.00000  0.99833  1.00000
2.030000000e+00  0.00000  1.00000  0.00000  0.80702  0.00000  0.00000  0.99836  1.00000
2.040000000e+00  0.00000  1.00000  0.00000  0.83796  0.00000  0.00000  0.99839  1.00000
2.050000000e+00  0.00000  1.00000  0.00000  0.92219  0.00000  0.00000  0.99842  1.00000
2.060000000e+00  0.00000  1.00000  0.00000  0.84062  0.00000  0.00000  0.99845  1.00000
2.070000000e+00  0.00000  1.00000  0.00000  0.86976  0.00000  0.00000  0.99848  1.00000
2.080000000e+00  0.00000  1.00000  0.00000  0.91369  0.00000  0.00000  0.99851  1.00000
2.090000000e+00  0.00000  1.00000  0.00000  0.91212  0.00000  0.00000  0.99854  1.00000
2.100000000e+00  0.00000  1.00000  0.00004  0.94673  0.00000  0.00000  0.99857  1.00000
2.110000000e+00  0.00000  1.00000  0.01894  0.95731  0.00000  0.00000  0.99859  1.00000
2.120000000e+00  0.00000  1.00000  0.06738  0.89093  0.00000  0.00000  0.99862  1.00000
2.130000000e+00  0.00000  1.00000  0.43969  0.84883  0.00000  0.00000  0.99865  1.00000
2.140000000e+00  0.00000  1.00000  0.63284  0.96327  0.00000  0.00000  0.99867  1.00000
2.150000000e+00  0.00000  1.00000  0.27581  0.98249  0.00000  0.00000  0.99870  1.00000
2.160000000e+00  0.00000  1.00000  0.34596  0.93269  0.00000  0.00000  0.99872  1.00000
2.170000000e+00  0.00000  1.00000  0.22943  0.86430  0.00000  0.00000  0.99874  1.00000
2.180000000e+00  0.00000  1.00000  0.54055  0.88684  0.00000  0.00000  0.99877  1.00000
2.190000000e+00  0.00000  1.00000  0.83079  0.76532  0.00000  0.00000  0.99879  1.00000
2.200000000e+00  0.00000  1.00000  0.88610  0.85393  0.00000  0.00000  0.99881  1.00000
2.210000000e+00  0.00000  1.00000  0.96463  0.89609  0.00000  0.00000  0.99883  1.00000
2.220000000e+00  0.00000  1.00000  0.95060  0.92065  0.00000  0.00000  0.99885  1.00000
2.230000000e+00  0.00000  1.00000  0.95420  0.94657  0.00000  0.00000  0.99887  1.00000
2.240000000e+00  0.00000  1.00000  0.98689  0.97479  0.00000  0.00000  0.99889  1.00000
2.250000000e+00  0.00000  1.00000  0.97813  0.97880  0.00000  0.00000  0.99891  1.00000
2.260000000e+00  0.00000  1.00000  0.94832  0.99173  0.00000  0.00000  0.99893  1.00000
2.270000000e+00  0.00000  1.00000  0.98754  0.98276  0.00000  0.00000  0.99895  1.00000
2.280000000e+00  0.00000  1.00000  0.97364  0.99678  0.00000  0.00000  0.99897  1.00000
2.290000000e+00  0.00000  1.00000  0.99190  0.98364  0.00000  0.00000  0.99899  1.00000
2.300000000e+00  0.00000  1.00000  0.99601  0.90711  0.00000  0.00000  0.99900  1.00000
2.310000000e+00  0.00000  1.00000  0.99746  0.96921  0.00000  0.00000  0.99902  1.00000
2.320000000e+00  0.00000  1.00000  0.99904  0.92339  0.00000  0.00000  0.99904  1.00000
2.330000000e+00  0.00000  1.00000  0.99988  0.91627  0.00000  0.00000  0.99905  1.00000
2.340000000e+00  0.00000  1.00000  0.99989  0.93340  0.00000  0.00000  0.99907  1.00000
2.350000000e+00  0.00000  1.00000  0.99987  0.82833  0.00000  0.00000  0.99909  1.00000
2.360000000e+00  0.00000  1.00000  0.99967  0.69477  0.00000  0.00000  0.99910  1.00000
2.370000000e+00  0.00000  1.00000  0.99822  0.71429  0.00000  0.00000  0.99912  1.00000
2.380000000e+00  0.00000  1.00000  0.99715  0.52532  0.00000  0.00000  0.99913  1.00000
2.390000000e+00  0.00000  1.00000  0.99069  0.40885  0.00000  0.00000  0.99915  1.00000
2.400000000e+00  0.00000  1.00000  0.98880  0.50321  0.00000  0.00000  0.99916  1.00000
2.410000000e+00  0.00000  1.00000  0.98702  0.32924  0.00000  0.00000  0.99917  1.00000
2.420000000e+00  0.00000  1.00000  0.99685  0.14621  0.00000  0.00000  0.99919  1.00000
2.430000000e+00  0.00000  1.00000  0.99991  0.33904  0.00000  0.00000  0.99920  1.00000
2.440000000e+00  0.00000  1.00000  0.99986  0.06814  0.00000  0.00000  0.99921  1.00000
2.450000000e+00  0.00000  1.00000  0.99965  0.12889  0.00000  0.00000  0.99923  1.00000
2.460000000e+00  0.00000  1.00000  0.99948  0.20990  0.00000  0.00000  0.99924  1.00000
2.470000000e+00  0.00000  1.00000  0.99240  0.17810  0.00000  0.00000  0.99925  1.00000
2.480000000e+00  0.00000  1.00000  0.96977  0.08212  0.00000  0.00000  0.99926  1.00000
2.490000000e+00  0.00000  1.00000  0.32054  0.00290  0.00000  0.00000  0.99927  1.00000
2.500000000e+00  0.00000  1.00000  0.73596  0.00304  0.00000  0.00000  0.99929  1.00000
2.510000000e+00  0.00000  1.00000  0.70478  0.00080  0.00000  0.00000  0.99930  1.00000
2.520000000e+00  0.00000  1.00000  0.68223  0.00016  0.00000  0.00000  0.99931  1.00000
2.530000000e+00  0.00000  1.00000  0.83777  0.00000  0.00000  0.00000  0.99932  1.00000
2.540000000e+00  0.00000  1.00000  0.90039  0.00000  0.00000  0.00000  0.99933  1.00000
2.550000000e+00  0.00000  1.00000  0.97498  0.00000  0.00000  0.00000  0.99934  1.00000
2.560000000e+00  0.00000  1.00000  0.94391  0.00000  0.00000  0.00000  0.99935  1.00000
2.570000000e+00  0.00000  1.00000  0.96677  0.00000  0.00000  0.00000  0.99936  1.00000
2.580000000e+00  0.00000  1.00000  0.78851  0.00000  0.00000  0.00000  0.99937  1.00000
2.590000000e+00  0.00000  1.00000  0.54235  0.00000  0.00000  0.00000  0.99938  1.00000
2.600000000e+00  0.00000  1.00000  0.64600  0.00000  0.00000  0.00000  0.99939  1.00000
2.610000000e+00  0.00000  1.00000  0.18344  0.00000  0.00000  0.00000  0.99940  1.00000
2.620000000e+00  0.00000  1.00000  0.07008  0.00000  0.00000  0.00000  0.99941  1.00000
2.630000000e+00  0.00000  1.00000  0.24642  0.00000  0.00000  0.00000  0.99942  1.00000
2.640000000e+00  0.00000  1.00000  0.20828  0.00000  0.00000  0.00000  0.99943  1.00000
2.650000000e+00  0.00000  1.00000  0.37249  0.00000  0.00000  0.00000  0.99943  1.00000
2.660000000e+00  0.00000  1.00000  0.00064  0.00000  0.00000  0.00000  0.99944  1.00000
2.670000000e+00  0.00000  1.00000  0.00000  0.00000  0.00000  0.00000  0.99945  1.00000
2.680000000e+00  0.00000  1.00000  0.00000  0.00000  0.00000  0.00000  0.99946  1.00000
2.690000000e+00  0.00000  1.00000  0.00000  0.00000  0.00000  0.00000  0.99947  1.00000
2.700000000e+00  0.00000  1.00000  0.00000  0.00000  0.00000  0.00000  0.99947  1.00000
2.710000000e+00  0.00000  1.00000  0.00000  0.00000  0.00000  0.00000  0.99948  1.00000
2.720000000e+00  0.00000  1.00000  0.00000  0.00000  0.00000  0.00000  0.99949  1.00000
2.730000000e+00  0.00000  1.00000  0.00000  0.00000  0.00000  0.00000  0.99950  1.00000
2.740000000e+00  0.00000  1.00000  0.00000  0.00000  0.00000  0.00000  0.99950  1.00000
2.750000000e+00  0.00000  1.00000  0.00000  0.00000  0.00000  0.00000  0.99951  1.00000
2.760000000e+00  0.00000  1.00000  0.00000  0.00000  0.00000  0.00000  0.99952  1.00000
2.770000000e+00  0.00000  1.00000  0.00000  0.00000  0.00000  0.00000  0.99953  1.00000
2.780000000e+00  0.00000  1.00000  0.00000  0.00000  0.00000  0.00000  0.99953  1.00000
2.790000000e+00  0.00000  1.00000  0.00000  0.00000  0.00000  0.00000  0.99954  1.00000
2.800000000e+00  0.00000  1.00000  0.00000  0.00000  0.00000  0.00000  0.99955  1.00000
2.810000000e+00  0.00000  1.00000  0.00000  0.00000  0.00000  0.00000  0.99955  1.00000
2.820000000e+00  0.00000  1.00000  0.00000  0.00000  0.00000  0.00000  0.99956  1.00000
2.830000000e+00  0.00000  1.00000  0.00000  0.00000  0.00000  0.00000  0.99956  1.00000
2.840000000e+00  0.00000  1.00000  0.00000  0.00000  0.00000  0.00000  0.99957  1.00000
2.850000000e+00  0.00000  1.00000  0.00000  0.00000  0.00000  0.00000  0.99958  1.00000
2.860000000e+00  0.00000  1.00000  0.00000  0.00000  0.00000  0.00000  0.99958  1.00000
2.870000000e+00  0.00000  1.00000  0.00000  0.00001  0.00000  0.00000  0.99959  1.00000
2.880000000e+00  0.00000  1.00000  0.00000  0.00002  0.00000  0.00000  0.99959  1.00000
2.890000000e+00  0.00000  1.00000  0.00003  0.00002  0.00000  0.00000  0.99960  1.00000
2.900000000e+00  0.00000  1.00000  0.00415  0.00224  0.00000  0.00000  0.99961  1.00000
2.910000000e+00  0.00000  1.00000  0.08236  0.00067  0.00000  0.00000  0.99961  1.00000
2.920000000e+00  0.00000  1.00000  0.34822  0.00093  0.00000  0.00000  0.99962  1.00000
2.930000000e+00  0.00000  1.00000  0.55801  0.00591  0.00000  0.00000  0.99962  1.00000
2.940000000e+00  0.00000  1.00000  0.68779  0.02933  0.00000  0.00000  0.99963  1.00000
2.950000000e+00  0.00000  1.00000  0.82229  0.00066  0.00000  0.00000  0.99963  1.00000
2.960000000e+00  0.00000  1.00000  0.42020  0.00806  0.00000  0.00000  0.99964  1.00000
2.970000000e+00  0.00000  1.00000  0.05189  0.02944  0.00000  0.00000  0.99964  1.00000
2.980000000e+00  0.00000  1.00000  0.00381  0.00003  0.00000  0.00000  0.99965  1.00000
2.990000000e+00  0.00000  1.00000  0.01466  0.04231  0.00000  0.00000  0.99965  1.00000
3.000000000e+00  0.00000  1.00000  0.28644  0.07160  0.00000  0.00000  0.99966  1.00000
3.010000000e+00  0.00000  1.00000  0.30288  0.04967  0.00000  0.00000  0.99966  1.00000
3.020000000e+00  0.00000  1.00000  0.05706  0.03410  0.00000  0.00000  0.99966  1.00000
3.030000000e+00  0.00000  1.00000  0.11531  0.02940  0.00000  0.00000  0.99967  1.00000
3.040000000e+00  0.00000  1.00000  0.31729  0.00404  0.00000  0.00000  0.99967  1.00000
3.050000000e+00  0.00000  1.00000  0.63636  0.00521  0.00000  0.00000  0.99968  1.00000
3.060000000e+00  0.00000  1.00000  0.68757  0.01093  0.00000  0.00000  0.99968  1.00000
3.070000000e+00  0.00000  1.00000  0.83584  0.00514  0.00000  0.00000  0.99969  1.00000
3.080000000e+00  0.00000  1.00000  0.87155  0.02172  0.00000  0.00000  0.99969  1.00000
3.090000000e+00  0.00000  1.00000  0.93053  0.00038  0.00000  0.00000  0.99969  1.00000
3.100000000e+00  0.00000  1.00000  0.89768  0.00036  0.00000  0.00000  0.99970  1.00000
3.110000000e+00  0.00000  1.00000  0.71821  0.00770  0.00000  0.00000  0.99970  1.00000
3.120000000e+00  0.00000  1.00000  0.49315  0.00113  0.00000  0.00000  0.99971  1.00000
3.130000000e+00  0.00000  1.00000  0.39932  0.05047  0.00000  0.00000  0.99971  1.00000
3.140000000e+00  0.00000  1.00000  0.55796  0.12037  0.00000  0.00000  0.99971  1.00000
3.150000000e+00  0.00000  1.00000  0.75913  0.02117  0.00000  0.00000  0.99972  1.00000
3.160000000e+00  0.00000  1.00000  0.60801  0.08723  0.00000  0.00000  0.99972  1.00000
3.170000000e+00  0.00000  1.00000  0.43680  0.62451  0.00000  0.00000  0.99972  1.00000
3.180000000e+00  0.00000  1.00000  0.50066  0.46970  0.00000  0.00000  0.99973  1.00000
3.190000000e+00  0.00000  1.00000  0.66965  0.18852  0.00000  0.00000  0.99973  1.00000
3.200000000e+00  0.00000  1.00000  0.83468  0.04104  0.00000  0.00000  0.99973  1.00000
3.210000000e+00  0.00000  1.00000  0.93436  0.00001  0.00000  0.00000  0.99974  1.00000
3.220000000e+00  0.00000  1.00000  0.91162  0.00005  0.00000  0.00000  0.99974  1.00000
3.230000000e+00  0.00000  1.00000  0.90482  0.00128  0.00000  0.00000  0.99974  1.00000
3.240000000e+00  0.00000  1.00000  0.95015  0.09607  0.00000  0.00000  0.99975  1.00000
3.250000000e+00  0.00000  1.00000  0.98791  0.03024  0.00000  0.00000  0.99975  1.00000
3.260000000e+00  0.00000  1.00000  0.99658  0.24239  0.00000  0.00000  0.99975  1.00000
3.270000000e+00  0.00000  1.00000  0.99618  0.01279  0.00000  0.00000  0.99976  1.00000
3.280000000e+00  0.00000  1.00000  0.99680  0.04089  0.00000  0.00000  0.99976  1.00000
3.290000000e+00  0.00000  1.00000  0.99854  0.25554  0.00000  0.00000  0.99976  1.00000
3.300000000e+00  0.00000  1.00000  0.99936  0.11735  0.00000  0.00000  0.99976  1.00000
3.310000000e+00  0.00000  1.00000  0.99949  0.01121  0.00000  0.00000  0.99977  1.00000
3.320000000e+00  0.00000  1.00000  0.99901  0.16064  0.00000  0.00000  0.99977  1.00000
3.330000000e+00  0.00000  1.00000  0.99376  0.04726  0.00000  0.00000  0.99977  1.00000
3.340000000e+00  0.00000  1.00000  0.97881  0.32385  0.00000  0.00000  0.99978  0.99989
3.350000000e+00  0.00000  1.00000  0.96621  0.10720  0.00000  0.00000  0.99978  0.99984
3.360000000e+00  0.00000  1.00000  0.86198  0.10734  0.00000  0.00000  0.99978  0.99989
3.370000000e+00  0.00000  1.00000  0.96018  0.15412  0.00000  0.00000  0.99978  0.99981
3.380000000e+00  0.00000  1.00000  0.97151  0.26284  0.00000  0.00000  0.99979  0.99993
3.390000000e+00  0.00000  1.00000  0.98473  0.40754  0.00000  0.00000  0.99979  0.99991
3.400000000e+00  0.00000  1.00000  0.99445  0.61868  0.00000  0.00000  0.99979  0.99995
3.410000000e+00  0.00000  1.00000  0.99797  0.46530  0.00000  0.00000  0.99979  0.99996
3.420000000e+00  0.00000  1.00000  0.99931  0.59205  0.00000  0.00000  0.99980  1.00000
3.430000000e+00  0.00000  1.00000  0.99911  0.85639  0.00000  0.00000  0.99980  0.99994
3.440000000e+00  0.00000  1.00000  0.99932  0.74065  0.00000  0.00000  0.99980  0.99991
3.450000000e+00  0.00000  1.00000  0.99656  0.74359  0.00000  0.00000  0.99980  0.99979
3.460000000e+00  0.00000  1.00000  0.99740  0.69347  0.00000  0.00000  0.99980  0.99992
3.470000000e+00  0.00000  1.00000  0.99906  0.83990  0.00000  0.00000  0.99981  0.99981
3.480000000e+00  0.00000  1.00000  0.99935  0.78675  0.00000  0.00000  0.99981  0.99988
3.490000000e+00  0.00000  1.00000  0.99958  0.82765  0.00000  0.00000  0.99981  0.99987
3.500000000e+00  0.00000  1.00000  0.99960  0.79311  0.00000  0.00000  0.99981  0.99993
3.510000000e+00  0.00000  1.00000  0.99930  0.81138  0.00000  0.00000  0.99982  0.99998
3.520000000e+00  0.00000  1.00000  0.99813  0.73828  0.00000  0.00000  0.99982  0.99997
3.530000000e+00  0.00000  1.00000  0.99507  0.70236  0.00000  0.00000  0.99982  0.99996
3.540000000e+00  0.00000  1.00000  0.98901  0.68140  0.00000  0.00000  0.99982  0.99992
3.550000000e+00  0.00000  1.00000  0.97654  0.64154  0.00000  0.00000  0.99982  0.99994
3.560000000e+00  0.00000  1.00000  0.94886  0.52140  0.00000  0.00000  0.99983  0.99975
3.570000000e+00  0.00000  1.00000  0.90718  0.67256  0.00000  0.00000  0.99983  0.99975
3.580000000e+00  0.00000  1.00000  0.87603  0.60043  0.00000  0.00000  0.99983  0.99954
3.590000000e+00  0.00000  1.00000  0.82111  0.71227  0.00000  0.00000  0.99983  0.99953
3.600000000e+00  0.00000  1.00000  0.67074  0.60160  0.00000  0.00000  0.99983  0.99958
3.610000000e+00  0.00000  1.00000  0.54122  0.80757  0.00000  0.00000  0.99983  0.99961
3.620000000e+00  0.00000  1.00000  0.48956  0.63761  0.00000  0.00000  0.99984  0.99950
3.630000000e+00  0.00000  1.00000  0.68160  0.79492  0.00000  0.00000  0.99984  0.99939
3.640000000e+00  0.00000  1.00000  0.64135  0.68677  0.00000  0.00000  0.99984  0.99920
3.650000000e+00  0.00000  1.00000  0.51645  0.91062  0.00000  0.00000  0.99984  0.99907
3.660000000e+00  0.00000  1.00000  0.61967  0.74169  0.00000  0.00000  0.99984  0.99898
3.670000000e+00  0.00000  1.00000  0.80830  0.75364  0.00000  0.00000  0.99985  0.99889
3.680000000e+00  0.00000  1.00000  0.93391  0.35546  0.00000  0.00000  0.99985  0.99871
3.690000000e+00  0.00000  1.00000  0.96899  0.49682  0.00000  0.00000  0.99985  0.99844
3.700000000e+00  0.00000  1.00000  0.97986  0.73962  0.00000  0.00000  0.99985  0.99824
3.710000000e+00  0.00000  1.00000  0.98905  0.89357  0.00000  0.00000  0.99985  0.99650
3.720000000e+00  0.00000  1.00000  0.97958  0.66846  0.00000  0.00000  0.99985  0.99538
3.730000000e+00  0.00000  1.00000  0.97829  0.81773  0.00000  0.00000  0.99986  0.99489
3.740000000e+00  0.00000  1.00000  0.97757  0.67614  0.00000  0.00000  0.99986  0.99432
3.750000000e+00  0.00000  1.00000  0.94071  0.77490  0.00000  0.00000  0.99986  0.99357
3.760000000e+00  0.00000  1.00000  0.84623  0.72601  0.00000  0.00000  0.99986  0.99274
3.770000000e+00  0.00000  1.00000  0.72239  0.66684  0.00000  0.00000  0.99986  0.99179
3.780000000e+00  0.00000  1.00000  0.55002  0.68855  0.00000  0.00000  0.99986  0.99055
3.790000000e+00  0.00000  1.00000  0.37718  0.74695  0.00000  0.00000  0.99986  0.98903
3.800000000e+00  0.00000  1.00000  0.14982  0.69241  0.00000  0.00000  0.99987  0.98741
3.810000000e+00  0.00000  1.00000  0.04083  0.86302  0.00000  0.00000  0.99987  0.98548
3.820000000e+00  0.00000  1.00000  0.06412  0.65877  0.00000  0.00000  0.99987  0.98339
3.830000000e+00  0.00000  1.00000  0.26244  0.84511  0.00000  0.00000  0.99987  0.98101
3.840000000e+00  0.00000  1.00000  0.12962  0.72043  0.00000  0.00000  0.99987  0.97823
3.850000000e+00  0.00000  1.00000  0.06745  0.85373  0.00000  0.00000  0.99987  0.97501
3.860000000e+00  0.00000  1.00000  0.12193  0.82437  0.00000  0.00000  0.99987  0.97134
3.870000000e+00  0.00000  1.00000  0.29105  0.86880  0.00000  0.00000  0.99987  0.96728
3.880000000e+00  0.00000  1.00000  0.53708  0.86377  0.00000  0.00000  0.99988  0.96266
3.890000000e+00  0.00000  1.00000  0.75658  0.89514  0.00000  0.00000  0.99988  0.95731
3.900000000e+00  0.00000  1.00000  0.90395  0.93171  0.00000  0.00000  0.99988  0.95129
3.910000000e+00  0.00000  1.00000  0.95987  0.88201  0.00000  0.00000  0.99988  0.94447
3.920000000e+00  0.00000  1.00000  0.96444  0.97306  0.00000  0.00000  0.99988  0.93647
3.930000000e+00  0.00000  1.00000  0.92707  0.94171  0.00000  0.00000  0.99988  0.92732
3.940000000e+00  0.00000  1.00000  0.84456  0.97450  0.00000  0.00000  0.99988  0.91673
3.950000000e+00  0.00000  1.00000  0.71935  0.97818  0.00000  0.00000  0.99988  0.90479
3.960000000e+00  0.00000  1.00000  0.50374  0.96406  0.00000  0.00000  0.99989  0.89064
3.970000000e+00  0.00000  1.00000  0.33285  0.98994  0.00000  0.00000  0.99989  0.87450
3.980000000e+00  0.00000  1.00000  0.18204  0.97770  0.00000  0.00000  0.99989  0.85652
3.990000000e+00  0.00000  1.00000  0.13260  0.99295  0.00000  0.00000  0.99989  0.83596
4.000000000e+00  0.00000  1.00000  0.30967  0.99041  0.00000  0.00000  0.99989  0.81234
4.010000000e+00  0.00000  1.00000  0.38244  0.99035  0.00000  0.00000  0.99989  0.78652
4.020000000e+00  0.00000  1.00000  0.17122  0.99738  0.00000  0.00000  0.99989  0.75842
4.030000000e+00  0.00000  1.00000  0.14928  0.99051  0.00000  0.00000  0.99989  0.72864
4.040000000e+00  0.00000  1.00000  0.20736  0.99514  0.00000  0.00000  0.99989  0.69727
4.050000000e+00  0.00000  1.00000  0.34629  0.99557  0.00000  0.00000  0.99990  0.66406
4.060000000e+00  0.00000  1.00000  0.51604  0.99456  0.00000  0.00000  0.99990  0.63066
4.070000000e+00  0.00000  1.00000  0.56999  0.99432  0.00000  0.00000  0.99990  0.59711
4.080000000e+00  0.00000  1.00000  0.27945  0.99729  0.00000  0.00000  0.99990  0.56523
4.090000000e+00  0.00000  1.00000  0.08646  0.99705  0.00000  0.00000  0.99990  0.53543
4.100000000e+00  0.00000  1.00000  0.03849  0.99739  0.00000  0.00000  0.99990  0.50761
4.110000000e+00  0.00000  1.00000  0.04944  0.99057  0.00000  0.00000  0.99990  0.48269
4.120000000e+00  0.00000  1.00000  0.21112  0.99741  0.00000  0.00000  0.99990  0.46135
4.130000000e+00  0.00000  1.00000  0.26075  0.99359  0.00000  0.00000  0.99990  0.44351
4.140000000e+00  0.00000  1.00000  0.11574  0.99574  0.00000  0.00000  0.99990  0.42940
4.150000000e+00  0.00000  1.00000  0.04847  0.99864  0.00000  0.00000  0.99991  0.41886
4.160000000e+00  0.00000  1.00000  0.00022  0.99273  0.00000  0.00000  0.99991  0.41225
4.170000000e+00  0.00000  1.00000  0.00000  0.99566  0.00000  0.00000  0.99991  0.40845
4.180000000e+00  0.00000  1.00000  0.00000  0.99484  0.00000  0.00000  0.99991  0.40953
4.190000000e+00  0.00000  1.00000  0.00000  0.99488  0.00000  0.00000  0.99991  0.41149
4.200000000e+00  0.00000  1.00000  0.00000  0.99421  0.00000  0.00000  0.99991  0.41665
4.210000000e+00  0.00000  1.00000  0.00000  0.99104  0.00000  0.00000  0.99991  0.41982
4.220000000e+00  0.00000  1.00000  0.00000  0.99147  0.00000  0.00000  0.99991  0.42071
4.230000000e+00  0.00000  1.00000  0.00000  0.99059  0.00000  0.00000  0.99991  0.41810
4.240000000e+00  0.00000  1.00000  0.00000  0.99291  0.00000  0.00000  0.99991  0.41013
4.250000000e+00  0.00000  1.00000  0.00000  0.98241  0.00000  0.00000  0.99991  0.39505
4.260000000e+00  0.00000  1.00000  0.00000  0.97805  0.00000  0.00000  0.99991  0.36630
4.270000000e+00  0.00000  1.00000  0.00000  0.99234  0.00000  0.00000  0.99992  0.32332
4.280000000e+00  0.00000  1.00000  0.00000  0.96870  0.00000  0.00000  0.99992  0.29353
4.290000000e+00  0.00000  1.00000  0.00000  0.96377  0.00000  0.00000  0.99992  0.27535
4.300000000e+00  0.00000  1.00000  0.00000  0.95911  0.00000  0.00000  0.99992  0.28000
4.310000000e+00  0.00000  1.00000  0.00000  0.93099  0.00000  0.00000  0.99992  0.30770
4.320000000e+00  0.00000  1.00000  0.00000  0.94409  0.00000  0.00000  0.99992  0.34789
4.330000000e+00  0.00000  1.00000  0.00000  0.94254  0.00000  0.00000  0.99992  0.40261
4.340000000e+00  0.00000  1.00000  0.00000  0.93119  0.00000  0.00000  0.99992  0.44841
4.350000000e+00  0.00000  1.00000  0.00000  0.92528  0.00000  0.00000  0.99992  0.48301
4.360000000e+00  0.00000  1.00000  0.00000  0.90079  0.00000  0.00000  0.99992  0.50797
4.370000000e+00  0.00000  1.00000  0.00000  0.80496  0.00000  0.00000  0.99992  0.52591
4.380000000e+00  0.00000  1.00000  0.00000  0.93032  0.00000  0.00000  0.99992  0.53935
4.390000000e+00  0.00000  1.00000  0.00000  0.90262  0.00000  0.00000  0.99992  0.55157
4.400000000e+00  0.00000  1.00000  0.00000  0.85622  0.00000  0.00000  0.99992  0.56022
4.410000000e+00  0.00000  1.00000  0.00000  0.72839  0.00000  0.00000  0.99993  0.57147
4.420000000e+00  0.00000  1.00000  0.00000  0.95277  0.00000  0.00000  0.99993  0.58230
4.430000000e+00  0.00000  1.00000  0.00000  0.83860  0.00000  0.00000  0.99993  0.59497
4.440000000e+00  0.00000  1.00000  0.00000  0.66810  0.00000  0.00000  0.99993  0.60852
4.450000000e+00  0.00000  1.00000  0.00000  0.73705  0.00000  0.00000  0.99993  0.62440
4.460000000e+00  0.00000  1.00000  0.00000  0.76841  0.00000  0.00000  0.99993  0.64020
4.470000000e+00  0.00000  1.00000  0.00000  0.79082  0.00000  0.00000  0.99993  0.65937
4.480000000e+00  0.00000  1.00000  0.00000  0.76382  0.00000  0.00000  0.99993  0.67745
4.490000000e+00  0.00000  1.00000  0.00000  0.81372  0.00000  0.00000  0.99993  0.69822
4.500000000e+00  0.00000  1.00000  0.00000  0.84028  0.00000  0.00000  0.99993  0.71742
4.510000000e+00  0.00000  1.00000  0.00000  0.83095  0.00000  0.00000  0.99993  0.73834
4.520000000e+00  0.00000  1.00000  0.00000  0.75289  0.00000  0.00000  0.99993  0.75871
4.530000000e+00  0.00000  1.00000  0.00000  0.61813  0.00000  0.00000  0.99993  0.77855
4.540000000e+00  0.00000  1.00000  0.00002  0.59754  0.00000  0.00000  0.99993  0.79799
4.550000000e+00  0.00000  1.00000  0.00022  0.79094  0.00000  0.00000  0.99993  0.81667
4.560000000e+00  0.00000  1.00000  0.00471  0.88872  0.00000  0.00000  0.99993  0.83447
4.570000000e+00  0.00000  1.00000  0.03307  0.77755  0.00000  0.00000  0.99994  0.85057
4.580000000e+00  0.00000  1.00000  0.11430  0.67157  0.00000  0.00000  0.99994  0.86626
4.590000000e+00  0.00000  1.00000  0.16605  0.74107  0.00000  0.00000  0.99994  0.88050
4.600000000e+00  0.00000  1.00000  0.24445  0.78105  0.00000  0.00000  0.99994  0.89361
4.610000000e+00  0.00000  1.00000  0.30417  0.82049  0.00000  0.00000  0.99994  0.90564
4.620000000e+00  0.00000  1.00000  0.25213  0.76938  0.00000  0.00000  0.99994  0.91661
4.630000000e+00  0.00000  1.00000  0.11330  0.56392  0.00000  0.00000  0.99994  0.92650
4.640000000e+00  0.00000  1.00000  0.08705  0.57169  0.00000  0.00000  0.99994  0.93540
4.650000000e+00  0.00000  1.00000  0.07093  0.58644  0.00000  0.00000  0.99994  0.94340
4.660000000e+00  0.00000  1.00000  0.07135  0.52040  0.00000  0.00000  0.99994  0.95056
4.670000000e+00  0.00000  1.00000  0.07822  0.44866  0.00000  0.00000  0.99994  0.95663
4.680000000e+00  0.00000  1.00000  0.02799  0.45715  0.00000  0.00000  0.99994  0.96148
4.690000000e+00  0.00000  1.00000  0.01226  0.18519  0.00000  0.00000  0.99994  0.96658
4.700000000e+00  0.00000  1.00000  0.00140  0.83972  0.00000  0.00000  0.99994  0.97070
4.710000000e+00  0.00000  1.00000  0.00004  0.73110  0.00000  0.00000  0.99994  0.97417
4.720000000e+00  0.00000  1.00000  0.00002  0.39200  0.00000  0.00000  0.99994  0.97743
4.730000000e+00  0.00000  1.00000  0.00000  0.54398  0.00000  0.00000  0.99994  0.97988
4.740000000e+00  0.00000  1.00000  0.00000  0.38579  0.00000  0.00000  0.99994  0.98270
4.750000000e+00  0.00000  1.00000  0.00000  0.62076  0.00000  0.00000  0.99994  0.98489
4.760000000e+00  0.00000  1.00000  0.00000  0.50655  0.00000  0.00000  0.99994  0.98685
4.770000000e+00  0.00000  1.00000  0.00000  0.51666  0.00000  0.00000  0.99995  0.98857
4.780000000e+00  0.00000  1.00000  0.00000  0.37676  0.00000  0.00000  0.99995  0.98930
4.790000000e+00  0.00000  1.00000  0.00000  0.21329  0.00000  0.00000  0.99995  0.99065
4.800000000e+00  0.00000  1.00000  0.00000  0.26360  0.00000  0.00000  0.99995  0.99252
4.810000000e+00  0.00000  1.00000  0.00000  0.41894  0.00000  0.00000  0.99995  0.99368
4.820000000e+00  0.00000  1.00000  0.00000  0.35774  0.00000  0.00000  0.99995  0.99449
4.830000000e+00  0.00000  1.00000  0.00000  0.20299  0.00000  0.00000  0.99995  0.99544
4.840000000e+00  0.00000  1.00000  0.00000  0.39338  0.00000  0.00000  0.99995  0.99258
4.850000000e+00  0.00000  1.00000  0.00000  0.10119  0.00000  0.00000  0.99995  0.99518
4.860000000e+00  0.00000  1.00000  0.00000  0.05681  0.00000  0.00000  0.99995  0.99709
4.870000000e+00  0.00000  1.00000  0.00000  0.53763  0.00000  0.00000  0.99995  0.99761
4.880000000e+00  0.00000  1.00000  0.00000  0.53278  0.00000  0.00000  0.99995  0.99788
4.890000000e+00  0.00000  1.00000  0.00000  0.46636  0.00000  0.00000  0.99995  0.99751
4.900000000e+00  0.00000  1.00000  0.00000  0.05687  0.00000  0.00000  0.99995  0.99540
4.910000000e+00  0.00000  1.00000  0.00000  0.02978  0.00000  0.00000  0.99995  0.99823
4.920000000e+00  0.00000  1.00000  0.00000  0.21568  0.00000  0.00000  0.99995  0.99855
4.930000000e+00  0.00000  1.00000  0.00000  0.44871  0.00000  0.00000  0.99995  0.99868
4.940000000e+00  0.00000  1.00000  0.00011  0.21517  0.00000  0.00000  0.99995  0.99868
4.950000000e+00  0.00000  1.00000  0.00056  0.04724  0.00000  0.00000  0.99995  0.99695
4.960000000e+00  0.00000  1.00000  0.00131  0.01201  0.00000  0.00000  0.99995  0.98941
4.970000000e+00  0.00000  1.00000  0.01093  0.00504  0.00000  0.00000  0.99995  0.99899
4.980000000e+00  0.00000  1.00000  0.03224  0.10880  0.00000  0.00000  0.99995  0.99906
4.990000000e+00  0.00000  1.00000  0.08232  0.02696  0.00000  0.00000  0.99995  0.99927
5.000000000e+00  0.00000  1.00000  0.07533  0.20608  0.00000  0.00000  0.99995  0.99929
