results_atm.txt
# ------------------------------------------------------------------------
# Atmospheric radiances synthesized with PUMAS (Villanueva et al. 2016, Smith et al. 2009, Edwards 1992)
# Molecular abundance profile: 
# Molecules considered: N2,CO2,H2O
# Molecular sources: HIT[22],HIT[2],HIT[1]
# Molecular abundances: 1,1,1
# Molecular abundance units: scl,scl,scl
# Collission-Induced-Absorption:  N2-N2(3.33-5.41um)
# Rayleigh scattering included
# ------------------------------------------------------------------------
# Wave/freq TRAPPIST-1-e
1.000000000e+00  1.19236e-10
1.010000000e+00  1.20051e-10
1.020000000e+00  1.20808e-10
1.030000000e+00  1.21506e-10
1.040000000e+00  1.18436e-10
1.050000000e+00  1.22683e-10
1.060000000e+00  1.22947e-10
1.070000000e+00  1.22595e-10
1.080000000e+00  1.24021e-10
1.090000000e+00  1.24508e-10
1.100000000e+00  1.24776e-10
1.110000000e+00  1.25044e-10
1.120000000e+00  1.24244e-10
1.130000000e+00  1.24200e-10
1.140000000e+00  1.25090e-10
1.150000000e+00  1.24916e-10
1.160000000e+00  1.25603e-10
1.170000000e+00  1.25761e-10
1.180000000e+00  1.25691e-10
1.190000000e+00  1.25603e-10
1.200000000e+00  1.25518e-10
1.210000000e+00  1.08853e-10
1.220000000e+00  1.16364e-10
1.230000000e+00  1.18698e-10
1.240000000e+00  1.22562e-10
1.250000000e+00  1.24372e-10
1.260000000e+00  1.23465e-10
1.270000000e+00  1.23043e-10
1.280000000e+00  1.23499e-10
1.290000000e+00  1.21860e-10
1.300000000e+00  1.20691e-10
1.310000000e+00  1.22119e-10
1.320000000e+00  1.13736e-10
1.330000000e+00  1.21000e-10
1.340000000e+00  1.15486e-10
1.350000000e+00  1.18413e-10
1.360000000e+00  1.16570e-10
1.370000000e+00  1.15397e-10
1.380000000e+00  1.14901e-10
1.390000000e+00  1.15208e-10
1.400000000e+00  1.14718e-10
1.410000000e+00  1.13580e-10
1.420000000e+00  1.15335e-10
1.430000000e+00  1.13811e-10
1.440000000e+00  7.39794e-11
1.450000000e+00  9.72688e-11
1.460000000e+00  1.11582e-10
1.470000000e+00  1.11197e-10
1.480000000e+00  1.04750e-10
1.490000000e+00  1.08330e-10
1.500000000e+00  1.03603e-10
1.510000000e+00  1.08577e-10
1.520000000e+00  1.07999e-10
1.530000000e+00  1.00223e-10
1.540000000e+00  9.46397e-11
1.550000000e+00  1.03421e-10
1.560000000e+00  1.04222e-10
1.570000000e+00  9.51911e-11
1.580000000e+00  7.55470e-11
1.590000000e+00  9.78839e-11
1.600000000e+00  9.15849e-11
1.610000000e+00  7.40956e-11
1.620000000e+00  8.88987e-11
1.630000000e+00  9.42797e-11
1.640000000e+00  9.09486e-11
1.650000000e+00  8.97062e-11
1.660000000e+00  9.27108e-11
1.670000000e+00  9.25046e-11
1.680000000e+00  9.25199e-11
1.690000000e+00  9.36962e-11
1.700000000e+00  9.33338e-11
1.710000000e+00  9.15169e-11
1.720000000e+00  9.14669e-11
1.730000000e+00  9.09469e-11
1.740000000e+00  9.01463e-11
1.750000000e+00  8.92591e-11
1.760000000e+00  8.82512e-11
1.770000000e+00  8.74805e-11
1.780000000e+00  8.66890e-11
1.790000000e+00  8.57391e-11
1.800000000e+00  8.49072e-11
1.810000000e+00  8.39243e-11
1.820000000e+00  8.24481e-11
1.830000000e+00  8.10431e-11
1.840000000e+00  7.92308e-11
1.850000000e+00  7.86344e-11
1.860000000e+00  7.73697e-11
1.870000000e+00  7.71204e-11
1.880000000e+00  7.02804e-11
1.890000000e+00  6.94731e-11
1.900000000e+00  7.31494e-11
1.910000000e+00  7.29928e-11
1.920000000e+00  7.33884e-11
1.930000000e+00  7.26769e-11
1.940000000e+00  6.95319e-11
1.950000000e+00  5.00314e-11
1.960000000e+00  2.65460e-11
1.970000000e+00  2.91282e-11
1.980000000e+00  4.85228e-11
1.990000000e+00  5.62838e-11
2.000000000e+00  4.28966e-11
2.010000000e+00  1.57195e-11
2.020000000e+00  1.98658e-11
2.030000000e+00  3.85948e-11
2.040000000e+00  3.96477e-11
2.050000000e+00  3.87474e-11
2.060000000e+00  2.60544e-11
2.070000000e+00  2.89938e-11
2.080000000e+00  3.76151e-11
2.090000000e+00  4.11790e-11
2.100000000e+00  4.64588e-11
2.110000000e+00  5.16077e-11
2.120000000e+00  5.32711e-11
2.130000000e+00  5.67048e-11
2.140000000e+00  5.72286e-11
2.150000000e+00  5.28312e-11
2.160000000e+00  5.24588e-11
2.170000000e+00  5.18342e-11
2.180000000e+00  5.33701e-11
2.190000000e+00  5.47950e-11
2.200000000e+00  5.45954e-11
2.210000000e+00  5.40984e-11
2.220000000e+00  5.31588e-11
2.230000000e+00  5.26511e-11
2.240000000e+00  5.23758e-11
2.250000000e+00  5.17311e-11
2.260000000e+00  5.08137e-11
2.270000000e+00  5.04486e-11
2.280000000e+00  4.97856e-11
2.290000000e+00  4.93339e-11
2.300000000e+00  4.87256e-11
2.310000000e+00  4.81337e-11
2.320000000e+00  4.75504e-11
2.330000000e+00  4.69571e-11
2.340000000e+00  4.63691e-11
2.350000000e+00  4.57881e-11
2.360000000e+00  4.52061e-11
2.370000000e+00  4.46308e-11
2.380000000e+00  4.40362e-11
2.390000000e+00  4.34207e-11
2.400000000e+00  4.28158e-11
2.410000000e+00  4.22420e-11
2.420000000e+00  4.17835e-11
2.430000000e+00  4.13038e-11
2.440000000e+00  4.05603e-11
2.450000000e+00  4.01361e-11
2.460000000e+00  3.96822e-11
2.470000000e+00  3.90978e-11
2.480000000e+00  3.83156e-11
2.490000000e+00  3.66886e-11
2.500000000e+00  3.63131e-11
2.510000000e+00  3.58380e-11
2.520000000e+00  3.52325e-11
2.530000000e+00  3.54754e-11
2.540000000e+00  3.48421e-11
2.550000000e+00  3.37958e-11
2.560000000e+00  3.36456e-11
2.570000000e+00  3.12950e-11
2.580000000e+00  2.97149e-11
2.590000000e+00  2.82610e-11
2.600000000e+00  2.61074e-11
2.610000000e+00  2.65236e-11
2.620000000e+00  2.58336e-11
2.630000000e+00  2.68128e-11
2.640000000e+00  2.61648e-11
2.650000000e+00  2.74214e-11
2.660000000e+00  2.15903e-11
2.670000000e+00  8.18646e-12
2.680000000e+00  1.37499e-12
2.690000000e+00  4.30344e-13
2.700000000e+00  5.76507e-13
2.710000000e+00  5.91800e-13
2.720000000e+00  1.33330e-12
2.730000000e+00  2.48173e-12
2.740000000e+00  2.47574e-12
2.750000000e+00  1.24965e-12
2.760000000e+00  3.88511e-13
2.770000000e+00  3.01531e-13
2.780000000e+00  2.21392e-13
2.790000000e+00  2.72012e-13
2.800000000e+00  4.13383e-13
2.810000000e+00  5.70726e-13
2.820000000e+00  6.59995e-13
2.830000000e+00  7.00743e-13
2.840000000e+00  8.38021e-13
2.850000000e+00  6.09877e-13
2.860000000e+00  9.25455e-13
2.870000000e+00  1.60944e-12
2.880000000e+00  2.30861e-12
2.890000000e+00  3.59480e-12
2.900000000e+00  5.39544e-12
2.910000000e+00  6.59191e-12
2.920000000e+00  7.34141e-12
2.930000000e+00  7.69375e-12
2.940000000e+00  7.98980e-12
2.950000000e+00  8.37789e-12
2.960000000e+00  8.38629e-12
2.970000000e+00  7.79353e-12
2.980000000e+00  7.01658e-12
2.990000000e+00  6.91267e-12
3.000000000e+00  7.75870e-12
3.010000000e+00  8.51533e-12
3.020000000e+00  8.04107e-12
3.030000000e+00  8.51119e-12
3.040000000e+00  9.04841e-12
3.050000000e+00  9.34277e-12
3.060000000e+00  9.48056e-12
3.070000000e+00  9.74122e-12
3.080000000e+00  9.88631e-12
3.090000000e+00  9.88584e-12
3.100000000e+00  9.89972e-12
3.110000000e+00  9.84407e-12
3.120000000e+00  9.61306e-12
3.130000000e+00  9.43121e-12
3.140000000e+00  9.56575e-12
3.150000000e+00  9.76383e-12
3.160000000e+00  9.78124e-12
3.170000000e+00  9.75021e-12
3.180000000e+00  9.93046e-12
3.190000000e+00  1.01125e-11
3.200000000e+00  1.03432e-11
3.210000000e+00  1.05452e-11
3.220000000e+00  1.07749e-11
3.230000000e+00  1.09856e-11
3.240000000e+00  1.13175e-11
3.250000000e+00  1.15117e-11
3.260000000e+00  1.18213e-11
3.270000000e+00  1.20197e-11
3.280000000e+00  1.23302e-11
3.290000000e+00  1.26497e-11
3.300000000e+00  1.28798e-11
3.310000000e+00  1.31405e-11
3.320000000e+00  1.34879e-11
3.330000000e+00  1.36532e-11
3.340000000e+00  1.39063e-11
3.350000000e+00  1.40687e-11
3.360000000e+00  1.39866e-11
3.370000000e+00  1.45075e-11
3.380000000e+00  1.47513e-11
3.390000000e+00  1.49416e-11
3.400000000e+00  1.50415e-11
3.410000000e+00  1.51112e-11
3.420000000e+00  1.51882e-11
3.430000000e+00  1.52558e-11
3.440000000e+00  1.53198e-11
3.450000000e+00  1.53654e-11
3.460000000e+00  1.53408e-11
3.470000000e+00  1.52983e-11
3.480000000e+00  1.52493e-11
3.490000000e+00  1.52008e-11
3.500000000e+00  1.51511e-11
3.510000000e+00  1.51003e-11
3.520000000e+00  1.50355e-11
3.530000000e+00  1.49309e-11
3.540000000e+00  1.48230e-11
3.550000000e+00  1.47100e-11
3.560000000e+00  1.45804e-11
3.570000000e+00  1.44213e-11
3.580000000e+00  1.42425e-11
3.590000000e+00  1.40212e-11
3.600000000e+00  1.36590e-11
3.610000000e+00  1.33605e-11
3.620000000e+00  1.30793e-11
3.630000000e+00  1.31799e-11
3.640000000e+00  1.30450e-11
3.650000000e+00  1.28131e-11
3.660000000e+00  1.29163e-11
3.670000000e+00  1.30519e-11
3.680000000e+00  1.30476e-11
3.690000000e+00  1.29376e-11
3.700000000e+00  1.28260e-11
3.710000000e+00  1.27247e-11
3.720000000e+00  1.25685e-11
3.730000000e+00  1.24552e-11
3.740000000e+00  1.23533e-11
3.750000000e+00  1.21926e-11
3.760000000e+00  1.19339e-11
3.770000000e+00  1.16478e-11
3.780000000e+00  1.13411e-11
3.790000000e+00  1.10010e-11
3.800000000e+00  1.03297e-11
3.810000000e+00  9.50262e-12
3.820000000e+00  9.54155e-12
3.830000000e+00  1.00510e-11
3.840000000e+00  9.61269e-12
3.850000000e+00  9.31805e-12
3.860000000e+00  9.60531e-12
3.870000000e+00  1.00742e-11
3.880000000e+00  1.02950e-11
3.890000000e+00  1.03630e-11
3.900000000e+00  1.03877e-11
3.910000000e+00  1.03409e-11
3.920000000e+00  1.02366e-11
3.930000000e+00  1.00737e-11
3.940000000e+00  9.86184e-12
3.950000000e+00  9.62518e-12
3.960000000e+00  9.28257e-12
3.970000000e+00  8.98186e-12
3.980000000e+00  8.46266e-12
3.990000000e+00  8.14090e-12
4.000000000e+00  8.38562e-12
4.010000000e+00  8.47500e-12
4.020000000e+00  8.03342e-12
4.030000000e+00  7.98010e-12
4.040000000e+00  8.12402e-12
4.050000000e+00  8.33748e-12
4.060000000e+00  8.53752e-12
4.070000000e+00  8.53878e-12
4.080000000e+00  8.31188e-12
4.090000000e+00  8.07592e-12
4.100000000e+00  7.91292e-12
4.110000000e+00  7.90129e-12
4.120000000e+00  7.92822e-12
4.130000000e+00  7.86087e-12
4.140000000e+00  7.67809e-12
4.150000000e+00  7.67371e-12
4.160000000e+00  6.85163e-12
4.170000000e+00  4.58898e-12
4.180000000e+00  2.84664e-12
4.190000000e+00  1.54865e-12
4.200000000e+00  8.01394e-13
4.210000000e+00  2.84375e-13
4.220000000e+00  1.12825e-13
4.230000000e+00  5.78424e-14
4.240000000e+00  4.31095e-14
4.250000000e+00  4.07369e-14
4.260000000e+00  5.00593e-14
4.270000000e+00  5.47949e-14
4.280000000e+00  4.40362e-14
4.290000000e+00  4.53801e-14
4.300000000e+00  5.26553e-14
4.310000000e+00  6.38363e-14
4.320000000e+00  8.15818e-14
4.330000000e+00  1.15022e-13
4.340000000e+00  1.50508e-13
4.350000000e+00  1.80931e-13
4.360000000e+00  1.80469e-13
4.370000000e+00  1.91549e-13
4.380000000e+00  2.48876e-13
4.390000000e+00  3.40721e-13
4.400000000e+00  2.54331e-13
4.410000000e+00  2.57783e-13
4.420000000e+00  3.04344e-13
4.430000000e+00  3.90765e-13
4.440000000e+00  5.06232e-13
4.450000000e+00  6.97153e-13
4.460000000e+00  9.80359e-13
4.470000000e+00  1.23695e-12
4.480000000e+00  1.80942e-12
4.490000000e+00  2.26862e-12
4.500000000e+00  2.64994e-12
4.510000000e+00  3.11690e-12
4.520000000e+00  3.59674e-12
4.530000000e+00  4.23880e-12
4.540000000e+00  4.68324e-12
4.550000000e+00  4.99992e-12
4.560000000e+00  5.11860e-12
4.570000000e+00  5.20595e-12
4.580000000e+00  5.23666e-12
4.590000000e+00  5.24779e-12
4.600000000e+00  5.24617e-12
4.610000000e+00  5.21709e-12
4.620000000e+00  5.03106e-12
4.630000000e+00  4.93189e-12
4.640000000e+00  4.95526e-12
4.650000000e+00  4.94319e-12
4.660000000e+00  4.96188e-12
4.670000000e+00  4.94618e-12
4.680000000e+00  4.72399e-12
4.690000000e+00  4.59240e-12
4.700000000e+00  4.38717e-12
4.710000000e+00  3.49701e-12
4.720000000e+00  3.99057e-12
4.730000000e+00  3.64529e-12
4.740000000e+00  3.44986e-12
4.750000000e+00  3.31946e-12
4.760000000e+00  3.24119e-12
4.770000000e+00  3.26180e-12
4.780000000e+00  2.96931e-12
4.790000000e+00  2.73874e-12
4.800000000e+00  2.63743e-12
4.810000000e+00  2.45936e-12
4.820000000e+00  1.65249e-12
4.830000000e+00  2.06124e-12
4.840000000e+00  2.17420e-12
4.850000000e+00  2.16471e-12
4.860000000e+00  2.03234e-12
4.870000000e+00  2.16873e-12
4.880000000e+00  2.32118e-12
4.890000000e+00  2.22994e-12
4.900000000e+00  2.59132e-12
4.910000000e+00  2.73819e-12
4.920000000e+00  2.57855e-12
4.930000000e+00  3.12458e-12
4.940000000e+00  3.24549e-12
4.950000000e+00  3.19836e-12
4.960000000e+00  3.34093e-12
4.970000000e+00  3.58647e-12
4.980000000e+00  3.68733e-12
4.990000000e+00  3.85600e-12
5.000000000e+00  3.55807e-12
results_cfg.txt
<OBJECT-SUMMARY>Target: TRAPPIST-1 e for date (2017/05/25 15:22 UT); geometry: Observatory.
<OBJECT>Exoplanet
<OBJECT-NAME>TRAPPIST-1 e
<OBJECT-DATE>2017/05/25 15:22
<OBJECT-DIAMETER>11697
<OBJECT-GRAVITY>3.703632e+24
<OBJECT-GRAVITY-UNIT>kg
<OBJECT-STAR-DISTANCE>0.028170
<OBJECT-STAR-VELOCITY>0
<OBJECT-SOLAR-LONGITUDE>0
<OBJECT-SOLAR-LATITUDE>0
<OBJECT-SEASON>120
<OBJECT-SEASON-YEAR>2016
<OBJECT-STAR-TYPE>M
<OBJECT-STAR-TEMPERATURE>2559.0
<OBJECT-STAR-RADIUS>0.12
<OBJECT-OBS-LONGITUDE>0.0
<OBJECT-OBS-LATITUDE>89.860
<GEOMETRY>Observatory
<GEOMETRY-OFFSET-UNIT>arcsec
<GEOMETRY-OBS-ALTITUDE>12.10
<GEOMETRY-ALTITUDE-UNIT>pc
<GEOMETRY-OBS-ANGLE>48.121
<GEOMETRY-SOLAR-ANGLE>85.840
<GEOMETRY-PLANET-FRACTION>9.985186e-01
<GEOMETRY-STAR-DISTANCE>0.000000e+00
<GEOMETRY-STAR-FRACTION>0.000000e+00
<GEOMETRY-SOLAR-ANGLE>85.840
<GEOMETRY-PHASE>240.000
<ATMOSPHERE-STRUCTURE>Equilibrium
<ATMOSPHERE-WEIGHT>34.1529153339
<ATMOSPHERE-PRESSURE>1.4026567383
<ATMOSPHERE-PUNIT>bar
<ATMOSPHERE-NGAS>3
<ATMOSPHERE-GAS>N2,CO2,H2O
<ATMOSPHERE-TYPE>HIT[22],HIT[2],HIT[1]
<ATMOSPHERE-ABUN>1,1,1
<ATMOSPHERE-UNIT>scl,scl,scl
<ATMOSPHERE-NAERO>2
<ATMOSPHERE-AEROS>WaterIce,Cloud
<ATMOSPHERE-ATYPE>CRISM_Wolff[reff=2.0um 0.31-99.57um],White_GSFC[reff=1.0um 0.10-1000000.00um]
<ATMOSPHERE-AABUN>1,1
<ATMOSPHERE-AUNIT>scl,scl
<ATMOSPHERE-NMAX>0
<ATMOSPHERE-LMAX>0
<ATMOSPHERE-ASIZE>155.140014603,14.0
<ATMOSPHERE-LAYERS-MOLECULES>Altitude,N2,CO2,H2O,WaterIce,Cloud
<ATMOSPHERE-LAYERS>47
<ATMOSPHERE-LAYER-1>1.392E+00,2.875E+02,6.286E-02,7.423E-01,2.969E-01,1.215E-02,5.548E-10,1.861E-04
<ATMOSPHERE-LAYER-2>1.361E+00,2.883E+02,2.549E-01,7.424E-01,2.970E-01,1.200E-02,4.951E-15,8.889E-05
<ATMOSPHERE-LAYER-3>1.302E+00,2.898E+02,6.288E-01,7.427E-01,2.971E-01,1.157E-02,2.137E-26,4.694E-05
<ATMOSPHERE-LAYER-4>1.212E+00,2.896E+02,1.235E+00,7.432E-01,2.973E-01,1.065E-02,2.623E-12,3.183E-05
<ATMOSPHERE-LAYER-5>1.098E+00,2.875E+02,2.070E+00,7.444E-01,2.978E-01,8.552E-03,1.492E-08,2.906E-05
<ATMOSPHERE-LAYER-6>9.673E-01,2.833E+02,3.128E+00,7.457E-01,2.983E-01,6.325E-03,1.791E-07,2.876E-05
<ATMOSPHERE-LAYER-7>8.289E-01,2.770E+02,4.393E+00,7.466E-01,2.987E-01,4.840E-03,8.350E-07,3.479E-05
<ATMOSPHERE-LAYER-8>6.994E-01,2.696E+02,5.751E+00,7.474E-01,2.990E-01,3.406E-03,1.742E-06,4.043E-05
<ATMOSPHERE-LAYER-9>5.894E-01,2.624E+02,7.085E+00,7.481E-01,2.993E-01,2.208E-03,3.744E-06,4.122E-05
<ATMOSPHERE-LAYER-10>4.958E-01,2.558E+02,8.396E+00,7.486E-01,2.995E-01,1.340E-03,6.344E-06,3.519E-05
<ATMOSPHERE-LAYER-11>4.163E-01,2.496E+02,9.689E+00,7.489E-01,2.996E-01,8.288E-04,9.211E-06,2.366E-05
<ATMOSPHERE-LAYER-12>3.487E-01,2.435E+02,1.097E+01,7.491E-01,2.997E-01,5.102E-04,9.415E-06,1.058E-05
<ATMOSPHERE-LAYER-13>2.913E-01,2.372E+02,1.223E+01,7.492E-01,2.997E-01,3.060E-04,8.842E-06,3.445E-06
<ATMOSPHERE-LAYER-14>2.424E-01,2.305E+02,1.349E+01,7.493E-01,2.997E-01,1.720E-04,4.195E-06,1.126E-07
<ATMOSPHERE-LAYER-15>2.009E-01,2.233E+02,1.474E+01,7.494E-01,2.998E-01,8.809E-05,3.464E-06,0.000E+00
<ATMOSPHERE-LAYER-16>1.656E-01,2.162E+02,1.598E+01,7.494E-01,2.998E-01,4.060E-05,2.969E-06,0.000E+00
<ATMOSPHERE-LAYER-17>1.356E-01,2.100E+02,1.723E+01,7.494E-01,2.998E-01,1.902E-05,2.218E-06,0.000E+00
<ATMOSPHERE-LAYER-18>1.101E-01,2.062E+02,1.850E+01,7.494E-01,2.998E-01,1.222E-05,1.517E-06,0.000E+00
<ATMOSPHERE-LAYER-19>8.869E-02,2.057E+02,1.980E+01,7.494E-01,2.998E-01,1.105E-05,3.281E-07,0.000E+00
<ATMOSPHERE-LAYER-20>7.287E-02,2.064E+02,2.098E+01,7.494E-01,2.998E-01,1.085E-05,2.386E-08,0.000E+00
<ATMOSPHERE-LAYER-21>6.152E-02,2.068E+02,2.201E+01,7.494E-01,2.998E-01,1.069E-05,1.210E-08,0.000E+00
<ATMOSPHERE-LAYER-22>5.168E-02,2.067E+02,2.306E+01,7.494E-01,2.998E-01,1.054E-05,8.740E-09,0.000E+00
<ATMOSPHERE-LAYER-23>4.319E-02,2.061E+02,2.415E+01,7.494E-01,2.998E-01,1.039E-05,6.717E-09,0.000E+00
<ATMOSPHERE-LAYER-24>3.592E-02,2.049E+02,2.525E+01,7.494E-01,2.998E-01,1.029E-05,6.216E-09,0.000E+00
<ATMOSPHERE-LAYER-25>2.973E-02,2.034E+02,2.639E+01,7.494E-01,2.998E-01,1.031E-05,6.286E-09,0.000E+00
<ATMOSPHERE-LAYER-26>2.448E-02,2.015E+02,2.754E+01,7.494E-01,2.998E-01,1.052E-05,1.941E-08,0.000E+00
<ATMOSPHERE-LAYER-27>2.006E-02,1.994E+02,2.870E+01,7.494E-01,2.998E-01,1.070E-05,8.079E-08,0.000E+00
<ATMOSPHERE-LAYER-28>1.635E-02,1.970E+02,2.989E+01,7.494E-01,2.998E-01,1.062E-05,1.493E-07,0.000E+00
<ATMOSPHERE-LAYER-29>1.326E-02,1.948E+02,3.109E+01,7.494E-01,2.998E-01,1.029E-05,1.870E-07,0.000E+00
<ATMOSPHERE-LAYER-30>1.071E-02,1.929E+02,3.230E+01,7.494E-01,2.998E-01,9.872E-06,2.030E-07,0.000E+00
<ATMOSPHERE-LAYER-31>8.600E-03,1.916E+02,3.354E+01,7.494E-01,2.998E-01,9.542E-06,1.644E-07,0.000E+00
<ATMOSPHERE-LAYER-32>6.873E-03,1.907E+02,3.479E+01,7.494E-01,2.998E-01,9.242E-06,1.178E-07,0.000E+00
<ATMOSPHERE-LAYER-33>5.465E-03,1.898E+02,3.607E+01,7.494E-01,2.998E-01,8.903E-06,1.050E-07,0.000E+00
<ATMOSPHERE-LAYER-34>4.325E-03,1.885E+02,3.736E+01,7.494E-01,2.998E-01,8.554E-06,1.150E-07,0.000E+00
<ATMOSPHERE-LAYER-35>3.405E-03,1.868E+02,3.868E+01,7.494E-01,2.998E-01,8.142E-06,1.413E-07,0.000E+00
<ATMOSPHERE-LAYER-36>2.667E-03,1.847E+02,4.000E+01,7.494E-01,2.998E-01,7.719E-06,1.885E-07,0.000E+00
<ATMOSPHERE-LAYER-37>2.079E-03,1.825E+02,4.134E+01,7.494E-01,2.998E-01,7.491E-06,2.410E-07,0.000E+00
<ATMOSPHERE-LAYER-38>1.613E-03,1.807E+02,4.269E+01,7.494E-01,2.998E-01,7.465E-06,2.475E-07,0.000E+00
<ATMOSPHERE-LAYER-39>1.245E-03,1.795E+02,4.406E+01,7.494E-01,2.998E-01,7.614E-06,1.918E-07,0.000E+00
<ATMOSPHERE-LAYER-40>9.559E-04,1.791E+02,4.544E+01,7.494E-01,2.998E-01,7.811E-06,1.370E-07,0.000E+00
<ATMOSPHERE-LAYER-41>3.776E-04,1.791E+02,6.017E+01,7.494E-01,2.998E-01,7.811E-06,1.370E-07,0.000E+00
<ATMOSPHERE-LAYER-42>2.615E-04,1.791E+02,6.600E+01,7.494E-01,2.998E-01,7.811E-06,1.370E-07,0.000E+00
<ATMOSPHERE-LAYER-43>1.566E-04,1.791E+02,7.413E+01,7.494E-01,2.998E-01,7.811E-06,1.370E-07,0.000E+00
<ATMOSPHERE-LAYER-44>7.656E-05,1.791E+02,8.548E+01,7.494E-01,2.998E-01,7.811E-06,1.370E-07,0.000E+00
<ATMOSPHERE-LAYER-45>2.820E-05,1.791E+02,1.013E+02,7.494E-01,2.998E-01,7.811E-06,1.370E-07,0.000E+00
<ATMOSPHERE-LAYER-46>6.996E-06,1.791E+02,1.234E+02,7.494E-01,2.998E-01,7.811E-06,1.370E-07,0.000E+00
<ATMOSPHERE-LAYER-47>1.000E-06,1.791E+02,1.543E+02,7.494E-01,2.998E-01,7.811E-06,1.370E-07,0.000E+00
<SURFACE-TEMPERATURE>286.8503723
<SURFACE-ALBEDO>0.1459557
<SURFACE-EMISSIVITY>0.8540443
results_lyr.txt
# ----------------------------------------------------------------------------------------------
# NASA-GSFC Planetary Spectrum Generator (PSG, Villanueva et al. 2015)
# Atmospheric layering information considered by PUMAS
# Synthesized on Tue Nov 21 15:11:07 2017
# Radiative transfer method: correlated-k
# Synthesis spectral resolution [cm-1] and resolving power: 8.913678 5.010e+02
# Scattering parameters (nmax, lmax): 0 0
# ----------------------------------------------------------------------------------------------
# Molecular abundance profile: 
# Molecules considered: N2,CO2,H2O
# Molecular sources: HIT[22],HIT[2],HIT[1]
# Molecular abundances: 1,1,1
# Molecular abundance units: scl,scl,scl
# Collission-Induced-Absorption:  N2-N2(3.33-5.41um)
# Rayleigh scattering included
# ----------------------------------------------------------------------------------------------
# Aerosols considered: WaterIce,Cloud
# Aerosols sources: CRISM_Wolff[reff=2.0um 0.31-99.57um],White_GSFC[reff=1.0um 0.10-1000000.00um]
# Aerosols abundances: 1,1
# Aerosols abundance units: scl,scl
# Aerosols sizes [um]: 155.140014603,14.0
# ----------------------------------------------------------------------------------------------
# Input layer-by-layer atmospheric profile
# Molecular abundances in molec/molec and aerosols in kg/kg
# ----------------------------------------------------------------------------------------------
# Alt[km] Pressure[bar] Temp[K]         N2        CO2        H2O   WaterIce      Cloud
# ----------------------------------------------------------------------------------------------
    0.000   1.403e+00   286.850   7.423e-01  2.969e-01  1.215e-02  5.548e-10  1.861e-04
    0.255   1.361e+00   288.300   7.424e-01  2.970e-01  1.200e-02  4.951e-15  8.889e-05
    0.629   1.302e+00   289.800   7.427e-01  2.971e-01  1.157e-02  2.137e-26  4.694e-05
    1.235   1.212e+00   289.600   7.432e-01  2.973e-01  1.065e-02  2.623e-12  3.183e-05
    2.070   1.098e+00   287.500   7.444e-01  2.978e-01  8.552e-03  1.492e-08  2.906e-05
    3.128   9.673e-01   283.300   7.457e-01  2.983e-01  6.325e-03  1.791e-07  2.876e-05
    4.393   8.289e-01   277.000   7.466e-01  2.987e-01  4.840e-03  8.350e-07  3.479e-05
    5.751   6.994e-01   269.600   7.474e-01  2.990e-01  3.406e-03  1.742e-06  4.043e-05
    7.085   5.894e-01   262.400   7.481e-01  2.993e-01  2.208e-03  3.744e-06  4.122e-05
    8.396   4.958e-01   255.800   7.486e-01  2.995e-01  1.340e-03  6.344e-06  3.519e-05
    9.689   4.163e-01   249.600   7.489e-01  2.996e-01  8.288e-04  9.211e-06  2.366e-05
   10.970   3.487e-01   243.500   7.491e-01  2.997e-01  5.102e-04  9.415e-06  1.058e-05
   12.230   2.913e-01   237.200   7.492e-01  2.997e-01  3.060e-04  8.842e-06  3.445e-06
   13.490   2.424e-01   230.500   7.493e-01  2.997e-01  1.720e-04  4.195e-06  1.126e-07
   14.740   2.009e-01   223.300   7.494e-01  2.998e-01  8.809e-05  3.464e-06  0.000e+00
   15.980   1.656e-01   216.200   7.494e-01  2.998e-01  4.060e-05  2.969e-06  0.000e+00
   17.230   1.356e-01   210.000   7.494e-01  2.998e-01  1.902e-05  2.218e-06  0.000e+00
   18.500   1.101e-01   206.200   7.494e-01  2.998e-01  1.222e-05  1.517e-06  0.000e+00
   19.800   8.869e-02   205.700   7.494e-01  2.998e-01  1.105e-05  3.281e-07  0.000e+00
   20.980   7.287e-02   206.400   7.494e-01  2.998e-01  1.085e-05  2.386e-08  0.000e+00
   22.010   6.152e-02   206.800   7.494e-01  2.998e-01  1.069e-05  1.210e-08  0.000e+00
   23.060   5.168e-02   206.700   7.494e-01  2.998e-01  1.054e-05  8.740e-09  0.000e+00
   24.150   4.319e-02   206.100   7.494e-01  2.998e-01  1.039e-05  6.717e-09  0.000e+00
   25.250   3.592e-02   204.900   7.494e-01  2.998e-01  1.029e-05  6.216e-09  0.000e+00
   26.390   2.973e-02   203.400   7.494e-01  2.998e-01  1.031e-05  6.286e-09  0.000e+00
   27.540   2.448e-02   201.500   7.494e-01  2.998e-01  1.052e-05  1.941e-08  0.000e+00
   28.700   2.006e-02   199.400   7.494e-01  2.998e-01  1.070e-05  8.079e-08  0.000e+00
   29.890   1.635e-02   197.000   7.494e-01  2.998e-01  1.062e-05  1.493e-07  0.000e+00
   31.090   1.326e-02   194.800   7.494e-01  2.998e-01  1.029e-05  1.870e-07  0.000e+00
   32.300   1.071e-02   192.900   7.494e-01  2.998e-01  9.872e-06  2.030e-07  0.000e+00
   33.540   8.600e-03   191.600   7.494e-01  2.998e-01  9.542e-06  1.644e-07  0.000e+00
   34.790   6.873e-03   190.700   7.494e-01  2.998e-01  9.242e-06  1.178e-07  0.000e+00
   36.070   5.465e-03   189.800   7.494e-01  2.998e-01  8.903e-06  1.050e-07  0.000e+00
   37.360   4.325e-03   188.500   7.494e-01  2.998e-01  8.554e-06  1.150e-07  0.000e+00
   38.680   3.405e-03   186.800   7.494e-01  2.998e-01  8.142e-06  1.413e-07  0.000e+00
   40.000   2.667e-03   184.700   7.494e-01  2.998e-01  7.719e-06  1.885e-07  0.000e+00
   41.340   2.079e-03   182.500   7.494e-01  2.998e-01  7.491e-06  2.410e-07  0.000e+00
   42.690   1.613e-03   180.700   7.494e-01  2.998e-01  7.465e-06  2.475e-07  0.000e+00
   44.060   1.245e-03   179.500   7.494e-01  2.998e-01  7.614e-06  1.918e-07  0.000e+00
   45.440   9.559e-04   179.100   7.494e-01  2.998e-01  7.811e-06  1.370e-07  0.000e+00
   60.170   3.776e-04   179.100   7.494e-01  2.998e-01  7.811e-06  1.370e-07  0.000e+00
   66.000   2.615e-04   179.100   7.494e-01  2.998e-01  7.811e-06  1.370e-07  0.000e+00
   74.130   1.566e-04   179.100   7.494e-01  2.998e-01  7.811e-06  1.370e-07  0.000e+00
   85.480   7.656e-05   179.100   7.494e-01  2.998e-01  7.811e-06  1.370e-07  0.000e+00
  101.300   2.820e-05   179.100   7.494e-01  2.998e-01  7.811e-06  1.370e-07  0.000e+00
  123.400   6.996e-06   179.100   7.494e-01  2.998e-01  7.811e-06  1.370e-07  0.000e+00
  154.300   1.000e-06   179.100   7.494e-01  2.998e-01  7.811e-06  1.370e-07  0.000e+00
#
# ----------------------------------------------------------------------------------------------
# Curtis-Godson integrated layer information used by the radiative transfer analysis
# Oblique molecular layer columns in molec/m2 and aerosols in kg/m2
# ----------------------------------------------------------------------------------------------
# Low[km]  High[km]  Path[km] Pressure[bar] Temp[K]   Airmass   dcol[m-2]         N2        CO2        H2O   WaterIce      Cloud
# ----------------------------------------------------------------------------------------------
    0.000     0.255     0.382   1.382e+00   287.569    1.4980   1.332e+28  9.891e+27  3.956e+27  1.609e+26  5.235e-08  9.973e-02
    0.255     0.629     0.560   1.332e+00   289.042    1.4979   1.872e+28  1.390e+28  5.560e+27  2.206e+26  6.083e-13  6.997e-02
    0.629     1.235     0.908   1.257e+00   289.701    1.4977   2.855e+28  2.121e+28  8.486e+27  3.172e+26  2.310e-10  6.315e-02
    1.235     2.070     1.250   1.155e+00   288.567    1.4975   3.625e+28  2.696e+28  1.079e+28  3.473e+26  3.514e-06  6.259e-02
    2.070     3.128     1.584   1.033e+00   285.441    1.4972   4.148e+28  3.090e+28  1.236e+28  3.071e+26  1.522e-04  6.801e-02
    3.128     4.393     1.893   8.979e-01   280.221    1.4968   4.389e+28  3.275e+28  1.310e+28  2.443e+26  1.043e-03  7.869e-02
    4.393     5.751     2.032   7.639e-01   273.390    1.4964   4.107e+28  3.068e+28  1.227e+28  1.683e+26  2.847e-03  8.727e-02
    5.751     7.085     1.996   6.442e-01   266.088    1.4960   3.494e+28  2.613e+28  1.045e+28  9.708e+25  5.137e-03  8.087e-02
    7.085     8.396     1.961   5.424e-01   259.183    1.4955   2.967e+28  2.221e+28  8.884e+27  5.190e+25  8.242e-03  6.429e-02
    8.396     9.689     1.933   4.559e-01   252.779    1.4951   2.521e+28  1.888e+28  7.553e+27  2.699e+25  1.094e-02  4.174e-02
    9.689    10.970     1.915   3.824e-01   246.629    1.4947   2.147e+28  1.608e+28  6.432e+27  1.418e+25  1.133e-02  1.999e-02
   10.970    12.230     1.883   3.199e-01   240.433    1.4943   1.811e+28  1.357e+28  5.429e+27  7.284e+24  9.382e-03  6.628e-03
   12.230    13.490     1.882   2.667e-01   233.939    1.4939   1.552e+28  1.163e+28  4.651e+27  3.637e+24  5.539e-03  8.991e-04
   13.490    14.740     1.867   2.216e-01   226.996    1.4935   1.317e+28  9.872e+27  3.949e+27  1.667e+24  2.860e-03  4.864e-08
   14.740    15.980     1.851   1.832e-01   219.847    1.4931   1.115e+28  8.357e+27  3.343e+27  6.909e+23  2.034e-03  0.000e+00
   15.980    17.230     1.866   1.505e-01   213.190    1.4928   9.522e+27  7.136e+27  2.855e+27  2.740e+23  1.397e-03  0.000e+00
   17.230    18.500     1.895   1.228e-01   208.161    1.4924   8.077e+27  6.053e+27  2.422e+27  1.250e+23  8.505e-04  0.000e+00
   18.500    19.800     1.940   9.940e-02   205.959    1.4920   6.757e+27  5.064e+27  2.026e+27  7.870e+22  3.057e-04  0.000e+00
   19.800    20.980     1.760   8.079e-02   206.038    1.4916   4.985e+27  3.736e+27  1.495e+27  5.460e+22  3.428e-05  0.000e+00
   20.980    22.010     1.536   6.720e-02   206.594    1.4912   3.612e+27  2.707e+27  1.083e+27  3.891e+22  3.583e-06  0.000e+00
   22.010    23.060     1.565   5.660e-02   206.751    1.4909   3.098e+27  2.322e+27  9.289e+26  3.290e+22  1.824e-06  0.000e+00
   23.060    24.150     1.625   4.744e-02   206.409    1.4906   2.699e+27  2.023e+27  8.091e+26  2.825e+22  1.181e-06  0.000e+00
   24.150    25.250     1.639   3.955e-02   205.518    1.4902   2.280e+27  1.709e+27  6.836e+26  2.358e+22  8.368e-07  0.000e+00
   25.250    26.390     1.698   3.282e-02   204.173    1.4899   1.973e+27  1.479e+27  5.916e+26  2.032e+22  6.994e-07  0.000e+00
   26.390    27.540     1.713   2.710e-02   202.480    1.4895   1.657e+27  1.242e+27  4.967e+26  1.725e+22  1.075e-06  0.000e+00
   27.540    28.700     1.727   2.227e-02   200.484    1.4892   1.386e+27  1.039e+27  4.156e+26  1.470e+22  3.310e-06  0.000e+00
   28.700    29.890     1.772   1.820e-02   198.239    1.4888   1.175e+27  8.806e+26  3.523e+26  1.253e+22  7.361e-06  0.000e+00
   29.890    31.090     1.786   1.480e-02   195.937    1.4884   9.746e+26  7.303e+26  2.922e+26  1.019e+22  9.220e-06  0.000e+00
   31.090    32.300     1.801   1.198e-02   193.883    1.4881   8.036e+26  6.022e+26  2.409e+26  8.106e+21  8.870e-06  0.000e+00
   32.300    33.540     1.845   9.655e-03   192.273    1.4877   6.687e+26  5.011e+26  2.005e+26  6.494e+21  6.967e-06  0.000e+00
   33.540    34.790     1.859   7.736e-03   191.167    1.4873   5.430e+26  4.069e+26  1.628e+26  5.103e+21  4.332e-06  0.000e+00
   34.790    36.070     1.903   6.169e-03   190.267    1.4869   4.453e+26  3.337e+26  1.335e+26  4.042e+21  2.816e-06  0.000e+00
   36.070    37.360     1.918   4.895e-03   189.175    1.4865   3.580e+26  2.683e+26  1.073e+26  3.127e+21  2.228e-06  0.000e+00
   37.360    38.680     1.962   3.865e-03   187.683    1.4861   2.914e+26  2.184e+26  8.736e+25  2.434e+21  2.102e-06  0.000e+00
   38.680    40.000     1.961   3.036e-03   185.791    1.4857   2.311e+26  1.732e+26  6.929e+25  1.834e+21  2.134e-06  0.000e+00
   40.000    41.340     1.990   2.373e-03   183.644    1.4853   1.854e+26  1.390e+26  5.559e+25  1.411e+21  2.236e-06  0.000e+00
   41.340    42.690     2.005   1.846e-03   181.637    1.4849   1.469e+26  1.101e+26  4.403e+25  1.098e+21  2.033e-06  0.000e+00
   42.690    44.060     2.034   1.429e-03   180.126    1.4845   1.163e+26  8.714e+25  3.486e+25  8.763e+20  1.449e-06  0.000e+00
   44.060    45.440     2.048   1.100e-03   179.309    1.4841   9.056e+25  6.787e+25  2.715e+25  6.980e+20  8.427e-07  0.000e+00
   45.440    60.170    21.825   6.673e-04   179.100    1.4817   5.497e+26  4.120e+26  1.648e+26  4.294e+21  4.271e-06  0.000e+00
   60.170    66.000     8.620   3.196e-04   179.100    1.4786   1.102e+26  8.257e+25  3.303e+25  8.606e+20  8.561e-07  0.000e+00
   66.000    74.130    12.004   2.091e-04   179.100    1.4765   9.934e+25  7.444e+25  2.978e+25  7.759e+20  7.718e-07  0.000e+00
   74.130    85.480    16.726   1.166e-04   179.100    1.4737   7.567e+25  5.671e+25  2.269e+25  5.911e+20  5.879e-07  0.000e+00
   85.480   101.300    23.252   5.244e-05   179.100    1.4698   4.555e+25  3.413e+25  1.365e+25  3.558e+20  3.539e-07  0.000e+00
  101.300   123.400    32.363   1.767e-05   179.100    1.4644   1.992e+25  1.493e+25  5.973e+24  1.556e+20  1.548e-07  0.000e+00
  123.400   154.300    45.022   4.052e-06   179.100    1.4570   5.622e+24  4.213e+24  1.685e+24  4.391e+19  4.368e-08  0.000e+00
# ----------------------------------------------------------------------------------------------
# Integrated atmospheric columns                       1.4955   4.455e+29  3.327e+29  1.331e+29  1.970e+27  6.217e-02  7.438e-01
# ----------------------------------------------------------------------------------------------
results_rad.txt
# ------------------------------------------------------------------------
# Radiance spectrum
# NASA-GSFC Planetary Spectrum Generator (PSG) (Villanueva et al. 2015)
# Synthesized on Tue Nov 21 15:11:07 2017
# ------------------------------------------------------------------------
# Atmospheric radiances synthesized with PUMAS (Villanueva et al. 2016, Smith et al. 2009, Edwards 1992)
# Molecular abundance profile: 
# Molecules considered: N2,CO2,H2O
# Molecular sources: HIT[22],HIT[2],HIT[1]
# Molecular abundances: 1,1,1
# Molecular abundance units: scl,scl,scl
# Collission-Induced-Absorption:  N2-N2(3.33-5.41um)
# Rayleigh scattering included
# ------------------------------------------------------------------------
# Spectral unit: Wavelength [um]
# Radiance unit: Spectral radiance [W/sr/m2/um]
# Wave/freq Total Stellar TRAPPIST-1-e
1.000000000e+00  3.68049e-03  3.68049e-03  1.19236e-10
1.010000000e+00  3.70309e-03  3.70309e-03  1.20051e-10
1.020000000e+00  3.72363e-03  3.72363e-03  1.20808e-10
1.030000000e+00  3.74214e-03  3.74214e-03  1.21506e-10
1.040000000e+00  3.75867e-03  3.75867e-03  1.18436e-10
1.050000000e+00  3.77327e-03  3.77327e-03  1.22683e-10
1.060000000e+00  3.78601e-03  3.78601e-03  1.22947e-10
1.070000000e+00  3.79691e-03  3.79691e-03  1.22595e-10
1.080000000e+00  3.80605e-03  3.80605e-03  1.24021e-10
1.090000000e+00  3.81347e-03  3.81347e-03  1.24508e-10
1.100000000e+00  3.81922e-03  3.81922e-03  1.24776e-10
1.110000000e+00  3.82337e-03  3.82337e-03  1.25044e-10
1.120000000e+00  3.82595e-03  3.82595e-03  1.24244e-10
1.130000000e+00  3.82703e-03  3.82703e-03  1.24200e-10
1.140000000e+00  3.82666e-03  3.82666e-03  1.25090e-10
1.150000000e+00  3.82489e-03  3.82489e-03  1.24916e-10
1.160000000e+00  3.82177e-03  3.82177e-03  1.25603e-10
1.170000000e+00  3.81735e-03  3.81734e-03  1.25761e-10
1.180000000e+00  3.81168e-03  3.81168e-03  1.25691e-10
1.190000000e+00  3.80481e-03  3.80481e-03  1.25603e-10
1.200000000e+00  3.79680e-03  3.79679e-03  1.25518e-10
1.210000000e+00  3.78768e-03  3.78768e-03  1.08853e-10
1.220000000e+00  3.77751e-03  3.77751e-03  1.16364e-10
1.230000000e+00  3.76632e-03  3.76632e-03  1.18698e-10
1.240000000e+00  3.75418e-03  3.75418e-03  1.22562e-10
1.250000000e+00  3.74111e-03  3.74111e-03  1.24372e-10
1.260000000e+00  3.72717e-03  3.72717e-03  1.23465e-10
1.270000000e+00  3.71239e-03  3.71239e-03  1.23043e-10
1.280000000e+00  3.69682e-03  3.69682e-03  1.23499e-10
1.290000000e+00  3.68049e-03  3.68049e-03  1.21860e-10
1.300000000e+00  3.66345e-03  3.66345e-03  1.20691e-10
1.310000000e+00  3.64573e-03  3.64573e-03  1.22119e-10
1.320000000e+00  3.62736e-03  3.62736e-03  1.13736e-10
1.330000000e+00  3.60839e-03  3.60839e-03  1.21000e-10
1.340000000e+00  3.58885e-03  3.58885e-03  1.15486e-10
1.350000000e+00  3.56877e-03  3.56877e-03  1.18413e-10
1.360000000e+00  3.54817e-03  3.54817e-03  1.16570e-10
1.370000000e+00  3.52711e-03  3.52711e-03  1.15397e-10
1.380000000e+00  3.50559e-03  3.50559e-03  1.14901e-10
1.390000000e+00  3.48366e-03  3.48366e-03  1.15208e-10
1.400000000e+00  3.46134e-03  3.46134e-03  1.14718e-10
1.410000000e+00  3.43866e-03  3.43866e-03  1.13580e-10
1.420000000e+00  3.41564e-03  3.41564e-03  1.15335e-10
1.430000000e+00  3.39231e-03  3.39231e-03  1.13811e-10
1.440000000e+00  3.36870e-03  3.36870e-03  7.39794e-11
1.450000000e+00  3.34482e-03  3.34482e-03  9.72688e-11
1.460000000e+00  3.32070e-03  3.32070e-03  1.11582e-10
1.470000000e+00  3.29636e-03  3.29636e-03  1.11197e-10
1.480000000e+00  3.27183e-03  3.27183e-03  1.04750e-10
1.490000000e+00  3.24711e-03  3.24711e-03  1.08330e-10
1.500000000e+00  3.22224e-03  3.22224e-03  1.03603e-10
1.510000000e+00  3.19723e-03  3.19723e-03  1.08577e-10
1.520000000e+00  3.17209e-03  3.17209e-03  1.07999e-10
1.530000000e+00  3.14685e-03  3.14685e-03  1.00223e-10
1.540000000e+00  3.12152e-03  3.12152e-03  9.46397e-11
1.550000000e+00  3.09611e-03  3.09611e-03  1.03421e-10
1.560000000e+00  3.07064e-03  3.07064e-03  1.04222e-10
1.570000000e+00  3.04513e-03  3.04513e-03  9.51911e-11
1.580000000e+00  3.01959e-03  3.01959e-03  7.55470e-11
1.590000000e+00  2.99402e-03  2.99402e-03  9.78839e-11
1.600000000e+00  2.96846e-03  2.96846e-03  9.15849e-11
1.610000000e+00  2.94289e-03  2.94289e-03  7.40956e-11
1.620000000e+00  2.91734e-03  2.91734e-03  8.88987e-11
1.630000000e+00  2.89182e-03  2.89182e-03  9.42797e-11
1.640000000e+00  2.86634e-03  2.86634e-03  9.09486e-11
1.650000000e+00  2.84091e-03  2.84091e-03  8.97062e-11
1.660000000e+00  2.81553e-03  2.81553e-03  9.27108e-11
1.670000000e+00  2.79021e-03  2.79021e-03  9.25046e-11
1.680000000e+00  2.76497e-03  2.76497e-03  9.25199e-11
1.690000000e+00  2.73981e-03  2.73981e-03  9.36962e-11
1.700000000e+00  2.71474e-03  2.71474e-03  9.33338e-11
1.710000000e+00  2.68977e-03  2.68977e-03  9.15169e-11
1.720000000e+00  2.66490e-03  2.66490e-03  9.14669e-11
1.730000000e+00  2.64013e-03  2.64013e-03  9.09469e-11
1.740000000e+00  2.61549e-03  2.61549e-03  9.01463e-11
1.750000000e+00  2.59096e-03  2.59096e-03  8.92591e-11
1.760000000e+00  2.56656e-03  2.56656e-03  8.82512e-11
1.770000000e+00  2.54229e-03  2.54229e-03  8.74805e-11
1.780000000e+00  2.51815e-03  2.51815e-03  8.66890e-11
1.790000000e+00  2.49415e-03  2.49415e-03  8.57391e-11
1.800000000e+00  2.47030e-03  2.47030e-03  8.49072e-11
1.810000000e+00  2.44660e-03  2.44660e-03  8.39243e-11
1.820000000e+00  2.42304e-03  2.42304e-03  8.24481e-11
1.830000000e+00  2.39964e-03  2.39964e-03  8.10431e-11
1.840000000e+00  2.37640e-03  2.37640e-03  7.92308e-11
1.850000000e+00  2.35332e-03  2.35332e-03  7.86344e-11
1.860000000e+00  2.33041e-03  2.33041e-03  7.73697e-11
1.870000000e+00  2.30765e-03  2.30765e-03  7.71204e-11
1.880000000e+00  2.28507e-03  2.28507e-03  7.02804e-11
1.890000000e+00  2.26266e-03  2.26266e-03  6.94731e-11
1.900000000e+00  2.24041e-03  2.24041e-03  7.31494e-11
1.910000000e+00  2.21834e-03  2.21834e-03  7.29928e-11
1.920000000e+00  2.19645e-03  2.19645e-03  7.33884e-11
1.930000000e+00  2.17473e-03  2.17473e-03  7.26769e-11
1.940000000e+00  2.15319e-03  2.15319e-03  6.95319e-11
1.950000000e+00  2.13183e-03  2.13183e-03  5.00314e-11
1.960000000e+00  2.11065e-03  2.11065e-03  2.65460e-11
1.970000000e+00  2.08964e-03  2.08964e-03  2.91282e-11
1.980000000e+00  2.06882e-03  2.06882e-03  4.85228e-11
1.990000000e+00  2.04818e-03  2.04818e-03  5.62838e-11
2.000000000e+00  2.02772e-03  2.02772e-03  4.28966e-11
2.010000000e+00  2.00745e-03  2.00745e-03  1.57195e-11
2.020000000e+00  1.98735e-03  1.98735e-03  1.98658e-11
2.030000000e+00  1.96744e-03  1.96744e-03  3.85948e-11
2.040000000e+00  1.94771e-03  1.94771e-03  3.96477e-11
2.050000000e+00  1.92816e-03  1.92816e-03  3.87474e-11
2.060000000e+00  1.90880e-03  1.90880e-03  2.60544e-11
2.070000000e+00  1.88961e-03  1.88961e-03  2.89938e-11
2.080000000e+00  1.87061e-03  1.87061e-03  3.76151e-11
2.090000000e+00  1.85179e-03  1.85179e-03  4.11790e-11
2.100000000e+00  1.83315e-03  1.83315e-03  4.64588e-11
2.110000000e+00  1.81469e-03  1.81469e-03  5.16077e-11
2.120000000e+00  1.79641e-03  1.79641e-03  5.32711e-11
2.130000000e+00  1.77831e-03  1.77831e-03  5.67048e-11
2.140000000e+00  1.76039e-03  1.76039e-03  5.72286e-11
2.150000000e+00  1.74264e-03  1.74264e-03  5.28312e-11
2.160000000e+00  1.72507e-03  1.72507e-03  5.24588e-11
2.170000000e+00  1.70768e-03  1.70768e-03  5.18342e-11
2.180000000e+00  1.69046e-03  1.69046e-03  5.33701e-11
2.190000000e+00  1.67341e-03  1.67341e-03  5.47950e-11
2.200000000e+00  1.65654e-03  1.65654e-03  5.45954e-11
2.210000000e+00  1.63984e-03  1.63984e-03  5.40984e-11
2.220000000e+00  1.62331e-03  1.62331e-03  5.31588e-11
2.230000000e+00  1.60695e-03  1.60695e-03  5.26511e-11
2.240000000e+00  1.59076e-03  1.59076e-03  5.23758e-11
2.250000000e+00  1.57474e-03  1.57474e-03  5.17311e-11
2.260000000e+00  1.55889e-03  1.55889e-03  5.08137e-11
2.270000000e+00  1.54319e-03  1.54319e-03  5.04486e-11
2.280000000e+00  1.52767e-03  1.52767e-03  4.97856e-11
2.290000000e+00  1.51230e-03  1.51230e-03  4.93339e-11
2.300000000e+00  1.49710e-03  1.49710e-03  4.87256e-11
2.310000000e+00  1.48206e-03  1.48206e-03  4.81337e-11
2.320000000e+00  1.46718e-03  1.46718e-03  4.75504e-11
2.330000000e+00  1.45245e-03  1.45245e-03  4.69571e-11
2.340000000e+00  1.43788e-03  1.43788e-03  4.63691e-11
2.350000000e+00  1.42347e-03  1.42347e-03  4.57881e-11
2.360000000e+00  1.40921e-03  1.40921e-03  4.52061e-11
2.370000000e+00  1.39510e-03  1.39510e-03  4.46308e-11
2.380000000e+00  1.38115e-03  1.38115e-03  4.40362e-11
2.390000000e+00  1.36734e-03  1.36734e-03  4.34207e-11
2.400000000e+00  1.35368e-03  1.35368e-03  4.28158e-11
2.410000000e+00  1.34017e-03  1.34017e-03  4.22420e-11
2.420000000e+00  1.32681e-03  1.32681e-03  4.17835e-11
2.430000000e+00  1.31359e-03  1.31359e-03  4.13038e-11
2.440000000e+00  1.30051e-03  1.30051e-03  4.05603e-11
2.450000000e+00  1.28757e-03  1.28757e-03  4.01361e-11
2.460000000e+00  1.27478e-03  1.27478e-03  3.96822e-11
2.470000000e+00  1.26212e-03  1.26212e-03  3.90978e-11
2.480000000e+00  1.24960e-03  1.24960e-03  3.83156e-11
2.490000000e+00  1.23722e-03  1.23722e-03  3.66886e-11
2.500000000e+00  1.22498e-03  1.22498e-03  3.63131e-11
2.510000000e+00  1.21286e-03  1.21286e-03  3.58380e-11
2.520000000e+00  1.20088e-03  1.20088e-03  3.52325e-11
2.530000000e+00  1.18903e-03  1.18903e-03  3.54754e-11
2.540000000e+00  1.17731e-03  1.17731e-03  3.48421e-11
2.550000000e+00  1.16572e-03  1.16572e-03  3.37958e-11
2.560000000e+00  1.15425e-03  1.15425e-03  3.36456e-11
2.570000000e+00  1.14291e-03  1.14291e-03  3.12950e-11
2.580000000e+00  1.13170e-03  1.13170e-03  2.97149e-11
2.590000000e+00  1.12060e-03  1.12060e-03  2.82610e-11
2.600000000e+00  1.10963e-03  1.10963e-03  2.61074e-11
2.610000000e+00  1.09878e-03  1.09878e-03  2.65236e-11
2.620000000e+00  1.08805e-03  1.08805e-03  2.58336e-11
2.630000000e+00  1.07744e-03  1.07744e-03  2.68128e-11
2.640000000e+00  1.06694e-03  1.06694e-03  2.61648e-11
2.650000000e+00  1.05656e-03  1.05656e-03  2.74214e-11
2.660000000e+00  1.04629e-03  1.04629e-03  2.15903e-11
2.670000000e+00  1.03614e-03  1.03614e-03  8.18646e-12
2.680000000e+00  1.02610e-03  1.02610e-03  1.37499e-12
2.690000000e+00  1.01616e-03  1.01616e-03  4.30344e-13
2.700000000e+00  1.00634e-03  1.00634e-03  5.76507e-13
2.710000000e+00  9.96623e-04  9.96623e-04  5.91800e-13
2.720000000e+00  9.87014e-04  9.87014e-04  1.33330e-12
2.730000000e+00  9.77511e-04  9.77511e-04  2.48173e-12
2.740000000e+00  9.68112e-04  9.68112e-04  2.47574e-12
2.750000000e+00  9.58816e-04  9.58816e-04  1.24965e-12
2.760000000e+00  9.49622e-04  9.49622e-04  3.88511e-13
2.770000000e+00  9.40529e-04  9.40529e-04  3.01531e-13
2.780000000e+00  9.31536e-04  9.31536e-04  2.21392e-13
2.790000000e+00  9.22641e-04  9.22641e-04  2.72012e-13
2.800000000e+00  9.13844e-04  9.13844e-04  4.13383e-13
2.810000000e+00  9.05143e-04  9.05143e-04  5.70726e-13
2.820000000e+00  8.96538e-04  8.96538e-04  6.59995e-13
2.830000000e+00  8.88027e-04  8.88027e-04  7.00743e-13
2.840000000e+00  8.79608e-04  8.79608e-04  8.38021e-13
2.850000000e+00  8.71282e-04  8.71282e-04  6.09877e-13
2.860000000e+00  8.63047e-04  8.63047e-04  9.25455e-13
2.870000000e+00  8.54902e-04  8.54902e-04  1.60944e-12
2.880000000e+00  8.46846e-04  8.46846e-04  2.30861e-12
2.890000000e+00  8.38878e-04  8.38878e-04  3.59480e-12
2.900000000e+00  8.30996e-04  8.30996e-04  5.39544e-12
2.910000000e+00  8.23201e-04  8.23201e-04  6.59191e-12
2.920000000e+00  8.15490e-04  8.15490e-04  7.34141e-12
2.930000000e+00  8.07863e-04  8.07863e-04  7.69375e-12
2.940000000e+00  8.00320e-04  8.00320e-04  7.98980e-12
2.950000000e+00  7.92858e-04  7.92858e-04  8.37789e-12
2.960000000e+00  7.85477e-04  7.85477e-04  8.38629e-12
2.970000000e+00  7.78176e-04  7.78176e-04  7.79353e-12
2.980000000e+00  7.70954e-04  7.70954e-04  7.01658e-12
2.990000000e+00  7.63811e-04  7.63811e-04  6.91267e-12
3.000000000e+00  7.56745e-04  7.56745e-04  7.75870e-12
3.010000000e+00  7.49755e-04  7.49755e-04  8.51533e-12
3.020000000e+00  7.42841e-04  7.42841e-04  8.04107e-12
3.030000000e+00  7.36001e-04  7.36001e-04  8.51119e-12
3.040000000e+00  7.29236e-04  7.29236e-04  9.04841e-12
3.050000000e+00  7.22543e-04  7.22543e-04  9.34277e-12
3.060000000e+00  7.15922e-04  7.15922e-04  9.48056e-12
3.070000000e+00  7.09372e-04  7.09372e-04  9.74122e-12
3.080000000e+00  7.02893e-04  7.02893e-04  9.88631e-12
3.090000000e+00  6.96483e-04  6.96483e-04  9.88584e-12
3.100000000e+00  6.90142e-04  6.90142e-04  9.89972e-12
3.110000000e+00  6.83869e-04  6.83869e-04  9.84407e-12
3.120000000e+00  6.77663e-04  6.77663e-04  9.61306e-12
3.130000000e+00  6.71523e-04  6.71523e-04  9.43121e-12
3.140000000e+00  6.65449e-04  6.65449e-04  9.56575e-12
3.150000000e+00  6.59440e-04  6.59440e-04  9.76383e-12
3.160000000e+00  6.53495e-04  6.53494e-04  9.78124e-12
3.170000000e+00  6.47612e-04  6.47612e-04  9.75021e-12
3.180000000e+00  6.41793e-04  6.41793e-04  9.93046e-12
3.190000000e+00  6.36035e-04  6.36035e-04  1.01125e-11
3.200000000e+00  6.30339e-04  6.30339e-04  1.03432e-11
3.210000000e+00  6.24702e-04  6.24702e-04  1.05452e-11
3.220000000e+00  6.19126e-04  6.19126e-04  1.07749e-11
3.230000000e+00  6.13608e-04  6.13608e-04  1.09856e-11
3.240000000e+00  6.08149e-04  6.08149e-04  1.13175e-11
3.250000000e+00  6.02747e-04  6.02747e-04  1.15117e-11
3.260000000e+00  5.97402e-04  5.97402e-04  1.18213e-11
3.270000000e+00  5.92114e-04  5.92114e-04  1.20197e-11
3.280000000e+00  5.86881e-04  5.86881e-04  1.23302e-11
3.290000000e+00  5.81702e-04  5.81702e-04  1.26497e-11
3.300000000e+00  5.76579e-04  5.76579e-04  1.28798e-11
3.310000000e+00  5.71508e-04  5.71508e-04  1.31405e-11
3.320000000e+00  5.66491e-04  5.66491e-04  1.34879e-11
3.330000000e+00  5.61527e-04  5.61527e-04  1.36532e-11
3.340000000e+00  5.56614e-04  5.56614e-04  1.39063e-11
3.350000000e+00  5.51752e-04  5.51752e-04  1.40687e-11
3.360000000e+00  5.46941e-04  5.46941e-04  1.39866e-11
3.370000000e+00  5.42180e-04  5.42180e-04  1.45075e-11
3.380000000e+00  5.37468e-04  5.37468e-04  1.47513e-11
3.390000000e+00  5.32805e-04  5.32805e-04  1.49416e-11
3.400000000e+00  5.28190e-04  5.28190e-04  1.50415e-11
3.410000000e+00  5.23623e-04  5.23623e-04  1.51112e-11
3.420000000e+00  5.19104e-04  5.19104e-04  1.51882e-11
3.430000000e+00  5.14631e-04  5.14631e-04  1.52558e-11
3.440000000e+00  5.10203e-04  5.10203e-04  1.53198e-11
3.450000000e+00  5.05822e-04  5.05822e-04  1.53654e-11
3.460000000e+00  5.01485e-04  5.01485e-04  1.53408e-11
3.470000000e+00  4.97193e-04  4.97193e-04  1.52983e-11
3.480000000e+00  4.92945e-04  4.92945e-04  1.52493e-11
3.490000000e+00  4.88741e-04  4.88741e-04  1.52008e-11
3.500000000e+00  4.84579e-04  4.84579e-04  1.51511e-11
3.510000000e+00  4.80460e-04  4.80460e-04  1.51003e-11
3.520000000e+00  4.76383e-04  4.76383e-04  1.50355e-11
3.530000000e+00  4.72347e-04  4.72347e-04  1.49309e-11
3.540000000e+00  4.68352e-04  4.68352e-04  1.48230e-11
3.550000000e+00  4.64398e-04  4.64398e-04  1.47100e-11
3.560000000e+00  4.60484e-04  4.60484e-04  1.45804e-11
3.570000000e+00  4.56609e-04  4.56609e-04  1.44213e-11
3.580000000e+00  4.52774e-04  4.52774e-04  1.42425e-11
3.590000000e+00  4.48977e-04  4.48977e-04  1.40212e-11
3.600000000e+00  4.45219e-04  4.45219e-04  1.36590e-11
3.610000000e+00  4.41498e-04  4.41498e-04  1.33605e-11
3.620000000e+00  4.37815e-04  4.37815e-04  1.30793e-11
3.630000000e+00  4.34169e-04  4.34169e-04  1.31799e-11
3.640000000e+00  4.30559e-04  4.30559e-04  1.30450e-11
3.650000000e+00  4.26986e-04  4.26986e-04  1.28131e-11
3.660000000e+00  4.23448e-04  4.23448e-04  1.29163e-11
3.670000000e+00  4.19945e-04  4.19945e-04  1.30519e-11
3.680000000e+00  4.16478e-04  4.16478e-04  1.30476e-11
3.690000000e+00  4.13044e-04  4.13044e-04  1.29376e-11
3.700000000e+00  4.09645e-04  4.09645e-04  1.28260e-11
3.710000000e+00  4.06280e-04  4.06280e-04  1.27247e-11
3.720000000e+00  4.02948e-04  4.02948e-04  1.25685e-11
3.730000000e+00  3.99649e-04  3.99649e-04  1.24552e-11
3.740000000e+00  3.96383e-04  3.96383e-04  1.23533e-11
3.750000000e+00  3.93148e-04  3.93148e-04  1.21926e-11
3.760000000e+00  3.89946e-04  3.89946e-04  1.19339e-11
3.770000000e+00  3.86775e-04  3.86775e-04  1.16478e-11
3.780000000e+00  3.83635e-04  3.83635e-04  1.13411e-11
3.790000000e+00  3.80526e-04  3.80526e-04  1.10010e-11
3.800000000e+00  3.77448e-04  3.77448e-04  1.03297e-11
3.810000000e+00  3.74400e-04  3.74400e-04  9.50262e-12
3.820000000e+00  3.71381e-04  3.71381e-04  9.54155e-12
3.830000000e+00  3.68392e-04  3.68392e-04  1.00510e-11
3.840000000e+00  3.65432e-04  3.65432e-04  9.61269e-12
3.850000000e+00  3.62500e-04  3.62500e-04  9.31805e-12
3.860000000e+00  3.59597e-04  3.59597e-04  9.60531e-12
3.870000000e+00  3.56723e-04  3.56723e-04  1.00742e-11
3.880000000e+00  3.53876e-04  3.53876e-04  1.02950e-11
3.890000000e+00  3.51056e-04  3.51056e-04  1.03630e-11
3.900000000e+00  3.48264e-04  3.48264e-04  1.03877e-11
3.910000000e+00  3.45499e-04  3.45499e-04  1.03409e-11
3.920000000e+00  3.42760e-04  3.42760e-04  1.02366e-11
3.930000000e+00  3.40048e-04  3.40048e-04  1.00737e-11
3.940000000e+00  3.37361e-04  3.37361e-04  9.86184e-12
3.950000000e+00  3.34701e-04  3.34701e-04  9.62518e-12
3.960000000e+00  3.32066e-04  3.32066e-04  9.28257e-12
3.970000000e+00  3.29456e-04  3.29456e-04  8.98186e-12
3.980000000e+00  3.26870e-04  3.26870e-04  8.46266e-12
3.990000000e+00  3.24310e-04  3.24310e-04  8.14090e-12
4.000000000e+00  3.21774e-04  3.21774e-04  8.38562e-12
4.010000000e+00  3.19262e-04  3.19262e-04  8.47500e-12
4.020000000e+00  3.16773e-04  3.16773e-04  8.03342e-12
4.030000000e+00  3.14309e-04  3.14309e-04  7.98010e-12
4.040000000e+00  3.11867e-04  3.11867e-04  8.12402e-12
4.050000000e+00  3.09449e-04  3.09449e-04  8.33748e-12
4.060000000e+00  3.07053e-04  3.07053e-04  8.53752e-12
4.070000000e+00  3.04680e-04  3.04680e-04  8.53878e-12
4.080000000e+00  3.02329e-04  3.02329e-04  8.31188e-12
4.090000000e+00  3.00000e-04  3.00000e-04  8.07592e-12
4.100000000e+00  2.97694e-04  2.97693e-04  7.91292e-12
4.110000000e+00  2.95408e-04  2.95408e-04  7.90129e-12
4.120000000e+00  2.93144e-04  2.93144e-04  7.92822e-12
4.130000000e+00  2.90901e-04  2.90901e-04  7.86087e-12
4.140000000e+00  2.88679e-04  2.88679e-04  7.67809e-12
4.150000000e+00  2.86478e-04  2.86478e-04  7.67371e-12
4.160000000e+00  2.84297e-04  2.84297e-04  6.85163e-12
4.170000000e+00  2.82136e-04  2.82136e-04  4.58898e-12
4.180000000e+00  2.79995e-04  2.79995e-04  2.84664e-12
4.190000000e+00  2.77874e-04  2.77874e-04  1.54865e-12
4.200000000e+00  2.75773e-04  2.75773e-04  8.01394e-13
4.210000000e+00  2.73691e-04  2.73691e-04  2.84375e-13
4.220000000e+00  2.71628e-04  2.71628e-04  1.12825e-13
4.230000000e+00  2.69584e-04  2.69584e-04  5.78424e-14
4.240000000e+00  2.67559e-04  2.67559e-04  4.31095e-14
4.250000000e+00  2.65552e-04  2.65552e-04  4.07369e-14
4.260000000e+00  2.63564e-04  2.63564e-04  5.00593e-14
4.270000000e+00  2.61594e-04  2.61594e-04  5.47949e-14
4.280000000e+00  2.59642e-04  2.59642e-04  4.40362e-14
4.290000000e+00  2.57707e-04  2.57707e-04  4.53801e-14
4.300000000e+00  2.55790e-04  2.55790e-04  5.26553e-14
4.310000000e+00  2.53891e-04  2.53891e-04  6.38363e-14
4.320000000e+00  2.52009e-04  2.52009e-04  8.15818e-14
4.330000000e+00  2.50144e-04  2.50144e-04  1.15022e-13
4.340000000e+00  2.48295e-04  2.48295e-04  1.50508e-13
4.350000000e+00  2.46463e-04  2.46463e-04  1.80931e-13
4.360000000e+00  2.44648e-04  2.44648e-04  1.80469e-13
4.370000000e+00  2.42849e-04  2.42849e-04  1.91549e-13
4.380000000e+00  2.41067e-04  2.41067e-04  2.48876e-13
4.390000000e+00  2.39300e-04  2.39300e-04  3.40721e-13
4.400000000e+00  2.37549e-04  2.37549e-04  2.54331e-13
4.410000000e+00  2.35814e-04  2.35814e-04  2.57783e-13
4.420000000e+00  2.34094e-04  2.34094e-04  3.04344e-13
4.430000000e+00  2.32390e-04  2.32390e-04  3.90765e-13
4.440000000e+00  2.30700e-04  2.30700e-04  5.06232e-13
4.450000000e+00  2.29026e-04  2.29026e-04  6.97153e-13
4.460000000e+00  2.27367e-04  2.27367e-04  9.80359e-13
4.470000000e+00  2.25722e-04  2.25722e-04  1.23695e-12
4.480000000e+00  2.24092e-04  2.24092e-04  1.80942e-12
4.490000000e+00  2.22476e-04  2.22476e-04  2.26862e-12
4.500000000e+00  2.20874e-04  2.20874e-04  2.64994e-12
4.510000000e+00  2.19287e-04  2.19287e-04  3.11690e-12
4.520000000e+00  2.17714e-04  2.17714e-04  3.59674e-12
4.530000000e+00  2.16154e-04  2.16154e-04  4.23880e-12
4.540000000e+00  2.14608e-04  2.14608e-04  4.68324e-12
4.550000000e+00  2.13075e-04  2.13075e-04  4.99992e-12
4.560000000e+00  2.11556e-04  2.11556e-04  5.11860e-12
4.570000000e+00  2.10051e-04  2.10051e-04  5.20595e-12
4.580000000e+00  2.08558e-04  2.08558e-04  5.23666e-12
4.590000000e+00  2.07078e-04  2.07078e-04  5.24779e-12
4.600000000e+00  2.05611e-04  2.05611e-04  5.24617e-12
4.610000000e+00  2.04157e-04  2.04157e-04  5.21709e-12
4.620000000e+00  2.02716e-04  2.02716e-04  5.03106e-12
4.630000000e+00  2.01287e-04  2.01287e-04  4.93189e-12
4.640000000e+00  1.99870e-04  1.99870e-04  4.95526e-12
4.650000000e+00  1.98466e-04  1.98466e-04  4.94319e-12
4.660000000e+00  1.97073e-04  1.97073e-04  4.96188e-12
4.670000000e+00  1.95693e-04  1.95693e-04  4.94618e-12
4.680000000e+00  1.94324e-04  1.94324e-04  4.72399e-12
4.690000000e+00  1.92967e-04  1.92967e-04  4.59240e-12
4.700000000e+00  1.91622e-04  1.91622e-04  4.38717e-12
4.710000000e+00  1.90288e-04  1.90288e-04  3.49701e-12
4.720000000e+00  1.88966e-04  1.88966e-04  3.99057e-12
4.730000000e+00  1.87655e-04  1.87655e-04  3.64529e-12
4.740000000e+00  1.86355e-04  1.86355e-04  3.44986e-12
4.750000000e+00  1.85066e-04  1.85066e-04  3.31946e-12
4.760000000e+00  1.83788e-04  1.83788e-04  3.24119e-12
4.770000000e+00  1.82521e-04  1.82521e-04  3.26180e-12
4.780000000e+00  1.81265e-04  1.81265e-04  2.96931e-12
4.790000000e+00  1.80019e-04  1.80019e-04  2.73874e-12
4.800000000e+00  1.78783e-04  1.78783e-04  2.63743e-12
4.810000000e+00  1.77559e-04  1.77559e-04  2.45936e-12
4.820000000e+00  1.76344e-04  1.76344e-04  1.65249e-12
4.830000000e+00  1.75140e-04  1.75140e-04  2.06124e-12
4.840000000e+00  1.73945e-04  1.73945e-04  2.17420e-12
4.850000000e+00  1.72761e-04  1.72761e-04  2.16471e-12
4.860000000e+00  1.71587e-04  1.71587e-04  2.03234e-12
4.870000000e+00  1.70422e-04  1.70422e-04  2.16873e-12
4.880000000e+00  1.69267e-04  1.69267e-04  2.32118e-12
4.890000000e+00  1.68122e-04  1.68122e-04  2.22994e-12
4.900000000e+00  1.66986e-04  1.66986e-04  2.59132e-12
4.910000000e+00  1.65860e-04  1.65860e-04  2.73819e-12
4.920000000e+00  1.64743e-04  1.64743e-04  2.57855e-12
4.930000000e+00  1.63635e-04  1.63635e-04  3.12458e-12
4.940000000e+00  1.62536e-04  1.62536e-04  3.24549e-12
4.950000000e+00  1.61447e-04  1.61447e-04  3.19836e-12
4.960000000e+00  1.60366e-04  1.60366e-04  3.34093e-12
4.970000000e+00  1.59294e-04  1.59294e-04  3.58647e-12
4.980000000e+00  1.58232e-04  1.58232e-04  3.68733e-12
4.990000000e+00  1.57177e-04  1.57177e-04  3.85600e-12
5.000000000e+00  1.56132e-04  1.56132e-04  3.55807e-12
results_trn.txt
# ------------------------------------------------------------------------
# NASA-GSFC Planetary Spectrum Generator (PSG, Villanueva et al. 2015)
# Atmospheric transmittance spectrum synthesized with PUMAS (Villanueva et al. 2016, Smith et al. 2009, Edwards 1992)
# Synthesized on Tue Nov 21 15:11:07 2017
# Molecular abundance profile: 
# Molecules considered: N2,CO2,H2O
# Molecular sources: HIT[22],HIT[2],HIT[1]
# Molecular abundances: 1,1,1
# Molecular abundance units: scl,scl,scl
# Collission-Induced-Absorption:  N2-N2(3.33-5.41um)
# Rayleigh scattering included
# ------------------------------------------------------------------------
# Aerosols considered: WaterIce,Cloud
# Aerosols sources: CRISM_Wolff[reff=2.0um 0.31-99.57um],White_GSFC[reff=1.0um 0.10-1000000.00um]
# Aerosols opacities: 1,1
# Aerosols opacity units: scl,scl
# ------------------------------------------------------------------------
# Spectral unit: Wavelength [um]
# Wave/freq Total N2 CO2 H2O WaterIce Cloud Rayleigh CIA
1.000000000e+00  0.00000  1.00000  0.99996  0.97514  0.00000  0.00000  0.97246  1.00000
1.010000000e+00  0.00000  1.00000  0.99999  0.96634  0.00000  0.00000  0.97352  1.00000
1.020000000e+00  0.00000  1.00000  1.00000  0.98423  0.00000  0.00000  0.97453  1.00000
1.030000000e+00  0.00000  1.00000  0.99999  0.98666  0.00000  0.00000  0.97549  1.00000
1.040000000e+00  0.00000  1.00000  0.79615  0.99842  0.00000  0.00000  0.97641  1.00000
1.050000000e+00  0.00000  1.00000  0.98661  0.99940  0.00000  0.00000  0.97729  1.00000
1.060000000e+00  0.00000  1.00000  0.96718  0.99824  0.00000  0.00000  0.97812  1.00000
1.070000000e+00  0.00000  1.00000  0.94048  0.98770  0.00000  0.00000  0.97892  1.00000
1.080000000e+00  0.00000  1.00000  0.99395  0.94061  0.00000  0.00000  0.97968  1.00000
1.090000000e+00  0.00000  1.00000  0.99963  0.88736  0.00000  0.00000  0.98041  1.00000
1.100000000e+00  0.00000  1.00000  0.99829  0.76589  0.00000  0.00000  0.98111  1.00000
1.110000000e+00  0.00000  1.00000  1.00000  0.50154  0.00000  0.00000  0.98177  1.00000
1.120000000e+00  0.00000  1.00000  0.97623  0.08076  0.00000  0.00000  0.98241  1.00000
1.130000000e+00  0.00000  1.00000  0.99657  0.02027  0.00000  0.00000  0.98302  1.00000
1.140000000e+00  0.00000  1.00000  0.99262  0.18258  0.00000  0.00000  0.98360  1.00000
1.150000000e+00  0.00000  1.00000  0.99779  0.09191  0.00000  0.00000  0.98416  1.00000
1.160000000e+00  0.00000  1.00000  0.99755  0.31009  0.00000  0.00000  0.98470  1.00000
1.170000000e+00  0.00000  1.00000  0.99992  0.57804  0.00000  0.00000  0.98521  1.00000
1.180000000e+00  0.00000  1.00000  0.99951  0.71928  0.00000  0.00000  0.98570  1.00000
1.190000000e+00  0.00000  1.00000  0.99995  0.65829  0.00000  0.00000  0.98617  1.00000
1.200000000e+00  0.00000  1.00000  0.99982  0.68374  0.00000  0.00000  0.98662  1.00000
1.210000000e+00  0.00000  1.00000  0.08540  0.79544  0.00000  0.00000  0.98706  1.00000
1.220000000e+00  0.00000  1.00000  0.56890  0.85837  0.00000  0.00000  0.98747  1.00000
1.230000000e+00  0.00000  1.00000  0.39411  0.89488  0.00000  0.00000  0.98787  1.00000
1.240000000e+00  0.00000  1.00000  0.83940  0.98273  0.00000  0.00000  0.98826  1.00000
1.250000000e+00  0.00000  1.00000  0.98871  0.99684  0.00000  0.00000  0.98863  1.00000
1.260000000e+00  0.00000  1.00000  0.95789  0.99693  0.00000  0.00000  0.98898  1.00000
1.270000000e+00  0.00000  1.00000  0.95959  0.99059  0.00000  0.00000  0.98932  1.00000
1.280000000e+00  0.00000  1.00000  0.99904  0.97896  0.00000  0.00000  0.98965  1.00000
1.290000000e+00  0.00000  1.00000  0.88214  0.94372  0.00000  0.00000  0.98997  1.00000
1.300000000e+00  0.00000  1.00000  0.82886  0.84832  0.00000  0.00000  0.99027  1.00000
1.310000000e+00  0.00000  1.00000  0.99211  0.73517  0.00000  0.00000  0.99056  1.00000
1.320000000e+00  0.00000  1.00000  0.41544  0.56696  0.00000  0.00000  0.99084  1.00000
1.330000000e+00  0.00000  1.00000  0.96834  0.41966  0.00000  0.00000  0.99111  1.00000
1.340000000e+00  0.00000  1.00000  0.56850  0.26768  0.00000  0.00000  0.99138  1.00000
1.350000000e+00  0.00000  1.00000  0.85271  0.02092  0.00000  0.00000  0.99163  1.00000
1.360000000e+00  0.00000  1.00000  0.98782  0.00000  0.00000  0.00000  0.99187  1.00000
1.370000000e+00  0.00000  1.00000  0.96997  0.00000  0.00000  0.00000  0.99210  1.00000
1.380000000e+00  0.00000  1.00000  0.96146  0.00000  0.00000  0.00000  0.99233  1.00000
1.390000000e+00  0.00000  1.00000  0.99288  0.00000  0.00000  0.00000  0.99255  1.00000
1.400000000e+00  0.00000  1.00000  0.99613  0.00002  0.00000  0.00000  0.99276  1.00000
1.410000000e+00  0.00000  1.00000  0.99980  0.00000  0.00000  0.00000  0.99296  1.00000
1.420000000e+00  0.00000  1.00000  0.99942  0.00254  0.00000  0.00000  0.99315  1.00000
1.430000000e+00  0.00000  1.00000  0.68518  0.00689  0.00000  0.00000  0.99334  1.00000
1.440000000e+00  0.00000  1.00000  0.00000  0.00729  0.00000  0.00000  0.99353  1.00000
1.450000000e+00  0.00000  1.00000  0.01295  0.04067  0.00000  0.00000  0.99370  1.00000
1.460000000e+00  0.00000  1.00000  0.64294  0.13497  0.00000  0.00000  0.99387  1.00000
1.470000000e+00  0.00000  1.00000  0.97497  0.04511  0.00000  0.00000  0.99404  1.00000
1.480000000e+00  0.00000  1.00000  0.41277  0.10688  0.00000  0.00000  0.99420  1.00000
1.490000000e+00  0.00000  1.00000  0.74968  0.10812  0.00000  0.00000  0.99435  1.00000
1.500000000e+00  0.00000  1.00000  0.55780  0.44223  0.00000  0.00000  0.99450  1.00000
1.510000000e+00  0.00000  1.00000  0.98157  0.58858  0.00000  0.00000  0.99464  1.00000
1.520000000e+00  0.00000  1.00000  0.98658  0.75978  0.00000  0.00000  0.99478  1.00000
1.530000000e+00  0.00000  1.00000  0.32589  0.83877  0.00000  0.00000  0.99492  1.00000
1.540000000e+00  0.00000  1.00000  0.13471  0.94233  0.00000  0.00000  0.99505  1.00000
1.550000000e+00  0.00000  1.00000  0.65042  0.96945  0.00000  0.00000  0.99517  1.00000
1.560000000e+00  0.00000  1.00000  0.93884  0.99169  0.00000  0.00000  0.99530  1.00000
1.570000000e+00  0.00000  1.00000  0.30835  0.98368  0.00000  0.00000  0.99541  1.00000
1.580000000e+00  0.00000  1.00000  0.00020  0.98696  0.00000  0.00000  0.99553  1.00000
1.590000000e+00  0.00000  1.00000  0.34246  0.98805  0.00000  0.00000  0.99564  1.00000
1.600000000e+00  0.00000  1.00000  0.21616  0.98162  0.00000  0.00000  0.99575  1.00000
1.610000000e+00  0.00000  1.00000  0.00213  0.99329  0.00000  0.00000  0.99585  1.00000
1.620000000e+00  0.00000  1.00000  0.01885  0.99330  0.00000  0.00000  0.99595  1.00000
1.630000000e+00  0.00000  1.00000  0.39667  0.99779  0.00000  0.00000  0.99605  1.00000
1.640000000e+00  0.00000  1.00000  0.30798  0.99308  0.00000  0.00000  0.99615  1.00000
1.650000000e+00  0.00000  1.00000  0.23163  0.98126  0.00000  0.00000  0.99624  1.00000
1.660000000e+00  0.00000  1.00000  0.39368  0.97928  0.00000  0.00000  0.99633  1.00000
1.670000000e+00  0.00000  1.00000  0.56383  0.98036  0.00000  0.00000  0.99642  1.00000
1.680000000e+00  0.00000  1.00000  0.80147  0.96987  0.00000  0.00000  0.99650  1.00000
1.690000000e+00  0.00000  1.00000  0.93787  0.97522  0.00000  0.00000  0.99658  1.00000
1.700000000e+00  0.00000  1.00000  0.98484  0.90710  0.00000  0.00000  0.99666  1.00000
1.710000000e+00  0.00000  1.00000  0.92858  0.90801  0.00000  0.00000  0.99674  1.00000
1.720000000e+00  0.00000  1.00000  0.96327  0.92351  0.00000  0.00000  0.99681  1.00000
1.730000000e+00  0.00000  1.00000  0.99268  0.87664  0.00000  0.00000  0.99689  1.00000
1.740000000e+00  0.00000  1.00000  0.99938  0.77185  0.00000  0.00000  0.99696  1.00000
1.750000000e+00  0.00000  1.00000  0.99894  0.70533  0.00000  0.00000  0.99703  1.00000
1.760000000e+00  0.00000  1.00000  0.89897  0.72021  0.00000  0.00000  0.99709  1.00000
1.770000000e+00  0.00000  1.00000  0.95912  0.55766  0.00000  0.00000  0.99716  1.00000
1.780000000e+00  0.00000  1.00000  0.99533  0.38913  0.00000  0.00000  0.99722  1.00000
1.790000000e+00  0.00000  1.00000  0.88475  0.23747  0.00000  0.00000  0.99728  1.00000
1.800000000e+00  0.00000  1.00000  0.95127  0.10988  0.00000  0.00000  0.99734  1.00000
1.810000000e+00  0.00000  1.00000  0.98796  0.01535  0.00000  0.00000  0.99740  1.00000
1.820000000e+00  0.00000  1.00000  0.99576  0.00106  0.00000  0.00000  0.99746  1.00000
1.830000000e+00  0.00000  1.00000  0.99931  0.00001  0.00000  0.00000  0.99751  1.00000
1.840000000e+00  0.00000  1.00000  0.99973  0.00000  0.00000  0.00000  0.99757  1.00000
1.850000000e+00  0.00000  1.00000  0.99760  0.00000  0.00000  0.00000  0.99762  1.00000
1.860000000e+00  0.00000  1.00000  0.99713  0.00000  0.00000  0.00000  0.99767  1.00000
1.870000000e+00  0.00000  1.00000  0.97888  0.00000  0.00000  0.00000  0.99772  1.00000
1.880000000e+00  0.00000  1.00000  0.10643  0.00000  0.00000  0.00000  0.99777  1.00000
1.890000000e+00  0.00000  1.00000  0.12473  0.00000  0.00000  0.00000  0.99781  1.00000
1.900000000e+00  0.00000  1.00000  0.51934  0.00002  0.00000  0.00000  0.99786  1.00000
1.910000000e+00  0.00000  1.00000  0.64891  0.00000  0.00000  0.00000  0.99790  1.00000
1.920000000e+00  0.00000  1.00000  0.86468  0.00001  0.00000  0.00000  0.99795  1.00000
1.930000000e+00  0.00000  1.00000  0.84418  0.00003  0.00000  0.00000  0.99799  1.00000
1.940000000e+00  0.00000  1.00000  0.19921  0.00074  0.00000  0.00000  0.99803  1.00000
1.950000000e+00  0.00000  1.00000  0.00000  0.00920  0.00000  0.00000  0.99807  1.00000
1.960000000e+00  0.00000  1.00000  0.00000  0.02564  0.00000  0.00000  0.99811  1.00000
1.970000000e+00  0.00000  1.00000  0.00000  0.25902  0.00000  0.00000  0.99815  1.00000
1.980000000e+00  0.00000  1.00000  0.00000  0.38455  0.00000  0.00000  0.99818  1.00000
1.990000000e+00  0.00000  1.00000  0.00423  0.44580  0.00000  0.00000  0.99822  1.00000
2.000000000e+00  0.00000  1.00000  0.00000  0.57411  0.00000  0.00000  0.99826  1.00000
2.010000000e+00  0.00000  1.00000  0.00000  0.47441  0.00000  0.00000  0.99829  1.00000
2.020000000e+00  0.00000  1.00000  0.00000  0.62354  0.00000  0.00000  0.99832  1.00000
2.030000000e+00  0.00000  1.00000  0.00000  0.82696  0.00000  0.00000  0.99836  1.00000
2.040000000e+00  0.00000  1.00000  0.00000  0.85490  0.00000  0.00000  0.99839  1.00000
2.050000000e+00  0.00000  1.00000  0.00000  0.93293  0.00000  0.00000  0.99842  1.00000
2.060000000e+00  0.00000  1.00000  0.00000  0.85922  0.00000  0.00000  0.99845  1.00000
2.070000000e+00  0.00000  1.00000  0.00000  0.88598  0.00000  0.00000  0.99848  1.00000
2.080000000e+00  0.00000  1.00000  0.00000  0.92438  0.00000  0.00000  0.99851  1.00000
2.090000000e+00  0.00000  1.00000  0.00000  0.92224  0.00000  0.00000  0.99854  1.00000
2.100000000e+00  0.00000  1.00000  0.00004  0.95378  0.00000  0.00000  0.99856  1.00000
2.110000000e+00  0.00000  1.00000  0.01987  0.96292  0.00000  0.00000  0.99859  1.00000
2.120000000e+00  0.00000  1.00000  0.06896  0.90234  0.00000  0.00000  0.99862  1.00000
2.130000000e+00  0.00000  1.00000  0.44441  0.86167  0.00000  0.00000  0.99864  1.00000
2.140000000e+00  0.00000  1.00000  0.63630  0.96788  0.00000  0.00000  0.99867  1.00000
2.150000000e+00  0.00000  1.00000  0.27647  0.98505  0.00000  0.00000  0.99869  1.00000
2.160000000e+00  0.00000  1.00000  0.34443  0.94083  0.00000  0.00000  0.99872  1.00000
2.170000000e+00  0.00000  1.00000  0.22866  0.87584  0.00000  0.00000  0.99874  1.00000
2.180000000e+00  0.00000  1.00000  0.54147  0.89830  0.00000  0.00000  0.99876  1.00000
2.190000000e+00  0.00000  1.00000  0.83149  0.78624  0.00000  0.00000  0.99879  1.00000
2.200000000e+00  0.00000  1.00000  0.88714  0.86885  0.00000  0.00000  0.99881  1.00000
2.210000000e+00  0.00000  1.00000  0.96486  0.90699  0.00000  0.00000  0.99883  1.00000
2.220000000e+00  0.00000  1.00000  0.95048  0.92933  0.00000  0.00000  0.99885  1.00000
2.230000000e+00  0.00000  1.00000  0.95413  0.95336  0.00000  0.00000  0.99887  1.00000
2.240000000e+00  0.00000  1.00000  0.98696  0.97817  0.00000  0.00000  0.99889  1.00000
2.250000000e+00  0.00000  1.00000  0.97825  0.98233  0.00000  0.00000  0.99891  1.00000
2.260000000e+00  0.00000  1.00000  0.94816  0.99308  0.00000  0.00000  0.99893  1.00000
2.270000000e+00  0.00000  1.00000  0.98753  0.98574  0.00000  0.00000  0.99895  1.00000
2.280000000e+00  0.00000  1.00000  0.97367  0.99740  0.00000  0.00000  0.99897  1.00000
2.290000000e+00  0.00000  1.00000  0.99200  0.98635  0.00000  0.00000  0.99898  1.00000
2.300000000e+00  0.00000  1.00000  0.99603  0.91908  0.00000  0.00000  0.99900  1.00000
2.310000000e+00  0.00000  1.00000  0.99747  0.97409  0.00000  0.00000  0.99902  1.00000
2.320000000e+00  0.00000  1.00000  0.99907  0.93508  0.00000  0.00000  0.99904  1.00000
2.330000000e+00  0.00000  1.00000  0.99989  0.92803  0.00000  0.00000  0.99905  1.00000
2.340000000e+00  0.00000  1.00000  0.99990  0.94213  0.00000  0.00000  0.99907  1.00000
2.350000000e+00  0.00000  1.00000  0.99987  0.85064  0.00000  0.00000  0.99908  1.00000
2.360000000e+00  0.00000  1.00000  0.99968  0.72041  0.00000  0.00000  0.99910  1.00000
2.370000000e+00  0.00000  1.00000  0.99823  0.74363  0.00000  0.00000  0.99911  1.00000
2.380000000e+00  0.00000  1.00000  0.99715  0.55903  0.00000  0.00000  0.99913  1.00000
2.390000000e+00  0.00000  1.00000  0.99068  0.45374  0.00000  0.00000  0.99914  1.00000
2.400000000e+00  0.00000  1.00000  0.98875  0.54057  0.00000  0.00000  0.99916  1.00000
2.410000000e+00  0.00000  1.00000  0.98696  0.36894  0.00000  0.00000  0.99917  1.00000
2.420000000e+00  0.00000  1.00000  0.99686  0.18150  0.00000  0.00000  0.99919  1.00000
2.430000000e+00  0.00000  1.00000  0.99991  0.38108  0.00000  0.00000  0.99920  1.00000
2.440000000e+00  0.00000  1.00000  0.99986  0.08762  0.00000  0.00000  0.99921  1.00000
2.450000000e+00  0.00000  1.00000  0.99965  0.15614  0.00000  0.00000  0.99922  1.00000
2.460000000e+00  0.00000  1.00000  0.99949  0.24833  0.00000  0.00000  0.99924  1.00000
2.470000000e+00  0.00000  1.00000  0.99264  0.21353  0.00000  0.00000  0.99925  1.00000
2.480000000e+00  0.00000  1.00000  0.97016  0.10722  0.00000  0.00000  0.99926  1.00000
2.490000000e+00  0.00000  1.00000  0.32508  0.00618  0.00000  0.00000  0.99927  1.00000
2.500000000e+00  0.00000  1.00000  0.73681  0.00543  0.00000  0.00000  0.99928  1.00000
2.510000000e+00  0.00000  1.00000  0.70666  0.00163  0.00000  0.00000  0.99930  1.00000
2.520000000e+00  0.00000  1.00000  0.68353  0.00052  0.00000  0.00000  0.99931  1.00000
2.530000000e+00  0.00000  1.00000  0.84000  0.00000  0.00000  0.00000  0.99932  1.00000
2.540000000e+00  0.00000  1.00000  0.90331  0.00000  0.00000  0.00000  0.99933  1.00000
2.550000000e+00  0.00000  1.00000  0.97578  0.00000  0.00000  0.00000  0.99934  1.00000
2.560000000e+00  0.00000  1.00000  0.94470  0.00000  0.00000  0.00000  0.99935  1.00000
2.570000000e+00  0.00000  1.00000  0.96770  0.00000  0.00000  0.00000  0.99936  1.00000
2.580000000e+00  0.00000  1.00000  0.79209  0.00000  0.00000  0.00000  0.99937  1.00000
2.590000000e+00  0.00000  1.00000  0.54595  0.00000  0.00000  0.00000  0.99938  1.00000
2.600000000e+00  0.00000  1.00000  0.65025  0.00000  0.00000  0.00000  0.99939  1.00000
2.610000000e+00  0.00000  1.00000  0.18933  0.00000  0.00000  0.00000  0.99940  1.00000
2.620000000e+00  0.00000  1.00000  0.07335  0.00000  0.00000  0.00000  0.99941  1.00000
2.630000000e+00  0.00000  1.00000  0.25173  0.00000  0.00000  0.00000  0.99942  1.00000
2.640000000e+00  0.00000  1.00000  0.21470  0.00000  0.00000  0.00000  0.99942  1.00000
2.650000000e+00  0.00000  1.00000  0.38157  0.00000  0.00000  0.00000  0.99943  1.00000
2.660000000e+00  0.00000  1.00000  0.00071  0.00000  0.00000  0.00000  0.99944  1.00000
2.670000000e+00  0.00000  1.00000  0.00000  0.00000  0.00000  0.00000  0.99945  1.00000
2.680000000e+00  0.00000  1.00000  0.00000  0.00000  0.00000  0.00000  0.99946  1.00000
2.690000000e+00  0.00000  1.00000  0.00000  0.00000  0.00000  0.00000  0.99947  1.00000
2.700000000e+00  0.00000  1.00000  0.00000  0.00000  0.00000  0.00000  0.99947  1.00000
2.710000000e+00  0.00000  1.00000  0.00000  0.00000  0.00000  0.00000  0.99948  1.00000
2.720000000e+00  0.00000  1.00000  0.00000  0.00000  0.00000  0.00000  0.99949  1.00000
2.730000000e+00  0.00000  1.00000  0.00000  0.00000  0.00000  0.00000  0.99950  1.00000
2.740000000e+00  0.00000  1.00000  0.00000  0.00000  0.00000  0.00000  0.99950  1.00000
2.750000000e+00  0.00000  1.00000  0.00000  0.00000  0.00000  0.00000  0.99951  1.00000
2.760000000e+00  0.00000  1.00000  0.00000  0.00000  0.00000  0.00000  0.99952  1.00000
2.770000000e+00  0.00000  1.00000  0.00000  0.00000  0.00000  0.00000  0.99952  1.00000
2.780000000e+00  0.00000  1.00000  0.00000  0.00000  0.00000  0.00000  0.99953  1.00000
2.790000000e+00  0.00000  1.00000  0.00000  0.00000  0.00000  0.00000  0.99954  1.00000
2.800000000e+00  0.00000  1.00000  0.00000  0.00000  0.00000  0.00000  0.99954  1.00000
2.810000000e+00  0.00000  1.00000  0.00000  0.00000  0.00000  0.00000  0.99955  1.00000
2.820000000e+00  0.00000  1.00000  0.00000  0.00000  0.00000  0.00000  0.99956  1.00000
2.830000000e+00  0.00000  1.00000  0.00000  0.00000  0.00000  0.00000  0.99956  1.00000
2.840000000e+00  0.00000  1.00000  0.00000  0.00000  0.00000  0.00000  0.99957  1.00000
2.850000000e+00  0.00000  1.00000  0.00000  0.00001  0.00000  0.00000  0.99958  1.00000
2.860000000e+00  0.00000  1.00000  0.00000  0.00000  0.00000  0.00000  0.99958  1.00000
2.870000000e+00  0.00000  1.00000  0.00000  0.00003  0.00000  0.00000  0.99959  1.00000
2.880000000e+00  0.00000  1.00000  0.00000  0.00011  0.00000  0.00000  0.99959  1.00000
2.890000000e+00  0.00000  1.00000  0.00003  0.00008  0.00000  0.00000  0.99960  1.00000
2.900000000e+00  0.00000  1.00000  0.00458  0.00484  0.00000  0.00000  0.99960  1.00000
2.910000000e+00  0.00000  1.00000  0.08684  0.00130  0.00000  0.00000  0.99961  1.00000
2.920000000e+00  0.00000  1.00000  0.35888  0.00200  0.00000  0.00000  0.99961  1.00000
2.930000000e+00  0.00000  1.00000  0.56571  0.01139  0.00000  0.00000  0.99962  1.00000
2.940000000e+00  0.00000  1.00000  0.69220  0.04575  0.00000  0.00000  0.99963  1.00000
2.950000000e+00  0.00000  1.00000  0.82727  0.00150  0.00000  0.00000  0.99963  1.00000
2.960000000e+00  0.00000  1.00000  0.42654  0.01456  0.00000  0.00000  0.99964  1.00000
2.970000000e+00  0.00000  1.00000  0.05329  0.04280  0.00000  0.00000  0.99964  1.00000
2.980000000e+00  0.00000  1.00000  0.00376  0.00008  0.00000  0.00000  0.99964  1.00000
2.990000000e+00  0.00000  1.00000  0.01434  0.06124  0.00000  0.00000  0.99965  1.00000
3.000000000e+00  0.00000  1.00000  0.28639  0.09245  0.00000  0.00000  0.99965  1.00000
3.010000000e+00  0.00000  1.00000  0.30371  0.07044  0.00000  0.00000  0.99966  1.00000
3.020000000e+00  0.00000  1.00000  0.05694  0.04858  0.00000  0.00000  0.99966  1.00000
3.030000000e+00  0.00000  1.00000  0.11652  0.04234  0.00000  0.00000  0.99967  1.00000
3.040000000e+00  0.00000  1.00000  0.32074  0.00781  0.00000  0.00000  0.99967  1.00000
3.050000000e+00  0.00000  1.00000  0.63918  0.00977  0.00000  0.00000  0.99968  1.00000
3.060000000e+00  0.00000  1.00000  0.68963  0.01559  0.00000  0.00000  0.99968  1.00000
3.070000000e+00  0.00000  1.00000  0.83663  0.00842  0.00000  0.00000  0.99968  1.00000
3.080000000e+00  0.00000  1.00000  0.87274  0.03298  0.00000  0.00000  0.99969  1.00000
3.090000000e+00  0.00000  1.00000  0.93187  0.00092  0.00000  0.00000  0.99969  1.00000
3.100000000e+00  0.00000  1.00000  0.89961  0.00081  0.00000  0.00000  0.99970  1.00000
3.110000000e+00  0.00000  1.00000  0.71976  0.01242  0.00000  0.00000  0.99970  1.00000
3.120000000e+00  0.00000  1.00000  0.49292  0.00167  0.00000  0.00000  0.99970  1.00000
3.130000000e+00  0.00000  1.00000  0.39782  0.06666  0.00000  0.00000  0.99971  1.00000
3.140000000e+00  0.00000  1.00000  0.55681  0.15554  0.00000  0.00000  0.99971  1.00000
3.150000000e+00  0.00000  1.00000  0.75971  0.03008  0.00000  0.00000  0.99972  1.00000
3.160000000e+00  0.00000  1.00000  0.60785  0.11367  0.00000  0.00000  0.99972  1.00000
3.170000000e+00  0.00000  1.00000  0.43632  0.66247  0.00000  0.00000  0.99972  1.00000
3.180000000e+00  0.00000  1.00000  0.50188  0.51498  0.00000  0.00000  0.99973  1.00000
3.190000000e+00  0.00000  1.00000  0.67200  0.22869  0.00000  0.00000  0.99973  1.00000
3.200000000e+00  0.00000  1.00000  0.83671  0.05255  0.00000  0.00000  0.99973  1.00000
3.210000000e+00  0.00000  1.00000  0.93568  0.00003  0.00000  0.00000  0.99974  1.00000
3.220000000e+00  0.00000  1.00000  0.91263  0.00018  0.00000  0.00000  0.99974  1.00000
3.230000000e+00  0.00000  1.00000  0.90603  0.00268  0.00000  0.00000  0.99974  1.00000
3.240000000e+00  0.00000  1.00000  0.95120  0.12292  0.00000  0.00000  0.99975  1.00000
3.250000000e+00  0.00000  1.00000  0.98827  0.04368  0.00000  0.00000  0.99975  1.00000
3.260000000e+00  0.00000  1.00000  0.99668  0.29468  0.00000  0.00000  0.99975  1.00000
3.270000000e+00  0.00000  1.00000  0.99628  0.01897  0.00000  0.00000  0.99975  1.00000
3.280000000e+00  0.00000  1.00000  0.99691  0.05733  0.00000  0.00000  0.99976  1.00000
3.290000000e+00  0.00000  1.00000  0.99859  0.29724  0.00000  0.00000  0.99976  1.00000
3.300000000e+00  0.00000  1.00000  0.99938  0.14139  0.00000  0.00000  0.99976  1.00000
3.310000000e+00  0.00000  1.00000  0.99950  0.01891  0.00000  0.00000  0.99977  1.00000
3.320000000e+00  0.00000  1.00000  0.99903  0.20159  0.00000  0.00000  0.99977  1.00000
3.330000000e+00  0.00000  1.00000  0.99379  0.06376  0.00000  0.00000  0.99977  1.00000
3.340000000e+00  0.00000  1.00000  0.97878  0.36943  0.00000  0.00000  0.99977  0.99988
3.350000000e+00  0.00000  1.00000  0.96609  0.13289  0.00000  0.00000  0.99978  0.99984
3.360000000e+00  0.00000  1.00000  0.86160  0.13924  0.00000  0.00000  0.99978  0.99989
3.370000000e+00  0.00000  1.00000  0.96014  0.18992  0.00000  0.00000  0.99978  0.99981
3.380000000e+00  0.00000  1.00000  0.97147  0.30799  0.00000  0.00000  0.99979  0.99993
3.390000000e+00  0.00000  1.00000  0.98475  0.44349  0.00000  0.00000  0.99979  0.99990
3.400000000e+00  0.00000  1.00000  0.99449  0.66044  0.00000  0.00000  0.99979  0.99995
3.410000000e+00  0.00000  1.00000  0.99800  0.49785  0.00000  0.00000  0.99979  0.99996
3.420000000e+00  0.00000  1.00000  0.99932  0.62917  0.00000  0.00000  0.99979  1.00000
3.430000000e+00  0.00000  1.00000  0.99912  0.87757  0.00000  0.00000  0.99980  0.99994
3.440000000e+00  0.00000  1.00000  0.99933  0.77206  0.00000  0.00000  0.99980  0.99990
3.450000000e+00  0.00000  1.00000  0.99658  0.77219  0.00000  0.00000  0.99980  0.99978
3.460000000e+00  0.00000  1.00000  0.99741  0.72227  0.00000  0.00000  0.99980  0.99991
3.470000000e+00  0.00000  1.00000  0.99907  0.86085  0.00000  0.00000  0.99981  0.99981
3.480000000e+00  0.00000  1.00000  0.99935  0.81103  0.00000  0.00000  0.99981  0.99987
3.490000000e+00  0.00000  1.00000  0.99958  0.84883  0.00000  0.00000  0.99981  0.99987
3.500000000e+00  0.00000  1.00000  0.99961  0.81852  0.00000  0.00000  0.99981  0.99993
3.510000000e+00  0.00000  1.00000  0.99932  0.83305  0.00000  0.00000  0.99982  0.99998
3.520000000e+00  0.00000  1.00000  0.99819  0.76791  0.00000  0.00000  0.99982  0.99997
3.530000000e+00  0.00000  1.00000  0.99519  0.73250  0.00000  0.00000  0.99982  0.99996
3.540000000e+00  0.00000  1.00000  0.98924  0.71232  0.00000  0.00000  0.99982  0.99992
3.550000000e+00  0.00000  1.00000  0.97692  0.67508  0.00000  0.00000  0.99982  0.99994
3.560000000e+00  0.00000  1.00000  0.94948  0.55870  0.00000  0.00000  0.99983  0.99974
3.570000000e+00  0.00000  1.00000  0.90790  0.70001  0.00000  0.00000  0.99983  0.99974
3.580000000e+00  0.00000  1.00000  0.87662  0.63466  0.00000  0.00000  0.99983  0.99953
3.590000000e+00  0.00000  1.00000  0.82138  0.73619  0.00000  0.00000  0.99983  0.99952
3.600000000e+00  0.00000  1.00000  0.67063  0.63197  0.00000  0.00000  0.99983  0.99958
3.610000000e+00  0.00000  1.00000  0.54027  0.82412  0.00000  0.00000  0.99983  0.99960
3.620000000e+00  0.00000  1.00000  0.48774  0.66669  0.00000  0.00000  0.99984  0.99949
3.630000000e+00  0.00000  1.00000  0.68025  0.81268  0.00000  0.00000  0.99984  0.99937
3.640000000e+00  0.00000  1.00000  0.63965  0.71260  0.00000  0.00000  0.99984  0.99918
3.650000000e+00  0.00000  1.00000  0.51456  0.92187  0.00000  0.00000  0.99984  0.99905
3.660000000e+00  0.00000  1.00000  0.61874  0.76654  0.00000  0.00000  0.99984  0.99897
3.670000000e+00  0.00000  1.00000  0.80849  0.77723  0.00000  0.00000  0.99985  0.99886
3.680000000e+00  0.00000  1.00000  0.93424  0.38665  0.00000  0.00000  0.99985  0.99869
3.690000000e+00  0.00000  1.00000  0.96902  0.54008  0.00000  0.00000  0.99985  0.99841
3.700000000e+00  0.00000  1.00000  0.97982  0.76843  0.00000  0.00000  0.99985  0.99820
3.710000000e+00  0.00000  1.00000  0.98902  0.90714  0.00000  0.00000  0.99985  0.99645
3.720000000e+00  0.00000  1.00000  0.97949  0.69643  0.00000  0.00000  0.99985  0.99532
3.730000000e+00  0.00000  1.00000  0.97827  0.83464  0.00000  0.00000  0.99985  0.99483
3.740000000e+00  0.00000  1.00000  0.97771  0.70215  0.00000  0.00000  0.99986  0.99425
3.750000000e+00  0.00000  1.00000  0.94100  0.79625  0.00000  0.00000  0.99986  0.99349
3.760000000e+00  0.00000  1.00000  0.84638  0.74834  0.00000  0.00000  0.99986  0.99265
3.770000000e+00  0.00000  1.00000  0.72245  0.69459  0.00000  0.00000  0.99986  0.99169
3.780000000e+00  0.00000  1.00000  0.55081  0.71351  0.00000  0.00000  0.99986  0.99044
3.790000000e+00  0.00000  1.00000  0.37784  0.76943  0.00000  0.00000  0.99986  0.98890
3.800000000e+00  0.00000  1.00000  0.14953  0.71669  0.00000  0.00000  0.99987  0.98726
3.810000000e+00  0.00000  1.00000  0.04016  0.87726  0.00000  0.00000  0.99987  0.98530
3.820000000e+00  0.00000  1.00000  0.06292  0.68797  0.00000  0.00000  0.99987  0.98319
3.830000000e+00  0.00000  1.00000  0.26092  0.85935  0.00000  0.00000  0.99987  0.98079
3.840000000e+00  0.00000  1.00000  0.12805  0.74521  0.00000  0.00000  0.99987  0.97798
3.850000000e+00  0.00000  1.00000  0.06631  0.86908  0.00000  0.00000  0.99987  0.97472
3.860000000e+00  0.00000  1.00000  0.12109  0.84283  0.00000  0.00000  0.99987  0.97101
3.870000000e+00  0.00000  1.00000  0.29105  0.88532  0.00000  0.00000  0.99987  0.96691
3.880000000e+00  0.00000  1.00000  0.53815  0.88025  0.00000  0.00000  0.99988  0.96224
3.890000000e+00  0.00000  1.00000  0.75794  0.90851  0.00000  0.00000  0.99988  0.95683
3.900000000e+00  0.00000  1.00000  0.90469  0.94152  0.00000  0.00000  0.99988  0.95074
3.910000000e+00  0.00000  1.00000  0.96021  0.89756  0.00000  0.00000  0.99988  0.94385
3.920000000e+00  0.00000  1.00000  0.96466  0.97729  0.00000  0.00000  0.99988  0.93576
3.930000000e+00  0.00000  1.00000  0.92733  0.95063  0.00000  0.00000  0.99988  0.92652
3.940000000e+00  0.00000  1.00000  0.84494  0.97845  0.00000  0.00000  0.99988  0.91582
3.950000000e+00  0.00000  1.00000  0.71977  0.98176  0.00000  0.00000  0.99988  0.90376
3.960000000e+00  0.00000  1.00000  0.50358  0.96996  0.00000  0.00000  0.99989  0.88947
3.970000000e+00  0.00000  1.00000  0.33167  0.99163  0.00000  0.00000  0.99989  0.87317
3.980000000e+00  0.00000  1.00000  0.18024  0.98151  0.00000  0.00000  0.99989  0.85501
3.990000000e+00  0.00000  1.00000  0.13069  0.99434  0.00000  0.00000  0.99989  0.83426
4.000000000e+00  0.00000  1.00000  0.30766  0.99210  0.00000  0.00000  0.99989  0.81044
4.010000000e+00  0.00000  1.00000  0.38055  0.99209  0.00000  0.00000  0.99989  0.78440
4.020000000e+00  0.00000  1.00000  0.16954  0.99787  0.00000  0.00000  0.99989  0.75608
4.030000000e+00  0.00000  1.00000  0.14835  0.99228  0.00000  0.00000  0.99989  0.72608
4.040000000e+00  0.00000  1.00000  0.20810  0.99608  0.00000  0.00000  0.99989  0.69449
4.050000000e+00  0.00000  1.00000  0.34942  0.99634  0.00000  0.00000  0.99990  0.66107
4.060000000e+00  0.00000  1.00000  0.52242  0.99562  0.00000  0.00000  0.99990  0.62749
4.070000000e+00  0.00000  1.00000  0.57900  0.99536  0.00000  0.00000  0.99990  0.59377
4.080000000e+00  0.00000  1.00000  0.28792  0.99776  0.00000  0.00000  0.99990  0.56175
4.090000000e+00  0.00000  1.00000  0.09113  0.99760  0.00000  0.00000  0.99990  0.53184
4.100000000e+00  0.00000  1.00000  0.04112  0.99792  0.00000  0.00000  0.99990  0.50394
4.110000000e+00  0.00000  1.00000  0.05226  0.99237  0.00000  0.00000  0.99990  0.47897
4.120000000e+00  0.00000  1.00000  0.21642  0.99793  0.00000  0.00000  0.99990  0.45759
4.130000000e+00  0.00000  1.00000  0.26628  0.99481  0.00000  0.00000  0.99990  0.43972
4.140000000e+00  0.00000  1.00000  0.12007  0.99655  0.00000  0.00000  0.99990  0.42561
4.150000000e+00  0.00000  1.00000  0.05142  0.99890  0.00000  0.00000  0.99990  0.41506
4.160000000e+00  0.00000  1.00000  0.00023  0.99417  0.00000  0.00000  0.99991  0.40846
4.170000000e+00  0.00000  1.00000  0.00000  0.99652  0.00000  0.00000  0.99991  0.40467
4.180000000e+00  0.00000  1.00000  0.00000  0.99583  0.00000  0.00000  0.99991  0.40576
4.190000000e+00  0.00000  1.00000  0.00000  0.99597  0.00000  0.00000  0.99991  0.40773
4.200000000e+00  0.00000  1.00000  0.00000  0.99535  0.00000  0.00000  0.99991  0.41290
4.210000000e+00  0.00000  1.00000  0.00000  0.99283  0.00000  0.00000  0.99991  0.41607
4.220000000e+00  0.00000  1.00000  0.00000  0.99330  0.00000  0.00000  0.99991  0.41695
4.230000000e+00  0.00000  1.00000  0.00000  0.99256  0.00000  0.00000  0.99991  0.41434
4.240000000e+00  0.00000  1.00000  0.00000  0.99439  0.00000  0.00000  0.99991  0.40635
4.250000000e+00  0.00000  1.00000  0.00000  0.98603  0.00000  0.00000  0.99991  0.39124
4.260000000e+00  0.00000  1.00000  0.00000  0.98269  0.00000  0.00000  0.99991  0.36248
4.270000000e+00  0.00000  1.00000  0.00000  0.99392  0.00000  0.00000  0.99992  0.31954
4.280000000e+00  0.00000  1.00000  0.00000  0.97501  0.00000  0.00000  0.99992  0.28982
4.290000000e+00  0.00000  1.00000  0.00000  0.97114  0.00000  0.00000  0.99992  0.27170
4.300000000e+00  0.00000  1.00000  0.00000  0.96730  0.00000  0.00000  0.99992  0.27633
4.310000000e+00  0.00000  1.00000  0.00000  0.94349  0.00000  0.00000  0.99992  0.30396
4.320000000e+00  0.00000  1.00000  0.00000  0.95466  0.00000  0.00000  0.99992  0.34409
4.330000000e+00  0.00000  1.00000  0.00000  0.95278  0.00000  0.00000  0.99992  0.39880
4.340000000e+00  0.00000  1.00000  0.00000  0.94214  0.00000  0.00000  0.99992  0.44465
4.350000000e+00  0.00000  1.00000  0.00000  0.93943  0.00000  0.00000  0.99992  0.47934
4.360000000e+00  0.00000  1.00000  0.00000  0.91831  0.00000  0.00000  0.99992  0.50438
4.370000000e+00  0.00000  1.00000  0.00000  0.83237  0.00000  0.00000  0.99992  0.52238
4.380000000e+00  0.00000  1.00000  0.00000  0.94095  0.00000  0.00000  0.99992  0.53587
4.390000000e+00  0.00000  1.00000  0.00000  0.91863  0.00000  0.00000  0.99992  0.54814
4.400000000e+00  0.00000  1.00000  0.00000  0.88014  0.00000  0.00000  0.99992  0.55682
4.410000000e+00  0.00000  1.00000  0.00000  0.76385  0.00000  0.00000  0.99993  0.56812
4.420000000e+00  0.00000  1.00000  0.00000  0.96043  0.00000  0.00000  0.99993  0.57900
4.430000000e+00  0.00000  1.00000  0.00000  0.85971  0.00000  0.00000  0.99993  0.59171
4.440000000e+00  0.00000  1.00000  0.00000  0.70588  0.00000  0.00000  0.99993  0.60533
4.450000000e+00  0.00000  1.00000  0.00000  0.77205  0.00000  0.00000  0.99993  0.62128
4.460000000e+00  0.00000  1.00000  0.00000  0.79944  0.00000  0.00000  0.99993  0.63715
4.470000000e+00  0.00000  1.00000  0.00000  0.81813  0.00000  0.00000  0.99993  0.65643
4.480000000e+00  0.00000  1.00000  0.00000  0.80010  0.00000  0.00000  0.99993  0.67461
4.490000000e+00  0.00000  1.00000  0.00000  0.83895  0.00000  0.00000  0.99993  0.69551
4.500000000e+00  0.00000  1.00000  0.00000  0.86345  0.00000  0.00000  0.99993  0.71484
4.510000000e+00  0.00000  1.00000  0.00000  0.85561  0.00000  0.00000  0.99993  0.73590
4.520000000e+00  0.00000  1.00000  0.00000  0.78683  0.00000  0.00000  0.99993  0.75641
4.530000000e+00  0.00000  1.00000  0.00000  0.66153  0.00000  0.00000  0.99993  0.77640
4.540000000e+00  0.00000  1.00000  0.00003  0.64168  0.00000  0.00000  0.99993  0.79599
4.550000000e+00  0.00000  1.00000  0.00031  0.81334  0.00000  0.00000  0.99993  0.81482
4.560000000e+00  0.00000  1.00000  0.00587  0.90552  0.00000  0.00000  0.99993  0.83278
4.570000000e+00  0.00000  1.00000  0.03813  0.80719  0.00000  0.00000  0.99993  0.84902
4.580000000e+00  0.00000  1.00000  0.12494  0.71032  0.00000  0.00000  0.99994  0.86484
4.590000000e+00  0.00000  1.00000  0.17876  0.77198  0.00000  0.00000  0.99994  0.87922
4.600000000e+00  0.00000  1.00000  0.25893  0.80455  0.00000  0.00000  0.99994  0.89245
4.610000000e+00  0.00000  1.00000  0.31761  0.84179  0.00000  0.00000  0.99994  0.90460
4.620000000e+00  0.00000  1.00000  0.26220  0.79703  0.00000  0.00000  0.99994  0.91568
4.630000000e+00  0.00000  1.00000  0.11971  0.60473  0.00000  0.00000  0.99994  0.92567
4.640000000e+00  0.00000  1.00000  0.09206  0.61358  0.00000  0.00000  0.99994  0.93467
4.650000000e+00  0.00000  1.00000  0.07530  0.62906  0.00000  0.00000  0.99994  0.94275
4.660000000e+00  0.00000  1.00000  0.07629  0.56622  0.00000  0.00000  0.99994  0.94999
4.670000000e+00  0.00000  1.00000  0.08351  0.49406  0.00000  0.00000  0.99994  0.95612
4.680000000e+00  0.00000  1.00000  0.02994  0.50350  0.00000  0.00000  0.99994  0.96103
4.690000000e+00  0.00000  1.00000  0.01317  0.21568  0.00000  0.00000  0.99994  0.96618
4.700000000e+00  0.00000  1.00000  0.00155  0.86711  0.00000  0.00000  0.99994  0.97035
4.710000000e+00  0.00000  1.00000  0.00004  0.76739  0.00000  0.00000  0.99994  0.97385
4.720000000e+00  0.00000  1.00000  0.00002  0.44134  0.00000  0.00000  0.99994  0.97716
4.730000000e+00  0.00000  1.00000  0.00000  0.58165  0.00000  0.00000  0.99994  0.97963
4.740000000e+00  0.00000  1.00000  0.00000  0.42531  0.00000  0.00000  0.99994  0.98249
4.750000000e+00  0.00000  1.00000  0.00000  0.66190  0.00000  0.00000  0.99994  0.98469
4.760000000e+00  0.00000  1.00000  0.00000  0.54763  0.00000  0.00000  0.99994  0.98668
4.770000000e+00  0.00000  1.00000  0.00000  0.56051  0.00000  0.00000  0.99995  0.98842
4.780000000e+00  0.00000  1.00000  0.00000  0.43430  0.00000  0.00000  0.99995  0.98916
4.790000000e+00  0.00000  1.00000  0.00000  0.26122  0.00000  0.00000  0.99995  0.99053
4.800000000e+00  0.00000  1.00000  0.00000  0.30627  0.00000  0.00000  0.99995  0.99242
4.810000000e+00  0.00000  1.00000  0.00000  0.47099  0.00000  0.00000  0.99995  0.99359
4.820000000e+00  0.00000  1.00000  0.00000  0.41458  0.00000  0.00000  0.99995  0.99441
4.830000000e+00  0.00000  1.00000  0.00000  0.24584  0.00000  0.00000  0.99995  0.99537
4.840000000e+00  0.00000  1.00000  0.00000  0.44948  0.00000  0.00000  0.99995  0.99250
4.850000000e+00  0.00000  1.00000  0.00000  0.12085  0.00000  0.00000  0.99995  0.99512
4.860000000e+00  0.00000  1.00000  0.00000  0.08400  0.00000  0.00000  0.99995  0.99704
4.870000000e+00  0.00000  1.00000  0.00000  0.58582  0.00000  0.00000  0.99995  0.99757
4.880000000e+00  0.00000  1.00000  0.00000  0.59120  0.00000  0.00000  0.99995  0.99784
4.890000000e+00  0.00000  1.00000  0.00000  0.52511  0.00000  0.00000  0.99995  0.99748
4.900000000e+00  0.00000  1.00000  0.00000  0.07551  0.00000  0.00000  0.99995  0.99536
4.910000000e+00  0.00000  1.00000  0.00000  0.04520  0.00000  0.00000  0.99995  0.99820
4.920000000e+00  0.00000  1.00000  0.00000  0.26693  0.00000  0.00000  0.99995  0.99853
4.930000000e+00  0.00000  1.00000  0.00000  0.50248  0.00000  0.00000  0.99995  0.99866
4.940000000e+00  0.00000  1.00000  0.00012  0.25719  0.00000  0.00000  0.99995  0.99866
4.950000000e+00  0.00000  1.00000  0.00057  0.07200  0.00000  0.00000  0.99995  0.99693
4.960000000e+00  0.00000  1.00000  0.00134  0.02263  0.00000  0.00000  0.99995  0.98935
4.970000000e+00  0.00000  1.00000  0.01106  0.00829  0.00000  0.00000  0.99995  0.99898
4.980000000e+00  0.00000  1.00000  0.03253  0.15752  0.00000  0.00000  0.99995  0.99905
4.990000000e+00  0.00000  1.00000  0.08318  0.03994  0.00000  0.00000  0.99995  0.99927
5.000000000e+00  0.00000  1.00000  0.07615  0.26586  0.00000  0.00000  0.99995  0.99929
