# ------------------------------------------------------------------------
# Radiance spectrum
# NASA-GSFC Planetary Spectrum Generator (PSG) (Villanueva et al. 2015)
# Synthesized on Tue Nov 21 15:11:38 2017
# ------------------------------------------------------------------------
# Atmospheric radiances synthesized with PUMAS (Villanueva et al. 2016, Smith et al. 2009, Edwards 1992)
# Molecular abundance profile: 
# Molecules considered: N2,CO2,H2O
# Molecular sources: HIT[22],HIT[2],HIT[1]
# Molecular abundances: 1,1,1
# Molecular abundance units: scl,scl,scl
# Collission-Induced-Absorption:  N2-N2(3.71-5.00um)
# Rayleigh scattering included
# ------------------------------------------------------------------------
# Spectral unit: Wavelength [um]
# Radiance unit: Spectral radiance [W/sr/m2/um]
# Wave/freq Total Stellar TRAPPIST-1-e
1.000000000e+00  3.68049e-03  3.68049e-03  5.99600e-36
1.010000000e+00  3.70309e-03  3.70309e-03  1.50263e-35
1.020000000e+00  3.72363e-03  3.72363e-03  2.44313e-35
1.030000000e+00  3.74214e-03  3.74214e-03  3.98811e-35
1.040000000e+00  3.75867e-03  3.75867e-03  4.32519e-33
1.050000000e+00  3.77327e-03  3.77327e-03  2.72462e-34
1.060000000e+00  3.78601e-03  3.78601e-03  1.13171e-33
1.070000000e+00  3.79691e-03  3.79691e-03  5.61182e-33
1.080000000e+00  3.80605e-03  3.80605e-03  1.16929e-33
1.090000000e+00  3.81347e-03  3.81347e-03  1.32114e-33
1.100000000e+00  3.81922e-03  3.81922e-03  4.40104e-33
1.110000000e+00  3.82337e-03  3.82337e-03  1.49198e-32
1.120000000e+00  3.82595e-03  3.82595e-03  2.51069e-31
1.130000000e+00  3.82703e-03  3.82703e-03  6.17900e-31
1.140000000e+00  3.82666e-03  3.82666e-03  3.68847e-31
1.150000000e+00  3.82489e-03  3.82489e-03  9.54086e-31
1.160000000e+00  3.82177e-03  3.82177e-03  3.69496e-31
1.170000000e+00  3.81734e-03  3.81734e-03  1.32930e-31
1.180000000e+00  3.81168e-03  3.81168e-03  2.59770e-31
1.190000000e+00  3.80481e-03  3.80481e-03  5.15275e-31
1.200000000e+00  3.79679e-03  3.79679e-03  6.25055e-31
1.210000000e+00  3.78768e-03  3.78768e-03  7.35181e-29
1.220000000e+00  3.77751e-03  3.77751e-03  5.55347e-29
1.230000000e+00  3.76632e-03  3.76632e-03  5.33906e-29
1.240000000e+00  3.75418e-03  3.75418e-03  2.02054e-29
1.250000000e+00  3.74111e-03  3.74111e-03  3.56405e-30
1.260000000e+00  3.72717e-03  3.72717e-03  1.39703e-29
1.270000000e+00  3.71239e-03  3.71239e-03  1.92978e-29
1.280000000e+00  3.69682e-03  3.69682e-03  6.41576e-30
1.290000000e+00  3.68049e-03  3.68049e-03  7.09689e-29
1.300000000e+00  3.66345e-03  3.66345e-03  2.03480e-28
1.310000000e+00  3.64573e-03  3.64573e-03  3.58948e-29
1.320000000e+00  3.62736e-03  3.62736e-03  1.80221e-27
1.330000000e+00  3.60839e-03  3.60839e-03  1.49195e-28
1.340000000e+00  3.58885e-03  3.58885e-03  2.22309e-27
1.350000000e+00  3.56877e-03  3.56877e-03  1.86076e-27
1.360000000e+00  3.54817e-03  3.54817e-03  7.36403e-27
1.370000000e+00  3.52711e-03  3.52711e-03  1.16174e-26
1.380000000e+00  3.50559e-03  3.50559e-03  1.38363e-26
1.390000000e+00  3.48366e-03  3.48366e-03  1.55386e-26
1.400000000e+00  3.46134e-03  3.46134e-03  1.93888e-26
1.410000000e+00  3.43866e-03  3.43866e-03  3.01602e-26
1.420000000e+00  3.41564e-03  3.41564e-03  9.97338e-27
1.430000000e+00  3.39231e-03  3.39231e-03  2.38871e-26
1.440000000e+00  3.36870e-03  3.36870e-03  4.58556e-25
1.450000000e+00  3.34482e-03  3.34482e-03  2.54246e-25
1.460000000e+00  3.32070e-03  3.32070e-03  4.38095e-26
1.470000000e+00  3.29636e-03  3.29636e-03  7.08592e-26
1.480000000e+00  3.27183e-03  3.27183e-03  2.73975e-25
1.490000000e+00  3.24711e-03  3.24711e-03  1.54470e-25
1.500000000e+00  3.22224e-03  3.22224e-03  3.76514e-25
1.510000000e+00  3.19723e-03  3.19723e-03  1.48847e-25
1.520000000e+00  3.17209e-03  3.17209e-03  1.73748e-25
1.530000000e+00  3.14685e-03  3.14685e-03  9.39728e-25
1.540000000e+00  3.12152e-03  3.12152e-03  2.27039e-24
1.550000000e+00  3.09611e-03  3.09611e-03  7.33873e-25
1.560000000e+00  3.07064e-03  3.07064e-03  4.27641e-25
1.570000000e+00  3.04513e-03  3.04513e-03  3.71919e-24
1.580000000e+00  3.01959e-03  3.01959e-03  1.44073e-23
1.590000000e+00  2.99402e-03  2.99402e-03  3.15838e-24
1.600000000e+00  2.96846e-03  2.96846e-03  7.60750e-24
1.610000000e+00  2.94289e-03  2.94289e-03  2.85590e-23
1.620000000e+00  2.91734e-03  2.91734e-03  1.45589e-23
1.630000000e+00  2.89182e-03  2.89182e-03  6.32801e-24
1.640000000e+00  2.86634e-03  2.86634e-03  1.33814e-23
1.650000000e+00  2.84091e-03  2.84091e-03  2.17200e-23
1.660000000e+00  2.81553e-03  2.81553e-03  1.23581e-23
1.670000000e+00  2.79021e-03  2.79021e-03  1.08384e-23
1.680000000e+00  2.76497e-03  2.76497e-03  8.30294e-24
1.690000000e+00  2.73981e-03  2.73981e-03  4.25266e-24
1.700000000e+00  2.71474e-03  2.71474e-03  3.32440e-24
1.710000000e+00  2.68977e-03  2.68977e-03  8.21875e-24
1.720000000e+00  2.66490e-03  2.66490e-03  5.64823e-24
1.730000000e+00  2.64013e-03  2.64013e-03  4.66149e-24
1.740000000e+00  2.61549e-03  2.61549e-03  5.22564e-24
1.750000000e+00  2.59096e-03  2.59096e-03  6.84834e-24
1.760000000e+00  2.56656e-03  2.56656e-03  1.07285e-23
1.770000000e+00  2.54229e-03  2.54229e-03  1.25398e-23
1.780000000e+00  2.51815e-03  2.51815e-03  1.31551e-23
1.790000000e+00  2.49415e-03  2.49415e-03  1.92779e-23
1.800000000e+00  2.47030e-03  2.47030e-03  2.61794e-23
1.810000000e+00  2.44660e-03  2.44660e-03  5.13384e-23
1.820000000e+00  2.42304e-03  2.42304e-03  1.58042e-22
1.830000000e+00  2.39964e-03  2.39964e-03  2.74050e-22
1.840000000e+00  2.37640e-03  2.37640e-03  5.60380e-22
1.850000000e+00  2.35332e-03  2.35332e-03  5.97958e-22
1.860000000e+00  2.33041e-03  2.33041e-03  8.56524e-22
1.870000000e+00  2.30765e-03  2.30765e-03  7.54981e-22
1.880000000e+00  2.28507e-03  2.28507e-03  2.56093e-21
1.890000000e+00  2.26266e-03  2.26266e-03  2.60843e-21
1.900000000e+00  2.24041e-03  2.24041e-03  1.37012e-21
1.910000000e+00  2.21834e-03  2.21834e-03  2.07303e-21
1.920000000e+00  2.19645e-03  2.19645e-03  1.53925e-21
1.930000000e+00  2.17473e-03  2.17473e-03  1.76409e-21
1.940000000e+00  2.15319e-03  2.15319e-03  3.35336e-21
1.950000000e+00  2.13183e-03  2.13183e-03  2.42897e-20
1.960000000e+00  2.11065e-03  2.11065e-03  2.55535e-20
1.970000000e+00  2.08964e-03  2.08964e-03  3.42722e-20
1.980000000e+00  2.06882e-03  2.06882e-03  3.59395e-20
1.990000000e+00  2.04818e-03  2.04818e-03  2.30226e-20
2.000000000e+00  2.02772e-03  2.02772e-03  4.91812e-20
2.010000000e+00  2.00745e-03  2.00745e-03  2.79712e-20
2.020000000e+00  1.98735e-03  1.98735e-03  4.93054e-20
2.030000000e+00  1.96744e-03  1.96744e-03  9.57646e-20
2.040000000e+00  1.94771e-03  1.94771e-03  9.78832e-20
2.050000000e+00  1.92816e-03  1.92816e-03  1.20138e-19
2.060000000e+00  1.90880e-03  1.90880e-03  1.28737e-19
2.070000000e+00  1.88961e-03  1.88961e-03  1.66954e-19
2.080000000e+00  1.87061e-03  1.87061e-03  1.84974e-19
2.090000000e+00  1.85179e-03  1.85179e-03  1.79965e-19
2.100000000e+00  1.83315e-03  1.83315e-03  1.42848e-19
2.110000000e+00  1.81469e-03  1.81469e-03  9.07941e-20
2.120000000e+00  1.79641e-03  1.79641e-03  7.97938e-20
2.130000000e+00  1.77831e-03  1.77831e-03  3.02879e-20
2.140000000e+00  1.76039e-03  1.76039e-03  2.15361e-20
2.150000000e+00  1.74264e-03  1.74264e-03  8.82387e-20
2.160000000e+00  1.72507e-03  1.72507e-03  9.49351e-20
2.170000000e+00  1.70768e-03  1.70768e-03  1.14689e-19
2.180000000e+00  1.69046e-03  1.69046e-03  6.09036e-20
2.190000000e+00  1.67341e-03  1.67341e-03  2.60771e-20
2.200000000e+00  1.65654e-03  1.65654e-03  1.65453e-20
2.210000000e+00  1.63984e-03  1.63984e-03  1.31207e-20
2.220000000e+00  1.62331e-03  1.62331e-03  1.98485e-20
2.230000000e+00  1.60695e-03  1.60695e-03  2.01765e-20
2.240000000e+00  1.59076e-03  1.59076e-03  1.35509e-20
2.250000000e+00  1.57474e-03  1.57474e-03  1.64213e-20
2.260000000e+00  1.55889e-03  1.55889e-03  3.14148e-20
2.270000000e+00  1.54319e-03  1.54319e-03  2.16621e-20
2.280000000e+00  1.52767e-03  1.52767e-03  2.93068e-20
2.290000000e+00  1.51230e-03  1.51230e-03  2.74261e-20
2.300000000e+00  1.49710e-03  1.49710e-03  3.32637e-20
2.310000000e+00  1.48206e-03  1.48206e-03  3.98266e-20
2.320000000e+00  1.46718e-03  1.46718e-03  4.83679e-20
2.330000000e+00  1.45245e-03  1.45245e-03  5.95219e-20
2.340000000e+00  1.43788e-03  1.43788e-03  7.27285e-20
2.350000000e+00  1.42347e-03  1.42347e-03  8.84607e-20
2.360000000e+00  1.40921e-03  1.40921e-03  1.07802e-19
2.370000000e+00  1.39510e-03  1.39510e-03  1.25972e-19
2.380000000e+00  1.38115e-03  1.38115e-03  1.55728e-19
2.390000000e+00  1.36734e-03  1.36734e-03  1.90669e-19
2.400000000e+00  1.35368e-03  1.35368e-03  2.27691e-19
2.410000000e+00  1.34017e-03  1.34017e-03  2.75837e-19
2.420000000e+00  1.32681e-03  1.32681e-03  3.31588e-19
2.430000000e+00  1.31359e-03  1.31359e-03  3.39617e-19
2.440000000e+00  1.30051e-03  1.30051e-03  6.24596e-19
2.450000000e+00  1.28757e-03  1.28757e-03  5.95295e-19
2.460000000e+00  1.27478e-03  1.27478e-03  5.70859e-19
2.470000000e+00  1.26212e-03  1.26212e-03  7.58895e-19
2.480000000e+00  1.24960e-03  1.24960e-03  1.27652e-18
2.490000000e+00  1.23722e-03  1.23722e-03  2.47396e-18
2.500000000e+00  1.22498e-03  1.22498e-03  2.49191e-18
2.510000000e+00  1.21286e-03  1.21286e-03  2.68145e-18
2.520000000e+00  1.20088e-03  1.20088e-03  3.46232e-18
2.530000000e+00  1.18903e-03  1.18903e-03  3.57800e-18
2.540000000e+00  1.17731e-03  1.17731e-03  5.92190e-18
2.550000000e+00  1.16572e-03  1.16572e-03  9.27942e-18
2.560000000e+00  1.15425e-03  1.15425e-03  7.69169e-18
2.570000000e+00  1.14291e-03  1.14291e-03  2.03464e-17
2.580000000e+00  1.13170e-03  1.13170e-03  2.98605e-17
2.590000000e+00  1.12060e-03  1.12060e-03  3.99366e-17
2.600000000e+00  1.10963e-03  1.10963e-03  5.11927e-17
2.610000000e+00  1.09878e-03  1.09878e-03  5.66085e-17
2.620000000e+00  1.08805e-03  1.08805e-03  6.59996e-17
2.630000000e+00  1.07744e-03  1.07744e-03  6.37802e-17
2.640000000e+00  1.06694e-03  1.06694e-03  6.64967e-17
2.650000000e+00  1.05656e-03  1.05656e-03  6.19028e-17
2.660000000e+00  1.04629e-03  1.04629e-03  1.21571e-16
2.670000000e+00  1.03614e-03  1.03614e-03  1.07682e-16
2.680000000e+00  1.02610e-03  1.02610e-03  1.50053e-17
2.690000000e+00  1.01616e-03  1.01616e-03  6.05699e-18
2.700000000e+00  1.00634e-03  1.00634e-03  9.27852e-18
2.710000000e+00  9.96623e-04  9.96623e-04  1.13940e-17
2.720000000e+00  9.87014e-04  9.87014e-04  3.24153e-17
2.730000000e+00  9.77511e-04  9.77511e-04  8.97556e-17
2.740000000e+00  9.68112e-04  9.68112e-04  1.10069e-16
2.750000000e+00  9.58816e-04  9.58816e-04  5.74059e-17
2.760000000e+00  9.49622e-04  9.49622e-04  1.96910e-17
2.770000000e+00  9.40529e-04  9.40529e-04  2.10099e-17
2.780000000e+00  9.31536e-04  9.31536e-04  1.98885e-17
2.790000000e+00  9.22641e-04  9.22641e-04  2.99003e-17
2.800000000e+00  9.13844e-04  9.13844e-04  6.41497e-17
2.810000000e+00  9.05143e-04  9.05143e-04  1.18590e-16
2.820000000e+00  8.96538e-04  8.96538e-04  1.78404e-16
2.830000000e+00  8.88027e-04  8.88027e-04  2.46245e-16
2.840000000e+00  8.79608e-04  8.79608e-04  4.00198e-16
2.850000000e+00  8.71282e-04  8.71282e-04  3.66548e-16
2.860000000e+00  8.63047e-04  8.63047e-04  5.62535e-16
2.870000000e+00  8.54902e-04  8.54902e-04  1.07975e-15
2.880000000e+00  8.46846e-04  8.46846e-04  1.38648e-15
2.890000000e+00  8.38878e-04  8.38878e-04  1.81301e-15
2.900000000e+00  8.30996e-04  8.30996e-04  2.16631e-15
2.910000000e+00  8.23201e-04  8.23201e-04  2.24397e-15
2.920000000e+00  8.15490e-04  8.15490e-04  2.29625e-15
2.930000000e+00  8.07863e-04  8.07863e-04  2.27004e-15
2.940000000e+00  8.00320e-04  8.00320e-04  2.25284e-15
2.950000000e+00  7.92858e-04  7.92858e-04  2.24814e-15
2.960000000e+00  7.85477e-04  7.85477e-04  2.20563e-15
2.970000000e+00  7.78176e-04  7.78176e-04  2.12614e-15
2.980000000e+00  7.70954e-04  7.70954e-04  2.02535e-15
2.990000000e+00  7.63811e-04  7.63811e-04  2.03663e-15
3.000000000e+00  7.56745e-04  7.56745e-04  2.16083e-15
3.010000000e+00  7.49755e-04  7.49755e-04  2.32989e-15
3.020000000e+00  7.42841e-04  7.42841e-04  2.29672e-15
3.030000000e+00  7.36001e-04  7.36001e-04  2.40412e-15
3.040000000e+00  7.29236e-04  7.29236e-04  2.51281e-15
3.050000000e+00  7.22543e-04  7.22543e-04  2.58907e-15
3.060000000e+00  7.15922e-04  7.15922e-04  2.64561e-15
3.070000000e+00  7.09372e-04  7.09372e-04  2.71662e-15
3.080000000e+00  7.02893e-04  7.02893e-04  2.79580e-15
3.090000000e+00  6.96483e-04  6.96483e-04  2.90466e-15
3.100000000e+00  6.90142e-04  6.90142e-04  3.02117e-15
3.110000000e+00  6.83869e-04  6.83869e-04  3.13410e-15
3.120000000e+00  6.77663e-04  6.77663e-04  3.23407e-15
3.130000000e+00  6.71523e-04  6.71523e-04  3.34262e-15
3.140000000e+00  6.65449e-04  6.65449e-04  3.47771e-15
3.150000000e+00  6.59440e-04  6.59440e-04  3.60938e-15
3.160000000e+00  6.53494e-04  6.53494e-04  3.71004e-15
3.170000000e+00  6.47612e-04  6.47612e-04  3.81713e-15
3.180000000e+00  6.41793e-04  6.41793e-04  3.94882e-15
3.190000000e+00  6.36035e-04  6.36035e-04  4.08085e-15
3.200000000e+00  6.30339e-04  6.30339e-04  4.18382e-15
3.210000000e+00  6.24702e-04  6.24702e-04  4.24534e-15
3.220000000e+00  6.19126e-04  6.19126e-04  4.29270e-15
3.230000000e+00  6.13608e-04  6.13608e-04  4.34267e-15
3.240000000e+00  6.08149e-04  6.08149e-04  4.37407e-15
3.250000000e+00  6.02747e-04  6.02747e-04  4.41533e-15
3.260000000e+00  5.97402e-04  5.97402e-04  4.42921e-15
3.270000000e+00  5.92114e-04  5.92114e-04  4.43142e-15
3.280000000e+00  5.86881e-04  5.86881e-04  4.40446e-15
3.290000000e+00  5.81702e-04  5.81702e-04  4.35816e-15
3.300000000e+00  5.76579e-04  5.76579e-04  4.32453e-15
3.310000000e+00  5.71508e-04  5.71508e-04  4.26931e-15
3.320000000e+00  5.66491e-04  5.66491e-04  4.17321e-15
3.330000000e+00  5.61527e-04  5.61527e-04  4.12727e-15
3.340000000e+00  5.56614e-04  5.56614e-04  4.03235e-15
3.350000000e+00  5.51752e-04  5.51752e-04  3.95510e-15
3.360000000e+00  5.46941e-04  5.46941e-04  3.90644e-15
3.370000000e+00  5.42180e-04  5.42180e-04  3.71892e-15
3.380000000e+00  5.37468e-04  5.37468e-04  3.56315e-15
3.390000000e+00  5.32805e-04  5.32805e-04  3.43282e-15
3.400000000e+00  5.28190e-04  5.28190e-04  3.35985e-15
3.410000000e+00  5.23623e-04  5.23623e-04  3.28007e-15
3.420000000e+00  5.19104e-04  5.19104e-04  3.18022e-15
3.430000000e+00  5.14631e-04  5.14631e-04  3.06497e-15
3.440000000e+00  5.10203e-04  5.10203e-04  2.93426e-15
3.450000000e+00  5.05822e-04  5.05822e-04  2.80035e-15
3.460000000e+00  5.01485e-04  5.01485e-04  2.74066e-15
3.470000000e+00  4.97193e-04  4.97193e-04  2.69972e-15
3.480000000e+00  4.92945e-04  4.92945e-04  2.65110e-15
3.490000000e+00  4.88741e-04  4.88741e-04  2.59114e-15
3.500000000e+00  4.84579e-04  4.84579e-04  2.51886e-15
3.510000000e+00  4.80460e-04  4.80460e-04  2.43538e-15
3.520000000e+00  4.76383e-04  4.76383e-04  2.36303e-15
3.530000000e+00  4.72347e-04  4.72347e-04  2.35611e-15
3.540000000e+00  4.68352e-04  4.68352e-04  2.34784e-15
3.550000000e+00  4.64398e-04  4.64398e-04  2.33742e-15
3.560000000e+00  4.60484e-04  4.60484e-04  2.33579e-15
3.570000000e+00  4.56609e-04  4.56609e-04  2.35092e-15
3.580000000e+00  4.52774e-04  4.52774e-04  2.38087e-15
3.590000000e+00  4.48977e-04  4.48977e-04  2.51787e-15
3.600000000e+00  4.45219e-04  4.45219e-04  2.96932e-15
3.610000000e+00  4.41498e-04  4.41498e-04  3.52935e-15
3.620000000e+00  4.37815e-04  4.37815e-04  3.93106e-15
3.630000000e+00  4.34169e-04  4.34169e-04  3.45051e-15
3.640000000e+00  4.30559e-04  4.30559e-04  3.68067e-15
3.650000000e+00  4.26986e-04  4.26986e-04  4.16729e-15
3.660000000e+00  4.23448e-04  4.23448e-04  3.64420e-15
3.670000000e+00  4.19945e-04  4.19945e-04  3.00690e-15
3.680000000e+00  4.16478e-04  4.16478e-04  2.81125e-15
3.690000000e+00  4.13044e-04  4.13044e-04  2.85041e-15
3.700000000e+00  4.09645e-04  4.09645e-04  2.91414e-15
3.710000000e+00  4.06280e-04  4.06280e-04  2.96372e-15
3.720000000e+00  4.02948e-04  4.02948e-04  3.10647e-15
3.730000000e+00  3.99649e-04  3.99649e-04  3.19707e-15
3.740000000e+00  3.96383e-04  3.96383e-04  3.29253e-15
3.750000000e+00  3.93148e-04  3.93148e-04  3.50713e-15
3.760000000e+00  3.89946e-04  3.89946e-04  4.07780e-15
3.770000000e+00  3.86775e-04  3.86775e-04  4.89598e-15
3.780000000e+00  3.83635e-04  3.83635e-04  5.77592e-15
3.790000000e+00  3.80526e-04  3.80526e-04  7.17282e-15
3.800000000e+00  3.77448e-04  3.77448e-04  1.06699e-14
3.810000000e+00  3.74400e-04  3.74400e-04  1.55424e-14
3.820000000e+00  3.71381e-04  3.71381e-04  1.56303e-14
3.830000000e+00  3.68392e-04  3.68392e-04  1.17800e-14
3.840000000e+00  3.65432e-04  3.65432e-04  1.48148e-14
3.850000000e+00  3.62500e-04  3.62500e-04  1.69411e-14
3.860000000e+00  3.59597e-04  3.59597e-04  1.47775e-14
3.870000000e+00  3.56723e-04  3.56723e-04  1.11800e-14
3.880000000e+00  3.53876e-04  3.53876e-04  8.76161e-15
3.890000000e+00  3.51056e-04  3.51056e-04  7.82962e-15
3.900000000e+00  3.48264e-04  3.48264e-04  7.57335e-15
3.910000000e+00  3.45499e-04  3.45499e-04  7.76559e-15
3.920000000e+00  3.42760e-04  3.42760e-04  8.22936e-15
3.930000000e+00  3.40048e-04  3.40048e-04  9.00398e-15
3.940000000e+00  3.37361e-04  3.37361e-04  1.01941e-14
3.950000000e+00  3.34701e-04  3.34701e-04  1.17806e-14
3.960000000e+00  3.32066e-04  3.32066e-04  1.47780e-14
3.970000000e+00  3.29456e-04  3.29456e-04  1.83370e-14
3.980000000e+00  3.26870e-04  3.26870e-04  2.39591e-14
3.990000000e+00  3.24310e-04  3.24310e-04  2.77781e-14
4.000000000e+00  3.21774e-04  3.21774e-04  2.43719e-14
4.010000000e+00  3.19262e-04  3.19262e-04  2.32015e-14
4.020000000e+00  3.16773e-04  3.16773e-04  2.97774e-14
4.030000000e+00  3.14309e-04  3.14309e-04  3.04791e-14
4.040000000e+00  3.11867e-04  3.11867e-04  2.76889e-14
4.050000000e+00  3.09449e-04  3.09449e-04  2.39536e-14
4.060000000e+00  3.07053e-04  3.07053e-04  2.08014e-14
4.070000000e+00  3.04680e-04  3.04680e-04  2.05601e-14
4.080000000e+00  3.02329e-04  3.02329e-04  2.38824e-14
4.090000000e+00  3.00000e-04  3.00000e-04  2.88886e-14
4.100000000e+00  2.97693e-04  2.97693e-04  3.31413e-14
4.110000000e+00  2.95408e-04  2.95408e-04  3.34653e-14
4.120000000e+00  2.93144e-04  2.93144e-04  3.20680e-14
4.130000000e+00  2.90901e-04  2.90901e-04  3.31647e-14
4.140000000e+00  2.88679e-04  2.88679e-04  3.78699e-14
4.150000000e+00  2.86478e-04  2.86478e-04  3.77723e-14
4.160000000e+00  2.84297e-04  2.84297e-04  6.19900e-14
4.170000000e+00  2.82136e-04  2.82136e-04  1.50126e-13
4.180000000e+00  2.79995e-04  2.79995e-04  1.46772e-13
4.190000000e+00  2.77874e-04  2.77874e-04  9.13424e-14
4.200000000e+00  2.75773e-04  2.75773e-04  5.26039e-14
4.210000000e+00  2.73691e-04  2.73691e-04  2.82102e-14
4.220000000e+00  2.71628e-04  2.71628e-04  1.82374e-14
4.230000000e+00  2.69584e-04  2.69584e-04  1.74375e-14
4.240000000e+00  2.67559e-04  2.67559e-04  1.80225e-14
4.250000000e+00  2.65552e-04  2.65552e-04  1.86345e-14
4.260000000e+00  2.63564e-04  2.63564e-04  1.92535e-14
4.270000000e+00  2.61594e-04  2.61594e-04  1.99111e-14
4.280000000e+00  2.59642e-04  2.59642e-04  2.05614e-14
4.290000000e+00  2.57707e-04  2.57707e-04  2.12404e-14
4.300000000e+00  2.55790e-04  2.55790e-04  2.19348e-14
4.310000000e+00  2.53891e-04  2.53891e-04  2.27509e-14
4.320000000e+00  2.52009e-04  2.52009e-04  2.41390e-14
4.330000000e+00  2.50144e-04  2.50144e-04  2.75049e-14
4.340000000e+00  2.48295e-04  2.48295e-04  3.24616e-14
4.350000000e+00  2.46463e-04  2.46463e-04  3.74145e-14
4.360000000e+00  2.44648e-04  2.44648e-04  3.88116e-14
4.370000000e+00  2.42849e-04  2.42849e-04  4.15978e-14
4.380000000e+00  2.41067e-04  2.41067e-04  4.94539e-14
4.390000000e+00  2.39300e-04  2.39300e-04  6.09609e-14
4.400000000e+00  2.37549e-04  2.37549e-04  5.37002e-14
4.410000000e+00  2.35814e-04  2.35814e-04  5.57961e-14
4.420000000e+00  2.34094e-04  2.34094e-04  6.29746e-14
4.430000000e+00  2.32390e-04  2.32390e-04  7.51482e-14
4.440000000e+00  2.30700e-04  2.30700e-04  9.21403e-14
4.450000000e+00  2.29026e-04  2.29026e-04  1.20844e-13
4.460000000e+00  2.27367e-04  2.27367e-04  1.66493e-13
4.470000000e+00  2.25722e-04  2.25722e-04  2.07724e-13
4.480000000e+00  2.24092e-04  2.24092e-04  2.84966e-13
4.490000000e+00  2.22476e-04  2.22476e-04  3.40448e-13
4.500000000e+00  2.20874e-04  2.20874e-04  3.63746e-13
4.510000000e+00  2.19287e-04  2.19287e-04  3.60129e-13
4.520000000e+00  2.17714e-04  2.17714e-04  3.25441e-13
4.530000000e+00  2.16154e-04  2.16154e-04  2.71351e-13
4.540000000e+00  2.14608e-04  2.14608e-04  2.33831e-13
4.550000000e+00  2.13075e-04  2.13075e-04  2.05393e-13
4.560000000e+00  2.11556e-04  2.11556e-04  1.96709e-13
4.570000000e+00  2.10051e-04  2.10051e-04  1.87774e-13
4.580000000e+00  2.08558e-04  2.08558e-04  1.84765e-13
4.590000000e+00  2.07078e-04  2.07078e-04  1.83282e-13
4.600000000e+00  2.05611e-04  2.05611e-04  1.82775e-13
4.610000000e+00  2.04157e-04  2.04157e-04  1.83263e-13
4.620000000e+00  2.02716e-04  2.02716e-04  1.99017e-13
4.630000000e+00  2.01287e-04  2.01287e-04  2.06442e-13
4.640000000e+00  1.99870e-04  1.99870e-04  2.03825e-13
4.650000000e+00  1.98466e-04  1.98466e-04  2.04104e-13
4.660000000e+00  1.97073e-04  1.97073e-04  2.00455e-13
4.670000000e+00  1.95693e-04  1.95693e-04  1.99493e-13
4.680000000e+00  1.94324e-04  1.94324e-04  2.26566e-13
4.690000000e+00  1.92967e-04  1.92967e-04  2.43418e-13
4.700000000e+00  1.91622e-04  1.91622e-04  2.71745e-13
4.710000000e+00  1.90288e-04  1.90288e-04  3.83602e-13
4.720000000e+00  1.88966e-04  1.88966e-04  3.44687e-13
4.730000000e+00  1.87655e-04  1.87655e-04  4.11144e-13
4.740000000e+00  1.86355e-04  1.86355e-04  4.54874e-13
4.750000000e+00  1.85066e-04  1.85066e-04  4.82064e-13
4.760000000e+00  1.83788e-04  1.83788e-04  4.96801e-13
4.770000000e+00  1.82521e-04  1.82521e-04  4.98015e-13
4.780000000e+00  1.81265e-04  1.81265e-04  5.32000e-13
4.790000000e+00  1.80019e-04  1.80019e-04  5.94985e-13
4.800000000e+00  1.78783e-04  1.78783e-04  6.56316e-13
4.810000000e+00  1.77559e-04  1.77559e-04  7.14637e-13
4.820000000e+00  1.76344e-04  1.76344e-04  5.59017e-13
4.830000000e+00  1.75140e-04  1.75140e-04  6.89066e-13
4.840000000e+00  1.73945e-04  1.73945e-04  7.41053e-13
4.850000000e+00  1.72761e-04  1.72761e-04  7.62983e-13
4.860000000e+00  1.71587e-04  1.71587e-04  7.43616e-13
4.870000000e+00  1.70422e-04  1.70422e-04  7.85612e-13
4.880000000e+00  1.69267e-04  1.69267e-04  8.34416e-13
4.890000000e+00  1.68122e-04  1.68122e-04  7.91198e-13
4.900000000e+00  1.66986e-04  1.66986e-04  8.17520e-13
4.910000000e+00  1.65860e-04  1.65860e-04  7.74565e-13
4.920000000e+00  1.64743e-04  1.64743e-04  7.05600e-13
4.930000000e+00  1.63635e-04  1.63635e-04  6.24591e-13
4.940000000e+00  1.62536e-04  1.62536e-04  5.88786e-13
4.950000000e+00  1.61447e-04  1.61447e-04  6.06057e-13
4.960000000e+00  1.60366e-04  1.60366e-04  5.45381e-13
4.970000000e+00  1.59294e-04  1.59294e-04  4.92458e-13
4.980000000e+00  1.58232e-04  1.58232e-04  4.59178e-13
4.990000000e+00  1.57177e-04  1.57177e-04  3.86641e-13
5.000000000e+00  1.56132e-04  1.56132e-04  4.52227e-13
