# ------------------------------------------------------------------------
# Radiance spectrum
# NASA-GSFC Planetary Spectrum Generator (PSG) (Villanueva et al. 2015)
# Synthesized on Tue Nov 21 15:10:17 2017
# ------------------------------------------------------------------------
# Atmospheric radiances synthesized with PUMAS (Villanueva et al. 2016, Smith et al. 2009, Edwards 1992)
# Molecular abundance profile: 
# Molecules considered: N2,CO2,H2O
# Molecular sources: HIT[22],HIT[2],HIT[1]
# Molecular abundances: 1,1,1
# Molecular abundance units: scl,scl,scl
# Collission-Induced-Absorption:  N2-N2(3.33-5.41um)
# Rayleigh scattering included
# ------------------------------------------------------------------------
# Spectral unit: Wavelength [um]
# Radiance unit: Spectral radiance [W/sr/m2/um]
# Wave/freq Total Stellar TRAPPIST-1-e
1.000000000e+00  3.68049e-03  3.68049e-03  4.75411e-10
1.010000000e+00  3.70309e-03  3.70309e-03  4.78194e-10
1.020000000e+00  3.72363e-03  3.72363e-03  4.80722e-10
1.030000000e+00  3.74214e-03  3.74214e-03  4.82986e-10
1.040000000e+00  3.75867e-03  3.75867e-03  4.70467e-10
1.050000000e+00  3.77328e-03  3.77327e-03  4.86621e-10
1.060000000e+00  3.78601e-03  3.78601e-03  4.87367e-10
1.070000000e+00  3.79691e-03  3.79691e-03  4.85363e-10
1.080000000e+00  3.80605e-03  3.80605e-03  4.90284e-10
1.090000000e+00  3.81347e-03  3.81347e-03  4.91412e-10
1.100000000e+00  3.81923e-03  3.81922e-03  4.91899e-10
1.110000000e+00  3.82337e-03  3.82337e-03  4.92300e-10
1.120000000e+00  3.82595e-03  3.82595e-03  4.89031e-10
1.130000000e+00  3.82703e-03  3.82703e-03  4.87582e-10
1.140000000e+00  3.82666e-03  3.82666e-03  4.90532e-10
1.150000000e+00  3.82489e-03  3.82489e-03  4.89213e-10
1.160000000e+00  3.82177e-03  3.82177e-03  4.91157e-10
1.170000000e+00  3.81735e-03  3.81734e-03  4.90930e-10
1.180000000e+00  3.81168e-03  3.81168e-03  4.89990e-10
1.190000000e+00  3.80481e-03  3.80481e-03  4.88952e-10
1.200000000e+00  3.79680e-03  3.79679e-03  4.87883e-10
1.210000000e+00  3.78768e-03  3.78768e-03  4.06035e-10
1.220000000e+00  3.77751e-03  3.77751e-03  4.42980e-10
1.230000000e+00  3.76632e-03  3.76632e-03  4.57779e-10
1.240000000e+00  3.75418e-03  3.75418e-03  4.74116e-10
1.250000000e+00  3.74111e-03  3.74111e-03  4.79996e-10
1.260000000e+00  3.72717e-03  3.72717e-03  4.76171e-10
1.270000000e+00  3.71239e-03  3.71239e-03  4.74233e-10
1.280000000e+00  3.69682e-03  3.69682e-03  4.74471e-10
1.290000000e+00  3.68049e-03  3.68049e-03  4.68469e-10
1.300000000e+00  3.66345e-03  3.66345e-03  4.61541e-10
1.310000000e+00  3.64573e-03  3.64573e-03  4.67360e-10
1.320000000e+00  3.62737e-03  3.62736e-03  4.28712e-10
1.330000000e+00  3.60839e-03  3.60839e-03  4.61961e-10
1.340000000e+00  3.58885e-03  3.58885e-03  4.37248e-10
1.350000000e+00  3.56877e-03  3.56877e-03  4.50484e-10
1.360000000e+00  3.54817e-03  3.54817e-03  4.41555e-10
1.370000000e+00  3.52711e-03  3.52711e-03  4.35934e-10
1.380000000e+00  3.50559e-03  3.50559e-03  4.33844e-10
1.390000000e+00  3.48366e-03  3.48366e-03  4.34695e-10
1.400000000e+00  3.46134e-03  3.46134e-03  4.32518e-10
1.410000000e+00  3.43866e-03  3.43866e-03  4.27704e-10
1.420000000e+00  3.41564e-03  3.41564e-03  4.35459e-10
1.430000000e+00  3.39231e-03  3.39231e-03  4.29157e-10
1.440000000e+00  3.36870e-03  3.36870e-03  1.93986e-10
1.450000000e+00  3.34482e-03  3.34482e-03  3.48673e-10
1.460000000e+00  3.32070e-03  3.32070e-03  4.20073e-10
1.470000000e+00  3.29636e-03  3.29636e-03  4.17723e-10
1.480000000e+00  3.27183e-03  3.27183e-03  3.85962e-10
1.490000000e+00  3.24712e-03  3.24711e-03  4.06504e-10
1.500000000e+00  3.22224e-03  3.22224e-03  3.84707e-10
1.510000000e+00  3.19723e-03  3.19723e-03  4.06658e-10
1.520000000e+00  3.17209e-03  3.17209e-03  4.04041e-10
1.530000000e+00  3.14685e-03  3.14685e-03  3.70569e-10
1.540000000e+00  3.12152e-03  3.12152e-03  3.39432e-10
1.550000000e+00  3.09611e-03  3.09611e-03  3.84779e-10
1.560000000e+00  3.07064e-03  3.07064e-03  3.89464e-10
1.570000000e+00  3.04513e-03  3.04513e-03  3.44635e-10
1.580000000e+00  3.01959e-03  3.01959e-03  2.32969e-10
1.590000000e+00  2.99402e-03  2.99402e-03  3.61286e-10
1.600000000e+00  2.96846e-03  2.96846e-03  3.32458e-10
1.610000000e+00  2.94289e-03  2.94289e-03  2.28358e-10
1.620000000e+00  2.91734e-03  2.91734e-03  3.19747e-10
1.630000000e+00  2.89182e-03  2.89182e-03  3.49851e-10
1.640000000e+00  2.86634e-03  2.86634e-03  3.32514e-10
1.650000000e+00  2.84091e-03  2.84091e-03  3.23360e-10
1.660000000e+00  2.81553e-03  2.81553e-03  3.42007e-10
1.670000000e+00  2.79021e-03  2.79021e-03  3.43216e-10
1.680000000e+00  2.76497e-03  2.76497e-03  3.44680e-10
1.690000000e+00  2.73981e-03  2.73981e-03  3.48205e-10
1.700000000e+00  2.71474e-03  2.71474e-03  3.46559e-10
1.710000000e+00  2.68977e-03  2.68977e-03  3.40194e-10
1.720000000e+00  2.66490e-03  2.66490e-03  3.39668e-10
1.730000000e+00  2.64013e-03  2.64013e-03  3.37464e-10
1.740000000e+00  2.61549e-03  2.61549e-03  3.34448e-10
1.750000000e+00  2.59096e-03  2.59096e-03  3.31214e-10
1.760000000e+00  2.56656e-03  2.56656e-03  3.27562e-10
1.770000000e+00  2.54229e-03  2.54229e-03  3.24677e-10
1.780000000e+00  2.51815e-03  2.51815e-03  3.21800e-10
1.790000000e+00  2.49415e-03  2.49415e-03  3.18370e-10
1.800000000e+00  2.47030e-03  2.47030e-03  3.15310e-10
1.810000000e+00  2.44660e-03  2.44660e-03  3.11720e-10
1.820000000e+00  2.42304e-03  2.42304e-03  3.05635e-10
1.830000000e+00  2.39964e-03  2.39964e-03  2.99915e-10
1.840000000e+00  2.37640e-03  2.37640e-03  2.92041e-10
1.850000000e+00  2.35332e-03  2.35332e-03  2.90232e-10
1.860000000e+00  2.33041e-03  2.33041e-03  2.84715e-10
1.870000000e+00  2.30765e-03  2.30765e-03  2.85403e-10
1.880000000e+00  2.28507e-03  2.28507e-03  2.51013e-10
1.890000000e+00  2.26266e-03  2.26266e-03  2.50955e-10
1.900000000e+00  2.24041e-03  2.24041e-03  2.72158e-10
1.910000000e+00  2.21834e-03  2.21834e-03  2.70057e-10
1.920000000e+00  2.19645e-03  2.19645e-03  2.73513e-10
1.930000000e+00  2.17473e-03  2.17473e-03  2.71245e-10
1.940000000e+00  2.15319e-03  2.15319e-03  2.58626e-10
1.950000000e+00  2.13183e-03  2.13183e-03  1.39024e-10
1.960000000e+00  2.11065e-03  2.11065e-03  4.55197e-11
1.970000000e+00  2.08964e-03  2.08964e-03  4.99285e-11
1.980000000e+00  2.06882e-03  2.06882e-03  1.42031e-10
1.990000000e+00  2.04818e-03  2.04818e-03  1.96653e-10
2.000000000e+00  2.02772e-03  2.02772e-03  1.17307e-10
2.010000000e+00  2.00745e-03  2.00745e-03  2.68147e-11
2.020000000e+00  1.98735e-03  1.98735e-03  3.45486e-11
2.030000000e+00  1.96744e-03  1.96744e-03  8.74733e-11
2.040000000e+00  1.94771e-03  1.94771e-03  1.04703e-10
2.050000000e+00  1.92816e-03  1.92816e-03  9.49430e-11
2.060000000e+00  1.90880e-03  1.90880e-03  4.56607e-11
2.070000000e+00  1.88961e-03  1.88961e-03  4.97799e-11
2.080000000e+00  1.87061e-03  1.87061e-03  9.17101e-11
2.090000000e+00  1.85179e-03  1.85179e-03  1.18281e-10
2.100000000e+00  1.83315e-03  1.83315e-03  1.56168e-10
2.110000000e+00  1.81469e-03  1.81469e-03  1.88963e-10
2.120000000e+00  1.79641e-03  1.79641e-03  1.97892e-10
2.130000000e+00  1.77831e-03  1.77831e-03  2.17003e-10
2.140000000e+00  1.76039e-03  1.76039e-03  2.19304e-10
2.150000000e+00  1.74264e-03  1.74264e-03  1.98914e-10
2.160000000e+00  1.72507e-03  1.72507e-03  1.97376e-10
2.170000000e+00  1.70768e-03  1.70768e-03  1.94930e-10
2.180000000e+00  1.69046e-03  1.69046e-03  2.04885e-10
2.190000000e+00  1.67341e-03  1.67341e-03  2.10917e-10
2.200000000e+00  1.65654e-03  1.65654e-03  2.10839e-10
2.210000000e+00  1.63984e-03  1.63984e-03  2.09392e-10
2.220000000e+00  1.62331e-03  1.62331e-03  2.06376e-10
2.230000000e+00  1.60696e-03  1.60695e-03  2.04650e-10
2.240000000e+00  1.59076e-03  1.59076e-03  2.03725e-10
2.250000000e+00  1.57474e-03  1.57474e-03  2.01626e-10
2.260000000e+00  1.55889e-03  1.55889e-03  1.98513e-10
2.270000000e+00  1.54320e-03  1.54319e-03  1.97571e-10
2.280000000e+00  1.52767e-03  1.52767e-03  1.95432e-10
2.290000000e+00  1.51230e-03  1.51230e-03  1.93958e-10
2.300000000e+00  1.49710e-03  1.49710e-03  1.92023e-10
2.310000000e+00  1.48206e-03  1.48206e-03  1.90130e-10
2.320000000e+00  1.46718e-03  1.46718e-03  1.88276e-10
2.330000000e+00  1.45245e-03  1.45245e-03  1.86403e-10
2.340000000e+00  1.43788e-03  1.43788e-03  1.84547e-10
2.350000000e+00  1.42347e-03  1.42347e-03  1.82711e-10
2.360000000e+00  1.40921e-03  1.40921e-03  1.80892e-10
2.370000000e+00  1.39510e-03  1.39510e-03  1.79116e-10
2.380000000e+00  1.38115e-03  1.38115e-03  1.77289e-10
2.390000000e+00  1.36734e-03  1.36734e-03  1.75411e-10
2.400000000e+00  1.35368e-03  1.35368e-03  1.73560e-10
2.410000000e+00  1.34017e-03  1.34017e-03  1.71811e-10
2.420000000e+00  1.32681e-03  1.32681e-03  1.70351e-10
2.430000000e+00  1.31359e-03  1.31359e-03  1.68909e-10
2.440000000e+00  1.30051e-03  1.30051e-03  1.66463e-10
2.450000000e+00  1.28757e-03  1.28757e-03  1.65283e-10
2.460000000e+00  1.27478e-03  1.27478e-03  1.64012e-10
2.470000000e+00  1.26212e-03  1.26212e-03  1.62245e-10
2.480000000e+00  1.24960e-03  1.24960e-03  1.59545e-10
2.490000000e+00  1.23722e-03  1.23722e-03  1.53409e-10
2.500000000e+00  1.22498e-03  1.22498e-03  1.53105e-10
2.510000000e+00  1.21286e-03  1.21286e-03  1.51840e-10
2.520000000e+00  1.20088e-03  1.20088e-03  1.49560e-10
2.530000000e+00  1.18903e-03  1.18903e-03  1.51146e-10
2.540000000e+00  1.17731e-03  1.17731e-03  1.48563e-10
2.550000000e+00  1.16572e-03  1.16572e-03  1.44741e-10
2.560000000e+00  1.15425e-03  1.15425e-03  1.45154e-10
2.570000000e+00  1.14291e-03  1.14291e-03  1.34389e-10
2.580000000e+00  1.13170e-03  1.13170e-03  1.27635e-10
2.590000000e+00  1.12060e-03  1.12060e-03  1.22321e-10
2.600000000e+00  1.10963e-03  1.10963e-03  1.11700e-10
2.610000000e+00  1.09878e-03  1.09878e-03  1.16593e-10
2.620000000e+00  1.08805e-03  1.08805e-03  1.14752e-10
2.630000000e+00  1.07744e-03  1.07744e-03  1.20610e-10
2.640000000e+00  1.06694e-03  1.06694e-03  1.18363e-10
2.650000000e+00  1.05656e-03  1.05656e-03  1.25998e-10
2.660000000e+00  1.04629e-03  1.04629e-03  9.97328e-11
2.670000000e+00  1.03614e-03  1.03614e-03  1.23941e-11
2.680000000e+00  1.02610e-03  1.02610e-03  1.64330e-12
2.690000000e+00  1.01616e-03  1.01616e-03  5.08139e-13
2.700000000e+00  1.00634e-03  1.00634e-03  6.84363e-13
2.710000000e+00  9.96623e-04  9.96623e-04  6.89582e-13
2.720000000e+00  9.87014e-04  9.87014e-04  1.75668e-12
2.730000000e+00  9.77511e-04  9.77511e-04  3.92994e-12
2.740000000e+00  9.68112e-04  9.68112e-04  3.91836e-12
2.750000000e+00  9.58816e-04  9.58816e-04  1.79180e-12
2.760000000e+00  9.49622e-04  9.49622e-04  4.53100e-13
2.770000000e+00  9.40529e-04  9.40529e-04  3.59150e-13
2.780000000e+00  9.31536e-04  9.31536e-04  2.59170e-13
2.790000000e+00  9.22641e-04  9.22641e-04  3.07817e-13
2.800000000e+00  9.13844e-04  9.13844e-04  5.53621e-13
2.810000000e+00  9.05143e-04  9.05143e-04  8.63817e-13
2.820000000e+00  8.96538e-04  8.96538e-04  1.02330e-12
2.830000000e+00  8.88027e-04  8.88027e-04  1.08858e-12
2.840000000e+00  8.79608e-04  8.79608e-04  1.39742e-12
2.850000000e+00  8.71282e-04  8.71282e-04  9.18842e-13
2.860000000e+00  8.63047e-04  8.63047e-04  1.84995e-12
2.870000000e+00  8.54902e-04  8.54902e-04  5.96203e-12
2.880000000e+00  8.46846e-04  8.46846e-04  1.03787e-11
2.890000000e+00  8.38878e-04  8.38878e-04  1.76802e-11
2.900000000e+00  8.30996e-04  8.30996e-04  2.65275e-11
2.910000000e+00  8.23201e-04  8.23201e-04  3.13376e-11
2.920000000e+00  8.15490e-04  8.15490e-04  3.41416e-11
2.930000000e+00  8.07863e-04  8.07863e-04  3.50078e-11
2.940000000e+00  8.00320e-04  8.00320e-04  3.59084e-11
2.950000000e+00  7.92858e-04  7.92858e-04  3.71229e-11
2.960000000e+00  7.85477e-04  7.85477e-04  3.68235e-11
2.970000000e+00  7.78176e-04  7.78176e-04  3.36984e-11
2.980000000e+00  7.70954e-04  7.70954e-04  2.93622e-11
2.990000000e+00  7.63811e-04  7.63811e-04  2.84186e-11
3.000000000e+00  7.56745e-04  7.56745e-04  3.21820e-11
3.010000000e+00  7.49755e-04  7.49755e-04  3.59251e-11
3.020000000e+00  7.42841e-04  7.42841e-04  3.30377e-11
3.030000000e+00  7.36002e-04  7.36001e-04  3.51283e-11
3.040000000e+00  7.29236e-04  7.29236e-04  3.74561e-11
3.050000000e+00  7.22543e-04  7.22543e-04  3.85930e-11
3.060000000e+00  7.15922e-04  7.15922e-04  3.86916e-11
3.070000000e+00  7.09372e-04  7.09372e-04  3.95112e-11
3.080000000e+00  7.02893e-04  7.02893e-04  3.98565e-11
3.090000000e+00  6.96483e-04  6.96483e-04  3.96395e-11
3.100000000e+00  6.90142e-04  6.90142e-04  3.95687e-11
3.110000000e+00  6.83869e-04  6.83869e-04  3.91477e-11
3.120000000e+00  6.77663e-04  6.77663e-04  3.78167e-11
3.130000000e+00  6.71523e-04  6.71523e-04  3.67854e-11
3.140000000e+00  6.65449e-04  6.65449e-04  3.73965e-11
3.150000000e+00  6.59440e-04  6.59440e-04  3.84121e-11
3.160000000e+00  6.53495e-04  6.53494e-04  3.81415e-11
3.170000000e+00  6.47613e-04  6.47612e-04  3.76986e-11
3.180000000e+00  6.41793e-04  6.41793e-04  3.84890e-11
3.190000000e+00  6.36035e-04  6.36035e-04  3.93350e-11
3.200000000e+00  6.30339e-04  6.30339e-04  4.00006e-11
3.210000000e+00  6.24703e-04  6.24702e-04  4.05964e-11
3.220000000e+00  6.19126e-04  6.19126e-04  4.14245e-11
3.230000000e+00  6.13608e-04  6.13608e-04  4.19970e-11
3.240000000e+00  6.08149e-04  6.08149e-04  4.31821e-11
3.250000000e+00  6.02747e-04  6.02747e-04  4.37604e-11
3.260000000e+00  5.97402e-04  5.97402e-04  4.48189e-11
3.270000000e+00  5.92114e-04  5.92114e-04  4.53953e-11
3.280000000e+00  5.86881e-04  5.86881e-04  4.64866e-11
3.290000000e+00  5.81703e-04  5.81702e-04  4.76087e-11
3.300000000e+00  5.76579e-04  5.76579e-04  4.83379e-11
3.310000000e+00  5.71509e-04  5.71508e-04  4.91887e-11
3.320000000e+00  5.66491e-04  5.66491e-04  5.04139e-11
3.330000000e+00  5.61527e-04  5.61527e-04  5.09614e-11
3.340000000e+00  5.56614e-04  5.56614e-04  5.19087e-11
3.350000000e+00  5.51752e-04  5.51752e-04  5.24768e-11
3.360000000e+00  5.46941e-04  5.46941e-04  5.22686e-11
3.370000000e+00  5.42180e-04  5.42180e-04  5.39933e-11
3.380000000e+00  5.37468e-04  5.37468e-04  5.48277e-11
3.390000000e+00  5.32805e-04  5.32805e-04  5.54966e-11
3.400000000e+00  5.28190e-04  5.28190e-04  5.58812e-11
3.410000000e+00  5.23623e-04  5.23623e-04  5.61743e-11
3.420000000e+00  5.19104e-04  5.19104e-04  5.64897e-11
3.430000000e+00  5.14631e-04  5.14631e-04  5.67758e-11
3.440000000e+00  5.10204e-04  5.10203e-04  5.70501e-11
3.450000000e+00  5.05822e-04  5.05822e-04  5.72667e-11
3.460000000e+00  5.01485e-04  5.01485e-04  5.72584e-11
3.470000000e+00  4.97193e-04  4.97193e-04  5.71878e-11
3.480000000e+00  4.92945e-04  4.92945e-04  5.70996e-11
3.490000000e+00  4.88741e-04  4.88741e-04  5.70127e-11
3.500000000e+00  4.84579e-04  4.84579e-04  5.69223e-11
3.510000000e+00  4.80460e-04  4.80460e-04  5.68288e-11
3.520000000e+00  4.76383e-04  4.76383e-04  5.66880e-11
3.530000000e+00  4.72347e-04  4.72347e-04  5.64134e-11
3.540000000e+00  4.68352e-04  4.68352e-04  5.61288e-11
3.550000000e+00  4.64398e-04  4.64398e-04  5.58302e-11
3.560000000e+00  4.60484e-04  4.60484e-04  5.54823e-11
3.570000000e+00  4.56609e-04  4.56609e-04  5.50460e-11
3.580000000e+00  4.52774e-04  4.52774e-04  5.45448e-11
3.590000000e+00  4.48977e-04  4.48977e-04  5.37973e-11
3.600000000e+00  4.45219e-04  4.45219e-04  5.23833e-11
3.610000000e+00  4.41498e-04  4.41498e-04  5.09763e-11
3.620000000e+00  4.37815e-04  4.37815e-04  4.99124e-11
3.630000000e+00  4.34169e-04  4.34169e-04  5.07199e-11
3.640000000e+00  4.30559e-04  4.30559e-04  5.01530e-11
3.650000000e+00  4.26986e-04  4.26986e-04  4.91515e-11
3.660000000e+00  4.23448e-04  4.23448e-04  4.99660e-11
3.670000000e+00  4.19945e-04  4.19945e-04  5.09150e-11
3.680000000e+00  4.16478e-04  4.16478e-04  5.10822e-11
3.690000000e+00  4.13045e-04  4.13044e-04  5.07634e-11
3.700000000e+00  4.09645e-04  4.09645e-04  5.04281e-11
3.710000000e+00  4.06280e-04  4.06280e-04  5.01255e-11
3.720000000e+00  4.02948e-04  4.02948e-04  4.96565e-11
3.730000000e+00  3.99649e-04  3.99649e-04  4.93085e-11
3.740000000e+00  3.96383e-04  3.96383e-04  4.89873e-11
3.750000000e+00  3.93148e-04  3.93148e-04  4.84806e-11
3.760000000e+00  3.89946e-04  3.89946e-04  4.75398e-11
3.770000000e+00  3.86775e-04  3.86775e-04  4.64091e-11
3.780000000e+00  3.83635e-04  3.83635e-04  4.52768e-11
3.790000000e+00  3.80526e-04  3.80526e-04  4.38611e-11
3.800000000e+00  3.77448e-04  3.77448e-04  4.07223e-11
3.810000000e+00  3.74400e-04  3.74400e-04  3.65792e-11
3.820000000e+00  3.71381e-04  3.71381e-04  3.68726e-11
3.830000000e+00  3.68392e-04  3.68392e-04  3.98690e-11
3.840000000e+00  3.65432e-04  3.65432e-04  3.77777e-11
3.850000000e+00  3.62500e-04  3.62500e-04  3.65090e-11
3.860000000e+00  3.59597e-04  3.59597e-04  3.81714e-11
3.870000000e+00  3.56723e-04  3.56723e-04  4.06336e-11
3.880000000e+00  3.53876e-04  3.53876e-04  4.20642e-11
3.890000000e+00  3.51056e-04  3.51056e-04  4.25383e-11
3.900000000e+00  3.48264e-04  3.48264e-04  4.26740e-11
3.910000000e+00  3.45499e-04  3.45499e-04  4.25057e-11
3.920000000e+00  3.42760e-04  3.42760e-04  4.21481e-11
3.930000000e+00  3.40048e-04  3.40048e-04  4.15942e-11
3.940000000e+00  3.37361e-04  3.37361e-04  4.08245e-11
3.950000000e+00  3.34701e-04  3.34701e-04  3.99094e-11
3.960000000e+00  3.32066e-04  3.32066e-04  3.84604e-11
3.970000000e+00  3.29456e-04  3.29456e-04  3.70340e-11
3.980000000e+00  3.26870e-04  3.26870e-04  3.46461e-11
3.990000000e+00  3.24310e-04  3.24310e-04  3.31835e-11
4.000000000e+00  3.21774e-04  3.21774e-04  3.45966e-11
4.010000000e+00  3.19262e-04  3.19262e-04  3.51655e-11
4.020000000e+00  3.16773e-04  3.16773e-04  3.29979e-11
4.030000000e+00  3.14309e-04  3.14309e-04  3.29343e-11
4.040000000e+00  3.11867e-04  3.11867e-04  3.39386e-11
4.050000000e+00  3.09449e-04  3.09449e-04  3.51803e-11
4.060000000e+00  3.07053e-04  3.07053e-04  3.62482e-11
4.070000000e+00  3.04680e-04  3.04680e-04  3.63501e-11
4.080000000e+00  3.02329e-04  3.02329e-04  3.54487e-11
4.090000000e+00  3.00000e-04  3.00000e-04  3.43196e-11
4.100000000e+00  2.97694e-04  2.97693e-04  3.34599e-11
4.110000000e+00  2.95408e-04  2.95408e-04  3.34585e-11
4.120000000e+00  2.93144e-04  2.93144e-04  3.37117e-11
4.130000000e+00  2.90901e-04  2.90901e-04  3.35084e-11
4.140000000e+00  2.88679e-04  2.88679e-04  3.26570e-11
4.150000000e+00  2.86478e-04  2.86478e-04  3.27824e-11
4.160000000e+00  2.84297e-04  2.84297e-04  2.94090e-11
4.170000000e+00  2.82136e-04  2.82136e-04  1.18890e-11
4.180000000e+00  2.79995e-04  2.79995e-04  4.43829e-12
4.190000000e+00  2.77874e-04  2.77874e-04  2.34236e-12
4.200000000e+00  2.75773e-04  2.75773e-04  9.49434e-13
4.210000000e+00  2.73691e-04  2.73691e-04  3.20179e-13
4.220000000e+00  2.71628e-04  2.71628e-04  1.12889e-13
4.230000000e+00  2.69584e-04  2.69584e-04  6.46328e-14
4.240000000e+00  2.67559e-04  2.67559e-04  5.08459e-14
4.250000000e+00  2.65552e-04  2.65552e-04  4.85353e-14
4.260000000e+00  2.63564e-04  2.63564e-04  5.81938e-14
4.270000000e+00  2.61594e-04  2.61594e-04  6.26288e-14
4.280000000e+00  2.59642e-04  2.59642e-04  5.24776e-14
4.290000000e+00  2.57707e-04  2.57707e-04  5.39020e-14
4.300000000e+00  2.55790e-04  2.55790e-04  6.13542e-14
4.310000000e+00  2.53891e-04  2.53891e-04  7.08832e-14
4.320000000e+00  2.52009e-04  2.52009e-04  8.54957e-14
4.330000000e+00  2.50144e-04  2.50144e-04  1.21558e-13
4.340000000e+00  2.48295e-04  2.48295e-04  1.65795e-13
4.350000000e+00  2.46463e-04  2.46463e-04  2.05487e-13
4.360000000e+00  2.44648e-04  2.44648e-04  2.08062e-13
4.370000000e+00  2.42849e-04  2.42849e-04  2.23754e-13
4.380000000e+00  2.41067e-04  2.41067e-04  2.87585e-13
4.390000000e+00  2.39300e-04  2.39300e-04  3.90013e-13
4.400000000e+00  2.37549e-04  2.37549e-04  2.96048e-13
4.410000000e+00  2.35814e-04  2.35814e-04  2.98810e-13
4.420000000e+00  2.34094e-04  2.34094e-04  3.47910e-13
4.430000000e+00  2.32390e-04  2.32390e-04  4.42386e-13
4.440000000e+00  2.30700e-04  2.30700e-04  6.01340e-13
4.450000000e+00  2.29026e-04  2.29026e-04  9.04732e-13
4.460000000e+00  2.27367e-04  2.27367e-04  1.41496e-12
4.470000000e+00  2.25722e-04  2.25722e-04  1.83281e-12
4.480000000e+00  2.24092e-04  2.24092e-04  2.60834e-12
4.490000000e+00  2.22476e-04  2.22476e-04  3.37340e-12
4.500000000e+00  2.20874e-04  2.20874e-04  5.41814e-12
4.510000000e+00  2.19287e-04  2.19287e-04  9.35270e-12
4.520000000e+00  2.17714e-04  2.17714e-04  1.34606e-11
4.530000000e+00  2.16154e-04  2.16154e-04  1.77378e-11
4.540000000e+00  2.14608e-04  2.14608e-04  2.02364e-11
4.550000000e+00  2.13075e-04  2.13075e-04  2.18269e-11
4.560000000e+00  2.11556e-04  2.11556e-04  2.22819e-11
4.570000000e+00  2.10051e-04  2.10051e-04  2.27026e-11
4.580000000e+00  2.08558e-04  2.08558e-04  2.28310e-11
4.590000000e+00  2.07078e-04  2.07078e-04  2.28907e-11
4.600000000e+00  2.05611e-04  2.05611e-04  2.28802e-11
4.610000000e+00  2.04157e-04  2.04157e-04  2.27816e-11
4.620000000e+00  2.02716e-04  2.02716e-04  2.19621e-11
4.630000000e+00  2.01287e-04  2.01287e-04  2.15813e-11
4.640000000e+00  1.99870e-04  1.99870e-04  2.16841e-11
4.650000000e+00  1.98466e-04  1.98466e-04  2.16208e-11
4.660000000e+00  1.97073e-04  1.97073e-04  2.17602e-11
4.670000000e+00  1.95693e-04  1.95693e-04  2.17117e-11
4.680000000e+00  1.94324e-04  1.94324e-04  2.06600e-11
4.690000000e+00  1.92967e-04  1.92967e-04  2.00393e-11
4.700000000e+00  1.91622e-04  1.91622e-04  1.92641e-11
4.710000000e+00  1.90288e-04  1.90288e-04  1.34757e-11
4.720000000e+00  1.88966e-04  1.88966e-04  1.68542e-11
4.730000000e+00  1.87655e-04  1.87655e-04  1.47858e-11
4.740000000e+00  1.86355e-04  1.86355e-04  1.34631e-11
4.750000000e+00  1.85066e-04  1.85066e-04  1.25506e-11
4.760000000e+00  1.83788e-04  1.83788e-04  1.20848e-11
4.770000000e+00  1.82521e-04  1.82521e-04  1.24551e-11
4.780000000e+00  1.81265e-04  1.81265e-04  1.03365e-11
4.790000000e+00  1.80019e-04  1.80019e-04  8.43329e-12
4.800000000e+00  1.78783e-04  1.78783e-04  6.80405e-12
4.810000000e+00  1.77559e-04  1.77559e-04  4.52853e-12
4.820000000e+00  1.76344e-04  1.76344e-04  2.44074e-12
4.830000000e+00  1.75140e-04  1.75140e-04  2.87627e-12
4.840000000e+00  1.73945e-04  1.73945e-04  3.02501e-12
4.850000000e+00  1.72761e-04  1.72761e-04  2.94868e-12
4.860000000e+00  1.71587e-04  1.71587e-04  2.74583e-12
4.870000000e+00  1.70422e-04  1.70422e-04  2.96048e-12
4.880000000e+00  1.69267e-04  1.69267e-04  3.50606e-12
4.890000000e+00  1.68122e-04  1.68122e-04  4.19310e-12
4.900000000e+00  1.66986e-04  1.66986e-04  6.45109e-12
4.910000000e+00  1.65860e-04  1.65860e-04  8.59415e-12
4.920000000e+00  1.64743e-04  1.64743e-04  8.09412e-12
4.930000000e+00  1.63635e-04  1.63635e-04  1.22276e-11
4.940000000e+00  1.62536e-04  1.62536e-04  1.32558e-11
4.950000000e+00  1.61447e-04  1.61447e-04  1.29245e-11
4.960000000e+00  1.60366e-04  1.60366e-04  1.42056e-11
4.970000000e+00  1.59294e-04  1.59294e-04  1.55028e-11
4.980000000e+00  1.58232e-04  1.58232e-04  1.60611e-11
4.990000000e+00  1.57177e-04  1.57177e-04  1.72892e-11
5.000000000e+00  1.56132e-04  1.56132e-04  1.59289e-11
