# ----------------------------------------------------------------------------------------------
# NASA-GSFC Planetary Spectrum Generator (PSG, Villanueva et al. 2015)
# Atmospheric layering information considered by PUMAS
# Synthesized on Tue Nov 21 15:11:21 2017
# Radiative transfer method: correlated-k
# Synthesis spectral resolution [cm-1] and resolving power: 8.913678 5.010e+02
# Scattering parameters (nmax, lmax): 0 0
# ----------------------------------------------------------------------------------------------
# Molecular abundance profile: 
# Molecules considered: N2,CO2,H2O
# Molecular sources: HIT[22],HIT[2],HIT[1]
# Molecular abundances: 1,1,1
# Molecular abundance units: scl,scl,scl
# Collission-Induced-Absorption:  N2-N2(3.71-5.00um)
# Rayleigh scattering included
# ----------------------------------------------------------------------------------------------
# Aerosols considered: WaterIce,Cloud
# Aerosols sources: CRISM_Wolff[reff=2.0um 0.31-99.57um],White_GSFC[reff=1.0um 0.10-1000000.00um]
# Aerosols abundances: 1,1
# Aerosols abundance units: scl,scl
# Aerosols sizes [um]: 154.958115202,14.0
# ----------------------------------------------------------------------------------------------
# Input layer-by-layer atmospheric profile
# Molecular abundances in molec/molec and aerosols in kg/kg
# ----------------------------------------------------------------------------------------------
# Alt[km] Pressure[bar] Temp[K]         N2        CO2        H2O   WaterIce      Cloud
# ----------------------------------------------------------------------------------------------
    0.000   1.404e+00   284.729   7.434e-01  2.974e-01  1.039e-02  5.423e-10  1.717e-04
    0.254   1.362e+00   287.000   7.434e-01  2.974e-01  1.031e-02  4.942e-15  7.445e-05
    0.626   1.303e+00   289.200   7.435e-01  2.974e-01  1.010e-02  2.113e-26  3.667e-05
    1.232   1.214e+00   289.500   7.438e-01  2.975e-01  9.721e-03  2.652e-12  2.822e-05
    2.067   1.099e+00   287.500   7.446e-01  2.979e-01  8.198e-03  1.415e-08  2.782e-05
    3.125   9.684e-01   283.300   7.458e-01  2.983e-01  6.258e-03  1.666e-07  2.985e-05
    4.390   8.298e-01   277.000   7.467e-01  2.987e-01  4.739e-03  8.063e-07  3.668e-05
    5.749   7.002e-01   269.600   7.475e-01  2.990e-01  3.298e-03  1.810e-06  4.099e-05
    7.082   5.900e-01   262.300   7.482e-01  2.993e-01  2.105e-03  4.258e-06  3.841e-05
    8.393   4.963e-01   255.600   7.487e-01  2.995e-01  1.232e-03  7.110e-06  2.786e-05
    9.685   4.167e-01   249.400   7.490e-01  2.996e-01  7.442e-04  8.630e-06  1.756e-05
   10.960   3.490e-01   243.200   7.492e-01  2.997e-01  4.485e-04  7.742e-06  7.639e-06
   12.230   2.915e-01   236.900   7.493e-01  2.997e-01  2.630e-04  6.562e-06  2.205e-06
   13.480   2.426e-01   230.100   7.493e-01  2.997e-01  1.490e-04  3.046e-06  4.309e-08
   14.730   2.011e-01   223.100   7.494e-01  2.998e-01  7.794e-05  2.754e-06  0.000e+00
   15.970   1.657e-01   216.100   7.494e-01  2.998e-01  3.710e-05  2.440e-06  0.000e+00
   17.220   1.357e-01   210.100   7.494e-01  2.998e-01  1.827e-05  1.829e-06  0.000e+00
   18.490   1.102e-01   206.400   7.494e-01  2.998e-01  1.214e-05  1.251e-06  0.000e+00
   19.800   8.870e-02   205.800   7.494e-01  2.998e-01  1.104e-05  2.984e-07  0.000e+00
   20.980   7.287e-02   206.400   7.494e-01  2.998e-01  1.084e-05  2.441e-08  0.000e+00
   22.000   6.152e-02   206.700   7.494e-01  2.998e-01  1.069e-05  1.339e-08  0.000e+00
   23.060   5.168e-02   206.600   7.494e-01  2.998e-01  1.054e-05  1.100e-08  0.000e+00
   24.140   4.319e-02   206.000   7.494e-01  2.998e-01  1.040e-05  1.067e-08  0.000e+00
   25.250   3.592e-02   204.800   7.494e-01  2.998e-01  1.030e-05  1.113e-08  0.000e+00
   26.380   2.973e-02   203.200   7.494e-01  2.998e-01  1.032e-05  1.195e-08  0.000e+00
   27.530   2.448e-02   201.300   7.494e-01  2.998e-01  1.054e-05  2.960e-08  0.000e+00
   28.700   2.006e-02   199.200   7.494e-01  2.998e-01  1.071e-05  9.326e-08  0.000e+00
   29.880   1.635e-02   196.900   7.494e-01  2.998e-01  1.060e-05  1.563e-07  0.000e+00
   31.080   1.326e-02   194.700   7.494e-01  2.998e-01  1.025e-05  1.867e-07  0.000e+00
   32.290   1.071e-02   192.900   7.494e-01  2.998e-01  9.819e-06  1.905e-07  0.000e+00
   33.530   8.600e-03   191.600   7.494e-01  2.998e-01  9.495e-06  1.602e-07  0.000e+00
   34.780   6.873e-03   190.600   7.494e-01  2.998e-01  9.220e-06  1.337e-07  0.000e+00
   36.050   5.465e-03   189.500   7.494e-01  2.998e-01  8.910e-06  1.352e-07  0.000e+00
   37.350   4.325e-03   188.000   7.494e-01  2.998e-01  8.565e-06  1.639e-07  0.000e+00
   38.660   3.405e-03   186.200   7.494e-01  2.998e-01  8.136e-06  2.215e-07  0.000e+00
   39.980   2.667e-03   184.100   7.494e-01  2.998e-01  7.696e-06  3.093e-07  0.000e+00
   41.310   2.079e-03   181.900   7.494e-01  2.998e-01  7.450e-06  3.803e-07  0.000e+00
   42.660   1.613e-03   180.000   7.494e-01  2.998e-01  7.420e-06  3.642e-07  0.000e+00
   44.020   1.245e-03   178.800   7.494e-01  2.998e-01  7.580e-06  2.705e-07  0.000e+00
   45.400   9.559e-04   178.200   7.494e-01  2.998e-01  7.792e-06  2.038e-07  0.000e+00
   60.030   3.776e-04   178.200   7.494e-01  2.998e-01  7.792e-06  2.038e-07  0.000e+00
   65.820   2.615e-04   178.200   7.494e-01  2.998e-01  7.792e-06  2.038e-07  0.000e+00
   73.890   1.566e-04   178.200   7.494e-01  2.998e-01  7.792e-06  2.038e-07  0.000e+00
   85.170   7.656e-05   178.200   7.494e-01  2.998e-01  7.792e-06  2.038e-07  0.000e+00
  100.900   2.820e-05   178.200   7.494e-01  2.998e-01  7.792e-06  2.038e-07  0.000e+00
  122.900   6.996e-06   178.200   7.494e-01  2.998e-01  7.792e-06  2.038e-07  0.000e+00
  153.500   1.000e-06   178.200   7.494e-01  2.998e-01  7.792e-06  2.038e-07  0.000e+00
#
# ----------------------------------------------------------------------------------------------
# Curtis-Godson integrated layer information used by the radiative transfer analysis
# Oblique molecular layer columns in molec/m2 and aerosols in kg/m2
# ----------------------------------------------------------------------------------------------
# Low[km]  High[km]  Path[km] Pressure[bar] Temp[K]   Airmass   dcol[m-2]         N2        CO2        H2O   WaterIce      Cloud
# ----------------------------------------------------------------------------------------------
    0.000     0.254     0.380   1.383e+00   285.854    1.4980   1.335e+28  9.923e+27  3.970e+27  1.382e+26  5.138e-08  8.845e-02
    0.254     0.626     0.558   1.333e+00   288.088    1.4979   1.874e+28  1.393e+28  5.573e+27  1.912e+26  6.086e-13  5.691e-02
    0.626     1.232     0.907   1.259e+00   289.348    1.4977   2.859e+28  2.126e+28  8.505e+27  2.834e+26  2.337e-10  5.241e-02
    1.232     2.067     1.250   1.156e+00   288.516    1.4975   3.630e+28  2.702e+28  1.081e+28  3.249e+26  3.360e-06  5.770e-02
    2.067     3.125     1.584   1.034e+00   285.441    1.4972   4.152e+28  3.094e+28  1.238e+28  2.991e+26  1.426e-04  6.783e-02
    3.125     4.390     1.893   8.989e-01   280.221    1.4968   4.394e+28  3.279e+28  1.312e+28  2.408e+26  9.941e-04  8.242e-02
    4.390     5.749     2.034   7.647e-01   273.390    1.4964   4.114e+28  3.074e+28  1.229e+28  1.643e+26  2.868e-03  9.040e-02
    5.749     7.082     1.994   6.449e-01   266.040    1.4960   3.496e+28  2.614e+28  1.046e+28  9.340e+25  5.615e-03  7.875e-02
    7.082     8.393     1.961   5.430e-01   259.034    1.4955   2.972e+28  2.224e+28  8.898e+27  4.876e+25  9.317e-03  5.560e-02
    8.393     9.685     1.932   4.564e-01   252.579    1.4951   2.524e+28  1.890e+28  7.560e+27  2.458e+25  1.120e-02  3.213e-02
    9.685    10.960     1.906   3.827e-01   246.380    1.4947   2.141e+28  1.604e+28  6.414e+27  1.258e+25  9.943e-03  1.463e-02
   10.960    12.230     1.898   3.201e-01   240.133    1.4943   1.829e+28  1.371e+28  5.483e+27  6.402e+24  7.420e-03  4.611e-03
   12.230    13.480     1.867   2.669e-01   233.590    1.4939   1.543e+28  1.156e+28  4.624e+27  3.119e+24  4.050e-03  5.091e-04
   13.480    14.730     1.867   2.218e-01   226.693    1.4935   1.320e+28  9.894e+27  3.958e+27  1.460e+24  2.173e-03  1.866e-08
   14.730    15.970     1.852   1.833e-01   219.696    1.4931   1.117e+28  8.369e+27  3.348e+27  6.207e+23  1.646e-03  0.000e+00
   15.970    17.220     1.866   1.506e-01   213.188    1.4928   9.528e+27  7.140e+27  2.857e+27  2.559e+23  1.150e-03  0.000e+00
   17.220    18.490     1.895   1.229e-01   208.310    1.4924   8.078e+27  6.054e+27  2.422e+27  1.219e+23  7.015e-04  0.000e+00
   18.490    19.800     1.954   9.945e-02   206.111    1.4920   6.808e+27  5.102e+27  2.041e+27  7.898e+22  2.632e-04  0.000e+00
   19.800    20.980     1.760   8.079e-02   206.090    1.4916   4.984e+27  3.735e+27  1.494e+27  5.454e+22  3.225e-05  0.000e+00
   20.980    22.000     1.521   6.720e-02   206.546    1.4912   3.578e+27  2.681e+27  1.073e+27  3.853e+22  3.757e-06  0.000e+00
   22.000    23.060     1.580   5.660e-02   206.651    1.4909   3.129e+27  2.345e+27  9.382e+26  3.322e+22  2.164e-06  0.000e+00
   23.060    24.140     1.610   4.744e-02   206.309    1.4906   2.676e+27  2.005e+27  8.021e+26  2.802e+22  1.645e-06  0.000e+00
   24.140    25.250     1.654   3.955e-02   205.418    1.4902   2.302e+27  1.725e+27  6.902e+26  2.383e+22  1.422e-06  0.000e+00
   25.250    26.380     1.684   3.282e-02   204.025    1.4899   1.957e+27  1.467e+27  5.868e+26  2.018e+22  1.279e-06  0.000e+00
   26.380    27.530     1.713   2.710e-02   202.280    1.4895   1.658e+27  1.243e+27  4.972e+26  1.729e+22  1.805e-06  0.000e+00
   27.530    28.700     1.742   2.227e-02   200.284    1.4892   1.399e+27  1.049e+27  4.196e+26  1.487e+22  4.324e-06  0.000e+00
   28.700    29.880     1.757   1.820e-02   198.088    1.4888   1.166e+27  8.739e+26  3.496e+26  1.243e+22  8.006e-06  0.000e+00
   29.880    31.080     1.786   1.480e-02   195.837    1.4884   9.751e+26  7.307e+26  2.923e+26  1.017e+22  9.431e-06  0.000e+00
   31.080    32.290     1.801   1.198e-02   193.831    1.4881   8.038e+26  6.024e+26  2.410e+26  8.071e+21  8.595e-06  0.000e+00
   32.290    33.530     1.845   9.655e-03   192.273    1.4877   6.687e+26  5.011e+26  2.005e+26  6.461e+21  6.654e-06  0.000e+00
   33.530    34.780     1.859   7.736e-03   191.119    1.4873   5.432e+26  4.070e+26  1.628e+26  5.085e+21  4.530e-06  0.000e+00
   34.780    36.050     1.888   6.169e-03   190.071    1.4869   4.423e+26  3.314e+26  1.326e+26  4.011e+21  3.372e-06  0.000e+00
   36.050    37.350     1.933   4.895e-03   188.779    1.4865   3.615e+26  2.709e+26  1.084e+26  3.161e+21  3.046e-06  0.000e+00
   37.350    38.660     1.947   3.865e-03   187.135    1.4861   2.900e+26  2.173e+26  8.695e+25  2.424e+21  3.128e-06  0.000e+00
   38.660    39.980     1.961   3.036e-03   185.191    1.4857   2.319e+26  1.738e+26  6.951e+25  1.837e+21  3.435e-06  0.000e+00
   39.980    41.310     1.976   2.373e-03   183.044    1.4853   1.847e+26  1.384e+26  5.536e+25  1.399e+21  3.583e-06  0.000e+00
   41.310    42.660     2.005   1.846e-03   180.989    1.4849   1.474e+26  1.105e+26  4.419e+25  1.096e+21  3.114e-06  0.000e+00
   42.660    44.020     2.019   1.429e-03   179.426    1.4845   1.159e+26  8.684e+25  3.474e+25  8.687e+20  2.084e-06  0.000e+00
   44.020    45.400     2.048   1.100e-03   178.513    1.4841   9.097e+25  6.817e+25  2.727e+25  6.987e+20  1.223e-06  0.000e+00
   45.400    60.030    21.677   6.673e-04   178.200    1.4817   5.487e+26  4.112e+26  1.645e+26  4.276e+21  6.343e-06  0.000e+00
   60.030    65.820     8.561   3.196e-04   178.200    1.4786   1.100e+26  8.242e+25  3.297e+25  8.570e+20  1.271e-06  0.000e+00
   65.820    73.890    11.916   2.091e-04   178.200    1.4766   9.911e+25  7.427e+25  2.971e+25  7.722e+20  1.146e-06  0.000e+00
   73.890    85.170    16.624   1.166e-04   178.200    1.4738   7.559e+25  5.665e+25  2.266e+25  5.890e+20  8.737e-07  0.000e+00
   85.170   100.900    23.121   5.244e-05   178.200    1.4699   4.552e+25  3.411e+25  1.365e+25  3.547e+20  5.261e-07  0.000e+00
  100.900   122.900    32.219   1.767e-05   178.200    1.4645   1.993e+25  1.494e+25  5.976e+24  1.553e+20  2.304e-07  0.000e+00
  122.900   153.500    44.591   4.052e-06   178.200    1.4572   5.596e+24  4.194e+24  1.678e+24  4.360e+19  6.468e-08  0.000e+00
# ----------------------------------------------------------------------------------------------
# Integrated atmospheric columns                       1.4956   4.460e+29  3.332e+29  1.333e+29  1.834e+27  5.761e-02  6.823e-01
# ----------------------------------------------------------------------------------------------
