# ------------------------------------------------------------------------
# NASA-GSFC Planetary Spectrum Generator (PSG, Villanueva et al. 2015)
# Atmospheric transmittance spectrum synthesized with PUMAS (Villanueva et al. 2016, Smith et al. 2009, Edwards 1992)
# Synthesized on Tue Nov 21 15:11:18 2017
# Molecular abundance profile: 
# Molecules considered: N2,CO2,H2O
# Molecular sources: HIT[22],HIT[2],HIT[1]
# Molecular abundances: 1,1,1
# Molecular abundance units: scl,scl,scl
# Collission-Induced-Absorption:  N2-N2(3.71-5.00um)
# Rayleigh scattering included
# ------------------------------------------------------------------------
# Aerosols considered: WaterIce,Cloud
# Aerosols sources: CRISM_Wolff[reff=2.0um 0.31-99.57um],White_GSFC[reff=1.0um 0.10-1000000.00um]
# Aerosols opacities: 1,1
# Aerosols opacity units: scl,scl
# ------------------------------------------------------------------------
# Spectral unit: Wavelength [um]
# Wave/freq Total N2 CO2 H2O WaterIce Cloud Rayleigh CIA
1.000000000e+00  0.00000  1.00000  0.99996  0.97647  0.00000  0.00000  0.97244  1.00000
1.010000000e+00  0.00000  1.00000  0.99999  0.96803  0.00000  0.00000  0.97350  1.00000
1.020000000e+00  0.00000  1.00000  1.00000  0.98505  0.00000  0.00000  0.97451  1.00000
1.030000000e+00  0.00000  1.00000  0.99999  0.98738  0.00000  0.00000  0.97547  1.00000
1.040000000e+00  0.00000  1.00000  0.79593  0.99852  0.00000  0.00000  0.97639  1.00000
1.050000000e+00  0.00000  1.00000  0.98659  0.99944  0.00000  0.00000  0.97727  1.00000
1.060000000e+00  0.00000  1.00000  0.96722  0.99835  0.00000  0.00000  0.97810  1.00000
1.070000000e+00  0.00000  1.00000  0.94042  0.98841  0.00000  0.00000  0.97890  1.00000
1.080000000e+00  0.00000  1.00000  0.99395  0.94333  0.00000  0.00000  0.97966  1.00000
1.090000000e+00  0.00000  1.00000  0.99963  0.89202  0.00000  0.00000  0.98039  1.00000
1.100000000e+00  0.00000  1.00000  0.99829  0.77450  0.00000  0.00000  0.98109  1.00000
1.110000000e+00  0.00000  1.00000  1.00000  0.51593  0.00000  0.00000  0.98176  1.00000
1.120000000e+00  0.00000  1.00000  0.97621  0.08777  0.00000  0.00000  0.98239  1.00000
1.130000000e+00  0.00000  1.00000  0.99657  0.02374  0.00000  0.00000  0.98300  1.00000
1.140000000e+00  0.00000  1.00000  0.99262  0.19617  0.00000  0.00000  0.98359  1.00000
1.150000000e+00  0.00000  1.00000  0.99779  0.09925  0.00000  0.00000  0.98415  1.00000
1.160000000e+00  0.00000  1.00000  0.99755  0.32553  0.00000  0.00000  0.98468  1.00000
1.170000000e+00  0.00000  1.00000  0.99992  0.59193  0.00000  0.00000  0.98519  1.00000
1.180000000e+00  0.00000  1.00000  0.99951  0.72801  0.00000  0.00000  0.98569  1.00000
1.190000000e+00  0.00000  1.00000  0.99995  0.66906  0.00000  0.00000  0.98616  1.00000
1.200000000e+00  0.00000  1.00000  0.99982  0.69370  0.00000  0.00000  0.98661  1.00000
1.210000000e+00  0.00000  1.00000  0.08506  0.80288  0.00000  0.00000  0.98704  1.00000
1.220000000e+00  0.00000  1.00000  0.56887  0.86435  0.00000  0.00000  0.98746  1.00000
1.230000000e+00  0.00000  1.00000  0.39419  0.89957  0.00000  0.00000  0.98786  1.00000
1.240000000e+00  0.00000  1.00000  0.83940  0.98369  0.00000  0.00000  0.98825  1.00000
1.250000000e+00  0.00000  1.00000  0.98873  0.99704  0.00000  0.00000  0.98862  1.00000
1.260000000e+00  0.00000  1.00000  0.95787  0.99712  0.00000  0.00000  0.98897  1.00000
1.270000000e+00  0.00000  1.00000  0.95957  0.99115  0.00000  0.00000  0.98931  1.00000
1.280000000e+00  0.00000  1.00000  0.99904  0.98002  0.00000  0.00000  0.98964  1.00000
1.290000000e+00  0.00000  1.00000  0.88220  0.94668  0.00000  0.00000  0.98996  1.00000
1.300000000e+00  0.00000  1.00000  0.82872  0.85459  0.00000  0.00000  0.99026  1.00000
1.310000000e+00  0.00000  1.00000  0.99211  0.74487  0.00000  0.00000  0.99055  1.00000
1.320000000e+00  0.00000  1.00000  0.41489  0.57936  0.00000  0.00000  0.99083  1.00000
1.330000000e+00  0.00000  1.00000  0.96841  0.43396  0.00000  0.00000  0.99111  1.00000
1.340000000e+00  0.00000  1.00000  0.56806  0.28154  0.00000  0.00000  0.99137  1.00000
1.350000000e+00  0.00000  1.00000  0.85272  0.02391  0.00000  0.00000  0.99162  1.00000
1.360000000e+00  0.00000  1.00000  0.98785  0.00000  0.00000  0.00000  0.99186  1.00000
1.370000000e+00  0.00000  1.00000  0.96996  0.00000  0.00000  0.00000  0.99210  1.00000
1.380000000e+00  0.00000  1.00000  0.96143  0.00001  0.00000  0.00000  0.99232  1.00000
1.390000000e+00  0.00000  1.00000  0.99289  0.00000  0.00000  0.00000  0.99254  1.00000
1.400000000e+00  0.00000  1.00000  0.99613  0.00004  0.00000  0.00000  0.99275  1.00000
1.410000000e+00  0.00000  1.00000  0.99980  0.00001  0.00000  0.00000  0.99295  1.00000
1.420000000e+00  0.00000  1.00000  0.99942  0.00326  0.00000  0.00000  0.99315  1.00000
1.430000000e+00  0.00000  1.00000  0.68472  0.00848  0.00000  0.00000  0.99334  1.00000
1.440000000e+00  0.00000  1.00000  0.00000  0.00903  0.00000  0.00000  0.99352  1.00000
1.450000000e+00  0.00000  1.00000  0.01299  0.04570  0.00000  0.00000  0.99370  1.00000
1.460000000e+00  0.00000  1.00000  0.64400  0.14705  0.00000  0.00000  0.99387  1.00000
1.470000000e+00  0.00000  1.00000  0.97507  0.05046  0.00000  0.00000  0.99403  1.00000
1.480000000e+00  0.00000  1.00000  0.41215  0.11629  0.00000  0.00000  0.99419  1.00000
1.490000000e+00  0.00000  1.00000  0.74983  0.11793  0.00000  0.00000  0.99434  1.00000
1.500000000e+00  0.00000  1.00000  0.55751  0.45711  0.00000  0.00000  0.99449  1.00000
1.510000000e+00  0.00000  1.00000  0.98159  0.59962  0.00000  0.00000  0.99464  1.00000
1.520000000e+00  0.00000  1.00000  0.98664  0.76864  0.00000  0.00000  0.99478  1.00000
1.530000000e+00  0.00000  1.00000  0.32590  0.84628  0.00000  0.00000  0.99491  1.00000
1.540000000e+00  0.00000  1.00000  0.13430  0.94552  0.00000  0.00000  0.99504  1.00000
1.550000000e+00  0.00000  1.00000  0.65044  0.97119  0.00000  0.00000  0.99517  1.00000
1.560000000e+00  0.00000  1.00000  0.93885  0.99220  0.00000  0.00000  0.99529  1.00000
1.570000000e+00  0.00000  1.00000  0.30863  0.98461  0.00000  0.00000  0.99541  1.00000
1.580000000e+00  0.00000  1.00000  0.00020  0.98771  0.00000  0.00000  0.99552  1.00000
1.590000000e+00  0.00000  1.00000  0.34268  0.98872  0.00000  0.00000  0.99564  1.00000
1.600000000e+00  0.00000  1.00000  0.21613  0.98265  0.00000  0.00000  0.99574  1.00000
1.610000000e+00  0.00000  1.00000  0.00211  0.99368  0.00000  0.00000  0.99585  1.00000
1.620000000e+00  0.00000  1.00000  0.01888  0.99368  0.00000  0.00000  0.99595  1.00000
1.630000000e+00  0.00000  1.00000  0.39697  0.99793  0.00000  0.00000  0.99605  1.00000
1.640000000e+00  0.00000  1.00000  0.30771  0.99347  0.00000  0.00000  0.99614  1.00000
1.650000000e+00  0.00000  1.00000  0.23100  0.98231  0.00000  0.00000  0.99624  1.00000
1.660000000e+00  0.00000  1.00000  0.39377  0.98047  0.00000  0.00000  0.99632  1.00000
1.670000000e+00  0.00000  1.00000  0.56394  0.98147  0.00000  0.00000  0.99641  1.00000
1.680000000e+00  0.00000  1.00000  0.80140  0.97156  0.00000  0.00000  0.99650  1.00000
1.690000000e+00  0.00000  1.00000  0.93787  0.97654  0.00000  0.00000  0.99658  1.00000
1.700000000e+00  0.00000  1.00000  0.98485  0.91084  0.00000  0.00000  0.99666  1.00000
1.710000000e+00  0.00000  1.00000  0.92848  0.91241  0.00000  0.00000  0.99674  1.00000
1.720000000e+00  0.00000  1.00000  0.96327  0.92657  0.00000  0.00000  0.99681  1.00000
1.730000000e+00  0.00000  1.00000  0.99269  0.88178  0.00000  0.00000  0.99688  1.00000
1.740000000e+00  0.00000  1.00000  0.99938  0.77963  0.00000  0.00000  0.99695  1.00000
1.750000000e+00  0.00000  1.00000  0.99894  0.71340  0.00000  0.00000  0.99702  1.00000
1.760000000e+00  0.00000  1.00000  0.89928  0.72950  0.00000  0.00000  0.99709  1.00000
1.770000000e+00  0.00000  1.00000  0.95927  0.57019  0.00000  0.00000  0.99716  1.00000
1.780000000e+00  0.00000  1.00000  0.99536  0.40421  0.00000  0.00000  0.99722  1.00000
1.790000000e+00  0.00000  1.00000  0.88517  0.25083  0.00000  0.00000  0.99728  1.00000
1.800000000e+00  0.00000  1.00000  0.95144  0.12156  0.00000  0.00000  0.99734  1.00000
1.810000000e+00  0.00000  1.00000  0.98803  0.01857  0.00000  0.00000  0.99740  1.00000
1.820000000e+00  0.00000  1.00000  0.99579  0.00147  0.00000  0.00000  0.99745  1.00000
1.830000000e+00  0.00000  1.00000  0.99931  0.00002  0.00000  0.00000  0.99751  1.00000
1.840000000e+00  0.00000  1.00000  0.99973  0.00000  0.00000  0.00000  0.99756  1.00000
1.850000000e+00  0.00000  1.00000  0.99760  0.00000  0.00000  0.00000  0.99762  1.00000
1.860000000e+00  0.00000  1.00000  0.99713  0.00000  0.00000  0.00000  0.99767  1.00000
1.870000000e+00  0.00000  1.00000  0.97889  0.00000  0.00000  0.00000  0.99772  1.00000
1.880000000e+00  0.00000  1.00000  0.10613  0.00000  0.00000  0.00000  0.99776  1.00000
1.890000000e+00  0.00000  1.00000  0.12450  0.00001  0.00000  0.00000  0.99781  1.00000
1.900000000e+00  0.00000  1.00000  0.51955  0.00004  0.00000  0.00000  0.99786  1.00000
1.910000000e+00  0.00000  1.00000  0.64935  0.00000  0.00000  0.00000  0.99790  1.00000
1.920000000e+00  0.00000  1.00000  0.86497  0.00002  0.00000  0.00000  0.99794  1.00000
1.930000000e+00  0.00000  1.00000  0.84451  0.00006  0.00000  0.00000  0.99799  1.00000
1.940000000e+00  0.00000  1.00000  0.20014  0.00105  0.00000  0.00000  0.99803  1.00000
1.950000000e+00  0.00000  1.00000  0.00000  0.01116  0.00000  0.00000  0.99807  1.00000
1.960000000e+00  0.00000  1.00000  0.00000  0.03025  0.00000  0.00000  0.99811  1.00000
1.970000000e+00  0.00000  1.00000  0.00000  0.27320  0.00000  0.00000  0.99814  1.00000
1.980000000e+00  0.00000  1.00000  0.00000  0.40020  0.00000  0.00000  0.99818  1.00000
1.990000000e+00  0.00000  1.00000  0.00423  0.46095  0.00000  0.00000  0.99822  1.00000
2.000000000e+00  0.00000  1.00000  0.00000  0.58791  0.00000  0.00000  0.99825  1.00000
2.010000000e+00  0.00000  1.00000  0.00000  0.48928  0.00000  0.00000  0.99829  1.00000
2.020000000e+00  0.00000  1.00000  0.00000  0.63666  0.00000  0.00000  0.99832  1.00000
2.030000000e+00  0.00000  1.00000  0.00000  0.83375  0.00000  0.00000  0.99835  1.00000
2.040000000e+00  0.00000  1.00000  0.00000  0.86053  0.00000  0.00000  0.99839  1.00000
2.050000000e+00  0.00000  1.00000  0.00000  0.93639  0.00000  0.00000  0.99842  1.00000
2.060000000e+00  0.00000  1.00000  0.00000  0.86554  0.00000  0.00000  0.99845  1.00000
2.070000000e+00  0.00000  1.00000  0.00000  0.89145  0.00000  0.00000  0.99848  1.00000
2.080000000e+00  0.00000  1.00000  0.00000  0.92809  0.00000  0.00000  0.99851  1.00000
2.090000000e+00  0.00000  1.00000  0.00000  0.92575  0.00000  0.00000  0.99854  1.00000
2.100000000e+00  0.00000  1.00000  0.00004  0.95618  0.00000  0.00000  0.99856  1.00000
2.110000000e+00  0.00000  1.00000  0.01995  0.96487  0.00000  0.00000  0.99859  1.00000
2.120000000e+00  0.00000  1.00000  0.06904  0.90643  0.00000  0.00000  0.99862  1.00000
2.130000000e+00  0.00000  1.00000  0.44483  0.86664  0.00000  0.00000  0.99864  1.00000
2.140000000e+00  0.00000  1.00000  0.63664  0.96949  0.00000  0.00000  0.99867  1.00000
2.150000000e+00  0.00000  1.00000  0.27640  0.98590  0.00000  0.00000  0.99869  1.00000
2.160000000e+00  0.00000  1.00000  0.34388  0.94381  0.00000  0.00000  0.99872  1.00000
2.170000000e+00  0.00000  1.00000  0.22831  0.88017  0.00000  0.00000  0.99874  1.00000
2.180000000e+00  0.00000  1.00000  0.54145  0.90254  0.00000  0.00000  0.99876  1.00000
2.190000000e+00  0.00000  1.00000  0.83150  0.79399  0.00000  0.00000  0.99878  1.00000
2.200000000e+00  0.00000  1.00000  0.88725  0.87422  0.00000  0.00000  0.99881  1.00000
2.210000000e+00  0.00000  1.00000  0.96487  0.91080  0.00000  0.00000  0.99883  1.00000
2.220000000e+00  0.00000  1.00000  0.95043  0.93229  0.00000  0.00000  0.99885  1.00000
2.230000000e+00  0.00000  1.00000  0.95409  0.95556  0.00000  0.00000  0.99887  1.00000
2.240000000e+00  0.00000  1.00000  0.98696  0.97925  0.00000  0.00000  0.99889  1.00000
2.250000000e+00  0.00000  1.00000  0.97827  0.98337  0.00000  0.00000  0.99891  1.00000
2.260000000e+00  0.00000  1.00000  0.94811  0.99350  0.00000  0.00000  0.99893  1.00000
2.270000000e+00  0.00000  1.00000  0.98752  0.98660  0.00000  0.00000  0.99895  1.00000
2.280000000e+00  0.00000  1.00000  0.97366  0.99757  0.00000  0.00000  0.99897  1.00000
2.290000000e+00  0.00000  1.00000  0.99201  0.98716  0.00000  0.00000  0.99898  1.00000
2.300000000e+00  0.00000  1.00000  0.99603  0.92280  0.00000  0.00000  0.99900  1.00000
2.310000000e+00  0.00000  1.00000  0.99747  0.97556  0.00000  0.00000  0.99902  1.00000
2.320000000e+00  0.00000  1.00000  0.99907  0.93861  0.00000  0.00000  0.99903  1.00000
2.330000000e+00  0.00000  1.00000  0.99989  0.93165  0.00000  0.00000  0.99905  1.00000
2.340000000e+00  0.00000  1.00000  0.99990  0.94494  0.00000  0.00000  0.99907  1.00000
2.350000000e+00  0.00000  1.00000  0.99987  0.85764  0.00000  0.00000  0.99908  1.00000
2.360000000e+00  0.00000  1.00000  0.99968  0.72905  0.00000  0.00000  0.99910  1.00000
2.370000000e+00  0.00000  1.00000  0.99823  0.75345  0.00000  0.00000  0.99911  1.00000
2.380000000e+00  0.00000  1.00000  0.99715  0.57103  0.00000  0.00000  0.99913  1.00000
2.390000000e+00  0.00000  1.00000  0.99068  0.46936  0.00000  0.00000  0.99914  1.00000
2.400000000e+00  0.00000  1.00000  0.98873  0.55386  0.00000  0.00000  0.99916  1.00000
2.410000000e+00  0.00000  1.00000  0.98694  0.38328  0.00000  0.00000  0.99917  1.00000
2.420000000e+00  0.00000  1.00000  0.99686  0.19526  0.00000  0.00000  0.99918  1.00000
2.430000000e+00  0.00000  1.00000  0.99991  0.39662  0.00000  0.00000  0.99920  1.00000
2.440000000e+00  0.00000  1.00000  0.99986  0.09565  0.00000  0.00000  0.99921  1.00000
2.450000000e+00  0.00000  1.00000  0.99965  0.16645  0.00000  0.00000  0.99922  1.00000
2.460000000e+00  0.00000  1.00000  0.99949  0.26296  0.00000  0.00000  0.99924  1.00000
2.470000000e+00  0.00000  1.00000  0.99267  0.22693  0.00000  0.00000  0.99925  1.00000
2.480000000e+00  0.00000  1.00000  0.97021  0.11713  0.00000  0.00000  0.99926  1.00000
2.490000000e+00  0.00000  1.00000  0.32563  0.00798  0.00000  0.00000  0.99927  1.00000
2.500000000e+00  0.00000  1.00000  0.73682  0.00654  0.00000  0.00000  0.99928  1.00000
2.510000000e+00  0.00000  1.00000  0.70678  0.00204  0.00000  0.00000  0.99930  1.00000
2.520000000e+00  0.00000  1.00000  0.68354  0.00075  0.00000  0.00000  0.99931  1.00000
2.530000000e+00  0.00000  1.00000  0.84026  0.00000  0.00000  0.00000  0.99932  1.00000
2.540000000e+00  0.00000  1.00000  0.90372  0.00000  0.00000  0.00000  0.99933  1.00000
2.550000000e+00  0.00000  1.00000  0.97588  0.00000  0.00000  0.00000  0.99934  1.00000
2.560000000e+00  0.00000  1.00000  0.94476  0.00000  0.00000  0.00000  0.99935  1.00000
2.570000000e+00  0.00000  1.00000  0.96780  0.00000  0.00000  0.00000  0.99936  1.00000
2.580000000e+00  0.00000  1.00000  0.79242  0.00000  0.00000  0.00000  0.99937  1.00000
2.590000000e+00  0.00000  1.00000  0.54611  0.00000  0.00000  0.00000  0.99938  1.00000
2.600000000e+00  0.00000  1.00000  0.65053  0.00000  0.00000  0.00000  0.99939  1.00000
2.610000000e+00  0.00000  1.00000  0.19003  0.00000  0.00000  0.00000  0.99940  1.00000
2.620000000e+00  0.00000  1.00000  0.07376  0.00000  0.00000  0.00000  0.99941  1.00000
2.630000000e+00  0.00000  1.00000  0.25237  0.00000  0.00000  0.00000  0.99941  1.00000
2.640000000e+00  0.00000  1.00000  0.21555  0.00000  0.00000  0.00000  0.99942  1.00000
2.650000000e+00  0.00000  1.00000  0.38280  0.00000  0.00000  0.00000  0.99943  1.00000
2.660000000e+00  0.00000  1.00000  0.00072  0.00000  0.00000  0.00000  0.99944  1.00000
2.670000000e+00  0.00000  1.00000  0.00000  0.00000  0.00000  0.00000  0.99945  1.00000
2.680000000e+00  0.00000  1.00000  0.00000  0.00000  0.00000  0.00000  0.99946  1.00000
2.690000000e+00  0.00000  1.00000  0.00000  0.00000  0.00000  0.00000  0.99947  1.00000
2.700000000e+00  0.00000  1.00000  0.00000  0.00000  0.00000  0.00000  0.99947  1.00000
2.710000000e+00  0.00000  1.00000  0.00000  0.00000  0.00000  0.00000  0.99948  1.00000
2.720000000e+00  0.00000  1.00000  0.00000  0.00000  0.00000  0.00000  0.99949  1.00000
2.730000000e+00  0.00000  1.00000  0.00000  0.00000  0.00000  0.00000  0.99950  1.00000
2.740000000e+00  0.00000  1.00000  0.00000  0.00000  0.00000  0.00000  0.99950  1.00000
2.750000000e+00  0.00000  1.00000  0.00000  0.00000  0.00000  0.00000  0.99951  1.00000
2.760000000e+00  0.00000  1.00000  0.00000  0.00000  0.00000  0.00000  0.99952  1.00000
2.770000000e+00  0.00000  1.00000  0.00000  0.00000  0.00000  0.00000  0.99952  1.00000
2.780000000e+00  0.00000  1.00000  0.00000  0.00000  0.00000  0.00000  0.99953  1.00000
2.790000000e+00  0.00000  1.00000  0.00000  0.00000  0.00000  0.00000  0.99954  1.00000
2.800000000e+00  0.00000  1.00000  0.00000  0.00000  0.00000  0.00000  0.99954  1.00000
2.810000000e+00  0.00000  1.00000  0.00000  0.00000  0.00000  0.00000  0.99955  1.00000
2.820000000e+00  0.00000  1.00000  0.00000  0.00000  0.00000  0.00000  0.99956  1.00000
2.830000000e+00  0.00000  1.00000  0.00000  0.00000  0.00000  0.00000  0.99956  1.00000
2.840000000e+00  0.00000  1.00000  0.00000  0.00000  0.00000  0.00000  0.99957  1.00000
2.850000000e+00  0.00000  1.00000  0.00000  0.00001  0.00000  0.00000  0.99958  1.00000
2.860000000e+00  0.00000  1.00000  0.00000  0.00000  0.00000  0.00000  0.99958  1.00000
2.870000000e+00  0.00000  1.00000  0.00000  0.00006  0.00000  0.00000  0.99959  1.00000
2.880000000e+00  0.00000  1.00000  0.00000  0.00017  0.00000  0.00000  0.99959  1.00000
2.890000000e+00  0.00000  1.00000  0.00003  0.00012  0.00000  0.00000  0.99960  1.00000
2.900000000e+00  0.00000  1.00000  0.00463  0.00619  0.00000  0.00000  0.99960  1.00000
2.910000000e+00  0.00000  1.00000  0.08741  0.00161  0.00000  0.00000  0.99961  1.00000
2.920000000e+00  0.00000  1.00000  0.36029  0.00259  0.00000  0.00000  0.99961  1.00000
2.930000000e+00  0.00000  1.00000  0.56658  0.01401  0.00000  0.00000  0.99962  1.00000
2.940000000e+00  0.00000  1.00000  0.69261  0.05278  0.00000  0.00000  0.99962  1.00000
2.950000000e+00  0.00000  1.00000  0.82791  0.00199  0.00000  0.00000  0.99963  1.00000
2.960000000e+00  0.00000  1.00000  0.42731  0.01768  0.00000  0.00000  0.99963  1.00000
2.970000000e+00  0.00000  1.00000  0.05341  0.04844  0.00000  0.00000  0.99964  1.00000
2.980000000e+00  0.00000  1.00000  0.00373  0.00010  0.00000  0.00000  0.99964  1.00000
2.990000000e+00  0.00000  1.00000  0.01423  0.06908  0.00000  0.00000  0.99965  1.00000
3.000000000e+00  0.00000  1.00000  0.28611  0.10059  0.00000  0.00000  0.99965  1.00000
3.010000000e+00  0.00000  1.00000  0.30354  0.07874  0.00000  0.00000  0.99966  1.00000
3.020000000e+00  0.00000  1.00000  0.05678  0.05470  0.00000  0.00000  0.99966  1.00000
3.030000000e+00  0.00000  1.00000  0.11655  0.04789  0.00000  0.00000  0.99967  1.00000
3.040000000e+00  0.00000  1.00000  0.32103  0.00977  0.00000  0.00000  0.99967  1.00000
3.050000000e+00  0.00000  1.00000  0.63941  0.01206  0.00000  0.00000  0.99968  1.00000
3.060000000e+00  0.00000  1.00000  0.68980  0.01763  0.00000  0.00000  0.99968  1.00000
3.070000000e+00  0.00000  1.00000  0.83664  0.01004  0.00000  0.00000  0.99968  1.00000
3.080000000e+00  0.00000  1.00000  0.87287  0.03812  0.00000  0.00000  0.99969  1.00000
3.090000000e+00  0.00000  1.00000  0.93205  0.00127  0.00000  0.00000  0.99969  1.00000
3.100000000e+00  0.00000  1.00000  0.89987  0.00109  0.00000  0.00000  0.99970  1.00000
3.110000000e+00  0.00000  1.00000  0.71989  0.01467  0.00000  0.00000  0.99970  1.00000
3.120000000e+00  0.00000  1.00000  0.49267  0.00197  0.00000  0.00000  0.99970  1.00000
3.130000000e+00  0.00000  1.00000  0.39730  0.07357  0.00000  0.00000  0.99971  1.00000
3.140000000e+00  0.00000  1.00000  0.55636  0.16988  0.00000  0.00000  0.99971  1.00000
3.150000000e+00  0.00000  1.00000  0.75966  0.03421  0.00000  0.00000  0.99972  1.00000
3.160000000e+00  0.00000  1.00000  0.60759  0.12477  0.00000  0.00000  0.99972  1.00000
3.170000000e+00  0.00000  1.00000  0.43597  0.67526  0.00000  0.00000  0.99972  1.00000
3.180000000e+00  0.00000  1.00000  0.50189  0.53058  0.00000  0.00000  0.99973  1.00000
3.190000000e+00  0.00000  1.00000  0.67225  0.24445  0.00000  0.00000  0.99973  1.00000
3.200000000e+00  0.00000  1.00000  0.83696  0.05767  0.00000  0.00000  0.99973  1.00000
3.210000000e+00  0.00000  1.00000  0.93586  0.00004  0.00000  0.00000  0.99974  1.00000
3.220000000e+00  0.00000  1.00000  0.91273  0.00027  0.00000  0.00000  0.99974  1.00000
3.230000000e+00  0.00000  1.00000  0.90617  0.00348  0.00000  0.00000  0.99974  1.00000
3.240000000e+00  0.00000  1.00000  0.95134  0.13412  0.00000  0.00000  0.99975  1.00000
3.250000000e+00  0.00000  1.00000  0.98832  0.04952  0.00000  0.00000  0.99975  1.00000
3.260000000e+00  0.00000  1.00000  0.99669  0.31576  0.00000  0.00000  0.99975  1.00000
3.270000000e+00  0.00000  1.00000  0.99630  0.02197  0.00000  0.00000  0.99975  1.00000
3.280000000e+00  0.00000  1.00000  0.99692  0.06456  0.00000  0.00000  0.99976  1.00000
3.290000000e+00  0.00000  1.00000  0.99860  0.31301  0.00000  0.00000  0.99976  1.00000
3.300000000e+00  0.00000  1.00000  0.99938  0.15084  0.00000  0.00000  0.99976  1.00000
3.310000000e+00  0.00000  1.00000  0.99950  0.02264  0.00000  0.00000  0.99977  1.00000
3.320000000e+00  0.00000  1.00000  0.99903  0.21782  0.00000  0.00000  0.99977  1.00000
3.330000000e+00  0.00000  1.00000  0.99379  0.07052  0.00000  0.00000  0.99977  1.00000
3.340000000e+00  0.00000  1.00000  0.97876  0.38596  0.00000  0.00000  0.99977  0.99990
3.350000000e+00  0.00000  1.00000  0.96604  0.14289  0.00000  0.00000  0.99978  0.99987
3.360000000e+00  0.00000  1.00000  0.86147  0.15182  0.00000  0.00000  0.99978  0.99991
3.370000000e+00  0.00000  1.00000  0.96011  0.20365  0.00000  0.00000  0.99978  0.99984
3.380000000e+00  0.00000  1.00000  0.97145  0.32438  0.00000  0.00000  0.99978  0.99994
3.390000000e+00  0.00000  1.00000  0.98474  0.45592  0.00000  0.00000  0.99979  0.99992
3.400000000e+00  0.00000  1.00000  0.99449  0.67397  0.00000  0.00000  0.99979  0.99996
3.410000000e+00  0.00000  1.00000  0.99800  0.50906  0.00000  0.00000  0.99979  0.99997
3.420000000e+00  0.00000  1.00000  0.99932  0.64154  0.00000  0.00000  0.99979  1.00000
3.430000000e+00  0.00000  1.00000  0.99913  0.88414  0.00000  0.00000  0.99980  0.99995
3.440000000e+00  0.00000  1.00000  0.99933  0.78190  0.00000  0.00000  0.99980  0.99992
3.450000000e+00  0.00000  1.00000  0.99658  0.78175  0.00000  0.00000  0.99980  0.99981
3.460000000e+00  0.00000  1.00000  0.99741  0.73201  0.00000  0.00000  0.99980  0.99993
3.470000000e+00  0.00000  1.00000  0.99907  0.86764  0.00000  0.00000  0.99981  0.99984
3.480000000e+00  0.00000  1.00000  0.99936  0.81929  0.00000  0.00000  0.99981  0.99989
3.490000000e+00  0.00000  1.00000  0.99959  0.85613  0.00000  0.00000  0.99981  0.99989
3.500000000e+00  0.00000  1.00000  0.99961  0.82715  0.00000  0.00000  0.99981  0.99994
3.510000000e+00  0.00000  1.00000  0.99933  0.84080  0.00000  0.00000  0.99981  0.99998
3.520000000e+00  0.00000  1.00000  0.99820  0.77844  0.00000  0.00000  0.99982  0.99998
3.530000000e+00  0.00000  1.00000  0.99521  0.74349  0.00000  0.00000  0.99982  0.99996
3.540000000e+00  0.00000  1.00000  0.98927  0.72368  0.00000  0.00000  0.99982  0.99993
3.550000000e+00  0.00000  1.00000  0.97698  0.68736  0.00000  0.00000  0.99982  0.99995
3.560000000e+00  0.00000  1.00000  0.94957  0.57312  0.00000  0.00000  0.99983  0.99978
3.570000000e+00  0.00000  1.00000  0.90799  0.71036  0.00000  0.00000  0.99983  0.99978
3.580000000e+00  0.00000  1.00000  0.87667  0.64781  0.00000  0.00000  0.99983  0.99960
3.590000000e+00  0.00000  1.00000  0.82134  0.74533  0.00000  0.00000  0.99983  0.99959
3.600000000e+00  0.00000  1.00000  0.67046  0.64373  0.00000  0.00000  0.99983  0.99964
3.610000000e+00  0.00000  1.00000  0.53990  0.83046  0.00000  0.00000  0.99983  0.99966
3.620000000e+00  0.00000  1.00000  0.48718  0.67803  0.00000  0.00000  0.99984  0.99956
3.630000000e+00  0.00000  1.00000  0.67984  0.81947  0.00000  0.00000  0.99984  0.99947
3.640000000e+00  0.00000  1.00000  0.63916  0.72268  0.00000  0.00000  0.99984  0.99930
3.650000000e+00  0.00000  1.00000  0.51401  0.92598  0.00000  0.00000  0.99984  0.99919
3.660000000e+00  0.00000  1.00000  0.61841  0.77612  0.00000  0.00000  0.99984  0.99912
3.670000000e+00  0.00000  1.00000  0.80843  0.78607  0.00000  0.00000  0.99984  0.99903
3.680000000e+00  0.00000  1.00000  0.93426  0.39923  0.00000  0.00000  0.99985  0.99888
3.690000000e+00  0.00000  1.00000  0.96900  0.55625  0.00000  0.00000  0.99985  0.99865
3.700000000e+00  0.00000  1.00000  0.97979  0.77881  0.00000  0.00000  0.99985  0.99847
3.710000000e+00  0.00000  1.00000  0.98900  0.91194  0.00000  0.00000  0.99985  0.99660
3.720000000e+00  0.00000  1.00000  0.97946  0.70715  0.00000  0.00000  0.99985  0.99542
3.730000000e+00  0.00000  1.00000  0.97825  0.84097  0.00000  0.00000  0.99985  0.99492
3.740000000e+00  0.00000  1.00000  0.97772  0.71220  0.00000  0.00000  0.99986  0.99436
3.750000000e+00  0.00000  1.00000  0.94102  0.80419  0.00000  0.00000  0.99986  0.99361
3.760000000e+00  0.00000  1.00000  0.84632  0.75690  0.00000  0.00000  0.99986  0.99280
3.770000000e+00  0.00000  1.00000  0.72229  0.70520  0.00000  0.00000  0.99986  0.99185
3.780000000e+00  0.00000  1.00000  0.55070  0.72300  0.00000  0.00000  0.99986  0.99063
3.790000000e+00  0.00000  1.00000  0.37773  0.77780  0.00000  0.00000  0.99986  0.98913
3.800000000e+00  0.00000  1.00000  0.14930  0.72589  0.00000  0.00000  0.99986  0.98751
3.810000000e+00  0.00000  1.00000  0.03995  0.88239  0.00000  0.00000  0.99987  0.98557
3.820000000e+00  0.00000  1.00000  0.06258  0.69888  0.00000  0.00000  0.99987  0.98346
3.830000000e+00  0.00000  1.00000  0.26041  0.86456  0.00000  0.00000  0.99987  0.98105
3.840000000e+00  0.00000  1.00000  0.12757  0.75429  0.00000  0.00000  0.99987  0.97826
3.850000000e+00  0.00000  1.00000  0.06597  0.87457  0.00000  0.00000  0.99987  0.97503
3.860000000e+00  0.00000  1.00000  0.12076  0.84943  0.00000  0.00000  0.99987  0.97134
3.870000000e+00  0.00000  1.00000  0.29081  0.89096  0.00000  0.00000  0.99987  0.96726
3.880000000e+00  0.00000  1.00000  0.53811  0.88597  0.00000  0.00000  0.99988  0.96263
3.890000000e+00  0.00000  1.00000  0.75803  0.91303  0.00000  0.00000  0.99988  0.95726
3.900000000e+00  0.00000  1.00000  0.90475  0.94473  0.00000  0.00000  0.99988  0.95121
3.910000000e+00  0.00000  1.00000  0.96024  0.90278  0.00000  0.00000  0.99988  0.94437
3.920000000e+00  0.00000  1.00000  0.96468  0.97863  0.00000  0.00000  0.99988  0.93631
3.930000000e+00  0.00000  1.00000  0.92733  0.95347  0.00000  0.00000  0.99988  0.92712
3.940000000e+00  0.00000  1.00000  0.84491  0.97970  0.00000  0.00000  0.99988  0.91647
3.950000000e+00  0.00000  1.00000  0.71969  0.98287  0.00000  0.00000  0.99988  0.90449
3.960000000e+00  0.00000  1.00000  0.50335  0.97178  0.00000  0.00000  0.99989  0.89026
3.970000000e+00  0.00000  1.00000  0.33124  0.99215  0.00000  0.00000  0.99989  0.87405
3.980000000e+00  0.00000  1.00000  0.17972  0.98265  0.00000  0.00000  0.99989  0.85599
3.990000000e+00  0.00000  1.00000  0.13016  0.99473  0.00000  0.00000  0.99989  0.83530
4.000000000e+00  0.00000  1.00000  0.30707  0.99261  0.00000  0.00000  0.99989  0.81149
4.010000000e+00  0.00000  1.00000  0.37995  0.99260  0.00000  0.00000  0.99989  0.78546
4.020000000e+00  0.00000  1.00000  0.16900  0.99801  0.00000  0.00000  0.99989  0.75712
4.030000000e+00  0.00000  1.00000  0.14794  0.99279  0.00000  0.00000  0.99989  0.72706
4.040000000e+00  0.00000  1.00000  0.20792  0.99634  0.00000  0.00000  0.99989  0.69537
4.050000000e+00  0.00000  1.00000  0.34959  0.99657  0.00000  0.00000  0.99990  0.66178
4.060000000e+00  0.00000  1.00000  0.52314  0.99591  0.00000  0.00000  0.99990  0.62799
4.070000000e+00  0.00000  1.00000  0.58013  0.99566  0.00000  0.00000  0.99990  0.59403
4.080000000e+00  0.00000  1.00000  0.28902  0.99790  0.00000  0.00000  0.99990  0.56180
4.090000000e+00  0.00000  1.00000  0.09176  0.99775  0.00000  0.00000  0.99990  0.53167
4.100000000e+00  0.00000  1.00000  0.04147  0.99806  0.00000  0.00000  0.99990  0.50353
4.110000000e+00  0.00000  1.00000  0.05262  0.99288  0.00000  0.00000  0.99990  0.47826
4.120000000e+00  0.00000  1.00000  0.21708  0.99807  0.00000  0.00000  0.99990  0.45665
4.130000000e+00  0.00000  1.00000  0.26697  0.99516  0.00000  0.00000  0.99990  0.43858
4.140000000e+00  0.00000  1.00000  0.12061  0.99678  0.00000  0.00000  0.99990  0.42427
4.150000000e+00  0.00000  1.00000  0.05180  0.99897  0.00000  0.00000  0.99990  0.41356
4.160000000e+00  0.00000  1.00000  0.00024  0.99456  0.00000  0.00000  0.99991  0.40680
4.170000000e+00  0.00000  1.00000  0.00000  0.99676  0.00000  0.00000  0.99991  0.40288
4.180000000e+00  0.00000  1.00000  0.00000  0.99610  0.00000  0.00000  0.99991  0.40385
4.190000000e+00  0.00000  1.00000  0.00000  0.99626  0.00000  0.00000  0.99991  0.40575
4.200000000e+00  0.00000  1.00000  0.00000  0.99566  0.00000  0.00000  0.99991  0.41088
4.210000000e+00  0.00000  1.00000  0.00000  0.99332  0.00000  0.00000  0.99991  0.41407
4.220000000e+00  0.00000  1.00000  0.00000  0.99378  0.00000  0.00000  0.99991  0.41499
4.230000000e+00  0.00000  1.00000  0.00000  0.99308  0.00000  0.00000  0.99991  0.41244
4.240000000e+00  0.00000  1.00000  0.00000  0.99478  0.00000  0.00000  0.99991  0.40457
4.250000000e+00  0.00000  1.00000  0.00000  0.98699  0.00000  0.00000  0.99991  0.38962
4.260000000e+00  0.00000  1.00000  0.00000  0.98390  0.00000  0.00000  0.99991  0.36095
4.270000000e+00  0.00000  1.00000  0.00000  0.99434  0.00000  0.00000  0.99991  0.31796
4.280000000e+00  0.00000  1.00000  0.00000  0.97669  0.00000  0.00000  0.99992  0.28810
4.290000000e+00  0.00000  1.00000  0.00000  0.97311  0.00000  0.00000  0.99992  0.26989
4.300000000e+00  0.00000  1.00000  0.00000  0.96951  0.00000  0.00000  0.99992  0.27446
4.310000000e+00  0.00000  1.00000  0.00000  0.94695  0.00000  0.00000  0.99992  0.30211
4.320000000e+00  0.00000  1.00000  0.00000  0.95757  0.00000  0.00000  0.99992  0.34234
4.330000000e+00  0.00000  1.00000  0.00000  0.95567  0.00000  0.00000  0.99992  0.39719
4.340000000e+00  0.00000  1.00000  0.00000  0.94529  0.00000  0.00000  0.99992  0.44325
4.350000000e+00  0.00000  1.00000  0.00000  0.94333  0.00000  0.00000  0.99992  0.47802
4.360000000e+00  0.00000  1.00000  0.00000  0.92324  0.00000  0.00000  0.99992  0.50309
4.370000000e+00  0.00000  1.00000  0.00000  0.84051  0.00000  0.00000  0.99992  0.52112
4.380000000e+00  0.00000  1.00000  0.00000  0.94405  0.00000  0.00000  0.99992  0.53464
4.390000000e+00  0.00000  1.00000  0.00000  0.92327  0.00000  0.00000  0.99992  0.54693
4.400000000e+00  0.00000  1.00000  0.00000  0.88704  0.00000  0.00000  0.99992  0.55566
4.410000000e+00  0.00000  1.00000  0.00000  0.77459  0.00000  0.00000  0.99993  0.56701
4.420000000e+00  0.00000  1.00000  0.00000  0.96266  0.00000  0.00000  0.99993  0.57797
4.430000000e+00  0.00000  1.00000  0.00000  0.86618  0.00000  0.00000  0.99993  0.59082
4.440000000e+00  0.00000  1.00000  0.00000  0.71768  0.00000  0.00000  0.99993  0.60457
4.450000000e+00  0.00000  1.00000  0.00000  0.78263  0.00000  0.00000  0.99993  0.62065
4.460000000e+00  0.00000  1.00000  0.00000  0.80890  0.00000  0.00000  0.99993  0.63668
4.470000000e+00  0.00000  1.00000  0.00000  0.82641  0.00000  0.00000  0.99993  0.65611
4.480000000e+00  0.00000  1.00000  0.00000  0.81077  0.00000  0.00000  0.99993  0.67448
4.490000000e+00  0.00000  1.00000  0.00000  0.84647  0.00000  0.00000  0.99993  0.69555
4.500000000e+00  0.00000  1.00000  0.00000  0.87039  0.00000  0.00000  0.99993  0.71503
4.510000000e+00  0.00000  1.00000  0.00000  0.86300  0.00000  0.00000  0.99993  0.73623
4.520000000e+00  0.00000  1.00000  0.00000  0.79716  0.00000  0.00000  0.99993  0.75689
4.530000000e+00  0.00000  1.00000  0.00000  0.67513  0.00000  0.00000  0.99993  0.77701
4.540000000e+00  0.00000  1.00000  0.00003  0.65543  0.00000  0.00000  0.99993  0.79669
4.550000000e+00  0.00000  1.00000  0.00033  0.82040  0.00000  0.00000  0.99993  0.81562
4.560000000e+00  0.00000  1.00000  0.00605  0.91057  0.00000  0.00000  0.99993  0.83364
4.570000000e+00  0.00000  1.00000  0.03886  0.81627  0.00000  0.00000  0.99993  0.84993
4.580000000e+00  0.00000  1.00000  0.12643  0.72214  0.00000  0.00000  0.99994  0.86578
4.590000000e+00  0.00000  1.00000  0.18055  0.78166  0.00000  0.00000  0.99994  0.88015
4.600000000e+00  0.00000  1.00000  0.26098  0.81197  0.00000  0.00000  0.99994  0.89339
4.610000000e+00  0.00000  1.00000  0.31947  0.84854  0.00000  0.00000  0.99994  0.90552
4.620000000e+00  0.00000  1.00000  0.26354  0.80571  0.00000  0.00000  0.99994  0.91657
4.630000000e+00  0.00000  1.00000  0.12055  0.61762  0.00000  0.00000  0.99994  0.92654
4.640000000e+00  0.00000  1.00000  0.09269  0.62695  0.00000  0.00000  0.99994  0.93550
4.650000000e+00  0.00000  1.00000  0.07585  0.64280  0.00000  0.00000  0.99994  0.94355
4.660000000e+00  0.00000  1.00000  0.07694  0.58109  0.00000  0.00000  0.99994  0.95074
4.670000000e+00  0.00000  1.00000  0.08420  0.50920  0.00000  0.00000  0.99994  0.95684
4.680000000e+00  0.00000  1.00000  0.03017  0.51843  0.00000  0.00000  0.99994  0.96165
4.690000000e+00  0.00000  1.00000  0.01326  0.22677  0.00000  0.00000  0.99994  0.96685
4.700000000e+00  0.00000  1.00000  0.00156  0.87528  0.00000  0.00000  0.99994  0.97099
4.710000000e+00  0.00000  1.00000  0.00004  0.77848  0.00000  0.00000  0.99994  0.97446
4.720000000e+00  0.00000  1.00000  0.00002  0.45791  0.00000  0.00000  0.99994  0.97773
4.730000000e+00  0.00000  1.00000  0.00000  0.59389  0.00000  0.00000  0.99994  0.98015
4.740000000e+00  0.00000  1.00000  0.00000  0.43837  0.00000  0.00000  0.99994  0.98303
4.750000000e+00  0.00000  1.00000  0.00000  0.67497  0.00000  0.00000  0.99994  0.98521
4.760000000e+00  0.00000  1.00000  0.00000  0.56146  0.00000  0.00000  0.99994  0.98717
4.770000000e+00  0.00000  1.00000  0.00000  0.57509  0.00000  0.00000  0.99995  0.98889
4.780000000e+00  0.00000  1.00000  0.00000  0.45353  0.00000  0.00000  0.99995  0.98951
4.790000000e+00  0.00000  1.00000  0.00000  0.27793  0.00000  0.00000  0.99995  0.99086
4.800000000e+00  0.00000  1.00000  0.00000  0.32096  0.00000  0.00000  0.99995  0.99283
4.810000000e+00  0.00000  1.00000  0.00000  0.48819  0.00000  0.00000  0.99995  0.99399
4.820000000e+00  0.00000  1.00000  0.00000  0.43351  0.00000  0.00000  0.99995  0.99478
4.830000000e+00  0.00000  1.00000  0.00000  0.26132  0.00000  0.00000  0.99995  0.99573
4.840000000e+00  0.00000  1.00000  0.00000  0.46875  0.00000  0.00000  0.99995  0.99241
4.850000000e+00  0.00000  1.00000  0.00000  0.12831  0.00000  0.00000  0.99995  0.99527
4.860000000e+00  0.00000  1.00000  0.00000  0.09509  0.00000  0.00000  0.99995  0.99733
4.870000000e+00  0.00000  1.00000  0.00000  0.60206  0.00000  0.00000  0.99995  0.99785
4.880000000e+00  0.00000  1.00000  0.00000  0.60992  0.00000  0.00000  0.99995  0.99809
4.890000000e+00  0.00000  1.00000  0.00000  0.54446  0.00000  0.00000  0.99995  0.99762
4.900000000e+00  0.00000  1.00000  0.00000  0.08310  0.00000  0.00000  0.99995  0.99521
4.910000000e+00  0.00000  1.00000  0.00000  0.05151  0.00000  0.00000  0.99995  0.99835
4.920000000e+00  0.00000  1.00000  0.00000  0.28521  0.00000  0.00000  0.99995  0.99867
4.930000000e+00  0.00000  1.00000  0.00000  0.52028  0.00000  0.00000  0.99995  0.99879
4.940000000e+00  0.00000  1.00000  0.00012  0.27250  0.00000  0.00000  0.99995  0.99878
4.950000000e+00  0.00000  1.00000  0.00056  0.08215  0.00000  0.00000  0.99995  0.99678
4.960000000e+00  0.00000  1.00000  0.00133  0.02755  0.00000  0.00000  0.99995  0.98828
4.970000000e+00  0.00000  1.00000  0.01103  0.00981  0.00000  0.00000  0.99995  0.99903
4.980000000e+00  0.00000  1.00000  0.03248  0.17686  0.00000  0.00000  0.99995  0.99909
4.990000000e+00  0.00000  1.00000  0.08313  0.04543  0.00000  0.00000  0.99995  0.99930
5.000000000e+00  0.00000  1.00000  0.07616  0.28776  0.00000  0.00000  0.99995  0.99932
