# ----------------------------------------------------------------------------------------------
# NASA-GSFC Planetary Spectrum Generator (PSG, Villanueva et al. 2015)
# Atmospheric layering information considered by PUMAS
# Synthesized on Tue Nov 21 15:09:35 2017
# Radiative transfer method: correlated-k
# Synthesis spectral resolution [cm-1] and resolving power: 8.913678 5.010e+02
# Scattering parameters (nmax, lmax): 0 0
# ----------------------------------------------------------------------------------------------
# Molecular abundance profile: 
# Molecules considered: N2,CO2,H2O
# Molecular sources: HIT[22],HIT[2],HIT[1]
# Molecular abundances: 1,1,1
# Molecular abundance units: scl,scl,scl
# Collission-Induced-Absorption:  N2-N2(3.33-5.41um)
# Rayleigh scattering included
# ----------------------------------------------------------------------------------------------
# Aerosols considered: WaterIce,Cloud
# Aerosols sources: CRISM_Wolff[reff=2.0um 0.31-99.57um],White_GSFC[reff=1.0um 0.10-1000000.00um]
# Aerosols abundances: 1,1
# Aerosols abundance units: scl,scl
# Aerosols sizes [um]: 156.231373921,14.0
# ----------------------------------------------------------------------------------------------
# Input layer-by-layer atmospheric profile
# Molecular abundances in molec/molec and aerosols in kg/kg
# ----------------------------------------------------------------------------------------------
# Alt[km] Pressure[bar] Temp[K]         N2        CO2        H2O   WaterIce      Cloud
# ----------------------------------------------------------------------------------------------
    0.000   1.401e+00   296.709   7.380e-01  2.952e-01  1.955e-02  1.169e-10  1.565e-04
    0.262   1.359e+00   295.400   7.385e-01  2.954e-01  1.878e-02  3.417e-27  9.188e-05
    0.643   1.301e+00   294.200   7.398e-01  2.959e-01  1.645e-02  2.839e-26  5.372e-05
    1.256   1.211e+00   292.300   7.422e-01  2.969e-01  1.242e-02  2.773e-12  2.676e-05
    2.097   1.097e+00   289.200   7.444e-01  2.978e-01  8.687e-03  1.163e-08  1.645e-05
    3.160   9.662e-01   284.400   7.460e-01  2.984e-01  5.916e-03  1.114e-07  1.356e-05
    4.429   8.280e-01   277.900   7.468e-01  2.987e-01  4.479e-03  4.624e-07  1.731e-05
    5.792   6.987e-01   270.400   7.475e-01  2.990e-01  3.261e-03  1.045e-06  2.877e-05
    7.128   5.888e-01   263.000   7.481e-01  2.993e-01  2.256e-03  2.666e-06  5.043e-05
    8.441   4.953e-01   256.100   7.485e-01  2.994e-01  1.493e-03  4.790e-06  5.897e-05
    9.735   4.159e-01   249.500   7.489e-01  2.996e-01  9.290e-04  8.936e-06  3.827e-05
   11.010   3.484e-01   243.000   7.491e-01  2.996e-01  5.710e-04  1.086e-05  1.480e-05
   12.270   2.910e-01   236.400   7.492e-01  2.997e-01  3.386e-04  1.074e-05  4.843e-06
   13.530   2.422e-01   229.500   7.493e-01  2.997e-01  1.798e-04  5.280e-06  2.141e-07
   14.770   2.008e-01   222.400   7.494e-01  2.998e-01  8.689e-05  4.037e-06  0.000e+00
   16.000   1.655e-01   215.600   7.494e-01  2.998e-01  3.899e-05  3.354e-06  0.000e+00
   17.250   1.356e-01   209.700   7.494e-01  2.998e-01  1.858e-05  2.670e-06  0.000e+00
   18.510   1.101e-01   206.100   7.494e-01  2.998e-01  1.220e-05  1.454e-06  0.000e+00
   19.820   8.868e-02   205.700   7.494e-01  2.998e-01  1.107e-05  2.306e-07  0.000e+00
   21.000   7.287e-02   206.100   7.494e-01  2.998e-01  1.086e-05  2.287e-08  0.000e+00
   22.020   6.152e-02   206.400   7.494e-01  2.998e-01  1.071e-05  1.733e-08  0.000e+00
   23.070   5.168e-02   206.300   7.494e-01  2.998e-01  1.056e-05  1.591e-08  0.000e+00
   24.160   4.319e-02   205.600   7.494e-01  2.998e-01  1.041e-05  1.571e-08  0.000e+00
   25.260   3.592e-02   204.500   7.494e-01  2.998e-01  1.033e-05  1.690e-08  0.000e+00
   26.390   2.973e-02   202.900   7.494e-01  2.998e-01  1.040e-05  2.058e-08  0.000e+00
   27.540   2.448e-02   201.100   7.494e-01  2.998e-01  1.064e-05  4.277e-08  0.000e+00
   28.710   2.006e-02   199.000   7.494e-01  2.998e-01  1.074e-05  1.051e-07  0.000e+00
   29.890   1.635e-02   196.800   7.494e-01  2.998e-01  1.057e-05  1.802e-07  0.000e+00
   31.090   1.326e-02   194.400   7.494e-01  2.998e-01  1.026e-05  2.387e-07  0.000e+00
   32.300   1.071e-02   192.400   7.494e-01  2.998e-01  9.966e-06  3.026e-07  0.000e+00
   33.530   8.600e-03   190.900   7.494e-01  2.998e-01  9.710e-06  3.147e-07  0.000e+00
   34.780   6.873e-03   189.800   7.494e-01  2.998e-01  9.486e-06  2.830e-07  0.000e+00
   36.050   5.465e-03   188.900   7.494e-01  2.998e-01  9.243e-06  2.837e-07  0.000e+00
   37.340   4.325e-03   187.700   7.494e-01  2.998e-01  8.939e-06  3.251e-07  0.000e+00
   38.640   3.405e-03   186.000   7.494e-01  2.998e-01  8.507e-06  4.078e-07  0.000e+00
   39.960   2.667e-03   183.900   7.494e-01  2.998e-01  7.997e-06  4.988e-07  0.000e+00
   41.300   2.079e-03   181.700   7.494e-01  2.998e-01  7.633e-06  4.964e-07  0.000e+00
   42.640   1.613e-03   180.100   7.494e-01  2.998e-01  7.489e-06  3.799e-07  0.000e+00
   44.010   1.245e-03   180.200   7.494e-01  2.998e-01  7.605e-06  1.920e-07  0.000e+00
   45.400   9.559e-04   181.400   7.494e-01  2.998e-01  7.811e-06  1.313e-07  0.000e+00
   60.300   3.776e-04   181.400   7.494e-01  2.998e-01  7.811e-06  1.313e-07  0.000e+00
   66.200   2.615e-04   181.400   7.494e-01  2.998e-01  7.811e-06  1.313e-07  0.000e+00
   74.420   1.566e-04   181.400   7.494e-01  2.998e-01  7.811e-06  1.313e-07  0.000e+00
   85.900   7.656e-05   181.400   7.494e-01  2.998e-01  7.811e-06  1.313e-07  0.000e+00
  101.900   2.820e-05   181.400   7.494e-01  2.998e-01  7.811e-06  1.313e-07  0.000e+00
  124.300   6.996e-06   181.400   7.494e-01  2.998e-01  7.811e-06  1.313e-07  0.000e+00
  155.500   1.000e-06   181.400   7.494e-01  2.998e-01  7.811e-06  1.313e-07  0.000e+00
#
# ----------------------------------------------------------------------------------------------
# Curtis-Godson integrated layer information used by the radiative transfer analysis
# Oblique molecular layer columns in molec/m2 and aerosols in kg/m2
# ----------------------------------------------------------------------------------------------
# Low[km]  High[km]  Path[km] Pressure[bar] Temp[K]   Airmass   dcol[m-2]         N2        CO2        H2O   WaterIce      Cloud
# ----------------------------------------------------------------------------------------------
    0.000     0.262     0.392   1.380e+00   296.059    1.4980   1.328e+28  9.803e+27  3.921e+27  2.545e+26  1.012e-08  9.153e-02
    0.262     0.643     0.570   1.330e+00   294.805    1.4978   1.867e+28  1.380e+28  5.519e+27  3.285e+26  1.240e-23  7.544e-02
    0.643     1.256     0.919   1.256e+00   293.261    1.4977   2.851e+28  2.113e+28  8.451e+27  4.096e+26  2.447e-10  6.282e-02
    1.256     2.097     1.259   1.154e+00   290.774    1.4975   3.620e+28  2.691e+28  1.076e+28  3.791e+26  2.834e-06  4.366e-02
    2.097     3.160     1.591   1.031e+00   286.846    1.4972   4.143e+28  3.087e+28  1.235e+28  2.999e+26  1.018e-04  3.521e-02
    3.160     4.429     1.899   8.969e-01   281.223    1.4968   4.383e+28  3.271e+28  1.308e+28  2.270e+26  6.035e-04  3.807e-02
    4.429     5.792     2.040   7.631e-01   274.241    1.4964   4.105e+28  3.067e+28  1.227e+28  1.581e+26  1.647e-03  5.218e-02
    5.792     7.128     1.999   6.435e-01   266.790    1.4959   3.487e+28  2.607e+28  1.043e+28  9.553e+25  3.384e-03  7.578e-02
    7.128     8.441     1.964   5.419e-01   259.636    1.4955   2.964e+28  2.218e+28  8.872e+27  5.506e+25  6.048e-03  9.156e-02
    8.441     9.735     1.935   4.555e-01   252.884    1.4951   2.520e+28  1.887e+28  7.547e+27  3.013e+25  9.426e-03  6.878e-02
    9.735    11.010     1.906   3.820e-01   246.334    1.4947   2.137e+28  1.601e+28  6.403e+27  1.582e+25  1.193e-02  3.030e-02
   11.010    12.270     1.883   3.196e-01   239.786    1.4943   1.815e+28  1.359e+28  5.437e+27  8.124e+24  1.111e-02  9.304e-03
   12.270    13.530     1.882   2.665e-01   233.041    1.4939   1.556e+28  1.166e+28  4.664e+27  3.937e+24  6.850e-03  1.366e-03
   13.530    14.770     1.852   2.214e-01   226.044    1.4935   1.311e+28  9.827e+27  3.931e+27  1.692e+24  3.456e-03  9.280e-08
   14.770    16.000     1.837   1.831e-01   219.094    1.4931   1.109e+28  8.313e+27  3.326e+27  6.704e+23  2.324e-03  0.000e+00
   16.000    17.250     1.866   1.505e-01   212.736    1.4927   9.539e+27  7.149e+27  2.860e+27  2.655e+23  1.628e-03  0.000e+00
   17.250    18.510     1.880   1.228e-01   207.958    1.4924   8.022e+27  6.011e+27  2.405e+27  1.225e+23  9.191e-04  0.000e+00
   18.510    19.820     1.954   9.939e-02   205.907    1.4920   6.810e+27  5.104e+27  2.042e+27  7.932e+22  2.651e-04  0.000e+00
   19.820    21.000     1.760   8.078e-02   205.893    1.4916   4.988e+27  3.738e+27  1.496e+27  5.471e+22  2.641e-05  0.000e+00
   21.000    22.020     1.521   6.720e-02   206.246    1.4912   3.583e+27  2.685e+27  1.074e+27  3.865e+22  4.075e-06  0.000e+00
   22.020    23.070     1.565   5.660e-02   206.351    1.4909   3.104e+27  2.326e+27  9.307e+26  3.302e+22  2.928e-06  0.000e+00
   23.070    24.160     1.625   4.744e-02   205.961    1.4906   2.705e+27  2.027e+27  8.109e+26  2.837e+22  2.425e-06  0.000e+00
   24.160    25.260     1.639   3.955e-02   205.067    1.4902   2.285e+27  1.713e+27  6.851e+26  2.370e+22  2.110e-06  0.000e+00
   25.260    26.390     1.684   3.282e-02   203.725    1.4899   1.960e+27  1.469e+27  5.877e+26  2.032e+22  2.070e-06  0.000e+00
   26.390    27.540     1.713   2.710e-02   202.028    1.4895   1.660e+27  1.244e+27  4.978e+26  1.746e+22  2.824e-06  0.000e+00
   27.540    28.710     1.742   2.227e-02   200.084    1.4892   1.401e+27  1.050e+27  4.200e+26  1.497e+22  5.429e-06  0.000e+00
   28.710    29.890     1.757   1.820e-02   197.936    1.4888   1.167e+27  8.746e+26  3.499e+26  1.244e+22  9.137e-06  0.000e+00
   29.890    31.090     1.786   1.480e-02   195.640    1.4884   9.761e+26  7.315e+26  2.926e+26  1.017e+22  1.146e-05  0.000e+00
   31.090    32.300     1.801   1.198e-02   193.434    1.4881   8.055e+26  6.036e+26  2.415e+26  8.149e+21  1.225e-05  0.000e+00
   32.300    33.530     1.830   9.654e-03   191.677    1.4877   6.654e+26  4.986e+26  1.995e+26  6.548e+21  1.164e-05  0.000e+00
   33.530    34.780     1.859   7.736e-03   190.370    1.4873   5.453e+26  4.086e+26  1.635e+26  5.236e+21  9.250e-06  0.000e+00
   34.780    36.050     1.888   6.169e-03   189.367    1.4869   4.439e+26  3.327e+26  1.331e+26  4.159e+21  7.132e-06  0.000e+00
   36.050    37.340     1.918   4.895e-03   188.323    1.4865   3.596e+26  2.695e+26  1.078e+26  3.271e+21  6.181e-06  0.000e+00
   37.340    38.640     1.932   3.865e-03   186.883    1.4861   2.882e+26  2.160e+26  8.640e+25  2.516e+21  5.937e-06  0.000e+00
   38.640    39.960     1.961   3.036e-03   184.991    1.4857   2.321e+26  1.739e+26  6.959e+25  1.917e+21  5.923e-06  0.000e+00
   39.960    41.300     1.990   2.373e-03   182.844    1.4853   1.862e+26  1.396e+26  5.584e+25  1.457e+21  5.256e-06  0.000e+00
   41.300    42.640     1.990   1.846e-03   180.933    1.4849   1.463e+26  1.097e+26  4.387e+25  1.107e+21  3.634e-06  0.000e+00
   42.640    44.010     2.034   1.429e-03   180.148    1.4845   1.163e+26  8.713e+25  3.486e+25  8.772e+20  1.842e-06  0.000e+00
   44.010    45.400     2.063   1.101e-03   180.773    1.4841   9.048e+25  6.781e+25  2.713e+25  6.970e+20  8.267e-07  0.000e+00
   45.400    60.300    22.077   6.673e-04   181.400    1.4817   5.490e+26  4.114e+26  1.646e+26  4.288e+21  4.088e-06  0.000e+00
   60.300    66.200     8.723   3.196e-04   181.400    1.4785   1.101e+26  8.250e+25  3.300e+25  8.599e+20  8.196e-07  0.000e+00
   66.200    74.420    12.137   2.091e-04   181.400    1.4765   9.916e+25  7.431e+25  2.973e+25  7.745e+20  7.383e-07  0.000e+00
   74.420    85.900    16.917   1.166e-04   181.400    1.4736   7.556e+25  5.663e+25  2.265e+25  5.902e+20  5.626e-07  0.000e+00
   85.900   101.900    23.514   5.244e-05   181.400    1.4696   4.548e+25  3.408e+25  1.363e+25  3.552e+20  3.386e-07  0.000e+00
  101.900   124.300    32.797   1.767e-05   181.400    1.4642   1.993e+25  1.494e+25  5.976e+24  1.557e+20  1.484e-07  0.000e+00
  124.300   155.500    45.451   4.052e-06   181.400    1.4567   5.603e+24  4.199e+24  1.680e+24  4.377e+19  4.172e-08  0.000e+00
# ----------------------------------------------------------------------------------------------
# Integrated atmospheric columns                       1.4955   4.449e+29  3.321e+29  1.329e+29  2.269e+27  5.984e-02  6.760e-01
# ----------------------------------------------------------------------------------------------
