# ----------------------------------------------------------------------------------------------
# NASA-GSFC Planetary Spectrum Generator (PSG, Villanueva et al. 2015)
# Atmospheric layering information considered by PUMAS
# Synthesized on Tue Nov 21 15:11:41 2017
# Radiative transfer method: correlated-k
# Synthesis spectral resolution [cm-1] and resolving power: 8.913678 5.010e+02
# Scattering parameters (nmax, lmax): 0 0
# ----------------------------------------------------------------------------------------------
# Molecular abundance profile: 
# Molecules considered: N2,CO2,H2O
# Molecular sources: HIT[22],HIT[2],HIT[1]
# Molecular abundances: 1,1,1
# Molecular abundance units: scl,scl,scl
# Collission-Induced-Absorption:  N2-N2(3.71-5.00um)
# Rayleigh scattering included
# ----------------------------------------------------------------------------------------------
# Aerosols considered: WaterIce,Cloud
# Aerosols sources: CRISM_Wolff[reff=2.0um 0.31-99.57um],White_GSFC[reff=1.0um 0.10-1000000.00um]
# Aerosols abundances: 1,1
# Aerosols abundance units: scl,scl
# Aerosols sizes [um]: 154.828352103,14.0
# ----------------------------------------------------------------------------------------------
# Input layer-by-layer atmospheric profile
# Molecular abundances in molec/molec and aerosols in kg/kg
# ----------------------------------------------------------------------------------------------
# Alt[km] Pressure[bar] Temp[K]         N2        CO2        H2O   WaterIce      Cloud
# ----------------------------------------------------------------------------------------------
    0.000   1.406e+00   283.445   7.439e-01  2.976e-01  9.478e-03  4.731e-10  1.447e-04
    0.253   1.364e+00   286.600   7.439e-01  2.976e-01  9.481e-03  4.934e-15  5.433e-05
    0.626   1.305e+00   289.300   7.439e-01  2.976e-01  9.449e-03  2.245e-26  3.022e-05
    1.232   1.215e+00   289.700   7.441e-01  2.977e-01  9.124e-03  2.389e-12  2.375e-05
    2.067   1.100e+00   287.800   7.449e-01  2.980e-01  7.793e-03  1.298e-08  2.414e-05
    3.126   9.694e-01   283.500   7.459e-01  2.984e-01  6.033e-03  1.428e-07  2.775e-05
    4.392   8.307e-01   277.100   7.468e-01  2.987e-01  4.546e-03  7.203e-07  3.554e-05
    5.751   7.009e-01   269.600   7.476e-01  2.990e-01  3.165e-03  1.810e-06  4.043e-05
    7.084   5.906e-01   262.300   7.482e-01  2.993e-01  2.002e-03  4.730e-06  3.797e-05
    8.395   4.968e-01   255.500   7.488e-01  2.995e-01  1.130e-03  7.900e-06  2.402e-05
    9.686   4.171e-01   249.100   7.490e-01  2.996e-01  6.595e-04  8.067e-06  1.313e-05
   10.960   3.494e-01   242.700   7.492e-01  2.997e-01  3.841e-04  5.830e-06  4.722e-06
   12.230   2.918e-01   236.300   7.493e-01  2.997e-01  2.200e-04  3.964e-06  1.046e-06
   13.480   2.428e-01   229.700   7.493e-01  2.997e-01  1.243e-04  1.997e-06  8.139e-09
   14.720   2.012e-01   222.700   7.494e-01  2.998e-01  6.608e-05  1.971e-06  0.000e+00
   15.960   1.658e-01   215.900   7.494e-01  2.998e-01  3.281e-05  1.819e-06  0.000e+00
   17.210   1.358e-01   210.200   7.494e-01  2.998e-01  1.735e-05  1.396e-06  0.000e+00
   18.480   1.102e-01   206.600   7.494e-01  2.998e-01  1.203e-05  1.011e-06  0.000e+00
   19.790   8.871e-02   205.900   7.494e-01  2.998e-01  1.102e-05  2.588e-07  0.000e+00
   20.980   7.287e-02   206.400   7.494e-01  2.998e-01  1.084e-05  2.297e-08  0.000e+00
   22.000   6.152e-02   206.700   7.494e-01  2.998e-01  1.070e-05  1.467e-08  0.000e+00
   23.060   5.168e-02   206.500   7.494e-01  2.998e-01  1.055e-05  1.445e-08  0.000e+00
   24.140   4.319e-02   205.800   7.494e-01  2.998e-01  1.041e-05  1.617e-08  0.000e+00
   25.250   3.592e-02   204.600   7.494e-01  2.998e-01  1.030e-05  1.764e-08  0.000e+00
   26.370   2.973e-02   203.000   7.494e-01  2.998e-01  1.034e-05  2.182e-08  0.000e+00
   27.520   2.448e-02   201.100   7.494e-01  2.998e-01  1.058e-05  4.851e-08  0.000e+00
   28.690   2.006e-02   198.900   7.494e-01  2.998e-01  1.073e-05  1.131e-07  0.000e+00
   29.870   1.635e-02   196.600   7.494e-01  2.998e-01  1.058e-05  1.648e-07  0.000e+00
   31.070   1.326e-02   194.400   7.494e-01  2.998e-01  1.019e-05  1.922e-07  0.000e+00
   32.280   1.071e-02   192.700   7.494e-01  2.998e-01  9.776e-06  2.029e-07  0.000e+00
   33.510   8.600e-03   191.300   7.494e-01  2.998e-01  9.480e-06  1.883e-07  0.000e+00
   34.760   6.873e-03   190.200   7.494e-01  2.998e-01  9.234e-06  1.846e-07  0.000e+00
   36.040   5.465e-03   189.000   7.494e-01  2.998e-01  8.959e-06  2.128e-07  0.000e+00
   37.330   4.325e-03   187.300   7.494e-01  2.998e-01  8.621e-06  2.879e-07  0.000e+00
   38.630   3.405e-03   185.300   7.494e-01  2.998e-01  8.175e-06  4.188e-07  0.000e+00
   39.940   2.667e-03   183.000   7.494e-01  2.998e-01  7.707e-06  5.821e-07  0.000e+00
   41.270   2.079e-03   180.800   7.494e-01  2.998e-01  7.417e-06  6.935e-07  0.000e+00
   42.610   1.613e-03   179.100   7.494e-01  2.998e-01  7.362e-06  6.186e-07  0.000e+00
   43.960   1.245e-03   178.000   7.494e-01  2.998e-01  7.532e-06  4.059e-07  0.000e+00
   45.330   9.559e-04   177.500   7.494e-01  2.998e-01  7.762e-06  3.369e-07  0.000e+00
   59.870   3.776e-04   177.500   7.494e-01  2.998e-01  7.762e-06  3.369e-07  0.000e+00
   65.620   2.615e-04   177.500   7.494e-01  2.998e-01  7.762e-06  3.369e-07  0.000e+00
   73.640   1.566e-04   177.500   7.494e-01  2.998e-01  7.762e-06  3.369e-07  0.000e+00
   84.840   7.656e-05   177.500   7.494e-01  2.998e-01  7.762e-06  3.369e-07  0.000e+00
  100.500   2.820e-05   177.500   7.494e-01  2.998e-01  7.762e-06  3.369e-07  0.000e+00
  122.300   6.996e-06   177.500   7.494e-01  2.998e-01  7.762e-06  3.369e-07  0.000e+00
  152.700   1.000e-06   177.500   7.494e-01  2.998e-01  7.762e-06  3.369e-07  0.000e+00
#
# ----------------------------------------------------------------------------------------------
# Curtis-Godson integrated layer information used by the radiative transfer analysis
# Oblique molecular layer columns in molec/m2 and aerosols in kg/m2
# ----------------------------------------------------------------------------------------------
# Low[km]  High[km]  Path[km] Pressure[bar] Temp[K]   Airmass   dcol[m-2]         N2        CO2        H2O   WaterIce      Cloud
# ----------------------------------------------------------------------------------------------
    0.000     0.253     0.379   1.385e+00   285.008    1.4980   1.337e+28  9.948e+27  3.980e+27  1.268e+26  4.513e-08  7.032e-02
    0.253     0.626     0.558   1.335e+00   287.935    1.4979   1.878e+28  1.397e+28  5.588e+27  1.777e+26  6.094e-13  4.391e-02
    0.626     1.232     0.908   1.260e+00   289.497    1.4977   2.864e+28  2.131e+28  8.525e+27  2.660e+26  2.109e-10  4.370e-02
    1.232     2.067     1.250   1.157e+00   288.766    1.4975   3.630e+28  2.703e+28  1.081e+28  3.068e+26  3.076e-06  4.930e-02
    2.067     3.126     1.586   1.035e+00   285.691    1.4972   4.156e+28  3.098e+28  1.239e+28  2.865e+26  1.251e-04  6.098e-02
    3.126     4.392     1.895   8.998e-01   280.372    1.4968   4.400e+28  3.284e+28  1.314e+28  2.319e+26  8.754e-04  7.836e-02
    4.392     5.751     2.034   7.655e-01   273.441    1.4964   4.118e+28  3.077e+28  1.231e+28  1.577e+26  2.732e-03  8.845e-02
    5.751     7.084     1.994   6.455e-01   266.040    1.4960   3.499e+28  2.617e+28  1.047e+28  8.936e+25  5.964e-03  7.784e-02
    7.084     8.395     1.961   5.435e-01   258.985    1.4955   2.976e+28  2.227e+28  8.909e+27  4.569e+25  1.036e-02  5.171e-02
    8.395     9.686     1.930   4.568e-01   252.382    1.4951   2.526e+28  1.892e+28  7.568e+27  2.223e+25  1.144e-02  2.603e-02
    9.686    10.960     1.904   3.831e-01   245.982    1.4947   2.145e+28  1.607e+28  6.427e+27  1.100e+25  8.414e-03  1.013e-02
   10.960    12.230     1.898   3.205e-01   239.584    1.4943   1.836e+28  1.375e+28  5.501e+27  5.445e+24  5.062e-03  2.589e-03
   12.230    13.480     1.867   2.672e-01   233.087    1.4939   1.548e+28  1.160e+28  4.639e+27  2.614e+24  2.541e-03  2.032e-04
   13.480    14.720     1.852   2.219e-01   226.294    1.4935   1.313e+28  9.839e+27  3.936e+27  1.220e+24  1.478e-03  3.534e-09
   14.720    15.960     1.852   1.834e-01   219.394    1.4931   1.119e+28  8.385e+27  3.354e+27  5.368e+23  1.203e-03  0.000e+00
   15.960    17.210     1.866   1.507e-01   213.134    1.4928   9.537e+27  7.147e+27  2.859e+27  2.336e+23  8.679e-04  0.000e+00
   17.210    18.480     1.895   1.230e-01   208.459    1.4924   8.076e+27  6.052e+27  2.421e+27  1.180e+23  5.494e-04  0.000e+00
   18.480    19.790     1.954   9.946e-02   206.263    1.4920   6.803e+27  5.098e+27  2.040e+27  7.848e+22  2.182e-04  0.000e+00
   19.790    20.980     1.775   8.080e-02   206.142    1.4916   5.025e+27  3.766e+27  1.507e+27  5.494e+22  2.889e-05  0.000e+00
   20.980    22.000     1.521   6.720e-02   206.546    1.4912   3.578e+27  2.681e+27  1.073e+27  3.854e+22  3.781e-06  0.000e+00
   22.000    23.060     1.580   5.660e-02   206.603    1.4909   3.130e+27  2.346e+27  9.384e+26  3.326e+22  2.585e-06  0.000e+00
   23.060    24.140     1.610   4.744e-02   206.161    1.4906   2.677e+27  2.006e+27  8.027e+26  2.806e+22  2.319e-06  0.000e+00
   24.140    25.250     1.654   3.955e-02   205.218    1.4902   2.304e+27  1.727e+27  6.908e+26  2.386e+22  2.205e-06  0.000e+00
   25.250    26.370     1.669   3.282e-02   203.825    1.4899   1.942e+27  1.455e+27  5.822e+26  2.004e+22  2.158e-06  0.000e+00
   26.370    27.520     1.713   2.710e-02   202.080    1.4895   1.660e+27  1.244e+27  4.977e+26  1.736e+22  3.106e-06  0.000e+00
   27.520    28.690     1.742   2.227e-02   200.035    1.4892   1.401e+27  1.050e+27  4.201e+26  1.493e+22  5.984e-06  0.000e+00
   28.690    29.870     1.757   1.820e-02   197.788    1.4888   1.168e+27  8.752e+26  3.501e+26  1.245e+22  9.041e-06  0.000e+00
   29.870    31.070     1.786   1.480e-02   195.537    1.4885   9.766e+26  7.318e+26  2.928e+26  1.015e+22  9.842e-06  0.000e+00
   31.070    32.280     1.801   1.198e-02   193.580    1.4881   8.049e+26  6.032e+26  2.413e+26  8.040e+21  9.008e-06  0.000e+00
   32.280    33.510     1.830   9.654e-03   192.025    1.4877   6.641e+26  4.977e+26  1.991e+26  6.397e+21  7.375e-06  0.000e+00
   33.510    34.760     1.859   7.736e-03   190.770    1.4873   5.441e+26  4.078e+26  1.631e+26  5.094e+21  5.756e-06  0.000e+00
   34.760    36.040     1.903   6.169e-03   189.623    1.4869   4.468e+26  3.348e+26  1.339e+26  4.066e+21  5.013e-06  0.000e+00
   36.040    37.330     1.918   4.895e-03   188.182    1.4865   3.599e+26  2.697e+26  1.079e+26  3.165e+21  5.042e-06  0.000e+00
   37.330    38.630     1.932   3.864e-03   186.339    1.4862   2.890e+26  2.166e+26  8.666e+25  2.429e+21  5.685e-06  0.000e+00
   38.630    39.940     1.946   3.035e-03   184.195    1.4858   2.313e+26  1.734e+26  6.936e+25  1.839e+21  6.466e-06  0.000e+00
   39.940    41.270     1.976   2.373e-03   181.944    1.4854   1.858e+26  1.392e+26  5.569e+25  1.406e+21  6.680e-06  0.000e+00
   41.270    42.610     1.990   1.846e-03   179.985    1.4849   1.471e+26  1.102e+26  4.411e+25  1.087e+21  5.481e-06  0.000e+00
   42.610    43.960     2.004   1.429e-03   178.573    1.4845   1.156e+26  8.662e+25  3.465e+25  8.603e+20  3.339e-06  0.000e+00
   43.960    45.330     2.033   1.100e-03   177.761    1.4841   9.069e+25  6.796e+25  2.719e+25  6.930e+20  1.913e-06  0.000e+00
   45.330    59.870    21.544   6.673e-04   177.500    1.4817   5.475e+26  4.103e+26  1.642e+26  4.250e+21  1.046e-05  0.000e+00
   59.870    65.620     8.503   3.196e-04   177.500    1.4787   1.097e+26  8.218e+25  3.287e+25  8.512e+20  2.095e-06  0.000e+00
   65.620    73.640    11.843   2.091e-04   177.500    1.4767   9.888e+25  7.410e+25  2.965e+25  7.675e+20  1.890e-06  0.000e+00
   73.640    84.840    16.507   1.166e-04   177.500    1.4738   7.535e+25  5.647e+25  2.259e+25  5.849e+20  1.440e-06  0.000e+00
   84.840   100.500    23.020   5.244e-05   177.500    1.4700   4.550e+25  3.410e+25  1.364e+25  3.532e+20  8.694e-07  0.000e+00
  100.500   122.300    31.929   1.767e-05   177.500    1.4646   1.983e+25  1.486e+25  5.946e+24  1.539e+20  3.790e-07  0.000e+00
  122.300   152.700    44.305   4.051e-06   177.500    1.4574   5.582e+24  4.183e+24  1.673e+24  4.333e+19  1.067e-07  0.000e+00
# ----------------------------------------------------------------------------------------------
# Integrated atmospheric columns                       1.4956   4.465e+29  3.336e+29  1.335e+29  1.732e+27  5.198e-02  6.035e-01
# ----------------------------------------------------------------------------------------------
