results_atm.txt
# ------------------------------------------------------------------------
# Atmospheric radiances synthesized with PUMAS (Villanueva et al. 2016, Smith et al. 2009, Edwards 1992)
# Molecular abundance profile: 
# Molecules considered: N2,CO2,H2O
# Molecular sources: HIT[22],HIT[2],HIT[1]
# Molecular abundances: 1,1,1
# Molecular abundance units: scl,scl,scl
# Collission-Induced-Absorption:  N2-N2(3.33-5.41um)
# Rayleigh scattering included
# ------------------------------------------------------------------------
# Wave/freq TRAPPIST-1-e
1.000000000e+00  6.23456e-10
1.010000000e+00  6.27106e-10
1.020000000e+00  6.30418e-10
1.030000000e+00  6.33384e-10
1.040000000e+00  6.18490e-10
1.050000000e+00  6.38159e-10
1.060000000e+00  6.39265e-10
1.070000000e+00  6.37004e-10
1.080000000e+00  6.42977e-10
1.090000000e+00  6.44390e-10
1.100000000e+00  6.45041e-10
1.110000000e+00  6.45552e-10
1.120000000e+00  6.41756e-10
1.130000000e+00  6.39822e-10
1.140000000e+00  6.43386e-10
1.150000000e+00  6.41775e-10
1.160000000e+00  6.44029e-10
1.170000000e+00  6.43641e-10
1.180000000e+00  6.42407e-10
1.190000000e+00  6.41034e-10
1.200000000e+00  6.39602e-10
1.210000000e+00  5.38145e-10
1.220000000e+00  5.83640e-10
1.230000000e+00  6.02898e-10
1.240000000e+00  6.22460e-10
1.250000000e+00  6.29206e-10
1.260000000e+00  6.24482e-10
1.270000000e+00  6.21952e-10
1.280000000e+00  6.21836e-10
1.290000000e+00  6.14602e-10
1.300000000e+00  6.05639e-10
1.310000000e+00  6.12521e-10
1.320000000e+00  5.64707e-10
1.330000000e+00  6.05492e-10
1.340000000e+00  5.74860e-10
1.350000000e+00  5.91098e-10
1.360000000e+00  5.79650e-10
1.370000000e+00  5.72424e-10
1.380000000e+00  5.69693e-10
1.390000000e+00  5.70429e-10
1.400000000e+00  5.67513e-10
1.410000000e+00  5.61470e-10
1.420000000e+00  5.70754e-10
1.430000000e+00  5.62889e-10
1.440000000e+00  2.65652e-10
1.450000000e+00  4.62682e-10
1.460000000e+00  5.50928e-10
1.470000000e+00  5.47537e-10
1.480000000e+00  5.07787e-10
1.490000000e+00  5.33478e-10
1.500000000e+00  5.06202e-10
1.510000000e+00  5.32750e-10
1.520000000e+00  5.29225e-10
1.530000000e+00  4.88354e-10
1.540000000e+00  4.48925e-10
1.550000000e+00  5.04933e-10
1.560000000e+00  5.10481e-10
1.570000000e+00  4.54831e-10
1.580000000e+00  3.14067e-10
1.590000000e+00  4.75154e-10
1.600000000e+00  4.39436e-10
1.610000000e+00  3.07806e-10
1.620000000e+00  4.23157e-10
1.630000000e+00  4.60602e-10
1.640000000e+00  4.38465e-10
1.650000000e+00  4.26382e-10
1.660000000e+00  4.49795e-10
1.670000000e+00  4.51250e-10
1.680000000e+00  4.52784e-10
1.690000000e+00  4.56357e-10
1.700000000e+00  4.53943e-10
1.710000000e+00  4.46110e-10
1.720000000e+00  4.45015e-10
1.730000000e+00  4.41962e-10
1.740000000e+00  4.37990e-10
1.750000000e+00  4.33775e-10
1.760000000e+00  4.29090e-10
1.770000000e+00  4.25270e-10
1.780000000e+00  4.21472e-10
1.790000000e+00  4.17050e-10
1.800000000e+00  4.13037e-10
1.810000000e+00  4.08403e-10
1.820000000e+00  4.00658e-10
1.830000000e+00  3.93312e-10
1.840000000e+00  3.83293e-10
1.850000000e+00  3.80868e-10
1.860000000e+00  3.73746e-10
1.870000000e+00  3.74490e-10
1.880000000e+00  3.31614e-10
1.890000000e+00  3.31804e-10
1.900000000e+00  3.58011e-10
1.910000000e+00  3.54729e-10
1.920000000e+00  3.58858e-10
1.930000000e+00  3.55809e-10
1.940000000e+00  3.40406e-10
1.950000000e+00  1.88141e-10
1.960000000e+00  6.21085e-11
1.970000000e+00  6.76572e-11
1.980000000e+00  1.92536e-10
1.990000000e+00  2.62252e-10
2.000000000e+00  1.58480e-10
2.010000000e+00  3.90011e-11
2.020000000e+00  4.82976e-11
2.030000000e+00  1.20067e-10
2.040000000e+00  1.43722e-10
2.050000000e+00  1.30254e-10
2.060000000e+00  6.21029e-11
2.070000000e+00  6.75250e-11
2.080000000e+00  1.25535e-10
2.090000000e+00  1.60658e-10
2.100000000e+00  2.09656e-10
2.110000000e+00  2.51397e-10
2.120000000e+00  2.62222e-10
2.130000000e+00  2.85841e-10
2.140000000e+00  2.88288e-10
2.150000000e+00  2.62904e-10
2.160000000e+00  2.60670e-10
2.170000000e+00  2.57434e-10
2.180000000e+00  2.69936e-10
2.190000000e+00  2.76876e-10
2.200000000e+00  2.76608e-10
2.210000000e+00  2.74642e-10
2.220000000e+00  2.70859e-10
2.230000000e+00  2.68552e-10
2.240000000e+00  2.67171e-10
2.250000000e+00  2.64447e-10
2.260000000e+00  2.60533e-10
2.270000000e+00  2.59179e-10
2.280000000e+00  2.56415e-10
2.290000000e+00  2.54414e-10
2.300000000e+00  2.51893e-10
2.310000000e+00  2.49422e-10
2.320000000e+00  2.46996e-10
2.330000000e+00  2.44554e-10
2.340000000e+00  2.42134e-10
2.350000000e+00  2.39741e-10
2.360000000e+00  2.37372e-10
2.370000000e+00  2.35059e-10
2.380000000e+00  2.32691e-10
2.390000000e+00  2.30268e-10
2.400000000e+00  2.27879e-10
2.410000000e+00  2.25610e-10
2.420000000e+00  2.23667e-10
2.430000000e+00  2.21761e-10
2.440000000e+00  2.18658e-10
2.450000000e+00  2.17078e-10
2.460000000e+00  2.15386e-10
2.470000000e+00  2.13106e-10
2.480000000e+00  2.09665e-10
2.490000000e+00  2.02081e-10
2.500000000e+00  2.01668e-10
2.510000000e+00  2.00005e-10
2.520000000e+00  1.97034e-10
2.530000000e+00  1.98801e-10
2.540000000e+00  1.95354e-10
2.550000000e+00  1.90438e-10
2.560000000e+00  1.90925e-10
2.570000000e+00  1.77107e-10
2.580000000e+00  1.68402e-10
2.590000000e+00  1.61687e-10
2.600000000e+00  1.47874e-10
2.610000000e+00  1.54211e-10
2.620000000e+00  1.51789e-10
2.630000000e+00  1.59062e-10
2.640000000e+00  1.56104e-10
2.650000000e+00  1.65728e-10
2.660000000e+00  1.32621e-10
2.670000000e+00  1.68701e-11
2.680000000e+00  2.54222e-12
2.690000000e+00  6.60235e-13
2.700000000e+00  9.88010e-13
2.710000000e+00  1.02160e-12
2.720000000e+00  2.75983e-12
2.730000000e+00  5.61952e-12
2.740000000e+00  5.52345e-12
2.750000000e+00  2.73901e-12
2.760000000e+00  6.86262e-13
2.770000000e+00  5.39700e-13
2.780000000e+00  3.81528e-13
2.790000000e+00  4.83772e-13
2.800000000e+00  8.74031e-13
2.810000000e+00  1.28487e-12
2.820000000e+00  1.45975e-12
2.830000000e+00  1.51492e-12
2.840000000e+00  1.95897e-12
2.850000000e+00  1.25944e-12
2.860000000e+00  2.61703e-12
2.870000000e+00  8.39190e-12
2.880000000e+00  1.42720e-11
2.890000000e+00  2.39110e-11
2.900000000e+00  3.53104e-11
2.910000000e+00  4.13884e-11
2.920000000e+00  4.49300e-11
2.930000000e+00  4.60314e-11
2.940000000e+00  4.72215e-11
2.950000000e+00  4.87614e-11
2.960000000e+00  4.84666e-11
2.970000000e+00  4.45973e-11
2.980000000e+00  3.91509e-11
2.990000000e+00  3.80052e-11
3.000000000e+00  4.26702e-11
3.010000000e+00  4.74833e-11
3.020000000e+00  4.38705e-11
3.030000000e+00  4.65215e-11
3.040000000e+00  4.94481e-11
3.050000000e+00  5.08544e-11
3.060000000e+00  5.09526e-11
3.070000000e+00  5.19548e-11
3.080000000e+00  5.23663e-11
3.090000000e+00  5.20686e-11
3.100000000e+00  5.19688e-11
3.110000000e+00  5.14312e-11
3.120000000e+00  4.97492e-11
3.130000000e+00  4.84549e-11
3.140000000e+00  4.92233e-11
3.150000000e+00  5.05291e-11
3.160000000e+00  5.01766e-11
3.170000000e+00  4.96164e-11
3.180000000e+00  5.06249e-11
3.190000000e+00  5.17042e-11
3.200000000e+00  5.25066e-11
3.210000000e+00  5.32862e-11
3.220000000e+00  5.43778e-11
3.230000000e+00  5.51198e-11
3.240000000e+00  5.66231e-11
3.250000000e+00  5.73879e-11
3.260000000e+00  5.87305e-11
3.270000000e+00  5.95174e-11
3.280000000e+00  6.09354e-11
3.290000000e+00  6.23890e-11
3.300000000e+00  6.33605e-11
3.310000000e+00  6.44769e-11
3.320000000e+00  6.60434e-11
3.330000000e+00  6.67941e-11
3.340000000e+00  6.80198e-11
3.350000000e+00  6.87919e-11
3.360000000e+00  6.86738e-11
3.370000000e+00  7.07699e-11
3.380000000e+00  7.18430e-11
3.390000000e+00  7.26988e-11
3.400000000e+00  7.31902e-11
3.410000000e+00  7.35761e-11
3.420000000e+00  7.39862e-11
3.430000000e+00  7.43616e-11
3.440000000e+00  7.47222e-11
3.450000000e+00  7.50095e-11
3.460000000e+00  7.50022e-11
3.470000000e+00  7.49098e-11
3.480000000e+00  7.47973e-11
3.490000000e+00  7.46862e-11
3.500000000e+00  7.45708e-11
3.510000000e+00  7.44517e-11
3.520000000e+00  7.42711e-11
3.530000000e+00  7.39163e-11
3.540000000e+00  7.35497e-11
3.550000000e+00  7.31675e-11
3.560000000e+00  7.27299e-11
3.570000000e+00  7.21925e-11
3.580000000e+00  7.15803e-11
3.590000000e+00  7.06618e-11
3.600000000e+00  6.89099e-11
3.610000000e+00  6.71043e-11
3.620000000e+00  6.57740e-11
3.630000000e+00  6.67646e-11
3.640000000e+00  6.60170e-11
3.650000000e+00  6.47327e-11
3.660000000e+00  6.57287e-11
3.670000000e+00  6.68819e-11
3.680000000e+00  6.70410e-11
3.690000000e+00  6.66165e-11
3.700000000e+00  6.61728e-11
3.710000000e+00  6.57670e-11
3.720000000e+00  6.51718e-11
3.730000000e+00  6.47136e-11
3.740000000e+00  6.42841e-11
3.750000000e+00  6.36429e-11
3.760000000e+00  6.24795e-11
3.770000000e+00  6.10658e-11
3.780000000e+00  5.96696e-11
3.790000000e+00  5.78966e-11
3.800000000e+00  5.39628e-11
3.810000000e+00  4.87525e-11
3.820000000e+00  4.90537e-11
3.830000000e+00  5.28008e-11
3.840000000e+00  5.01443e-11
3.850000000e+00  4.85438e-11
3.860000000e+00  5.05921e-11
3.870000000e+00  5.36287e-11
3.880000000e+00  5.54148e-11
3.890000000e+00  5.59735e-11
3.900000000e+00  5.60833e-11
3.910000000e+00  5.58308e-11
3.920000000e+00  5.53601e-11
3.930000000e+00  5.46624e-11
3.940000000e+00  5.37053e-11
3.950000000e+00  5.25671e-11
3.960000000e+00  5.07483e-11
3.970000000e+00  4.89179e-11
3.980000000e+00  4.59173e-11
3.990000000e+00  4.40686e-11
4.000000000e+00  4.58213e-11
4.010000000e+00  4.65073e-11
4.020000000e+00  4.37537e-11
4.030000000e+00  4.36609e-11
4.040000000e+00  4.49244e-11
4.050000000e+00  4.64731e-11
4.060000000e+00  4.77727e-11
4.070000000e+00  4.78656e-11
4.080000000e+00  4.67455e-11
4.090000000e+00  4.53020e-11
4.100000000e+00  4.41735e-11
4.110000000e+00  4.41397e-11
4.120000000e+00  4.44421e-11
4.130000000e+00  4.41690e-11
4.140000000e+00  4.30717e-11
4.150000000e+00  4.32098e-11
4.160000000e+00  3.90812e-11
4.170000000e+00  1.63649e-11
4.180000000e+00  5.96082e-12
4.190000000e+00  3.45622e-12
4.200000000e+00  1.49320e-12
4.210000000e+00  4.25700e-13
4.220000000e+00  1.18135e-13
4.230000000e+00  6.53771e-14
4.240000000e+00  5.22549e-14
4.250000000e+00  5.00378e-14
4.260000000e+00  5.94138e-14
4.270000000e+00  6.37129e-14
4.280000000e+00  5.40253e-14
4.290000000e+00  5.53848e-14
4.300000000e+00  6.25963e-14
4.310000000e+00  7.18785e-14
4.320000000e+00  8.76006e-14
4.330000000e+00  1.31212e-13
4.340000000e+00  1.93454e-13
4.350000000e+00  2.54020e-13
4.360000000e+00  2.57041e-13
4.370000000e+00  2.80483e-13
4.380000000e+00  3.88594e-13
4.390000000e+00  5.64411e-13
4.400000000e+00  3.99152e-13
4.410000000e+00  4.02306e-13
4.420000000e+00  4.85476e-13
4.430000000e+00  6.45997e-13
4.440000000e+00  8.96674e-13
4.450000000e+00  1.34037e-12
4.460000000e+00  2.01123e-12
4.470000000e+00  2.51888e-12
4.480000000e+00  3.44135e-12
4.490000000e+00  4.46335e-12
4.500000000e+00  7.38653e-12
4.510000000e+00  1.27971e-11
4.520000000e+00  1.82276e-11
4.530000000e+00  2.36942e-11
4.540000000e+00  2.68261e-11
4.550000000e+00  2.87939e-11
4.560000000e+00  2.93324e-11
4.570000000e+00  2.98482e-11
4.580000000e+00  2.99969e-11
4.590000000e+00  3.00576e-11
4.600000000e+00  3.00327e-11
4.610000000e+00  2.99095e-11
4.620000000e+00  2.89056e-11
4.630000000e+00  2.84389e-11
4.640000000e+00  2.85522e-11
4.650000000e+00  2.84650e-11
4.660000000e+00  2.86354e-11
4.670000000e+00  2.85682e-11
4.680000000e+00  2.72483e-11
4.690000000e+00  2.64589e-11
4.700000000e+00  2.55039e-11
4.710000000e+00  1.79598e-11
4.720000000e+00  2.23943e-11
4.730000000e+00  1.97676e-11
4.740000000e+00  1.80761e-11
4.750000000e+00  1.69037e-11
4.760000000e+00  1.62740e-11
4.770000000e+00  1.67869e-11
4.780000000e+00  1.39347e-11
4.790000000e+00  1.14780e-11
4.800000000e+00  9.31021e-12
4.810000000e+00  6.11495e-12
4.820000000e+00  3.18444e-12
4.830000000e+00  3.71156e-12
4.840000000e+00  3.88753e-12
4.850000000e+00  3.75139e-12
4.860000000e+00  3.48089e-12
4.870000000e+00  3.77963e-12
4.880000000e+00  4.60273e-12
4.890000000e+00  5.56339e-12
4.900000000e+00  8.71301e-12
4.910000000e+00  1.16803e-11
4.920000000e+00  1.08235e-11
4.930000000e+00  1.63404e-11
4.940000000e+00  1.76986e-11
4.950000000e+00  1.72501e-11
4.960000000e+00  1.88940e-11
4.970000000e+00  2.05178e-11
4.980000000e+00  2.12002e-11
4.990000000e+00  2.27691e-11
5.000000000e+00  2.11158e-11
results_cfg.txt
<OBJECT-SUMMARY>Target: TRAPPIST-1 e for date (2017/05/25 15:22 UT); geometry: Observatory.
<OBJECT>Exoplanet
<OBJECT-NAME>TRAPPIST-1 e
<OBJECT-DATE>2017/05/25 15:22
<OBJECT-DIAMETER>11697
<OBJECT-GRAVITY>3.703632e+24
<OBJECT-GRAVITY-UNIT>kg
<OBJECT-STAR-DISTANCE>0.028170
<OBJECT-STAR-VELOCITY>0
<OBJECT-SOLAR-LONGITUDE>0
<OBJECT-SOLAR-LATITUDE>0
<OBJECT-SEASON>20
<OBJECT-SEASON-YEAR>2016
<OBJECT-STAR-TYPE>M
<OBJECT-STAR-TEMPERATURE>2559.0
<OBJECT-STAR-RADIUS>0.12
<OBJECT-OBS-LONGITUDE>0.0
<OBJECT-OBS-LATITUDE>89.860
<GEOMETRY>Observatory
<GEOMETRY-OFFSET-UNIT>arcsec
<GEOMETRY-OBS-ALTITUDE>12.10
<GEOMETRY-ALTITUDE-UNIT>pc
<GEOMETRY-OBS-ANGLE>48.121
<GEOMETRY-SOLAR-ANGLE>50.936
<GEOMETRY-PLANET-FRACTION>9.985186e-01
<GEOMETRY-STAR-DISTANCE>0.000000e+00
<GEOMETRY-STAR-FRACTION>0.000000e+00
<GEOMETRY-SOLAR-ANGLE>50.936
<GEOMETRY-PHASE>340.000
<ATMOSPHERE-STRUCTURE>Equilibrium
<ATMOSPHERE-WEIGHT>34.1480821547
<ATMOSPHERE-PRESSURE>1.4002197266
<ATMOSPHERE-PUNIT>bar
<ATMOSPHERE-NGAS>3
<ATMOSPHERE-GAS>N2,CO2,H2O
<ATMOSPHERE-TYPE>HIT[22],HIT[2],HIT[1]
<ATMOSPHERE-ABUN>1,1,1
<ATMOSPHERE-UNIT>scl,scl,scl
<ATMOSPHERE-NAERO>2
<ATMOSPHERE-AEROS>WaterIce,Cloud
<ATMOSPHERE-ATYPE>CRISM_Wolff[reff=2.0um 0.31-99.57um],White_GSFC[reff=1.0um 0.10-1000000.00um]
<ATMOSPHERE-AABUN>1,1
<ATMOSPHERE-AUNIT>scl,scl
<ATMOSPHERE-NMAX>0
<ATMOSPHERE-LMAX>0
<ATMOSPHERE-ASIZE>156.271209448,14.0
<ATMOSPHERE-LAYERS-MOLECULES>Altitude,N2,CO2,H2O,WaterIce,Cloud
<ATMOSPHERE-LAYERS>47
<ATMOSPHERE-LAYER-1>1.390E+00,2.955E+02,6.461E-02,7.383E-01,2.953E-01,1.912E-02,2.630E-10,1.593E-04
<ATMOSPHERE-LAYER-2>1.358E+00,2.948E+02,2.613E-01,7.386E-01,2.955E-01,1.847E-02,3.413E-27,9.418E-05
<ATMOSPHERE-LAYER-3>1.300E+00,2.937E+02,6.413E-01,7.397E-01,2.959E-01,1.660E-02,2.581E-26,5.834E-05
<ATMOSPHERE-LAYER-4>1.210E+00,2.918E+02,1.253E+00,7.421E-01,2.968E-01,1.263E-02,2.575E-12,3.016E-05
<ATMOSPHERE-LAYER-5>1.096E+00,2.888E+02,2.093E+00,7.442E-01,2.977E-01,8.902E-03,1.252E-08,1.996E-05
<ATMOSPHERE-LAYER-6>9.657E-01,2.842E+02,3.155E+00,7.458E-01,2.983E-01,6.134E-03,1.333E-07,1.715E-05
<ATMOSPHERE-LAYER-7>8.275E-01,2.777E+02,4.423E+00,7.467E-01,2.987E-01,4.671E-03,5.641E-07,2.032E-05
<ATMOSPHERE-LAYER-8>6.983E-01,2.703E+02,5.785E+00,7.474E-01,2.990E-01,3.384E-03,1.119E-06,3.056E-05
<ATMOSPHERE-LAYER-9>5.884E-01,2.630E+02,7.122E+00,7.481E-01,2.992E-01,2.334E-03,2.453E-06,5.114E-05
<ATMOSPHERE-LAYER-10>4.951E-01,2.562E+02,8.435E+00,7.485E-01,2.994E-01,1.548E-03,4.369E-06,6.080E-05
<ATMOSPHERE-LAYER-11>4.157E-01,2.498E+02,9.729E+00,7.488E-01,2.996E-01,9.721E-04,9.242E-06,4.104E-05
<ATMOSPHERE-LAYER-12>3.482E-01,2.433E+02,1.101E+01,7.491E-01,2.996E-01,6.032E-04,1.185E-05,1.646E-05
<ATMOSPHERE-LAYER-13>2.909E-01,2.368E+02,1.227E+01,7.492E-01,2.997E-01,3.603E-04,1.172E-05,5.253E-06
<ATMOSPHERE-LAYER-14>2.421E-01,2.299E+02,1.353E+01,7.493E-01,2.997E-01,1.933E-04,5.683E-06,2.184E-07
<ATMOSPHERE-LAYER-15>2.007E-01,2.227E+02,1.477E+01,7.494E-01,2.998E-01,9.364E-05,4.418E-06,0.000E+00
<ATMOSPHERE-LAYER-16>1.655E-01,2.157E+02,1.601E+01,7.494E-01,2.998E-01,4.137E-05,3.696E-06,0.000E+00
<ATMOSPHERE-LAYER-17>1.355E-01,2.097E+02,1.725E+01,7.494E-01,2.998E-01,1.906E-05,2.871E-06,0.000E+00
<ATMOSPHERE-LAYER-18>1.101E-01,2.060E+02,1.852E+01,7.494E-01,2.998E-01,1.225E-05,1.559E-06,0.000E+00
<ATMOSPHERE-LAYER-19>8.867E-02,2.056E+02,1.982E+01,7.494E-01,2.998E-01,1.107E-05,2.862E-07,0.000E+00
<ATMOSPHERE-LAYER-20>7.287E-02,2.061E+02,2.100E+01,7.494E-01,2.998E-01,1.086E-05,2.508E-08,0.000E+00
<ATMOSPHERE-LAYER-21>6.152E-02,2.065E+02,2.202E+01,7.494E-01,2.998E-01,1.071E-05,1.643E-08,0.000E+00
<ATMOSPHERE-LAYER-22>5.168E-02,2.064E+02,2.307E+01,7.494E-01,2.998E-01,1.055E-05,1.415E-08,0.000E+00
<ATMOSPHERE-LAYER-23>4.319E-02,2.058E+02,2.416E+01,7.494E-01,2.998E-01,1.041E-05,1.220E-08,0.000E+00
<ATMOSPHERE-LAYER-24>3.592E-02,2.046E+02,2.526E+01,7.494E-01,2.998E-01,1.032E-05,1.202E-08,0.000E+00
<ATMOSPHERE-LAYER-25>2.973E-02,2.032E+02,2.639E+01,7.494E-01,2.998E-01,1.036E-05,1.322E-08,0.000E+00
<ATMOSPHERE-LAYER-26>2.448E-02,2.013E+02,2.754E+01,7.494E-01,2.998E-01,1.059E-05,2.907E-08,0.000E+00
<ATMOSPHERE-LAYER-27>2.006E-02,1.993E+02,2.871E+01,7.494E-01,2.998E-01,1.072E-05,9.343E-08,0.000E+00
<ATMOSPHERE-LAYER-28>1.635E-02,1.970E+02,2.989E+01,7.494E-01,2.998E-01,1.058E-05,1.727E-07,0.000E+00
<ATMOSPHERE-LAYER-29>1.326E-02,1.946E+02,3.109E+01,7.494E-01,2.998E-01,1.030E-05,2.296E-07,0.000E+00
<ATMOSPHERE-LAYER-30>1.071E-02,1.926E+02,3.231E+01,7.494E-01,2.998E-01,9.973E-06,2.855E-07,0.000E+00
<ATMOSPHERE-LAYER-31>8.600E-03,1.911E+02,3.354E+01,7.494E-01,2.998E-01,9.693E-06,2.752E-07,0.000E+00
<ATMOSPHERE-LAYER-32>6.873E-03,1.902E+02,3.479E+01,7.494E-01,2.998E-01,9.455E-06,2.216E-07,0.000E+00
<ATMOSPHERE-LAYER-33>5.465E-03,1.893E+02,3.606E+01,7.494E-01,2.998E-01,9.186E-06,1.930E-07,0.000E+00
<ATMOSPHERE-LAYER-34>4.325E-03,1.883E+02,3.735E+01,7.494E-01,2.998E-01,8.869E-06,1.899E-07,0.000E+00
<ATMOSPHERE-LAYER-35>3.405E-03,1.867E+02,3.867E+01,7.494E-01,2.998E-01,8.440E-06,2.079E-07,0.000E+00
<ATMOSPHERE-LAYER-36>2.667E-03,1.847E+02,3.999E+01,7.494E-01,2.998E-01,7.946E-06,2.410E-07,0.000E+00
<ATMOSPHERE-LAYER-37>2.079E-03,1.824E+02,4.133E+01,7.494E-01,2.998E-01,7.623E-06,2.301E-07,0.000E+00
<ATMOSPHERE-LAYER-38>1.613E-03,1.807E+02,4.268E+01,7.494E-01,2.998E-01,7.516E-06,2.001E-07,0.000E+00
<ATMOSPHERE-LAYER-39>1.245E-03,1.806E+02,4.405E+01,7.494E-01,2.998E-01,7.634E-06,1.162E-07,0.000E+00
<ATMOSPHERE-LAYER-40>9.559E-04,1.816E+02,4.545E+01,7.494E-01,2.998E-01,7.824E-06,5.444E-08,0.000E+00
<ATMOSPHERE-LAYER-41>3.776E-04,1.816E+02,6.039E+01,7.494E-01,2.998E-01,7.824E-06,5.444E-08,0.000E+00
<ATMOSPHERE-LAYER-42>2.615E-04,1.816E+02,6.630E+01,7.494E-01,2.998E-01,7.824E-06,5.444E-08,0.000E+00
<ATMOSPHERE-LAYER-43>1.566E-04,1.816E+02,7.454E+01,7.494E-01,2.998E-01,7.824E-06,5.444E-08,0.000E+00
<ATMOSPHERE-LAYER-44>7.656E-05,1.816E+02,8.605E+01,7.494E-01,2.998E-01,7.824E-06,5.444E-08,0.000E+00
<ATMOSPHERE-LAYER-45>2.820E-05,1.816E+02,1.021E+02,7.494E-01,2.998E-01,7.824E-06,5.444E-08,0.000E+00
<ATMOSPHERE-LAYER-46>6.996E-06,1.816E+02,1.245E+02,7.494E-01,2.998E-01,7.824E-06,5.444E-08,0.000E+00
<ATMOSPHERE-LAYER-47>1.000E-06,1.816E+02,1.558E+02,7.494E-01,2.998E-01,7.824E-06,5.444E-08,0.000E+00
<SURFACE-TEMPERATURE>296.0406799
<SURFACE-ALBEDO>0.1459557
<SURFACE-EMISSIVITY>0.8540443
results_lyr.txt
# ----------------------------------------------------------------------------------------------
# NASA-GSFC Planetary Spectrum Generator (PSG, Villanueva et al. 2015)
# Atmospheric layering information considered by PUMAS
# Synthesized on Tue Nov 21 15:09:53 2017
# Radiative transfer method: correlated-k
# Synthesis spectral resolution [cm-1] and resolving power: 8.913678 5.010e+02
# Scattering parameters (nmax, lmax): 0 0
# ----------------------------------------------------------------------------------------------
# Molecular abundance profile: 
# Molecules considered: N2,CO2,H2O
# Molecular sources: HIT[22],HIT[2],HIT[1]
# Molecular abundances: 1,1,1
# Molecular abundance units: scl,scl,scl
# Collission-Induced-Absorption:  N2-N2(3.33-5.41um)
# Rayleigh scattering included
# ----------------------------------------------------------------------------------------------
# Aerosols considered: WaterIce,Cloud
# Aerosols sources: CRISM_Wolff[reff=2.0um 0.31-99.57um],White_GSFC[reff=1.0um 0.10-1000000.00um]
# Aerosols abundances: 1,1
# Aerosols abundance units: scl,scl
# Aerosols sizes [um]: 156.271209448,14.0
# ----------------------------------------------------------------------------------------------
# Input layer-by-layer atmospheric profile
# Molecular abundances in molec/molec and aerosols in kg/kg
# ----------------------------------------------------------------------------------------------
# Alt[km] Pressure[bar] Temp[K]         N2        CO2        H2O   WaterIce      Cloud
# ----------------------------------------------------------------------------------------------
    0.000   1.400e+00   296.041   7.383e-01  2.953e-01  1.912e-02  2.630e-10  1.593e-04
    0.261   1.358e+00   294.800   7.386e-01  2.955e-01  1.847e-02  3.413e-27  9.418e-05
    0.641   1.300e+00   293.700   7.397e-01  2.959e-01  1.660e-02  2.581e-26  5.834e-05
    1.253   1.210e+00   291.800   7.421e-01  2.968e-01  1.263e-02  2.575e-12  3.016e-05
    2.093   1.096e+00   288.800   7.442e-01  2.977e-01  8.902e-03  1.252e-08  1.996e-05
    3.155   9.657e-01   284.200   7.458e-01  2.983e-01  6.134e-03  1.333e-07  1.715e-05
    4.423   8.275e-01   277.700   7.467e-01  2.987e-01  4.671e-03  5.641e-07  2.032e-05
    5.785   6.983e-01   270.300   7.474e-01  2.990e-01  3.384e-03  1.119e-06  3.056e-05
    7.122   5.884e-01   263.000   7.481e-01  2.992e-01  2.334e-03  2.453e-06  5.114e-05
    8.435   4.951e-01   256.200   7.485e-01  2.994e-01  1.548e-03  4.369e-06  6.080e-05
    9.729   4.157e-01   249.800   7.488e-01  2.996e-01  9.721e-04  9.242e-06  4.104e-05
   11.010   3.482e-01   243.300   7.491e-01  2.996e-01  6.032e-04  1.185e-05  1.646e-05
   12.270   2.909e-01   236.800   7.492e-01  2.997e-01  3.603e-04  1.172e-05  5.253e-06
   13.530   2.421e-01   229.900   7.493e-01  2.997e-01  1.933e-04  5.683e-06  2.184e-07
   14.770   2.007e-01   222.700   7.494e-01  2.998e-01  9.364e-05  4.418e-06  0.000e+00
   16.010   1.655e-01   215.700   7.494e-01  2.998e-01  4.137e-05  3.696e-06  0.000e+00
   17.250   1.355e-01   209.700   7.494e-01  2.998e-01  1.906e-05  2.871e-06  0.000e+00
   18.520   1.101e-01   206.000   7.494e-01  2.998e-01  1.225e-05  1.559e-06  0.000e+00
   19.820   8.867e-02   205.600   7.494e-01  2.998e-01  1.107e-05  2.862e-07  0.000e+00
   21.000   7.287e-02   206.100   7.494e-01  2.998e-01  1.086e-05  2.508e-08  0.000e+00
   22.020   6.152e-02   206.500   7.494e-01  2.998e-01  1.071e-05  1.643e-08  0.000e+00
   23.070   5.168e-02   206.400   7.494e-01  2.998e-01  1.055e-05  1.415e-08  0.000e+00
   24.160   4.319e-02   205.800   7.494e-01  2.998e-01  1.041e-05  1.220e-08  0.000e+00
   25.260   3.592e-02   204.600   7.494e-01  2.998e-01  1.032e-05  1.202e-08  0.000e+00
   26.390   2.973e-02   203.200   7.494e-01  2.998e-01  1.036e-05  1.322e-08  0.000e+00
   27.540   2.448e-02   201.300   7.494e-01  2.998e-01  1.059e-05  2.907e-08  0.000e+00
   28.710   2.006e-02   199.300   7.494e-01  2.998e-01  1.072e-05  9.343e-08  0.000e+00
   29.890   1.635e-02   197.000   7.494e-01  2.998e-01  1.058e-05  1.727e-07  0.000e+00
   31.090   1.326e-02   194.600   7.494e-01  2.998e-01  1.030e-05  2.296e-07  0.000e+00
   32.310   1.071e-02   192.600   7.494e-01  2.998e-01  9.973e-06  2.855e-07  0.000e+00
   33.540   8.600e-03   191.100   7.494e-01  2.998e-01  9.693e-06  2.752e-07  0.000e+00
   34.790   6.873e-03   190.200   7.494e-01  2.998e-01  9.455e-06  2.216e-07  0.000e+00
   36.060   5.465e-03   189.300   7.494e-01  2.998e-01  9.186e-06  1.930e-07  0.000e+00
   37.350   4.325e-03   188.300   7.494e-01  2.998e-01  8.869e-06  1.899e-07  0.000e+00
   38.670   3.405e-03   186.700   7.494e-01  2.998e-01  8.440e-06  2.079e-07  0.000e+00
   39.990   2.667e-03   184.700   7.494e-01  2.998e-01  7.946e-06  2.410e-07  0.000e+00
   41.330   2.079e-03   182.400   7.494e-01  2.998e-01  7.623e-06  2.301e-07  0.000e+00
   42.680   1.613e-03   180.700   7.494e-01  2.998e-01  7.516e-06  2.001e-07  0.000e+00
   44.050   1.245e-03   180.600   7.494e-01  2.998e-01  7.634e-06  1.162e-07  0.000e+00
   45.450   9.559e-04   181.600   7.494e-01  2.998e-01  7.824e-06  5.444e-08  0.000e+00
   60.390   3.776e-04   181.600   7.494e-01  2.998e-01  7.824e-06  5.444e-08  0.000e+00
   66.300   2.615e-04   181.600   7.494e-01  2.998e-01  7.824e-06  5.444e-08  0.000e+00
   74.540   1.566e-04   181.600   7.494e-01  2.998e-01  7.824e-06  5.444e-08  0.000e+00
   86.050   7.656e-05   181.600   7.494e-01  2.998e-01  7.824e-06  5.444e-08  0.000e+00
  102.100   2.820e-05   181.600   7.494e-01  2.998e-01  7.824e-06  5.444e-08  0.000e+00
  124.500   6.996e-06   181.600   7.494e-01  2.998e-01  7.824e-06  5.444e-08  0.000e+00
  155.800   1.000e-06   181.600   7.494e-01  2.998e-01  7.824e-06  5.444e-08  0.000e+00
#
# ----------------------------------------------------------------------------------------------
# Curtis-Godson integrated layer information used by the radiative transfer analysis
# Oblique molecular layer columns in molec/m2 and aerosols in kg/m2
# ----------------------------------------------------------------------------------------------
# Low[km]  High[km]  Path[km] Pressure[bar] Temp[K]   Airmass   dcol[m-2]         N2        CO2        H2O   WaterIce      Cloud
# ----------------------------------------------------------------------------------------------
    0.000     0.261     0.391   1.379e+00   295.425    1.4980   1.327e+28  9.798e+27  3.919e+27  2.494e+26  2.276e-08  9.339e-02
    0.261     0.641     0.569   1.329e+00   294.255    1.4978   1.865e+28  1.379e+28  5.515e+27  3.269e+26  1.162e-23  7.930e-02
    0.641     1.253     0.916   1.255e+00   292.761    1.4977   2.847e+28  2.109e+28  8.436e+27  4.141e+26  2.268e-10  6.922e-02
    1.253     2.093     1.258   1.153e+00   290.323    1.4975   3.618e+28  2.689e+28  1.076e+28  3.867e+26  2.998e-06  5.086e-02
    2.093     3.155     1.590   1.031e+00   286.544    1.4972   4.140e+28  3.084e+28  1.234e+28  3.088e+26  1.175e-04  4.354e-02
    3.155     4.423     1.898   8.964e-01   281.023    1.4968   4.380e+28  3.268e+28  1.307e+28  2.359e+26  7.302e-04  4.633e-02
    4.423     5.785     2.038   7.626e-01   274.090    1.4964   4.101e+28  3.064e+28  1.226e+28  1.644e+26  1.869e-03  5.807e-02
    5.785     7.122     2.000   6.431e-01   266.740    1.4959   3.488e+28  2.608e+28  1.043e+28  9.903e+25  3.329e-03  7.855e-02
    7.122     8.435     1.964   5.416e-01   259.685    1.4955   2.962e+28  2.216e+28  8.864e+27  5.698e+25  5.534e-03  9.356e-02
    8.435     9.729     1.935   4.553e-01   253.082    1.4951   2.517e+28  1.884e+28  7.537e+27  3.134e+25  9.194e-03  7.210e-02
    9.729    11.010     1.915   3.818e-01   246.634    1.4947   2.143e+28  1.605e+28  6.422e+27  1.667e+25  1.271e-02  3.308e-02
   11.010    12.270     1.883   3.194e-01   240.135    1.4943   1.811e+28  1.357e+28  5.427e+27  8.594e+24  1.210e-02  1.023e-02
   12.270    13.530     1.882   2.664e-01   233.441    1.4939   1.553e+28  1.164e+28  4.655e+27  4.199e+24  7.415e-03  1.456e-03
   13.530    14.770     1.852   2.213e-01   226.396    1.4935   1.309e+28  9.808e+27  3.923e+27  1.817e+24  3.741e-03  9.446e-08
   14.770    16.010     1.851   1.830e-01   219.296    1.4931   1.117e+28  8.371e+27  3.349e+27  7.227e+23  2.569e-03  0.000e+00
   16.010    17.250     1.851   1.504e-01   212.788    1.4927   9.457e+27  7.087e+27  2.835e+27  2.753e+23  1.758e-03  0.000e+00
   17.250    18.520     1.895   1.228e-01   207.910    1.4924   8.084e+27  6.058e+27  2.424e+27  1.254e+23  9.946e-04  0.000e+00
   18.520    19.820     1.940   9.939e-02   205.807    1.4920   6.761e+27  5.067e+27  2.027e+27  7.892e+22  2.967e-04  0.000e+00
   19.820    21.000     1.760   8.078e-02   205.842    1.4916   4.989e+27  3.739e+27  1.496e+27  5.472e+22  3.159e-05  0.000e+00
   21.000    22.020     1.521   6.720e-02   206.294    1.4912   3.582e+27  2.685e+27  1.074e+27  3.864e+22  4.180e-06  0.000e+00
   22.020    23.070     1.565   5.660e-02   206.451    1.4909   3.103e+27  2.325e+27  9.302e+26  3.299e+22  2.691e-06  0.000e+00
   23.070    24.160     1.625   4.744e-02   206.109    1.4906   2.703e+27  2.026e+27  8.103e+26  2.833e+22  2.020e-06  0.000e+00
   24.160    25.260     1.639   3.955e-02   205.218    1.4902   2.284e+27  1.711e+27  6.846e+26  2.367e+22  1.568e-06  0.000e+00
   25.260    26.390     1.684   3.282e-02   203.922    1.4899   1.958e+27  1.468e+27  5.871e+26  2.025e+22  1.398e-06  0.000e+00
   26.390    27.540     1.713   2.710e-02   202.280    1.4895   1.658e+27  1.243e+27  4.972e+26  1.736e+22  1.868e-06  0.000e+00
   27.540    28.710     1.742   2.227e-02   200.332    1.4892   1.399e+27  1.049e+27  4.195e+26  1.490e+22  4.294e-06  0.000e+00
   28.710    29.890     1.757   1.820e-02   198.188    1.4888   1.166e+27  8.734e+26  3.494e+26  1.242e+22  8.443e-06  0.000e+00
   29.890    31.090     1.786   1.480e-02   195.840    1.4884   9.751e+26  7.307e+26  2.923e+26  1.018e+22  1.099e-05  0.000e+00
   31.090    32.310     1.815   1.198e-02   193.634    1.4881   8.113e+26  6.080e+26  2.432e+26  8.228e+21  1.176e-05  0.000e+00
   32.310    33.540     1.830   9.654e-03   191.877    1.4877   6.647e+26  4.981e+26  1.993e+26  6.538e+21  1.057e-05  0.000e+00
   33.540    34.790     1.859   7.736e-03   190.667    1.4873   5.444e+26  4.080e+26  1.632e+26  5.215e+21  7.670e-06  0.000e+00
   34.790    36.060     1.888   6.169e-03   189.767    1.4869   4.430e+26  3.320e+26  1.328e+26  4.131e+21  5.212e-06  0.000e+00
   36.060    37.350     1.918   4.895e-03   188.819    1.4865   3.587e+26  2.688e+26  1.075e+26  3.240e+21  3.895e-06  0.000e+00
   37.350    38.670     1.962   3.865e-03   187.531    1.4861   2.916e+26  2.185e+26  8.743e+25  2.526e+21  3.281e-06  0.000e+00
   38.670    39.990     1.961   3.036e-03   185.739    1.4857   2.312e+26  1.732e+26  6.931e+25  1.896e+21  2.928e-06  0.000e+00
   39.990    41.330     1.990   2.373e-03   183.596    1.4853   1.855e+26  1.390e+26  5.561e+25  1.445e+21  2.479e-06  0.000e+00
   41.330    42.680     2.005   1.846e-03   181.585    1.4849   1.469e+26  1.101e+26  4.404e+25  1.112e+21  1.794e-06  0.000e+00
   42.680    44.050     2.034   1.429e-03   180.652    1.4845   1.159e+26  8.689e+25  3.476e+25  8.779e+20  1.027e-06  0.000e+00
   44.050    45.450     2.078   1.101e-03   181.077    1.4841   9.098e+25  6.818e+25  2.728e+25  7.027e+20  4.274e-07  0.000e+00
   45.450    60.390    22.136   6.673e-04   181.600    1.4816   5.499e+26  4.121e+26  1.648e+26  4.302e+21  1.697e-06  0.000e+00
   60.390    66.300     8.738   3.196e-04   181.600    1.4785   1.101e+26  8.255e+25  3.302e+25  8.618e+20  3.400e-07  0.000e+00
   66.300    74.540    12.166   2.091e-04   181.600    1.4764   9.929e+25  7.441e+25  2.977e+25  7.768e+20  3.065e-07  0.000e+00
   74.540    86.050    16.960   1.166e-04   181.600    1.4735   7.568e+25  5.671e+25  2.269e+25  5.921e+20  2.336e-07  0.000e+00
   86.050   102.100    23.586   5.244e-05   181.600    1.4696   4.557e+25  3.415e+25  1.366e+25  3.565e+20  1.407e-07  0.000e+00
  102.100   124.500    32.796   1.767e-05   181.600    1.4641   1.991e+25  1.492e+25  5.969e+24  1.558e+20  6.147e-08  0.000e+00
  124.500   155.800    45.594   4.052e-06   181.600    1.4567   5.615e+24  4.208e+24  1.683e+24  4.393e+19  1.733e-08  0.000e+00
# ----------------------------------------------------------------------------------------------
# Integrated atmospheric columns                       1.4955   4.447e+29  3.319e+29  1.328e+29  2.306e+27  6.249e-02  7.297e-01
# ----------------------------------------------------------------------------------------------
results_rad.txt
# ------------------------------------------------------------------------
# Radiance spectrum
# NASA-GSFC Planetary Spectrum Generator (PSG) (Villanueva et al. 2015)
# Synthesized on Tue Nov 21 15:09:54 2017
# ------------------------------------------------------------------------
# Atmospheric radiances synthesized with PUMAS (Villanueva et al. 2016, Smith et al. 2009, Edwards 1992)
# Molecular abundance profile: 
# Molecules considered: N2,CO2,H2O
# Molecular sources: HIT[22],HIT[2],HIT[1]
# Molecular abundances: 1,1,1
# Molecular abundance units: scl,scl,scl
# Collission-Induced-Absorption:  N2-N2(3.33-5.41um)
# Rayleigh scattering included
# ------------------------------------------------------------------------
# Spectral unit: Wavelength [um]
# Radiance unit: Spectral radiance [W/sr/m2/um]
# Wave/freq Total Stellar TRAPPIST-1-e
1.000000000e+00  3.68049e-03  3.68049e-03  6.23456e-10
1.010000000e+00  3.70309e-03  3.70309e-03  6.27106e-10
1.020000000e+00  3.72363e-03  3.72363e-03  6.30418e-10
1.030000000e+00  3.74214e-03  3.74214e-03  6.33384e-10
1.040000000e+00  3.75867e-03  3.75867e-03  6.18490e-10
1.050000000e+00  3.77328e-03  3.77327e-03  6.38159e-10
1.060000000e+00  3.78601e-03  3.78601e-03  6.39265e-10
1.070000000e+00  3.79691e-03  3.79691e-03  6.37004e-10
1.080000000e+00  3.80605e-03  3.80605e-03  6.42977e-10
1.090000000e+00  3.81347e-03  3.81347e-03  6.44390e-10
1.100000000e+00  3.81923e-03  3.81922e-03  6.45041e-10
1.110000000e+00  3.82337e-03  3.82337e-03  6.45552e-10
1.120000000e+00  3.82595e-03  3.82595e-03  6.41756e-10
1.130000000e+00  3.82703e-03  3.82703e-03  6.39822e-10
1.140000000e+00  3.82666e-03  3.82666e-03  6.43386e-10
1.150000000e+00  3.82489e-03  3.82489e-03  6.41775e-10
1.160000000e+00  3.82177e-03  3.82177e-03  6.44029e-10
1.170000000e+00  3.81735e-03  3.81734e-03  6.43641e-10
1.180000000e+00  3.81168e-03  3.81168e-03  6.42407e-10
1.190000000e+00  3.80481e-03  3.80481e-03  6.41034e-10
1.200000000e+00  3.79680e-03  3.79679e-03  6.39602e-10
1.210000000e+00  3.78768e-03  3.78768e-03  5.38145e-10
1.220000000e+00  3.77751e-03  3.77751e-03  5.83640e-10
1.230000000e+00  3.76632e-03  3.76632e-03  6.02898e-10
1.240000000e+00  3.75418e-03  3.75418e-03  6.22460e-10
1.250000000e+00  3.74111e-03  3.74111e-03  6.29206e-10
1.260000000e+00  3.72717e-03  3.72717e-03  6.24482e-10
1.270000000e+00  3.71239e-03  3.71239e-03  6.21952e-10
1.280000000e+00  3.69682e-03  3.69682e-03  6.21836e-10
1.290000000e+00  3.68050e-03  3.68049e-03  6.14602e-10
1.300000000e+00  3.66345e-03  3.66345e-03  6.05639e-10
1.310000000e+00  3.64573e-03  3.64573e-03  6.12521e-10
1.320000000e+00  3.62737e-03  3.62736e-03  5.64707e-10
1.330000000e+00  3.60839e-03  3.60839e-03  6.05492e-10
1.340000000e+00  3.58885e-03  3.58885e-03  5.74860e-10
1.350000000e+00  3.56877e-03  3.56877e-03  5.91098e-10
1.360000000e+00  3.54817e-03  3.54817e-03  5.79650e-10
1.370000000e+00  3.52711e-03  3.52711e-03  5.72424e-10
1.380000000e+00  3.50559e-03  3.50559e-03  5.69693e-10
1.390000000e+00  3.48366e-03  3.48366e-03  5.70429e-10
1.400000000e+00  3.46134e-03  3.46134e-03  5.67513e-10
1.410000000e+00  3.43866e-03  3.43866e-03  5.61470e-10
1.420000000e+00  3.41564e-03  3.41564e-03  5.70754e-10
1.430000000e+00  3.39231e-03  3.39231e-03  5.62889e-10
1.440000000e+00  3.36870e-03  3.36870e-03  2.65652e-10
1.450000000e+00  3.34482e-03  3.34482e-03  4.62682e-10
1.460000000e+00  3.32070e-03  3.32070e-03  5.50928e-10
1.470000000e+00  3.29637e-03  3.29636e-03  5.47537e-10
1.480000000e+00  3.27183e-03  3.27183e-03  5.07787e-10
1.490000000e+00  3.24712e-03  3.24711e-03  5.33478e-10
1.500000000e+00  3.22224e-03  3.22224e-03  5.06202e-10
1.510000000e+00  3.19723e-03  3.19723e-03  5.32750e-10
1.520000000e+00  3.17209e-03  3.17209e-03  5.29225e-10
1.530000000e+00  3.14685e-03  3.14685e-03  4.88354e-10
1.540000000e+00  3.12152e-03  3.12152e-03  4.48925e-10
1.550000000e+00  3.09611e-03  3.09611e-03  5.04933e-10
1.560000000e+00  3.07064e-03  3.07064e-03  5.10481e-10
1.570000000e+00  3.04513e-03  3.04513e-03  4.54831e-10
1.580000000e+00  3.01959e-03  3.01959e-03  3.14067e-10
1.590000000e+00  2.99402e-03  2.99402e-03  4.75154e-10
1.600000000e+00  2.96846e-03  2.96846e-03  4.39436e-10
1.610000000e+00  2.94289e-03  2.94289e-03  3.07806e-10
1.620000000e+00  2.91734e-03  2.91734e-03  4.23157e-10
1.630000000e+00  2.89182e-03  2.89182e-03  4.60602e-10
1.640000000e+00  2.86634e-03  2.86634e-03  4.38465e-10
1.650000000e+00  2.84091e-03  2.84091e-03  4.26382e-10
1.660000000e+00  2.81553e-03  2.81553e-03  4.49795e-10
1.670000000e+00  2.79021e-03  2.79021e-03  4.51250e-10
1.680000000e+00  2.76497e-03  2.76497e-03  4.52784e-10
1.690000000e+00  2.73981e-03  2.73981e-03  4.56357e-10
1.700000000e+00  2.71474e-03  2.71474e-03  4.53943e-10
1.710000000e+00  2.68977e-03  2.68977e-03  4.46110e-10
1.720000000e+00  2.66490e-03  2.66490e-03  4.45015e-10
1.730000000e+00  2.64013e-03  2.64013e-03  4.41962e-10
1.740000000e+00  2.61549e-03  2.61549e-03  4.37990e-10
1.750000000e+00  2.59096e-03  2.59096e-03  4.33775e-10
1.760000000e+00  2.56656e-03  2.56656e-03  4.29090e-10
1.770000000e+00  2.54229e-03  2.54229e-03  4.25270e-10
1.780000000e+00  2.51815e-03  2.51815e-03  4.21472e-10
1.790000000e+00  2.49415e-03  2.49415e-03  4.17050e-10
1.800000000e+00  2.47030e-03  2.47030e-03  4.13037e-10
1.810000000e+00  2.44660e-03  2.44660e-03  4.08403e-10
1.820000000e+00  2.42304e-03  2.42304e-03  4.00658e-10
1.830000000e+00  2.39965e-03  2.39964e-03  3.93312e-10
1.840000000e+00  2.37640e-03  2.37640e-03  3.83293e-10
1.850000000e+00  2.35332e-03  2.35332e-03  3.80868e-10
1.860000000e+00  2.33041e-03  2.33041e-03  3.73746e-10
1.870000000e+00  2.30765e-03  2.30765e-03  3.74490e-10
1.880000000e+00  2.28507e-03  2.28507e-03  3.31614e-10
1.890000000e+00  2.26266e-03  2.26266e-03  3.31804e-10
1.900000000e+00  2.24041e-03  2.24041e-03  3.58011e-10
1.910000000e+00  2.21834e-03  2.21834e-03  3.54729e-10
1.920000000e+00  2.19645e-03  2.19645e-03  3.58858e-10
1.930000000e+00  2.17473e-03  2.17473e-03  3.55809e-10
1.940000000e+00  2.15319e-03  2.15319e-03  3.40406e-10
1.950000000e+00  2.13183e-03  2.13183e-03  1.88141e-10
1.960000000e+00  2.11065e-03  2.11065e-03  6.21085e-11
1.970000000e+00  2.08964e-03  2.08964e-03  6.76572e-11
1.980000000e+00  2.06882e-03  2.06882e-03  1.92536e-10
1.990000000e+00  2.04818e-03  2.04818e-03  2.62252e-10
2.000000000e+00  2.02772e-03  2.02772e-03  1.58480e-10
2.010000000e+00  2.00745e-03  2.00745e-03  3.90011e-11
2.020000000e+00  1.98735e-03  1.98735e-03  4.82976e-11
2.030000000e+00  1.96744e-03  1.96744e-03  1.20067e-10
2.040000000e+00  1.94771e-03  1.94771e-03  1.43722e-10
2.050000000e+00  1.92816e-03  1.92816e-03  1.30254e-10
2.060000000e+00  1.90880e-03  1.90880e-03  6.21029e-11
2.070000000e+00  1.88961e-03  1.88961e-03  6.75250e-11
2.080000000e+00  1.87061e-03  1.87061e-03  1.25535e-10
2.090000000e+00  1.85179e-03  1.85179e-03  1.60658e-10
2.100000000e+00  1.83315e-03  1.83315e-03  2.09656e-10
2.110000000e+00  1.81469e-03  1.81469e-03  2.51397e-10
2.120000000e+00  1.79641e-03  1.79641e-03  2.62222e-10
2.130000000e+00  1.77831e-03  1.77831e-03  2.85841e-10
2.140000000e+00  1.76039e-03  1.76039e-03  2.88288e-10
2.150000000e+00  1.74264e-03  1.74264e-03  2.62904e-10
2.160000000e+00  1.72507e-03  1.72507e-03  2.60670e-10
2.170000000e+00  1.70768e-03  1.70768e-03  2.57434e-10
2.180000000e+00  1.69046e-03  1.69046e-03  2.69936e-10
2.190000000e+00  1.67341e-03  1.67341e-03  2.76876e-10
2.200000000e+00  1.65654e-03  1.65654e-03  2.76608e-10
2.210000000e+00  1.63984e-03  1.63984e-03  2.74642e-10
2.220000000e+00  1.62331e-03  1.62331e-03  2.70859e-10
2.230000000e+00  1.60696e-03  1.60695e-03  2.68552e-10
2.240000000e+00  1.59076e-03  1.59076e-03  2.67171e-10
2.250000000e+00  1.57474e-03  1.57474e-03  2.64447e-10
2.260000000e+00  1.55889e-03  1.55889e-03  2.60533e-10
2.270000000e+00  1.54320e-03  1.54319e-03  2.59179e-10
2.280000000e+00  1.52767e-03  1.52767e-03  2.56415e-10
2.290000000e+00  1.51230e-03  1.51230e-03  2.54414e-10
2.300000000e+00  1.49710e-03  1.49710e-03  2.51893e-10
2.310000000e+00  1.48206e-03  1.48206e-03  2.49422e-10
2.320000000e+00  1.46718e-03  1.46718e-03  2.46996e-10
2.330000000e+00  1.45245e-03  1.45245e-03  2.44554e-10
2.340000000e+00  1.43788e-03  1.43788e-03  2.42134e-10
2.350000000e+00  1.42347e-03  1.42347e-03  2.39741e-10
2.360000000e+00  1.40921e-03  1.40921e-03  2.37372e-10
2.370000000e+00  1.39510e-03  1.39510e-03  2.35059e-10
2.380000000e+00  1.38115e-03  1.38115e-03  2.32691e-10
2.390000000e+00  1.36734e-03  1.36734e-03  2.30268e-10
2.400000000e+00  1.35368e-03  1.35368e-03  2.27879e-10
2.410000000e+00  1.34017e-03  1.34017e-03  2.25610e-10
2.420000000e+00  1.32681e-03  1.32681e-03  2.23667e-10
2.430000000e+00  1.31359e-03  1.31359e-03  2.21761e-10
2.440000000e+00  1.30051e-03  1.30051e-03  2.18658e-10
2.450000000e+00  1.28757e-03  1.28757e-03  2.17078e-10
2.460000000e+00  1.27478e-03  1.27478e-03  2.15386e-10
2.470000000e+00  1.26212e-03  1.26212e-03  2.13106e-10
2.480000000e+00  1.24960e-03  1.24960e-03  2.09665e-10
2.490000000e+00  1.23722e-03  1.23722e-03  2.02081e-10
2.500000000e+00  1.22498e-03  1.22498e-03  2.01668e-10
2.510000000e+00  1.21286e-03  1.21286e-03  2.00005e-10
2.520000000e+00  1.20088e-03  1.20088e-03  1.97034e-10
2.530000000e+00  1.18903e-03  1.18903e-03  1.98801e-10
2.540000000e+00  1.17731e-03  1.17731e-03  1.95354e-10
2.550000000e+00  1.16572e-03  1.16572e-03  1.90438e-10
2.560000000e+00  1.15425e-03  1.15425e-03  1.90925e-10
2.570000000e+00  1.14291e-03  1.14291e-03  1.77107e-10
2.580000000e+00  1.13170e-03  1.13170e-03  1.68402e-10
2.590000000e+00  1.12060e-03  1.12060e-03  1.61687e-10
2.600000000e+00  1.10963e-03  1.10963e-03  1.47874e-10
2.610000000e+00  1.09878e-03  1.09878e-03  1.54211e-10
2.620000000e+00  1.08805e-03  1.08805e-03  1.51789e-10
2.630000000e+00  1.07744e-03  1.07744e-03  1.59062e-10
2.640000000e+00  1.06694e-03  1.06694e-03  1.56104e-10
2.650000000e+00  1.05656e-03  1.05656e-03  1.65728e-10
2.660000000e+00  1.04629e-03  1.04629e-03  1.32621e-10
2.670000000e+00  1.03614e-03  1.03614e-03  1.68701e-11
2.680000000e+00  1.02610e-03  1.02610e-03  2.54222e-12
2.690000000e+00  1.01616e-03  1.01616e-03  6.60235e-13
2.700000000e+00  1.00634e-03  1.00634e-03  9.88010e-13
2.710000000e+00  9.96623e-04  9.96623e-04  1.02160e-12
2.720000000e+00  9.87014e-04  9.87014e-04  2.75983e-12
2.730000000e+00  9.77511e-04  9.77511e-04  5.61952e-12
2.740000000e+00  9.68112e-04  9.68112e-04  5.52345e-12
2.750000000e+00  9.58816e-04  9.58816e-04  2.73901e-12
2.760000000e+00  9.49622e-04  9.49622e-04  6.86262e-13
2.770000000e+00  9.40529e-04  9.40529e-04  5.39700e-13
2.780000000e+00  9.31536e-04  9.31536e-04  3.81528e-13
2.790000000e+00  9.22641e-04  9.22641e-04  4.83772e-13
2.800000000e+00  9.13844e-04  9.13844e-04  8.74031e-13
2.810000000e+00  9.05143e-04  9.05143e-04  1.28487e-12
2.820000000e+00  8.96538e-04  8.96538e-04  1.45975e-12
2.830000000e+00  8.88027e-04  8.88027e-04  1.51492e-12
2.840000000e+00  8.79608e-04  8.79608e-04  1.95897e-12
2.850000000e+00  8.71282e-04  8.71282e-04  1.25944e-12
2.860000000e+00  8.63047e-04  8.63047e-04  2.61703e-12
2.870000000e+00  8.54902e-04  8.54902e-04  8.39190e-12
2.880000000e+00  8.46846e-04  8.46846e-04  1.42720e-11
2.890000000e+00  8.38878e-04  8.38878e-04  2.39110e-11
2.900000000e+00  8.30996e-04  8.30996e-04  3.53104e-11
2.910000000e+00  8.23201e-04  8.23201e-04  4.13884e-11
2.920000000e+00  8.15490e-04  8.15490e-04  4.49300e-11
2.930000000e+00  8.07863e-04  8.07863e-04  4.60314e-11
2.940000000e+00  8.00320e-04  8.00320e-04  4.72215e-11
2.950000000e+00  7.92858e-04  7.92858e-04  4.87614e-11
2.960000000e+00  7.85477e-04  7.85477e-04  4.84666e-11
2.970000000e+00  7.78176e-04  7.78176e-04  4.45973e-11
2.980000000e+00  7.70955e-04  7.70954e-04  3.91509e-11
2.990000000e+00  7.63811e-04  7.63811e-04  3.80052e-11
3.000000000e+00  7.56745e-04  7.56745e-04  4.26702e-11
3.010000000e+00  7.49755e-04  7.49755e-04  4.74833e-11
3.020000000e+00  7.42841e-04  7.42841e-04  4.38705e-11
3.030000000e+00  7.36002e-04  7.36001e-04  4.65215e-11
3.040000000e+00  7.29236e-04  7.29236e-04  4.94481e-11
3.050000000e+00  7.22543e-04  7.22543e-04  5.08544e-11
3.060000000e+00  7.15922e-04  7.15922e-04  5.09526e-11
3.070000000e+00  7.09372e-04  7.09372e-04  5.19548e-11
3.080000000e+00  7.02893e-04  7.02893e-04  5.23663e-11
3.090000000e+00  6.96483e-04  6.96483e-04  5.20686e-11
3.100000000e+00  6.90142e-04  6.90142e-04  5.19688e-11
3.110000000e+00  6.83869e-04  6.83869e-04  5.14312e-11
3.120000000e+00  6.77663e-04  6.77663e-04  4.97492e-11
3.130000000e+00  6.71523e-04  6.71523e-04  4.84549e-11
3.140000000e+00  6.65449e-04  6.65449e-04  4.92233e-11
3.150000000e+00  6.59440e-04  6.59440e-04  5.05291e-11
3.160000000e+00  6.53495e-04  6.53494e-04  5.01766e-11
3.170000000e+00  6.47613e-04  6.47612e-04  4.96164e-11
3.180000000e+00  6.41793e-04  6.41793e-04  5.06249e-11
3.190000000e+00  6.36035e-04  6.36035e-04  5.17042e-11
3.200000000e+00  6.30339e-04  6.30339e-04  5.25066e-11
3.210000000e+00  6.24703e-04  6.24702e-04  5.32862e-11
3.220000000e+00  6.19126e-04  6.19126e-04  5.43778e-11
3.230000000e+00  6.13608e-04  6.13608e-04  5.51198e-11
3.240000000e+00  6.08149e-04  6.08149e-04  5.66231e-11
3.250000000e+00  6.02747e-04  6.02747e-04  5.73879e-11
3.260000000e+00  5.97402e-04  5.97402e-04  5.87305e-11
3.270000000e+00  5.92114e-04  5.92114e-04  5.95174e-11
3.280000000e+00  5.86881e-04  5.86881e-04  6.09354e-11
3.290000000e+00  5.81703e-04  5.81702e-04  6.23890e-11
3.300000000e+00  5.76579e-04  5.76579e-04  6.33605e-11
3.310000000e+00  5.71509e-04  5.71508e-04  6.44769e-11
3.320000000e+00  5.66491e-04  5.66491e-04  6.60434e-11
3.330000000e+00  5.61527e-04  5.61527e-04  6.67941e-11
3.340000000e+00  5.56614e-04  5.56614e-04  6.80198e-11
3.350000000e+00  5.51752e-04  5.51752e-04  6.87919e-11
3.360000000e+00  5.46941e-04  5.46941e-04  6.86738e-11
3.370000000e+00  5.42180e-04  5.42180e-04  7.07699e-11
3.380000000e+00  5.37468e-04  5.37468e-04  7.18430e-11
3.390000000e+00  5.32805e-04  5.32805e-04  7.26988e-11
3.400000000e+00  5.28190e-04  5.28190e-04  7.31902e-11
3.410000000e+00  5.23623e-04  5.23623e-04  7.35761e-11
3.420000000e+00  5.19104e-04  5.19104e-04  7.39862e-11
3.430000000e+00  5.14631e-04  5.14631e-04  7.43616e-11
3.440000000e+00  5.10204e-04  5.10203e-04  7.47222e-11
3.450000000e+00  5.05822e-04  5.05822e-04  7.50095e-11
3.460000000e+00  5.01485e-04  5.01485e-04  7.50022e-11
3.470000000e+00  4.97193e-04  4.97193e-04  7.49098e-11
3.480000000e+00  4.92945e-04  4.92945e-04  7.47973e-11
3.490000000e+00  4.88741e-04  4.88741e-04  7.46862e-11
3.500000000e+00  4.84579e-04  4.84579e-04  7.45708e-11
3.510000000e+00  4.80460e-04  4.80460e-04  7.44517e-11
3.520000000e+00  4.76383e-04  4.76383e-04  7.42711e-11
3.530000000e+00  4.72347e-04  4.72347e-04  7.39163e-11
3.540000000e+00  4.68352e-04  4.68352e-04  7.35497e-11
3.550000000e+00  4.64398e-04  4.64398e-04  7.31675e-11
3.560000000e+00  4.60484e-04  4.60484e-04  7.27299e-11
3.570000000e+00  4.56609e-04  4.56609e-04  7.21925e-11
3.580000000e+00  4.52774e-04  4.52774e-04  7.15803e-11
3.590000000e+00  4.48977e-04  4.48977e-04  7.06618e-11
3.600000000e+00  4.45219e-04  4.45219e-04  6.89099e-11
3.610000000e+00  4.41498e-04  4.41498e-04  6.71043e-11
3.620000000e+00  4.37815e-04  4.37815e-04  6.57740e-11
3.630000000e+00  4.34169e-04  4.34169e-04  6.67646e-11
3.640000000e+00  4.30559e-04  4.30559e-04  6.60170e-11
3.650000000e+00  4.26986e-04  4.26986e-04  6.47327e-11
3.660000000e+00  4.23448e-04  4.23448e-04  6.57287e-11
3.670000000e+00  4.19945e-04  4.19945e-04  6.68819e-11
3.680000000e+00  4.16478e-04  4.16478e-04  6.70410e-11
3.690000000e+00  4.13045e-04  4.13044e-04  6.66165e-11
3.700000000e+00  4.09645e-04  4.09645e-04  6.61728e-11
3.710000000e+00  4.06280e-04  4.06280e-04  6.57670e-11
3.720000000e+00  4.02948e-04  4.02948e-04  6.51718e-11
3.730000000e+00  3.99649e-04  3.99649e-04  6.47136e-11
3.740000000e+00  3.96383e-04  3.96383e-04  6.42841e-11
3.750000000e+00  3.93148e-04  3.93148e-04  6.36429e-11
3.760000000e+00  3.89946e-04  3.89946e-04  6.24795e-11
3.770000000e+00  3.86775e-04  3.86775e-04  6.10658e-11
3.780000000e+00  3.83635e-04  3.83635e-04  5.96696e-11
3.790000000e+00  3.80527e-04  3.80526e-04  5.78966e-11
3.800000000e+00  3.77448e-04  3.77448e-04  5.39628e-11
3.810000000e+00  3.74400e-04  3.74400e-04  4.87525e-11
3.820000000e+00  3.71381e-04  3.71381e-04  4.90537e-11
3.830000000e+00  3.68392e-04  3.68392e-04  5.28008e-11
3.840000000e+00  3.65432e-04  3.65432e-04  5.01443e-11
3.850000000e+00  3.62500e-04  3.62500e-04  4.85438e-11
3.860000000e+00  3.59597e-04  3.59597e-04  5.05921e-11
3.870000000e+00  3.56723e-04  3.56723e-04  5.36287e-11
3.880000000e+00  3.53876e-04  3.53876e-04  5.54148e-11
3.890000000e+00  3.51056e-04  3.51056e-04  5.59735e-11
3.900000000e+00  3.48264e-04  3.48264e-04  5.60833e-11
3.910000000e+00  3.45499e-04  3.45499e-04  5.58308e-11
3.920000000e+00  3.42760e-04  3.42760e-04  5.53601e-11
3.930000000e+00  3.40048e-04  3.40048e-04  5.46624e-11
3.940000000e+00  3.37361e-04  3.37361e-04  5.37053e-11
3.950000000e+00  3.34701e-04  3.34701e-04  5.25671e-11
3.960000000e+00  3.32066e-04  3.32066e-04  5.07483e-11
3.970000000e+00  3.29456e-04  3.29456e-04  4.89179e-11
3.980000000e+00  3.26870e-04  3.26870e-04  4.59173e-11
3.990000000e+00  3.24310e-04  3.24310e-04  4.40686e-11
4.000000000e+00  3.21774e-04  3.21774e-04  4.58213e-11
4.010000000e+00  3.19262e-04  3.19262e-04  4.65073e-11
4.020000000e+00  3.16773e-04  3.16773e-04  4.37537e-11
4.030000000e+00  3.14309e-04  3.14309e-04  4.36609e-11
4.040000000e+00  3.11867e-04  3.11867e-04  4.49244e-11
4.050000000e+00  3.09449e-04  3.09449e-04  4.64731e-11
4.060000000e+00  3.07053e-04  3.07053e-04  4.77727e-11
4.070000000e+00  3.04680e-04  3.04680e-04  4.78656e-11
4.080000000e+00  3.02329e-04  3.02329e-04  4.67455e-11
4.090000000e+00  3.00000e-04  3.00000e-04  4.53020e-11
4.100000000e+00  2.97694e-04  2.97693e-04  4.41735e-11
4.110000000e+00  2.95408e-04  2.95408e-04  4.41397e-11
4.120000000e+00  2.93144e-04  2.93144e-04  4.44421e-11
4.130000000e+00  2.90901e-04  2.90901e-04  4.41690e-11
4.140000000e+00  2.88679e-04  2.88679e-04  4.30717e-11
4.150000000e+00  2.86478e-04  2.86478e-04  4.32098e-11
4.160000000e+00  2.84297e-04  2.84297e-04  3.90812e-11
4.170000000e+00  2.82136e-04  2.82136e-04  1.63649e-11
4.180000000e+00  2.79995e-04  2.79995e-04  5.96082e-12
4.190000000e+00  2.77874e-04  2.77874e-04  3.45622e-12
4.200000000e+00  2.75773e-04  2.75773e-04  1.49320e-12
4.210000000e+00  2.73691e-04  2.73691e-04  4.25700e-13
4.220000000e+00  2.71628e-04  2.71628e-04  1.18135e-13
4.230000000e+00  2.69584e-04  2.69584e-04  6.53771e-14
4.240000000e+00  2.67559e-04  2.67559e-04  5.22549e-14
4.250000000e+00  2.65552e-04  2.65552e-04  5.00378e-14
4.260000000e+00  2.63564e-04  2.63564e-04  5.94138e-14
4.270000000e+00  2.61594e-04  2.61594e-04  6.37129e-14
4.280000000e+00  2.59642e-04  2.59642e-04  5.40253e-14
4.290000000e+00  2.57707e-04  2.57707e-04  5.53848e-14
4.300000000e+00  2.55790e-04  2.55790e-04  6.25963e-14
4.310000000e+00  2.53891e-04  2.53891e-04  7.18785e-14
4.320000000e+00  2.52009e-04  2.52009e-04  8.76006e-14
4.330000000e+00  2.50144e-04  2.50144e-04  1.31212e-13
4.340000000e+00  2.48295e-04  2.48295e-04  1.93454e-13
4.350000000e+00  2.46463e-04  2.46463e-04  2.54020e-13
4.360000000e+00  2.44648e-04  2.44648e-04  2.57041e-13
4.370000000e+00  2.42849e-04  2.42849e-04  2.80483e-13
4.380000000e+00  2.41067e-04  2.41067e-04  3.88594e-13
4.390000000e+00  2.39300e-04  2.39300e-04  5.64411e-13
4.400000000e+00  2.37549e-04  2.37549e-04  3.99152e-13
4.410000000e+00  2.35814e-04  2.35814e-04  4.02306e-13
4.420000000e+00  2.34094e-04  2.34094e-04  4.85476e-13
4.430000000e+00  2.32390e-04  2.32390e-04  6.45997e-13
4.440000000e+00  2.30700e-04  2.30700e-04  8.96674e-13
4.450000000e+00  2.29026e-04  2.29026e-04  1.34037e-12
4.460000000e+00  2.27367e-04  2.27367e-04  2.01123e-12
4.470000000e+00  2.25722e-04  2.25722e-04  2.51888e-12
4.480000000e+00  2.24092e-04  2.24092e-04  3.44135e-12
4.490000000e+00  2.22476e-04  2.22476e-04  4.46335e-12
4.500000000e+00  2.20874e-04  2.20874e-04  7.38653e-12
4.510000000e+00  2.19287e-04  2.19287e-04  1.27971e-11
4.520000000e+00  2.17714e-04  2.17714e-04  1.82276e-11
4.530000000e+00  2.16154e-04  2.16154e-04  2.36942e-11
4.540000000e+00  2.14608e-04  2.14608e-04  2.68261e-11
4.550000000e+00  2.13075e-04  2.13075e-04  2.87939e-11
4.560000000e+00  2.11556e-04  2.11556e-04  2.93324e-11
4.570000000e+00  2.10051e-04  2.10051e-04  2.98482e-11
4.580000000e+00  2.08558e-04  2.08558e-04  2.99969e-11
4.590000000e+00  2.07078e-04  2.07078e-04  3.00576e-11
4.600000000e+00  2.05611e-04  2.05611e-04  3.00327e-11
4.610000000e+00  2.04157e-04  2.04157e-04  2.99095e-11
4.620000000e+00  2.02716e-04  2.02716e-04  2.89056e-11
4.630000000e+00  2.01287e-04  2.01287e-04  2.84389e-11
4.640000000e+00  1.99870e-04  1.99870e-04  2.85522e-11
4.650000000e+00  1.98466e-04  1.98466e-04  2.84650e-11
4.660000000e+00  1.97073e-04  1.97073e-04  2.86354e-11
4.670000000e+00  1.95693e-04  1.95693e-04  2.85682e-11
4.680000000e+00  1.94324e-04  1.94324e-04  2.72483e-11
4.690000000e+00  1.92967e-04  1.92967e-04  2.64589e-11
4.700000000e+00  1.91622e-04  1.91622e-04  2.55039e-11
4.710000000e+00  1.90288e-04  1.90288e-04  1.79598e-11
4.720000000e+00  1.88966e-04  1.88966e-04  2.23943e-11
4.730000000e+00  1.87655e-04  1.87655e-04  1.97676e-11
4.740000000e+00  1.86355e-04  1.86355e-04  1.80761e-11
4.750000000e+00  1.85066e-04  1.85066e-04  1.69037e-11
4.760000000e+00  1.83788e-04  1.83788e-04  1.62740e-11
4.770000000e+00  1.82521e-04  1.82521e-04  1.67869e-11
4.780000000e+00  1.81265e-04  1.81265e-04  1.39347e-11
4.790000000e+00  1.80019e-04  1.80019e-04  1.14780e-11
4.800000000e+00  1.78783e-04  1.78783e-04  9.31021e-12
4.810000000e+00  1.77559e-04  1.77559e-04  6.11495e-12
4.820000000e+00  1.76344e-04  1.76344e-04  3.18444e-12
4.830000000e+00  1.75140e-04  1.75140e-04  3.71156e-12
4.840000000e+00  1.73945e-04  1.73945e-04  3.88753e-12
4.850000000e+00  1.72761e-04  1.72761e-04  3.75139e-12
4.860000000e+00  1.71587e-04  1.71587e-04  3.48089e-12
4.870000000e+00  1.70422e-04  1.70422e-04  3.77963e-12
4.880000000e+00  1.69267e-04  1.69267e-04  4.60273e-12
4.890000000e+00  1.68122e-04  1.68122e-04  5.56339e-12
4.900000000e+00  1.66986e-04  1.66986e-04  8.71301e-12
4.910000000e+00  1.65860e-04  1.65860e-04  1.16803e-11
4.920000000e+00  1.64743e-04  1.64743e-04  1.08235e-11
4.930000000e+00  1.63635e-04  1.63635e-04  1.63404e-11
4.940000000e+00  1.62536e-04  1.62536e-04  1.76986e-11
4.950000000e+00  1.61447e-04  1.61447e-04  1.72501e-11
4.960000000e+00  1.60366e-04  1.60366e-04  1.88940e-11
4.970000000e+00  1.59294e-04  1.59294e-04  2.05178e-11
4.980000000e+00  1.58232e-04  1.58232e-04  2.12002e-11
4.990000000e+00  1.57177e-04  1.57177e-04  2.27691e-11
5.000000000e+00  1.56132e-04  1.56132e-04  2.11158e-11
results_trn.txt
# ------------------------------------------------------------------------
# NASA-GSFC Planetary Spectrum Generator (PSG, Villanueva et al. 2015)
# Atmospheric transmittance spectrum synthesized with PUMAS (Villanueva et al. 2016, Smith et al. 2009, Edwards 1992)
# Synthesized on Tue Nov 21 15:09:53 2017
# Molecular abundance profile: 
# Molecules considered: N2,CO2,H2O
# Molecular sources: HIT[22],HIT[2],HIT[1]
# Molecular abundances: 1,1,1
# Molecular abundance units: scl,scl,scl
# Collission-Induced-Absorption:  N2-N2(3.33-5.41um)
# Rayleigh scattering included
# ------------------------------------------------------------------------
# Aerosols considered: WaterIce,Cloud
# Aerosols sources: CRISM_Wolff[reff=2.0um 0.31-99.57um],White_GSFC[reff=1.0um 0.10-1000000.00um]
# Aerosols opacities: 1,1
# Aerosols opacity units: scl,scl
# ------------------------------------------------------------------------
# Spectral unit: Wavelength [um]
# Wave/freq Total N2 CO2 H2O WaterIce Cloud Rayleigh CIA
1.000000000e+00  0.00000  1.00000  0.99996  0.97090  0.00000  0.00000  0.97252  1.00000
1.010000000e+00  0.00000  1.00000  0.99999  0.96148  0.00000  0.00000  0.97358  1.00000
1.020000000e+00  0.00000  1.00000  1.00000  0.98183  0.00000  0.00000  0.97459  1.00000
1.030000000e+00  0.00000  1.00000  0.99999  0.98445  0.00000  0.00000  0.97555  1.00000
1.040000000e+00  0.00000  1.00000  0.79685  0.99813  0.00000  0.00000  0.97646  1.00000
1.050000000e+00  0.00000  1.00000  0.98662  0.99926  0.00000  0.00000  0.97734  1.00000
1.060000000e+00  0.00000  1.00000  0.96677  0.99785  0.00000  0.00000  0.97817  1.00000
1.070000000e+00  0.00000  1.00000  0.94070  0.98519  0.00000  0.00000  0.97897  1.00000
1.080000000e+00  0.00000  1.00000  0.99392  0.93197  0.00000  0.00000  0.97973  1.00000
1.090000000e+00  0.00000  1.00000  0.99963  0.87330  0.00000  0.00000  0.98045  1.00000
1.100000000e+00  0.00000  1.00000  0.99829  0.74016  0.00000  0.00000  0.98115  1.00000
1.110000000e+00  0.00000  1.00000  1.00000  0.45747  0.00000  0.00000  0.98181  1.00000
1.120000000e+00  0.00000  1.00000  0.97632  0.06223  0.00000  0.00000  0.98245  1.00000
1.130000000e+00  0.00000  1.00000  0.99655  0.01286  0.00000  0.00000  0.98306  1.00000
1.140000000e+00  0.00000  1.00000  0.99257  0.14682  0.00000  0.00000  0.98364  1.00000
1.150000000e+00  0.00000  1.00000  0.99779  0.07291  0.00000  0.00000  0.98419  1.00000
1.160000000e+00  0.00000  1.00000  0.99754  0.26387  0.00000  0.00000  0.98473  1.00000
1.170000000e+00  0.00000  1.00000  0.99992  0.53387  0.00000  0.00000  0.98524  1.00000
1.180000000e+00  0.00000  1.00000  0.99951  0.69279  0.00000  0.00000  0.98573  1.00000
1.190000000e+00  0.00000  1.00000  0.99995  0.62728  0.00000  0.00000  0.98620  1.00000
1.200000000e+00  0.00000  1.00000  0.99981  0.65554  0.00000  0.00000  0.98665  1.00000
1.210000000e+00  0.00000  1.00000  0.08664  0.77289  0.00000  0.00000  0.98708  1.00000
1.220000000e+00  0.00000  1.00000  0.56792  0.83994  0.00000  0.00000  0.98750  1.00000
1.230000000e+00  0.00000  1.00000  0.39184  0.88064  0.00000  0.00000  0.98790  1.00000
1.240000000e+00  0.00000  1.00000  0.83834  0.97932  0.00000  0.00000  0.98828  1.00000
1.250000000e+00  0.00000  1.00000  0.98855  0.99612  0.00000  0.00000  0.98865  1.00000
1.260000000e+00  0.00000  1.00000  0.95789  0.99630  0.00000  0.00000  0.98901  1.00000
1.270000000e+00  0.00000  1.00000  0.95959  0.98867  0.00000  0.00000  0.98935  1.00000
1.280000000e+00  0.00000  1.00000  0.99903  0.97551  0.00000  0.00000  0.98967  1.00000
1.290000000e+00  0.00000  1.00000  0.88127  0.93330  0.00000  0.00000  0.98999  1.00000
1.300000000e+00  0.00000  1.00000  0.82912  0.82805  0.00000  0.00000  0.99029  1.00000
1.310000000e+00  0.00000  1.00000  0.99206  0.70423  0.00000  0.00000  0.99058  1.00000
1.320000000e+00  0.00000  1.00000  0.41725  0.52995  0.00000  0.00000  0.99086  1.00000
1.330000000e+00  0.00000  1.00000  0.96764  0.37840  0.00000  0.00000  0.99113  1.00000
1.340000000e+00  0.00000  1.00000  0.57010  0.22768  0.00000  0.00000  0.99139  1.00000
1.350000000e+00  0.00000  1.00000  0.85199  0.01332  0.00000  0.00000  0.99165  1.00000
1.360000000e+00  0.00000  1.00000  0.98756  0.00000  0.00000  0.00000  0.99189  1.00000
1.370000000e+00  0.00000  1.00000  0.96995  0.00000  0.00000  0.00000  0.99212  1.00000
1.380000000e+00  0.00000  1.00000  0.96151  0.00000  0.00000  0.00000  0.99235  1.00000
1.390000000e+00  0.00000  1.00000  0.99281  0.00000  0.00000  0.00000  0.99256  1.00000
1.400000000e+00  0.00000  1.00000  0.99613  0.00000  0.00000  0.00000  0.99277  1.00000
1.410000000e+00  0.00000  1.00000  0.99980  0.00000  0.00000  0.00000  0.99297  1.00000
1.420000000e+00  0.00000  1.00000  0.99942  0.00112  0.00000  0.00000  0.99317  1.00000
1.430000000e+00  0.00000  1.00000  0.68678  0.00340  0.00000  0.00000  0.99336  1.00000
1.440000000e+00  0.00000  1.00000  0.00000  0.00366  0.00000  0.00000  0.99354  1.00000
1.450000000e+00  0.00000  1.00000  0.01237  0.02828  0.00000  0.00000  0.99372  1.00000
1.460000000e+00  0.00000  1.00000  0.63276  0.10308  0.00000  0.00000  0.99389  1.00000
1.470000000e+00  0.00000  1.00000  0.97377  0.03214  0.00000  0.00000  0.99405  1.00000
1.480000000e+00  0.00000  1.00000  0.41514  0.08202  0.00000  0.00000  0.99421  1.00000
1.490000000e+00  0.00000  1.00000  0.74752  0.08200  0.00000  0.00000  0.99436  1.00000
1.500000000e+00  0.00000  1.00000  0.55821  0.39628  0.00000  0.00000  0.99451  1.00000
1.510000000e+00  0.00000  1.00000  0.98136  0.55358  0.00000  0.00000  0.99465  1.00000
1.520000000e+00  0.00000  1.00000  0.98602  0.73131  0.00000  0.00000  0.99479  1.00000
1.530000000e+00  0.00000  1.00000  0.32381  0.81351  0.00000  0.00000  0.99493  1.00000
1.540000000e+00  0.00000  1.00000  0.13613  0.93129  0.00000  0.00000  0.99506  1.00000
1.550000000e+00  0.00000  1.00000  0.64893  0.96355  0.00000  0.00000  0.99518  1.00000
1.560000000e+00  0.00000  1.00000  0.93840  0.98983  0.00000  0.00000  0.99531  1.00000
1.570000000e+00  0.00000  1.00000  0.30452  0.98065  0.00000  0.00000  0.99542  1.00000
1.580000000e+00  0.00000  1.00000  0.00020  0.98454  0.00000  0.00000  0.99554  1.00000
1.590000000e+00  0.00000  1.00000  0.33862  0.98595  0.00000  0.00000  0.99565  1.00000
1.600000000e+00  0.00000  1.00000  0.21491  0.97848  0.00000  0.00000  0.99576  1.00000
1.610000000e+00  0.00000  1.00000  0.00219  0.99206  0.00000  0.00000  0.99586  1.00000
1.620000000e+00  0.00000  1.00000  0.01818  0.99215  0.00000  0.00000  0.99596  1.00000
1.630000000e+00  0.00000  1.00000  0.39172  0.99729  0.00000  0.00000  0.99606  1.00000
1.640000000e+00  0.00000  1.00000  0.30779  0.99180  0.00000  0.00000  0.99615  1.00000
1.650000000e+00  0.00000  1.00000  0.23412  0.97791  0.00000  0.00000  0.99625  1.00000
1.660000000e+00  0.00000  1.00000  0.39114  0.97518  0.00000  0.00000  0.99634  1.00000
1.670000000e+00  0.00000  1.00000  0.56122  0.97643  0.00000  0.00000  0.99642  1.00000
1.680000000e+00  0.00000  1.00000  0.80060  0.96376  0.00000  0.00000  0.99651  1.00000
1.690000000e+00  0.00000  1.00000  0.93746  0.97035  0.00000  0.00000  0.99659  1.00000
1.700000000e+00  0.00000  1.00000  0.98472  0.89462  0.00000  0.00000  0.99667  1.00000
1.710000000e+00  0.00000  1.00000  0.92890  0.89272  0.00000  0.00000  0.99675  1.00000
1.720000000e+00  0.00000  1.00000  0.96316  0.91294  0.00000  0.00000  0.99682  1.00000
1.730000000e+00  0.00000  1.00000  0.99260  0.85950  0.00000  0.00000  0.99689  1.00000
1.740000000e+00  0.00000  1.00000  0.99937  0.74661  0.00000  0.00000  0.99696  1.00000
1.750000000e+00  0.00000  1.00000  0.99894  0.67980  0.00000  0.00000  0.99703  1.00000
1.760000000e+00  0.00000  1.00000  0.89600  0.68941  0.00000  0.00000  0.99710  1.00000
1.770000000e+00  0.00000  1.00000  0.95775  0.51691  0.00000  0.00000  0.99716  1.00000
1.780000000e+00  0.00000  1.00000  0.99502  0.34047  0.00000  0.00000  0.99723  1.00000
1.790000000e+00  0.00000  1.00000  0.88080  0.19629  0.00000  0.00000  0.99729  1.00000
1.800000000e+00  0.00000  1.00000  0.94974  0.07747  0.00000  0.00000  0.99735  1.00000
1.810000000e+00  0.00000  1.00000  0.98723  0.00789  0.00000  0.00000  0.99741  1.00000
1.820000000e+00  0.00000  1.00000  0.99549  0.00036  0.00000  0.00000  0.99746  1.00000
1.830000000e+00  0.00000  1.00000  0.99925  0.00000  0.00000  0.00000  0.99752  1.00000
1.840000000e+00  0.00000  1.00000  0.99971  0.00000  0.00000  0.00000  0.99757  1.00000
1.850000000e+00  0.00000  1.00000  0.99753  0.00000  0.00000  0.00000  0.99762  1.00000
1.860000000e+00  0.00000  1.00000  0.99709  0.00000  0.00000  0.00000  0.99767  1.00000
1.870000000e+00  0.00000  1.00000  0.97872  0.00000  0.00000  0.00000  0.99772  1.00000
1.880000000e+00  0.00000  1.00000  0.10729  0.00000  0.00000  0.00000  0.99777  1.00000
1.890000000e+00  0.00000  1.00000  0.12485  0.00000  0.00000  0.00000  0.99782  1.00000
1.900000000e+00  0.00000  1.00000  0.51579  0.00001  0.00000  0.00000  0.99786  1.00000
1.910000000e+00  0.00000  1.00000  0.64389  0.00000  0.00000  0.00000  0.99791  1.00000
1.920000000e+00  0.00000  1.00000  0.86174  0.00000  0.00000  0.00000  0.99795  1.00000
1.930000000e+00  0.00000  1.00000  0.84038  0.00001  0.00000  0.00000  0.99799  1.00000
1.940000000e+00  0.00000  1.00000  0.18960  0.00022  0.00000  0.00000  0.99803  1.00000
1.950000000e+00  0.00000  1.00000  0.00000  0.00476  0.00000  0.00000  0.99807  1.00000
1.960000000e+00  0.00000  1.00000  0.00000  0.01451  0.00000  0.00000  0.99811  1.00000
1.970000000e+00  0.00000  1.00000  0.00000  0.21493  0.00000  0.00000  0.99815  1.00000
1.980000000e+00  0.00000  1.00000  0.00000  0.33516  0.00000  0.00000  0.99819  1.00000
1.990000000e+00  0.00000  1.00000  0.00409  0.39837  0.00000  0.00000  0.99822  1.00000
2.000000000e+00  0.00000  1.00000  0.00000  0.53015  0.00000  0.00000  0.99826  1.00000
2.010000000e+00  0.00000  1.00000  0.00000  0.42825  0.00000  0.00000  0.99829  1.00000
2.020000000e+00  0.00000  1.00000  0.00000  0.58146  0.00000  0.00000  0.99833  1.00000
2.030000000e+00  0.00000  1.00000  0.00000  0.80465  0.00000  0.00000  0.99836  1.00000
2.040000000e+00  0.00000  1.00000  0.00000  0.83574  0.00000  0.00000  0.99839  1.00000
2.050000000e+00  0.00000  1.00000  0.00000  0.92078  0.00000  0.00000  0.99842  1.00000
2.060000000e+00  0.00000  1.00000  0.00000  0.83851  0.00000  0.00000  0.99845  1.00000
2.070000000e+00  0.00000  1.00000  0.00000  0.86795  0.00000  0.00000  0.99848  1.00000
2.080000000e+00  0.00000  1.00000  0.00000  0.91264  0.00000  0.00000  0.99851  1.00000
2.090000000e+00  0.00000  1.00000  0.00000  0.91110  0.00000  0.00000  0.99854  1.00000
2.100000000e+00  0.00000  1.00000  0.00004  0.94600  0.00000  0.00000  0.99857  1.00000
2.110000000e+00  0.00000  1.00000  0.01859  0.95682  0.00000  0.00000  0.99859  1.00000
2.120000000e+00  0.00000  1.00000  0.06675  0.88993  0.00000  0.00000  0.99862  1.00000
2.130000000e+00  0.00000  1.00000  0.43796  0.84803  0.00000  0.00000  0.99865  1.00000
2.140000000e+00  0.00000  1.00000  0.63162  0.96286  0.00000  0.00000  0.99867  1.00000
2.150000000e+00  0.00000  1.00000  0.27541  0.98221  0.00000  0.00000  0.99870  1.00000
2.160000000e+00  0.00000  1.00000  0.34604  0.93213  0.00000  0.00000  0.99872  1.00000
2.170000000e+00  0.00000  1.00000  0.22939  0.86340  0.00000  0.00000  0.99874  1.00000
2.180000000e+00  0.00000  1.00000  0.54010  0.88596  0.00000  0.00000  0.99877  1.00000
2.190000000e+00  0.00000  1.00000  0.83046  0.76353  0.00000  0.00000  0.99879  1.00000
2.200000000e+00  0.00000  1.00000  0.88575  0.85256  0.00000  0.00000  0.99881  1.00000
2.210000000e+00  0.00000  1.00000  0.96454  0.89495  0.00000  0.00000  0.99883  1.00000
2.220000000e+00  0.00000  1.00000  0.95059  0.91965  0.00000  0.00000  0.99885  1.00000
2.230000000e+00  0.00000  1.00000  0.95418  0.94568  0.00000  0.00000  0.99887  1.00000
2.240000000e+00  0.00000  1.00000  0.98687  0.97435  0.00000  0.00000  0.99889  1.00000
2.250000000e+00  0.00000  1.00000  0.97809  0.97825  0.00000  0.00000  0.99891  1.00000
2.260000000e+00  0.00000  1.00000  0.94833  0.99155  0.00000  0.00000  0.99893  1.00000
2.270000000e+00  0.00000  1.00000  0.98753  0.98227  0.00000  0.00000  0.99895  1.00000
2.280000000e+00  0.00000  1.00000  0.97362  0.99667  0.00000  0.00000  0.99897  1.00000
2.290000000e+00  0.00000  1.00000  0.99187  0.98324  0.00000  0.00000  0.99899  1.00000
2.300000000e+00  0.00000  1.00000  0.99600  0.90531  0.00000  0.00000  0.99900  1.00000
2.310000000e+00  0.00000  1.00000  0.99745  0.96848  0.00000  0.00000  0.99902  1.00000
2.320000000e+00  0.00000  1.00000  0.99904  0.92158  0.00000  0.00000  0.99904  1.00000
2.330000000e+00  0.00000  1.00000  0.99988  0.91452  0.00000  0.00000  0.99905  1.00000
2.340000000e+00  0.00000  1.00000  0.99989  0.93225  0.00000  0.00000  0.99907  1.00000
2.350000000e+00  0.00000  1.00000  0.99987  0.82505  0.00000  0.00000  0.99909  1.00000
2.360000000e+00  0.00000  1.00000  0.99967  0.69148  0.00000  0.00000  0.99910  1.00000
2.370000000e+00  0.00000  1.00000  0.99822  0.71055  0.00000  0.00000  0.99912  1.00000
2.380000000e+00  0.00000  1.00000  0.99715  0.52143  0.00000  0.00000  0.99913  1.00000
2.390000000e+00  0.00000  1.00000  0.99069  0.40320  0.00000  0.00000  0.99915  1.00000
2.400000000e+00  0.00000  1.00000  0.98880  0.49898  0.00000  0.00000  0.99916  1.00000
2.410000000e+00  0.00000  1.00000  0.98702  0.32455  0.00000  0.00000  0.99917  1.00000
2.420000000e+00  0.00000  1.00000  0.99685  0.14244  0.00000  0.00000  0.99919  1.00000
2.430000000e+00  0.00000  1.00000  0.99991  0.33463  0.00000  0.00000  0.99920  1.00000
2.440000000e+00  0.00000  1.00000  0.99986  0.06627  0.00000  0.00000  0.99921  1.00000
2.450000000e+00  0.00000  1.00000  0.99965  0.12584  0.00000  0.00000  0.99923  1.00000
2.460000000e+00  0.00000  1.00000  0.99948  0.20576  0.00000  0.00000  0.99924  1.00000
2.470000000e+00  0.00000  1.00000  0.99233  0.17426  0.00000  0.00000  0.99925  1.00000
2.480000000e+00  0.00000  1.00000  0.96963  0.07938  0.00000  0.00000  0.99926  1.00000
2.490000000e+00  0.00000  1.00000  0.31899  0.00267  0.00000  0.00000  0.99927  1.00000
2.500000000e+00  0.00000  1.00000  0.73557  0.00280  0.00000  0.00000  0.99929  1.00000
2.510000000e+00  0.00000  1.00000  0.70403  0.00073  0.00000  0.00000  0.99930  1.00000
2.520000000e+00  0.00000  1.00000  0.68163  0.00014  0.00000  0.00000  0.99931  1.00000
2.530000000e+00  0.00000  1.00000  0.83701  0.00000  0.00000  0.00000  0.99932  1.00000
2.540000000e+00  0.00000  1.00000  0.89946  0.00000  0.00000  0.00000  0.99933  1.00000
2.550000000e+00  0.00000  1.00000  0.97471  0.00000  0.00000  0.00000  0.99934  1.00000
2.560000000e+00  0.00000  1.00000  0.94362  0.00000  0.00000  0.00000  0.99935  1.00000
2.570000000e+00  0.00000  1.00000  0.96645  0.00000  0.00000  0.00000  0.99936  1.00000
2.580000000e+00  0.00000  1.00000  0.78720  0.00000  0.00000  0.00000  0.99937  1.00000
2.590000000e+00  0.00000  1.00000  0.54085  0.00000  0.00000  0.00000  0.99938  1.00000
2.600000000e+00  0.00000  1.00000  0.64433  0.00000  0.00000  0.00000  0.99939  1.00000
2.610000000e+00  0.00000  1.00000  0.18141  0.00000  0.00000  0.00000  0.99940  1.00000
2.620000000e+00  0.00000  1.00000  0.06898  0.00000  0.00000  0.00000  0.99941  1.00000
2.630000000e+00  0.00000  1.00000  0.24460  0.00000  0.00000  0.00000  0.99942  1.00000
2.640000000e+00  0.00000  1.00000  0.20613  0.00000  0.00000  0.00000  0.99943  1.00000
2.650000000e+00  0.00000  1.00000  0.36948  0.00000  0.00000  0.00000  0.99943  1.00000
2.660000000e+00  0.00000  1.00000  0.00061  0.00000  0.00000  0.00000  0.99944  1.00000
2.670000000e+00  0.00000  1.00000  0.00000  0.00000  0.00000  0.00000  0.99945  1.00000
2.680000000e+00  0.00000  1.00000  0.00000  0.00000  0.00000  0.00000  0.99946  1.00000
2.690000000e+00  0.00000  1.00000  0.00000  0.00000  0.00000  0.00000  0.99947  1.00000
2.700000000e+00  0.00000  1.00000  0.00000  0.00000  0.00000  0.00000  0.99947  1.00000
2.710000000e+00  0.00000  1.00000  0.00000  0.00000  0.00000  0.00000  0.99948  1.00000
2.720000000e+00  0.00000  1.00000  0.00000  0.00000  0.00000  0.00000  0.99949  1.00000
2.730000000e+00  0.00000  1.00000  0.00000  0.00000  0.00000  0.00000  0.99950  1.00000
2.740000000e+00  0.00000  1.00000  0.00000  0.00000  0.00000  0.00000  0.99950  1.00000
2.750000000e+00  0.00000  1.00000  0.00000  0.00000  0.00000  0.00000  0.99951  1.00000
2.760000000e+00  0.00000  1.00000  0.00000  0.00000  0.00000  0.00000  0.99952  1.00000
2.770000000e+00  0.00000  1.00000  0.00000  0.00000  0.00000  0.00000  0.99953  1.00000
2.780000000e+00  0.00000  1.00000  0.00000  0.00000  0.00000  0.00000  0.99953  1.00000
2.790000000e+00  0.00000  1.00000  0.00000  0.00000  0.00000  0.00000  0.99954  1.00000
2.800000000e+00  0.00000  1.00000  0.00000  0.00000  0.00000  0.00000  0.99955  1.00000
2.810000000e+00  0.00000  1.00000  0.00000  0.00000  0.00000  0.00000  0.99955  1.00000
2.820000000e+00  0.00000  1.00000  0.00000  0.00000  0.00000  0.00000  0.99956  1.00000
2.830000000e+00  0.00000  1.00000  0.00000  0.00000  0.00000  0.00000  0.99956  1.00000
2.840000000e+00  0.00000  1.00000  0.00000  0.00000  0.00000  0.00000  0.99957  1.00000
2.850000000e+00  0.00000  1.00000  0.00000  0.00000  0.00000  0.00000  0.99958  1.00000
2.860000000e+00  0.00000  1.00000  0.00000  0.00000  0.00000  0.00000  0.99958  1.00000
2.870000000e+00  0.00000  1.00000  0.00000  0.00000  0.00000  0.00000  0.99959  1.00000
2.880000000e+00  0.00000  1.00000  0.00000  0.00002  0.00000  0.00000  0.99959  1.00000
2.890000000e+00  0.00000  1.00000  0.00003  0.00001  0.00000  0.00000  0.99960  1.00000
2.900000000e+00  0.00000  1.00000  0.00401  0.00202  0.00000  0.00000  0.99961  1.00000
2.910000000e+00  0.00000  1.00000  0.08089  0.00061  0.00000  0.00000  0.99961  1.00000
2.920000000e+00  0.00000  1.00000  0.34473  0.00084  0.00000  0.00000  0.99962  1.00000
2.930000000e+00  0.00000  1.00000  0.55535  0.00538  0.00000  0.00000  0.99962  1.00000
2.940000000e+00  0.00000  1.00000  0.68618  0.02763  0.00000  0.00000  0.99963  1.00000
2.950000000e+00  0.00000  1.00000  0.82065  0.00059  0.00000  0.00000  0.99963  1.00000
2.960000000e+00  0.00000  1.00000  0.41805  0.00748  0.00000  0.00000  0.99964  1.00000
2.970000000e+00  0.00000  1.00000  0.05137  0.02806  0.00000  0.00000  0.99964  1.00000
2.980000000e+00  0.00000  1.00000  0.00380  0.00003  0.00000  0.00000  0.99965  1.00000
2.990000000e+00  0.00000  1.00000  0.01469  0.04032  0.00000  0.00000  0.99965  1.00000
3.000000000e+00  0.00000  1.00000  0.28616  0.06916  0.00000  0.00000  0.99966  1.00000
3.010000000e+00  0.00000  1.00000  0.30231  0.04731  0.00000  0.00000  0.99966  1.00000
3.020000000e+00  0.00000  1.00000  0.05694  0.03267  0.00000  0.00000  0.99966  1.00000
3.030000000e+00  0.00000  1.00000  0.11478  0.02820  0.00000  0.00000  0.99967  1.00000
3.040000000e+00  0.00000  1.00000  0.31599  0.00376  0.00000  0.00000  0.99967  1.00000
3.050000000e+00  0.00000  1.00000  0.63530  0.00484  0.00000  0.00000  0.99968  1.00000
3.060000000e+00  0.00000  1.00000  0.68681  0.01053  0.00000  0.00000  0.99968  1.00000
3.070000000e+00  0.00000  1.00000  0.83549  0.00489  0.00000  0.00000  0.99969  1.00000
3.080000000e+00  0.00000  1.00000  0.87115  0.02077  0.00000  0.00000  0.99969  1.00000
3.090000000e+00  0.00000  1.00000  0.93011  0.00035  0.00000  0.00000  0.99969  1.00000
3.100000000e+00  0.00000  1.00000  0.89706  0.00034  0.00000  0.00000  0.99970  1.00000
3.110000000e+00  0.00000  1.00000  0.71761  0.00733  0.00000  0.00000  0.99970  1.00000
3.120000000e+00  0.00000  1.00000  0.49297  0.00110  0.00000  0.00000  0.99971  1.00000
3.130000000e+00  0.00000  1.00000  0.39943  0.04914  0.00000  0.00000  0.99971  1.00000
3.140000000e+00  0.00000  1.00000  0.55799  0.11712  0.00000  0.00000  0.99971  1.00000
3.150000000e+00  0.00000  1.00000  0.75881  0.02051  0.00000  0.00000  0.99972  1.00000
3.160000000e+00  0.00000  1.00000  0.60780  0.08494  0.00000  0.00000  0.99972  1.00000
3.170000000e+00  0.00000  1.00000  0.43663  0.61971  0.00000  0.00000  0.99972  1.00000
3.180000000e+00  0.00000  1.00000  0.50008  0.46408  0.00000  0.00000  0.99973  1.00000
3.190000000e+00  0.00000  1.00000  0.66883  0.18471  0.00000  0.00000  0.99973  1.00000
3.200000000e+00  0.00000  1.00000  0.83402  0.04016  0.00000  0.00000  0.99973  1.00000
3.210000000e+00  0.00000  1.00000  0.93394  0.00000  0.00000  0.00000  0.99974  1.00000
3.220000000e+00  0.00000  1.00000  0.91127  0.00004  0.00000  0.00000  0.99974  1.00000
3.230000000e+00  0.00000  1.00000  0.90442  0.00119  0.00000  0.00000  0.99974  1.00000
3.240000000e+00  0.00000  1.00000  0.94982  0.09388  0.00000  0.00000  0.99975  1.00000
3.250000000e+00  0.00000  1.00000  0.98780  0.02903  0.00000  0.00000  0.99975  1.00000
3.260000000e+00  0.00000  1.00000  0.99655  0.23805  0.00000  0.00000  0.99975  1.00000
3.270000000e+00  0.00000  1.00000  0.99615  0.01236  0.00000  0.00000  0.99976  1.00000
3.280000000e+00  0.00000  1.00000  0.99677  0.03955  0.00000  0.00000  0.99976  1.00000
3.290000000e+00  0.00000  1.00000  0.99853  0.25130  0.00000  0.00000  0.99976  1.00000
3.300000000e+00  0.00000  1.00000  0.99936  0.11500  0.00000  0.00000  0.99976  1.00000
3.310000000e+00  0.00000  1.00000  0.99948  0.01061  0.00000  0.00000  0.99977  1.00000
3.320000000e+00  0.00000  1.00000  0.99900  0.15670  0.00000  0.00000  0.99977  1.00000
3.330000000e+00  0.00000  1.00000  0.99375  0.04564  0.00000  0.00000  0.99977  1.00000
3.340000000e+00  0.00000  1.00000  0.97880  0.31868  0.00000  0.00000  0.99978  0.99985
3.350000000e+00  0.00000  1.00000  0.96621  0.10446  0.00000  0.00000  0.99978  0.99979
3.360000000e+00  0.00000  1.00000  0.86199  0.10397  0.00000  0.00000  0.99978  0.99985
3.370000000e+00  0.00000  1.00000  0.96016  0.15021  0.00000  0.00000  0.99978  0.99974
3.380000000e+00  0.00000  1.00000  0.97149  0.25736  0.00000  0.00000  0.99979  0.99990
3.390000000e+00  0.00000  1.00000  0.98471  0.40276  0.00000  0.00000  0.99979  0.99987
3.400000000e+00  0.00000  1.00000  0.99444  0.61283  0.00000  0.00000  0.99979  0.99994
3.410000000e+00  0.00000  1.00000  0.99796  0.46098  0.00000  0.00000  0.99979  0.99995
3.420000000e+00  0.00000  1.00000  0.99930  0.58698  0.00000  0.00000  0.99980  1.00000
3.430000000e+00  0.00000  1.00000  0.99911  0.85335  0.00000  0.00000  0.99980  0.99992
3.440000000e+00  0.00000  1.00000  0.99932  0.73591  0.00000  0.00000  0.99980  0.99987
3.450000000e+00  0.00000  1.00000  0.99655  0.74006  0.00000  0.00000  0.99980  0.99971
3.460000000e+00  0.00000  1.00000  0.99740  0.68986  0.00000  0.00000  0.99980  0.99989
3.470000000e+00  0.00000  1.00000  0.99906  0.83725  0.00000  0.00000  0.99981  0.99975
3.480000000e+00  0.00000  1.00000  0.99935  0.78406  0.00000  0.00000  0.99981  0.99983
3.490000000e+00  0.00000  1.00000  0.99957  0.82551  0.00000  0.00000  0.99981  0.99983
3.500000000e+00  0.00000  1.00000  0.99959  0.79035  0.00000  0.00000  0.99981  0.99990
3.510000000e+00  0.00000  1.00000  0.99929  0.80949  0.00000  0.00000  0.99982  0.99997
3.520000000e+00  0.00000  1.00000  0.99811  0.73556  0.00000  0.00000  0.99982  0.99996
3.530000000e+00  0.00000  1.00000  0.99503  0.69972  0.00000  0.00000  0.99982  0.99994
3.540000000e+00  0.00000  1.00000  0.98894  0.67871  0.00000  0.00000  0.99982  0.99989
3.550000000e+00  0.00000  1.00000  0.97643  0.63851  0.00000  0.00000  0.99982  0.99991
3.560000000e+00  0.00000  1.00000  0.94868  0.51872  0.00000  0.00000  0.99983  0.99966
3.570000000e+00  0.00000  1.00000  0.90695  0.67043  0.00000  0.00000  0.99983  0.99966
3.580000000e+00  0.00000  1.00000  0.87582  0.59809  0.00000  0.00000  0.99983  0.99937
3.590000000e+00  0.00000  1.00000  0.82094  0.71050  0.00000  0.00000  0.99983  0.99936
3.600000000e+00  0.00000  1.00000  0.67060  0.59944  0.00000  0.00000  0.99983  0.99943
3.610000000e+00  0.00000  1.00000  0.54124  0.80645  0.00000  0.00000  0.99983  0.99946
3.620000000e+00  0.00000  1.00000  0.48975  0.63577  0.00000  0.00000  0.99984  0.99932
3.630000000e+00  0.00000  1.00000  0.68173  0.79378  0.00000  0.00000  0.99984  0.99917
3.640000000e+00  0.00000  1.00000  0.64156  0.68524  0.00000  0.00000  0.99984  0.99891
3.650000000e+00  0.00000  1.00000  0.51669  0.90984  0.00000  0.00000  0.99984  0.99873
3.660000000e+00  0.00000  1.00000  0.61971  0.74028  0.00000  0.00000  0.99984  0.99862
3.670000000e+00  0.00000  1.00000  0.80816  0.75189  0.00000  0.00000  0.99985  0.99849
3.680000000e+00  0.00000  1.00000  0.93379  0.35323  0.00000  0.00000  0.99985  0.99825
3.690000000e+00  0.00000  1.00000  0.96895  0.49301  0.00000  0.00000  0.99985  0.99788
3.700000000e+00  0.00000  1.00000  0.97986  0.73717  0.00000  0.00000  0.99985  0.99760
3.710000000e+00  0.00000  1.00000  0.98905  0.89243  0.00000  0.00000  0.99985  0.99613
3.720000000e+00  0.00000  1.00000  0.97959  0.66654  0.00000  0.00000  0.99985  0.99512
3.730000000e+00  0.00000  1.00000  0.97828  0.81651  0.00000  0.00000  0.99986  0.99464
3.740000000e+00  0.00000  1.00000  0.97752  0.67436  0.00000  0.00000  0.99986  0.99404
3.750000000e+00  0.00000  1.00000  0.94060  0.77324  0.00000  0.00000  0.99986  0.99325
3.760000000e+00  0.00000  1.00000  0.84610  0.72441  0.00000  0.00000  0.99986  0.99234
3.770000000e+00  0.00000  1.00000  0.72218  0.66481  0.00000  0.00000  0.99986  0.99136
3.780000000e+00  0.00000  1.00000  0.54954  0.68665  0.00000  0.00000  0.99986  0.99003
3.790000000e+00  0.00000  1.00000  0.37674  0.74510  0.00000  0.00000  0.99986  0.98843
3.800000000e+00  0.00000  1.00000  0.14969  0.69043  0.00000  0.00000  0.99987  0.98675
3.810000000e+00  0.00000  1.00000  0.04089  0.86172  0.00000  0.00000  0.99987  0.98476
3.820000000e+00  0.00000  1.00000  0.06429  0.65624  0.00000  0.00000  0.99987  0.98266
3.830000000e+00  0.00000  1.00000  0.26256  0.84383  0.00000  0.00000  0.99987  0.98027
3.840000000e+00  0.00000  1.00000  0.12981  0.71805  0.00000  0.00000  0.99987  0.97745
3.850000000e+00  0.00000  1.00000  0.06759  0.85227  0.00000  0.00000  0.99987  0.97415
3.860000000e+00  0.00000  1.00000  0.12195  0.82258  0.00000  0.00000  0.99987  0.97040
3.870000000e+00  0.00000  1.00000  0.29077  0.86702  0.00000  0.00000  0.99987  0.96626
3.880000000e+00  0.00000  1.00000  0.53655  0.86210  0.00000  0.00000  0.99988  0.96152
3.890000000e+00  0.00000  1.00000  0.75606  0.89365  0.00000  0.00000  0.99988  0.95605
3.900000000e+00  0.00000  1.00000  0.90368  0.93057  0.00000  0.00000  0.99988  0.94990
3.910000000e+00  0.00000  1.00000  0.95975  0.88023  0.00000  0.00000  0.99988  0.94293
3.920000000e+00  0.00000  1.00000  0.96436  0.97252  0.00000  0.00000  0.99988  0.93481
3.930000000e+00  0.00000  1.00000  0.92695  0.94058  0.00000  0.00000  0.99988  0.92548
3.940000000e+00  0.00000  1.00000  0.84435  0.97399  0.00000  0.00000  0.99988  0.91471
3.950000000e+00  0.00000  1.00000  0.71907  0.97770  0.00000  0.00000  0.99988  0.90253
3.960000000e+00  0.00000  1.00000  0.50355  0.96324  0.00000  0.00000  0.99989  0.88815
3.970000000e+00  0.00000  1.00000  0.33291  0.98971  0.00000  0.00000  0.99989  0.87172
3.980000000e+00  0.00000  1.00000  0.18227  0.97716  0.00000  0.00000  0.99989  0.85343
3.990000000e+00  0.00000  1.00000  0.13287  0.99270  0.00000  0.00000  0.99989  0.83260
4.000000000e+00  0.00000  1.00000  0.30993  0.99016  0.00000  0.00000  0.99989  0.80885
4.010000000e+00  0.00000  1.00000  0.38262  0.99009  0.00000  0.00000  0.99989  0.78287
4.020000000e+00  0.00000  1.00000  0.17140  0.99730  0.00000  0.00000  0.99989  0.75470
4.030000000e+00  0.00000  1.00000  0.14925  0.99023  0.00000  0.00000  0.99989  0.72492
4.040000000e+00  0.00000  1.00000  0.20682  0.99498  0.00000  0.00000  0.99989  0.69367
4.050000000e+00  0.00000  1.00000  0.34503  0.99546  0.00000  0.00000  0.99990  0.66073
4.060000000e+00  0.00000  1.00000  0.51385  0.99438  0.00000  0.00000  0.99990  0.62772
4.070000000e+00  0.00000  1.00000  0.56697  0.99415  0.00000  0.00000  0.99990  0.59460
4.080000000e+00  0.00000  1.00000  0.27664  0.99722  0.00000  0.00000  0.99990  0.56312
4.090000000e+00  0.00000  1.00000  0.08493  0.99696  0.00000  0.00000  0.99990  0.53376
4.100000000e+00  0.00000  1.00000  0.03763  0.99730  0.00000  0.00000  0.99990  0.50645
4.110000000e+00  0.00000  1.00000  0.04850  0.99027  0.00000  0.00000  0.99990  0.48219
4.120000000e+00  0.00000  1.00000  0.20933  0.99732  0.00000  0.00000  0.99990  0.46135
4.130000000e+00  0.00000  1.00000  0.25887  0.99339  0.00000  0.00000  0.99990  0.44399
4.140000000e+00  0.00000  1.00000  0.11427  0.99560  0.00000  0.00000  0.99990  0.43032
4.150000000e+00  0.00000  1.00000  0.04749  0.99860  0.00000  0.00000  0.99991  0.42015
4.160000000e+00  0.00000  1.00000  0.00021  0.99248  0.00000  0.00000  0.99991  0.41391
4.170000000e+00  0.00000  1.00000  0.00000  0.99551  0.00000  0.00000  0.99991  0.41045
4.180000000e+00  0.00000  1.00000  0.00000  0.99468  0.00000  0.00000  0.99991  0.41180
4.190000000e+00  0.00000  1.00000  0.00000  0.99467  0.00000  0.00000  0.99991  0.41393
4.200000000e+00  0.00000  1.00000  0.00000  0.99401  0.00000  0.00000  0.99991  0.41918
4.210000000e+00  0.00000  1.00000  0.00000  0.99072  0.00000  0.00000  0.99991  0.42232
4.220000000e+00  0.00000  1.00000  0.00000  0.99111  0.00000  0.00000  0.99991  0.42311
4.230000000e+00  0.00000  1.00000  0.00000  0.99021  0.00000  0.00000  0.99991  0.42035
4.240000000e+00  0.00000  1.00000  0.00000  0.99262  0.00000  0.00000  0.99991  0.41209
4.250000000e+00  0.00000  1.00000  0.00000  0.98171  0.00000  0.00000  0.99991  0.39662
4.260000000e+00  0.00000  1.00000  0.00000  0.97715  0.00000  0.00000  0.99991  0.36765
4.270000000e+00  0.00000  1.00000  0.00000  0.99203  0.00000  0.00000  0.99992  0.32481
4.280000000e+00  0.00000  1.00000  0.00000  0.96747  0.00000  0.00000  0.99992  0.29539
4.290000000e+00  0.00000  1.00000  0.00000  0.96237  0.00000  0.00000  0.99992  0.27747
4.300000000e+00  0.00000  1.00000  0.00000  0.95758  0.00000  0.00000  0.99992  0.28224
4.310000000e+00  0.00000  1.00000  0.00000  0.92868  0.00000  0.00000  0.99992  0.30987
4.320000000e+00  0.00000  1.00000  0.00000  0.94216  0.00000  0.00000  0.99992  0.34977
4.330000000e+00  0.00000  1.00000  0.00000  0.94073  0.00000  0.00000  0.99992  0.40415
4.340000000e+00  0.00000  1.00000  0.00000  0.92926  0.00000  0.00000  0.99992  0.44950
4.350000000e+00  0.00000  1.00000  0.00000  0.92268  0.00000  0.00000  0.99992  0.48396
4.360000000e+00  0.00000  1.00000  0.00000  0.89765  0.00000  0.00000  0.99992  0.50888
4.370000000e+00  0.00000  1.00000  0.00000  0.80028  0.00000  0.00000  0.99992  0.52678
4.380000000e+00  0.00000  1.00000  0.00000  0.92847  0.00000  0.00000  0.99992  0.54019
4.390000000e+00  0.00000  1.00000  0.00000  0.89990  0.00000  0.00000  0.99992  0.55239
4.400000000e+00  0.00000  1.00000  0.00000  0.85207  0.00000  0.00000  0.99992  0.56097
4.410000000e+00  0.00000  1.00000  0.00000  0.72253  0.00000  0.00000  0.99993  0.57212
4.420000000e+00  0.00000  1.00000  0.00000  0.95148  0.00000  0.00000  0.99993  0.58277
4.430000000e+00  0.00000  1.00000  0.00000  0.83523  0.00000  0.00000  0.99993  0.59516
4.440000000e+00  0.00000  1.00000  0.00000  0.66219  0.00000  0.00000  0.99993  0.60845
4.450000000e+00  0.00000  1.00000  0.00000  0.73132  0.00000  0.00000  0.99993  0.62406
4.460000000e+00  0.00000  1.00000  0.00000  0.76343  0.00000  0.00000  0.99993  0.63955
4.470000000e+00  0.00000  1.00000  0.00000  0.78637  0.00000  0.00000  0.99993  0.65844
4.480000000e+00  0.00000  1.00000  0.00000  0.75765  0.00000  0.00000  0.99993  0.67611
4.490000000e+00  0.00000  1.00000  0.00000  0.80948  0.00000  0.00000  0.99993  0.69658
4.500000000e+00  0.00000  1.00000  0.00000  0.83650  0.00000  0.00000  0.99993  0.71551
4.510000000e+00  0.00000  1.00000  0.00000  0.82695  0.00000  0.00000  0.99993  0.73618
4.520000000e+00  0.00000  1.00000  0.00000  0.74745  0.00000  0.00000  0.99993  0.75629
4.530000000e+00  0.00000  1.00000  0.00000  0.61139  0.00000  0.00000  0.99993  0.77592
4.540000000e+00  0.00000  1.00000  0.00002  0.59048  0.00000  0.00000  0.99993  0.79524
4.550000000e+00  0.00000  1.00000  0.00020  0.78751  0.00000  0.00000  0.99993  0.81378
4.560000000e+00  0.00000  1.00000  0.00437  0.88602  0.00000  0.00000  0.99993  0.83153
4.570000000e+00  0.00000  1.00000  0.03152  0.77291  0.00000  0.00000  0.99994  0.84760
4.580000000e+00  0.00000  1.00000  0.11090  0.66521  0.00000  0.00000  0.99994  0.86331
4.590000000e+00  0.00000  1.00000  0.16200  0.73635  0.00000  0.00000  0.99994  0.87764
4.600000000e+00  0.00000  1.00000  0.23983  0.77750  0.00000  0.00000  0.99994  0.89080
4.610000000e+00  0.00000  1.00000  0.29983  0.81736  0.00000  0.00000  0.99994  0.90294
4.620000000e+00  0.00000  1.00000  0.24882  0.76522  0.00000  0.00000  0.99994  0.91403
4.630000000e+00  0.00000  1.00000  0.11121  0.55738  0.00000  0.00000  0.99994  0.92403
4.640000000e+00  0.00000  1.00000  0.08539  0.56529  0.00000  0.00000  0.99994  0.93306
4.650000000e+00  0.00000  1.00000  0.06948  0.58020  0.00000  0.00000  0.99994  0.94120
4.660000000e+00  0.00000  1.00000  0.06974  0.51361  0.00000  0.00000  0.99994  0.94851
4.670000000e+00  0.00000  1.00000  0.07648  0.44213  0.00000  0.00000  0.99994  0.95470
4.680000000e+00  0.00000  1.00000  0.02733  0.45009  0.00000  0.00000  0.99994  0.95980
4.690000000e+00  0.00000  1.00000  0.01194  0.18116  0.00000  0.00000  0.99994  0.96480
4.700000000e+00  0.00000  1.00000  0.00135  0.83531  0.00000  0.00000  0.99994  0.96901
4.710000000e+00  0.00000  1.00000  0.00004  0.72540  0.00000  0.00000  0.99994  0.97258
4.720000000e+00  0.00000  1.00000  0.00002  0.38505  0.00000  0.00000  0.99994  0.97596
4.730000000e+00  0.00000  1.00000  0.00000  0.53844  0.00000  0.00000  0.99994  0.97855
4.740000000e+00  0.00000  1.00000  0.00000  0.37987  0.00000  0.00000  0.99994  0.98134
4.750000000e+00  0.00000  1.00000  0.00000  0.61463  0.00000  0.00000  0.99994  0.98360
4.760000000e+00  0.00000  1.00000  0.00000  0.50101  0.00000  0.00000  0.99994  0.98565
4.770000000e+00  0.00000  1.00000  0.00000  0.51064  0.00000  0.00000  0.99995  0.98742
4.780000000e+00  0.00000  1.00000  0.00000  0.36861  0.00000  0.00000  0.99995  0.98841
4.790000000e+00  0.00000  1.00000  0.00000  0.20658  0.00000  0.00000  0.99995  0.98981
4.800000000e+00  0.00000  1.00000  0.00000  0.25757  0.00000  0.00000  0.99995  0.99151
4.810000000e+00  0.00000  1.00000  0.00000  0.41148  0.00000  0.00000  0.99995  0.99269
4.820000000e+00  0.00000  1.00000  0.00000  0.34959  0.00000  0.00000  0.99995  0.99359
4.830000000e+00  0.00000  1.00000  0.00000  0.19758  0.00000  0.00000  0.99995  0.99457
4.840000000e+00  0.00000  1.00000  0.00000  0.38587  0.00000  0.00000  0.99995  0.99274
4.850000000e+00  0.00000  1.00000  0.00000  0.09874  0.00000  0.00000  0.99995  0.99482
4.860000000e+00  0.00000  1.00000  0.00000  0.05384  0.00000  0.00000  0.99995  0.99639
4.870000000e+00  0.00000  1.00000  0.00000  0.53120  0.00000  0.00000  0.99995  0.99695
4.880000000e+00  0.00000  1.00000  0.00000  0.52414  0.00000  0.00000  0.99995  0.99730
4.890000000e+00  0.00000  1.00000  0.00000  0.45798  0.00000  0.00000  0.99995  0.99715
4.900000000e+00  0.00000  1.00000  0.00000  0.05477  0.00000  0.00000  0.99995  0.99572
4.910000000e+00  0.00000  1.00000  0.00000  0.02802  0.00000  0.00000  0.99995  0.99786
4.920000000e+00  0.00000  1.00000  0.00000  0.20901  0.00000  0.00000  0.99995  0.99820
4.930000000e+00  0.00000  1.00000  0.00000  0.44113  0.00000  0.00000  0.99995  0.99838
4.940000000e+00  0.00000  1.00000  0.00011  0.21021  0.00000  0.00000  0.99995  0.99840
4.950000000e+00  0.00000  1.00000  0.00055  0.04448  0.00000  0.00000  0.99995  0.99726
4.960000000e+00  0.00000  1.00000  0.00130  0.01095  0.00000  0.00000  0.99995  0.99186
4.970000000e+00  0.00000  1.00000  0.01083  0.00472  0.00000  0.00000  0.99995  0.99887
4.980000000e+00  0.00000  1.00000  0.03205  0.10330  0.00000  0.00000  0.99995  0.99896
4.990000000e+00  0.00000  1.00000  0.08187  0.02556  0.00000  0.00000  0.99995  0.99918
5.000000000e+00  0.00000  1.00000  0.07496  0.19872  0.00000  0.00000  0.99995  0.99921
