# ----------------------------------------------------------------------------------------------
# NASA-GSFC Planetary Spectrum Generator (PSG, Villanueva et al. 2015)
# Atmospheric layering information considered by PUMAS
# Synthesized on Tue Nov 21 15:08:54 2017
# Radiative transfer method: correlated-k
# Synthesis spectral resolution [cm-1] and resolving power: 8.913678 5.010e+02
# Scattering parameters (nmax, lmax): 0 0
# ----------------------------------------------------------------------------------------------
# Molecular abundance profile: 
# Molecules considered: N2,CO2,H2O
# Molecular sources: HIT[22],HIT[2],HIT[1]
# Molecular abundances: 1,1,1
# Molecular abundance units: scl,scl,scl
# Collission-Induced-Absorption:  N2-N2(3.33-5.41um)
# Rayleigh scattering included
# ----------------------------------------------------------------------------------------------
# Aerosols considered: WaterIce,Cloud
# Aerosols sources: CRISM_Wolff[reff=2.0um 0.31-99.57um],White_GSFC[reff=1.0um 0.10-1000000.00um]
# Aerosols abundances: 1,1
# Aerosols abundance units: scl,scl
# Aerosols sizes [um]: 155.900057363,14.0
# ----------------------------------------------------------------------------------------------
# Input layer-by-layer atmospheric profile
# Molecular abundances in molec/molec and aerosols in kg/kg
# ----------------------------------------------------------------------------------------------
# Alt[km] Pressure[bar] Temp[K]         N2        CO2        H2O   WaterIce      Cloud
# ----------------------------------------------------------------------------------------------
    0.000   1.404e+00   293.732   7.394e-01  2.958e-01  1.724e-02  1.522e-11  1.152e-04
    0.260   1.362e+00   294.000   7.397e-01  2.959e-01  1.659e-02  2.801e-27  5.621e-05
    0.640   1.303e+00   293.900   7.409e-01  2.964e-01  1.462e-02  2.999e-26  3.779e-05
    1.253   1.213e+00   292.400   7.429e-01  2.972e-01  1.112e-02  2.409e-12  1.883e-05
    2.095   1.099e+00   289.500   7.447e-01  2.979e-01  8.059e-03  9.800e-09  1.128e-05
    3.159   9.682e-01   284.600   7.461e-01  2.985e-01  5.660e-03  7.464e-08  1.215e-05
    4.429   8.297e-01   278.000   7.470e-01  2.988e-01  4.204e-03  3.431e-07  1.779e-05
    5.793   7.001e-01   270.300   7.476e-01  2.991e-01  3.038e-03  1.111e-06  2.875e-05
    7.129   5.899e-01   262.800   7.482e-01  2.993e-01  2.070e-03  3.650e-06  4.839e-05
    8.441   4.962e-01   255.700   7.487e-01  2.995e-01  1.301e-03  6.348e-06  4.953e-05
    9.732   4.166e-01   248.900   7.490e-01  2.996e-01  7.711e-04  7.873e-06  2.876e-05
   11.010   3.490e-01   242.200   7.491e-01  2.997e-01  4.513e-04  7.402e-06  9.209e-06
   12.270   2.915e-01   235.500   7.493e-01  2.997e-01  2.567e-04  6.030e-06  2.582e-06
   13.510   2.426e-01   228.700   7.493e-01  2.997e-01  1.336e-04  3.206e-06  1.235e-07
   14.750   2.010e-01   221.800   7.494e-01  2.998e-01  6.532e-05  2.584e-06  0.000e+00
   15.990   1.657e-01   215.300   7.494e-01  2.998e-01  3.136e-05  2.229e-06  0.000e+00
   17.230   1.357e-01   209.900   7.494e-01  2.998e-01  1.698e-05  1.911e-06  0.000e+00
   18.500   1.102e-01   206.500   7.494e-01  2.998e-01  1.202e-05  1.004e-06  0.000e+00
   19.810   8.870e-02   205.900   7.494e-01  2.998e-01  1.105e-05  1.618e-07  0.000e+00
   20.990   7.287e-02   206.200   7.494e-01  2.998e-01  1.085e-05  2.184e-08  0.000e+00
   22.020   6.152e-02   206.400   7.494e-01  2.998e-01  1.072e-05  1.997e-08  0.000e+00
   23.070   5.168e-02   206.200   7.494e-01  2.998e-01  1.057e-05  2.133e-08  0.000e+00
   24.150   4.319e-02   205.400   7.494e-01  2.998e-01  1.043e-05  2.471e-08  0.000e+00
   25.250   3.592e-02   204.200   7.494e-01  2.998e-01  1.034e-05  2.795e-08  0.000e+00
   26.380   2.973e-02   202.600   7.494e-01  2.998e-01  1.043e-05  3.522e-08  0.000e+00
   27.530   2.448e-02   200.600   7.494e-01  2.998e-01  1.070e-05  6.953e-08  0.000e+00
   28.690   2.006e-02   198.500   7.494e-01  2.998e-01  1.077e-05  1.349e-07  0.000e+00
   29.870   1.635e-02   196.300   7.494e-01  2.998e-01  1.053e-05  1.946e-07  0.000e+00
   31.060   1.326e-02   194.000   7.494e-01  2.998e-01  1.016e-05  2.442e-07  0.000e+00
   32.270   1.071e-02   192.100   7.494e-01  2.998e-01  9.872e-06  3.023e-07  0.000e+00
   33.500   8.600e-03   190.600   7.494e-01  2.998e-01  9.655e-06  3.361e-07  0.000e+00
   34.750   6.873e-03   189.400   7.494e-01  2.998e-01  9.490e-06  3.433e-07  0.000e+00
   36.010   5.465e-03   188.100   7.494e-01  2.998e-01  9.305e-06  3.791e-07  0.000e+00
   37.300   4.325e-03   186.500   7.494e-01  2.998e-01  9.003e-06  4.777e-07  0.000e+00
   38.600   3.405e-03   184.500   7.494e-01  2.998e-01  8.534e-06  6.533e-07  0.000e+00
   39.910   2.667e-03   182.300   7.494e-01  2.998e-01  7.978e-06  8.532e-07  0.000e+00
   41.230   2.079e-03   180.000   7.494e-01  2.998e-01  7.556e-06  9.052e-07  0.000e+00
   42.560   1.613e-03   178.500   7.494e-01  2.998e-01  7.387e-06  7.188e-07  0.000e+00
   43.910   1.245e-03   178.600   7.494e-01  2.998e-01  7.527e-06  3.947e-07  0.000e+00
   45.300   9.559e-04   179.900   7.494e-01  2.998e-01  7.764e-06  3.150e-07  0.000e+00
   60.010   3.776e-04   179.900   7.494e-01  2.998e-01  7.764e-06  3.150e-07  0.000e+00
   65.830   2.615e-04   179.900   7.494e-01  2.998e-01  7.764e-06  3.150e-07  0.000e+00
   73.950   1.566e-04   179.900   7.494e-01  2.998e-01  7.764e-06  3.150e-07  0.000e+00
   85.280   7.656e-05   179.900   7.494e-01  2.998e-01  7.764e-06  3.150e-07  0.000e+00
  101.100   2.820e-05   179.900   7.494e-01  2.998e-01  7.764e-06  3.150e-07  0.000e+00
  123.200   6.996e-06   179.900   7.494e-01  2.998e-01  7.764e-06  3.150e-07  0.000e+00
  154.000   1.000e-06   179.900   7.494e-01  2.998e-01  7.764e-06  3.150e-07  0.000e+00
#
# ----------------------------------------------------------------------------------------------
# Curtis-Godson integrated layer information used by the radiative transfer analysis
# Oblique molecular layer columns in molec/m2 and aerosols in kg/m2
# ----------------------------------------------------------------------------------------------
# Low[km]  High[km]  Path[km] Pressure[bar] Temp[K]   Airmass   dcol[m-2]         N2        CO2        H2O   WaterIce      Cloud
# ----------------------------------------------------------------------------------------------
    0.000     0.260     0.390   1.383e+00   293.865    1.4980   1.332e+28  9.854e+27  3.942e+27  2.254e+26  1.326e-09  6.230e-02
    0.260     0.640     0.569   1.333e+00   293.950    1.4978   1.871e+28  1.385e+28  5.542e+27  2.918e+26  1.207e-23  4.932e-02
    0.640     1.253     0.918   1.258e+00   293.159    1.4977   2.855e+28  2.118e+28  8.472e+27  3.657e+26  2.128e-10  4.425e-02
    1.253     2.095     1.261   1.156e+00   290.973    1.4975   3.628e+28  2.699e+28  1.080e+28  3.458e+26  2.401e-06  3.044e-02
    2.095     3.159     1.593   1.033e+00   287.096    1.4972   4.151e+28  3.094e+28  1.238e+28  2.828e+26  7.388e-05  2.755e-02
    3.159     4.429     1.901   8.987e-01   281.374    1.4968   4.393e+28  3.279e+28  1.312e+28  2.158e+26  4.314e-04  3.669e-02
    4.429     5.793     2.041   7.646e-01   274.243    1.4964   4.116e+28  3.076e+28  1.230e+28  1.483e+26  1.504e-03  5.299e-02
    5.793     7.129     1.999   6.448e-01   266.642    1.4959   3.495e+28  2.614e+28  1.046e+28  8.860e+25  4.172e-03  7.430e-02
    7.129     8.441     1.962   5.429e-01   259.338    1.4955   2.970e+28  2.223e+28  8.893e+27  4.947e+25  8.156e-03  8.245e-02
    8.441     9.732     1.930   4.562e-01   252.386    1.4951   2.523e+28  1.890e+28  7.558e+27  2.573e+25  1.011e-02  5.505e-02
    9.732    11.010     1.910   3.827e-01   245.636    1.4947   2.152e+28  1.612e+28  6.448e+27  1.293e+25  9.325e-03  2.126e-02
   11.010    12.270     1.883   3.201e-01   238.937    1.4943   1.824e+28  1.367e+28  5.467e+27  6.337e+24  6.942e-03  5.480e-03
   12.270    13.510     1.852   2.669e-01   232.189    1.4939   1.540e+28  1.154e+28  4.615e+27  2.928e+24  3.936e-03  7.357e-04
   13.510    14.750     1.852   2.217e-01   225.343    1.4935   1.317e+28  9.871e+27  3.949e+27  1.269e+24  2.161e-03  5.381e-08
   14.750    15.990     1.851   1.833e-01   218.640    1.4931   1.122e+28  8.407e+27  3.363e+27  5.245e+23  1.531e-03  0.000e+00
   15.990    17.230     1.851   1.506e-01   212.680    1.4928   9.474e+27  7.100e+27  2.840e+27  2.241e+23  1.113e-03  0.000e+00
   17.230    18.500     1.895   1.229e-01   208.255    1.4924   8.080e+27  6.055e+27  2.422e+27  1.167e+23  6.525e-04  0.000e+00
   18.500    19.810     1.954   9.945e-02   206.211    1.4920   6.804e+27  5.099e+27  2.040e+27  7.856e+22  1.839e-04  0.000e+00
   19.810    20.990     1.760   8.079e-02   206.045    1.4916   4.985e+27  3.736e+27  1.495e+27  5.460e+22  2.042e-05  0.000e+00
   20.990    22.020     1.536   6.720e-02   206.297    1.4912   3.618e+27  2.711e+27  1.085e+27  3.902e+22  4.291e-06  0.000e+00
   22.020    23.070     1.565   5.660e-02   206.303    1.4909   3.105e+27  2.327e+27  9.309e+26  3.306e+22  3.631e-06  0.000e+00
   23.070    24.150     1.610   4.744e-02   205.812    1.4906   2.682e+27  2.010e+27  8.041e+26  2.817e+22  3.487e-06  0.000e+00
   24.150    25.250     1.639   3.955e-02   204.818    1.4902   2.288e+27  1.715e+27  6.860e+26  2.376e+22  3.406e-06  0.000e+00
   25.250    26.380     1.684   3.282e-02   203.425    1.4899   1.963e+27  1.471e+27  5.885e+26  2.038e+22  3.488e-06  0.000e+00
   26.380    27.530     1.713   2.710e-02   201.631    1.4895   1.664e+27  1.247e+27  4.988e+26  1.757e+22  4.709e-06  0.000e+00
   27.530    28.690     1.727   2.227e-02   199.584    1.4892   1.392e+27  1.043e+27  4.174e+26  1.495e+22  7.707e-06  0.000e+00
   28.690    29.870     1.757   1.820e-02   197.436    1.4888   1.170e+27  8.768e+26  3.508e+26  1.246e+22  1.075e-05  0.000e+00
   29.870    31.060     1.771   1.480e-02   195.189    1.4885   9.702e+26  7.270e+26  2.909e+26  1.004e+22  1.197e-05  0.000e+00
   31.060    32.270     1.801   1.198e-02   193.083    1.4881   8.070e+26  6.047e+26  2.419e+26  8.086e+21  1.241e-05  0.000e+00
   32.270    33.500     1.830   9.654e-03   191.377    1.4877   6.664e+26  4.994e+26  1.998e+26  6.509e+21  1.203e-05  0.000e+00
   33.500    34.750     1.859   7.736e-03   190.022    1.4873   5.463e+26  4.094e+26  1.638e+26  5.231e+21  1.052e-05  0.000e+00
   34.750    36.010     1.874   6.169e-03   188.774    1.4869   4.418e+26  3.311e+26  1.325e+26  4.153e+21  9.025e-06  0.000e+00
   36.010    37.300     1.918   4.895e-03   187.331    1.4866   3.615e+26  2.709e+26  1.084e+26  3.311e+21  8.705e-06  0.000e+00
   37.300    38.600     1.932   3.864e-03   185.539    1.4862   2.903e+26  2.175e+26  8.703e+25  2.547e+21  9.179e-06  0.000e+00
   38.600    39.910     1.946   3.035e-03   183.443    1.4858   2.323e+26  1.741e+26  6.964e+25  1.920e+21  9.813e-06  0.000e+00
   39.910    41.230     1.961   2.373e-03   181.196    1.4854   1.851e+26  1.387e+26  5.550e+25  1.439e+21  9.217e-06  0.000e+00
   41.230    42.560     1.975   1.846e-03   179.281    1.4850   1.466e+26  1.099e+26  4.395e+25  1.096e+21  6.753e-06  0.000e+00
   42.560    43.910     2.004   1.429e-03   178.548    1.4846   1.156e+26  8.663e+25  3.466e+25  8.616e+20  3.591e-06  0.000e+00
   43.910    45.300     2.063   1.101e-03   179.220    1.4841   9.127e+25  6.840e+25  2.736e+25  6.972e+20  1.838e-06  0.000e+00
   45.300    60.010    21.796   6.673e-04   179.900    1.4817   5.465e+26  4.096e+26  1.639e+26  4.243e+21  9.763e-06  0.000e+00
   60.010    65.830     8.606   3.196e-04   179.900    1.4786   1.095e+26  8.206e+25  3.283e+25  8.502e+20  1.956e-06  0.000e+00
   65.830    73.950    11.990   2.091e-04   179.900    1.4766   9.878e+25  7.402e+25  2.961e+25  7.669e+20  1.765e-06  0.000e+00
   73.950    85.280    16.697   1.166e-04   179.900    1.4737   7.521e+25  5.636e+25  2.255e+25  5.839e+20  1.343e-06  0.000e+00
   85.280   101.100    23.252   5.244e-05   179.900    1.4698   4.535e+25  3.398e+25  1.359e+25  3.521e+20  8.101e-07  0.000e+00
  101.100   123.200    32.364   1.767e-05   179.900    1.4644   1.983e+25  1.486e+25  5.946e+24  1.540e+20  3.543e-07  0.000e+00
  123.200   154.000    44.879   4.052e-06   179.900    1.4571   5.579e+24  4.181e+24  1.673e+24  4.331e+19  9.966e-08  0.000e+00
# ----------------------------------------------------------------------------------------------
# Integrated atmospheric columns                       1.4955   4.459e+29  3.329e+29  1.332e+29  2.064e+27  5.048e-02  5.428e-01
# ----------------------------------------------------------------------------------------------
