# ------------------------------------------------------------------------
# Radiance spectrum
# NASA-GSFC Planetary Spectrum Generator (PSG) (Villanueva et al. 2015)
# Synthesized on Tue Nov 21 15:10:51 2017
# ------------------------------------------------------------------------
# Atmospheric radiances synthesized with PUMAS (Villanueva et al. 2016, Smith et al. 2009, Edwards 1992)
# Molecular abundance profile: 
# Molecules considered: N2,CO2,H2O
# Molecular sources: HIT[22],HIT[2],HIT[1]
# Molecular abundances: 1,1,1
# Molecular abundance units: scl,scl,scl
# Collission-Induced-Absorption:  N2-N2(3.33-5.41um)
# Rayleigh scattering included
# ------------------------------------------------------------------------
# Spectral unit: Wavelength [um]
# Radiance unit: Spectral radiance [W/sr/m2/um]
# Wave/freq Total Stellar TRAPPIST-1-e
1.000000000e+00  3.68049e-03  3.68049e-03  2.08513e-10
1.010000000e+00  3.70309e-03  3.70309e-03  2.09786e-10
1.020000000e+00  3.72363e-03  3.72363e-03  2.10951e-10
1.030000000e+00  3.74214e-03  3.74214e-03  2.12005e-10
1.040000000e+00  3.75867e-03  3.75867e-03  2.05853e-10
1.050000000e+00  3.77328e-03  3.77327e-03  2.13710e-10
1.060000000e+00  3.78601e-03  3.78601e-03  2.13990e-10
1.070000000e+00  3.79691e-03  3.79691e-03  2.13028e-10
1.080000000e+00  3.80605e-03  3.80605e-03  2.15494e-10
1.090000000e+00  3.81347e-03  3.81347e-03  2.16125e-10
1.100000000e+00  3.81922e-03  3.81922e-03  2.16395e-10
1.110000000e+00  3.82337e-03  3.82337e-03  2.16653e-10
1.120000000e+00  3.82595e-03  3.82595e-03  2.14949e-10
1.130000000e+00  3.82703e-03  3.82703e-03  2.14533e-10
1.140000000e+00  3.82666e-03  3.82666e-03  2.16028e-10
1.150000000e+00  3.82489e-03  3.82489e-03  2.15458e-10
1.160000000e+00  3.82177e-03  3.82177e-03  2.16543e-10
1.170000000e+00  3.81735e-03  3.81734e-03  2.16598e-10
1.180000000e+00  3.81168e-03  3.81168e-03  2.16261e-10
1.190000000e+00  3.80481e-03  3.80481e-03  2.15889e-10
1.200000000e+00  3.79680e-03  3.79679e-03  2.15521e-10
1.210000000e+00  3.78768e-03  3.78768e-03  1.79577e-10
1.220000000e+00  3.77751e-03  3.77751e-03  1.95949e-10
1.230000000e+00  3.76632e-03  3.76632e-03  2.01497e-10
1.240000000e+00  3.75418e-03  3.75418e-03  2.09299e-10
1.250000000e+00  3.74111e-03  3.74111e-03  2.12473e-10
1.260000000e+00  3.72717e-03  3.72717e-03  2.10666e-10
1.270000000e+00  3.71239e-03  3.71239e-03  2.09818e-10
1.280000000e+00  3.69682e-03  3.69682e-03  2.10358e-10
1.290000000e+00  3.68049e-03  3.68049e-03  2.07302e-10
1.300000000e+00  3.66345e-03  3.66345e-03  2.04633e-10
1.310000000e+00  3.64573e-03  3.64573e-03  2.07420e-10
1.320000000e+00  3.62736e-03  3.62736e-03  1.90147e-10
1.330000000e+00  3.60839e-03  3.60839e-03  2.05135e-10
1.340000000e+00  3.58885e-03  3.58885e-03  1.94048e-10
1.350000000e+00  3.56877e-03  3.56877e-03  1.99990e-10
1.360000000e+00  3.54817e-03  3.54817e-03  1.96248e-10
1.370000000e+00  3.52711e-03  3.52711e-03  1.93840e-10
1.380000000e+00  3.50559e-03  3.50559e-03  1.92956e-10
1.390000000e+00  3.48366e-03  3.48366e-03  1.93538e-10
1.400000000e+00  3.46134e-03  3.46134e-03  1.92615e-10
1.410000000e+00  3.43866e-03  3.43866e-03  1.90470e-10
1.420000000e+00  3.41564e-03  3.41564e-03  1.94011e-10
1.430000000e+00  3.39231e-03  3.39231e-03  1.91045e-10
1.440000000e+00  3.36870e-03  3.36870e-03  1.00634e-10
1.450000000e+00  3.34482e-03  3.34482e-03  1.56627e-10
1.460000000e+00  3.32070e-03  3.32070e-03  1.87144e-10
1.470000000e+00  3.29636e-03  3.29636e-03  1.86409e-10
1.480000000e+00  3.27183e-03  3.27183e-03  1.72882e-10
1.490000000e+00  3.24712e-03  3.24711e-03  1.81190e-10
1.500000000e+00  3.22224e-03  3.22224e-03  1.71759e-10
1.510000000e+00  3.19723e-03  3.19723e-03  1.81754e-10
1.520000000e+00  3.17209e-03  3.17209e-03  1.80697e-10
1.530000000e+00  3.14685e-03  3.14685e-03  1.65514e-10
1.540000000e+00  3.12152e-03  3.12152e-03  1.52920e-10
1.550000000e+00  3.09611e-03  3.09611e-03  1.72093e-10
1.560000000e+00  3.07064e-03  3.07064e-03  1.74076e-10
1.570000000e+00  3.04513e-03  3.04513e-03  1.55164e-10
1.580000000e+00  3.01959e-03  3.01959e-03  1.11276e-10
1.590000000e+00  2.99402e-03  2.99402e-03  1.61700e-10
1.600000000e+00  2.96846e-03  2.96846e-03  1.49160e-10
1.610000000e+00  2.94289e-03  2.94289e-03  1.09244e-10
1.620000000e+00  2.91734e-03  2.91734e-03  1.43788e-10
1.630000000e+00  2.89182e-03  2.89182e-03  1.56054e-10
1.640000000e+00  2.86634e-03  2.86634e-03  1.49076e-10
1.650000000e+00  2.84091e-03  2.84091e-03  1.45794e-10
1.660000000e+00  2.81553e-03  2.81553e-03  1.53140e-10
1.670000000e+00  2.79021e-03  2.79021e-03  1.53332e-10
1.680000000e+00  2.76497e-03  2.76497e-03  1.53814e-10
1.690000000e+00  2.73981e-03  2.73981e-03  1.55947e-10
1.700000000e+00  2.71474e-03  2.71474e-03  1.55369e-10
1.710000000e+00  2.68977e-03  2.68977e-03  1.52246e-10
1.720000000e+00  2.66490e-03  2.66490e-03  1.52228e-10
1.730000000e+00  2.64013e-03  2.64013e-03  1.51358e-10
1.740000000e+00  2.61549e-03  2.61549e-03  1.50022e-10
1.750000000e+00  2.59096e-03  2.59096e-03  1.48552e-10
1.760000000e+00  2.56656e-03  2.56656e-03  1.46853e-10
1.770000000e+00  2.54229e-03  2.54229e-03  1.45585e-10
1.780000000e+00  2.51815e-03  2.51815e-03  1.44299e-10
1.790000000e+00  2.49415e-03  2.49415e-03  1.42710e-10
1.800000000e+00  2.47030e-03  2.47030e-03  1.41338e-10
1.810000000e+00  2.44660e-03  2.44660e-03  1.39694e-10
1.820000000e+00  2.42304e-03  2.42304e-03  1.37017e-10
1.830000000e+00  2.39964e-03  2.39964e-03  1.34496e-10
1.840000000e+00  2.37640e-03  2.37640e-03  1.31050e-10
1.850000000e+00  2.35332e-03  2.35332e-03  1.30195e-10
1.860000000e+00  2.33041e-03  2.33041e-03  1.27844e-10
1.870000000e+00  2.30765e-03  2.30765e-03  1.27933e-10
1.880000000e+00  2.28507e-03  2.28507e-03  1.13420e-10
1.890000000e+00  2.26266e-03  2.26266e-03  1.12736e-10
1.900000000e+00  2.24041e-03  2.24041e-03  1.21357e-10
1.910000000e+00  2.21834e-03  2.21834e-03  1.20911e-10
1.920000000e+00  2.19645e-03  2.19645e-03  1.22265e-10
1.930000000e+00  2.17473e-03  2.17473e-03  1.21207e-10
1.940000000e+00  2.15319e-03  2.15319e-03  1.15298e-10
1.950000000e+00  2.13183e-03  2.13183e-03  7.04435e-11
1.960000000e+00  2.11065e-03  2.11065e-03  3.35355e-11
1.970000000e+00  2.08964e-03  2.08964e-03  3.69179e-11
1.980000000e+00  2.06882e-03  2.06882e-03  6.95383e-11
1.990000000e+00  2.04818e-03  2.04818e-03  8.89713e-11
2.000000000e+00  2.02772e-03  2.02772e-03  6.06549e-11
2.010000000e+00  2.00745e-03  2.00745e-03  1.90041e-11
2.020000000e+00  1.98735e-03  1.98735e-03  2.48937e-11
2.030000000e+00  1.96744e-03  1.96744e-03  5.04491e-11
2.040000000e+00  1.94771e-03  1.94771e-03  5.42975e-11
2.050000000e+00  1.92816e-03  1.92816e-03  5.17135e-11
2.060000000e+00  1.90880e-03  1.90880e-03  3.30175e-11
2.070000000e+00  1.88961e-03  1.88961e-03  3.64546e-11
2.080000000e+00  1.87061e-03  1.87061e-03  5.01548e-11
2.090000000e+00  1.85179e-03  1.85179e-03  5.84856e-11
2.100000000e+00  1.83315e-03  1.83315e-03  7.14750e-11
2.110000000e+00  1.81469e-03  1.81469e-03  8.38864e-11
2.120000000e+00  1.79641e-03  1.79641e-03  8.76404e-11
2.130000000e+00  1.77831e-03  1.77831e-03  9.56192e-11
2.140000000e+00  1.76039e-03  1.76039e-03  9.68374e-11
2.150000000e+00  1.74264e-03  1.74264e-03  8.78831e-11
2.160000000e+00  1.72507e-03  1.72507e-03  8.73247e-11
2.170000000e+00  1.70768e-03  1.70768e-03  8.62727e-11
2.180000000e+00  1.69046e-03  1.69046e-03  9.02150e-11
2.190000000e+00  1.67341e-03  1.67341e-03  9.32366e-11
2.200000000e+00  1.65654e-03  1.65654e-03  9.31634e-11
2.210000000e+00  1.63984e-03  1.63984e-03  9.24939e-11
2.220000000e+00  1.62331e-03  1.62331e-03  9.09889e-11
2.230000000e+00  1.60695e-03  1.60695e-03  9.02236e-11
2.240000000e+00  1.59076e-03  1.59076e-03  8.98944e-11
2.250000000e+00  1.57474e-03  1.57474e-03  8.89039e-11
2.260000000e+00  1.55889e-03  1.55889e-03  8.73933e-11
2.270000000e+00  1.54319e-03  1.54319e-03  8.69719e-11
2.280000000e+00  1.52767e-03  1.52767e-03  8.59507e-11
2.290000000e+00  1.51230e-03  1.51230e-03  8.53089e-11
2.300000000e+00  1.49710e-03  1.49710e-03  8.43943e-11
2.310000000e+00  1.48206e-03  1.48206e-03  8.35035e-11
2.320000000e+00  1.46718e-03  1.46718e-03  8.26319e-11
2.330000000e+00  1.45245e-03  1.45245e-03  8.17450e-11
2.340000000e+00  1.43788e-03  1.43788e-03  8.08650e-11
2.350000000e+00  1.42347e-03  1.42347e-03  7.99945e-11
2.360000000e+00  1.40921e-03  1.40921e-03  7.91267e-11
2.370000000e+00  1.39510e-03  1.39510e-03  7.82754e-11
2.380000000e+00  1.38115e-03  1.38115e-03  7.73903e-11
2.390000000e+00  1.36734e-03  1.36734e-03  7.64691e-11
2.400000000e+00  1.35368e-03  1.35368e-03  7.55630e-11
2.410000000e+00  1.34017e-03  1.34017e-03  7.47116e-11
2.420000000e+00  1.32681e-03  1.32681e-03  7.40428e-11
2.430000000e+00  1.31359e-03  1.31359e-03  7.33591e-11
2.440000000e+00  1.30051e-03  1.30051e-03  7.21548e-11
2.450000000e+00  1.28757e-03  1.28757e-03  7.15858e-11
2.460000000e+00  1.27478e-03  1.27478e-03  7.09697e-11
2.470000000e+00  1.26212e-03  1.26212e-03  7.00901e-11
2.480000000e+00  1.24960e-03  1.24960e-03  6.87948e-11
2.490000000e+00  1.23722e-03  1.23722e-03  6.57722e-11
2.500000000e+00  1.22498e-03  1.22498e-03  6.54614e-11
2.510000000e+00  1.21286e-03  1.21286e-03  6.48131e-11
2.520000000e+00  1.20088e-03  1.20088e-03  6.37852e-11
2.530000000e+00  1.18903e-03  1.18903e-03  6.45456e-11
2.540000000e+00  1.17731e-03  1.17731e-03  6.34409e-11
2.550000000e+00  1.16572e-03  1.16572e-03  6.16132e-11
2.560000000e+00  1.15425e-03  1.15425e-03  6.16727e-11
2.570000000e+00  1.14291e-03  1.14291e-03  5.68822e-11
2.580000000e+00  1.13170e-03  1.13170e-03  5.38396e-11
2.590000000e+00  1.12060e-03  1.12060e-03  5.11841e-11
2.600000000e+00  1.10963e-03  1.10963e-03  4.68109e-11
2.610000000e+00  1.09878e-03  1.09878e-03  4.83755e-11
2.620000000e+00  1.08805e-03  1.08805e-03  4.73688e-11
2.630000000e+00  1.07744e-03  1.07744e-03  4.98853e-11
2.640000000e+00  1.06694e-03  1.06694e-03  4.88379e-11
2.650000000e+00  1.05656e-03  1.05656e-03  5.20219e-11
2.660000000e+00  1.04629e-03  1.04629e-03  3.99674e-11
2.670000000e+00  1.03614e-03  1.03614e-03  9.42841e-12
2.680000000e+00  1.02610e-03  1.02610e-03  1.49976e-12
2.690000000e+00  1.01616e-03  1.01616e-03  5.00719e-13
2.700000000e+00  1.00634e-03  1.00634e-03  6.69163e-13
2.710000000e+00  9.96623e-04  9.96623e-04  6.80416e-13
2.720000000e+00  9.87014e-04  9.87014e-04  1.44708e-12
2.730000000e+00  9.77511e-04  9.77511e-04  2.90770e-12
2.740000000e+00  9.68112e-04  9.68112e-04  2.92158e-12
2.750000000e+00  9.58816e-04  9.58816e-04  1.37685e-12
2.760000000e+00  9.49622e-04  9.49622e-04  4.37495e-13
2.770000000e+00  9.40529e-04  9.40529e-04  3.42550e-13
2.780000000e+00  9.31536e-04  9.31536e-04  2.56709e-13
2.790000000e+00  9.22641e-04  9.22641e-04  2.97665e-13
2.800000000e+00  9.13844e-04  9.13844e-04  4.43272e-13
2.810000000e+00  9.05143e-04  9.05143e-04  6.42744e-13
2.820000000e+00  8.96538e-04  8.96538e-04  7.66109e-13
2.830000000e+00  8.88027e-04  8.88027e-04  8.25041e-13
2.840000000e+00  8.79608e-04  8.79608e-04  9.66186e-13
2.850000000e+00  8.71282e-04  8.71282e-04  7.07362e-13
2.860000000e+00  8.63047e-04  8.63047e-04  1.09486e-12
2.870000000e+00  8.54902e-04  8.54902e-04  2.33571e-12
2.880000000e+00  8.46846e-04  8.46846e-04  3.90726e-12
2.890000000e+00  8.38878e-04  8.38878e-04  6.69905e-12
2.900000000e+00  8.30996e-04  8.30996e-04  1.04465e-11
2.910000000e+00  8.23201e-04  8.23201e-04  1.26981e-11
2.920000000e+00  8.15490e-04  8.15490e-04  1.40627e-11
2.930000000e+00  8.07863e-04  8.07863e-04  1.45667e-11
2.940000000e+00  8.00320e-04  8.00320e-04  1.50191e-11
2.950000000e+00  7.92858e-04  7.92858e-04  1.56487e-11
2.960000000e+00  7.85477e-04  7.85477e-04  1.55219e-11
2.970000000e+00  7.78176e-04  7.78176e-04  1.41295e-11
2.980000000e+00  7.70954e-04  7.70954e-04  1.22803e-11
2.990000000e+00  7.63811e-04  7.63811e-04  1.19115e-11
3.000000000e+00  7.56745e-04  7.56745e-04  1.37058e-11
3.010000000e+00  7.49755e-04  7.49755e-04  1.52542e-11
3.020000000e+00  7.42841e-04  7.42841e-04  1.40477e-11
3.030000000e+00  7.36001e-04  7.36001e-04  1.49812e-11
3.040000000e+00  7.29236e-04  7.29236e-04  1.60550e-11
3.050000000e+00  7.22543e-04  7.22543e-04  1.66003e-11
3.060000000e+00  7.15922e-04  7.15922e-04  1.67269e-11
3.070000000e+00  7.09372e-04  7.09372e-04  1.71557e-11
3.080000000e+00  7.02893e-04  7.02893e-04  1.73582e-11
3.090000000e+00  6.96483e-04  6.96483e-04  1.73001e-11
3.100000000e+00  6.90142e-04  6.90142e-04  1.72896e-11
3.110000000e+00  6.83869e-04  6.83869e-04  1.71246e-11
3.120000000e+00  6.77663e-04  6.77663e-04  1.65693e-11
3.130000000e+00  6.71523e-04  6.71523e-04  1.61342e-11
3.140000000e+00  6.65449e-04  6.65449e-04  1.64037e-11
3.150000000e+00  6.59440e-04  6.59440e-04  1.68189e-11
3.160000000e+00  6.53495e-04  6.53494e-04  1.67496e-11
3.170000000e+00  6.47612e-04  6.47612e-04  1.65931e-11
3.180000000e+00  6.41793e-04  6.41793e-04  1.69365e-11
3.190000000e+00  6.36035e-04  6.36035e-04  1.72931e-11
3.200000000e+00  6.30339e-04  6.30339e-04  1.76556e-11
3.210000000e+00  6.24703e-04  6.24702e-04  1.79453e-11
3.220000000e+00  6.19126e-04  6.19126e-04  1.83116e-11
3.230000000e+00  6.13608e-04  6.13608e-04  1.86061e-11
3.240000000e+00  6.08149e-04  6.08149e-04  1.91634e-11
3.250000000e+00  6.02747e-04  6.02747e-04  1.94402e-11
3.260000000e+00  5.97402e-04  5.97402e-04  1.99458e-11
3.270000000e+00  5.92114e-04  5.92114e-04  2.02153e-11
3.280000000e+00  5.86881e-04  5.86881e-04  2.07164e-11
3.290000000e+00  5.81702e-04  5.81702e-04  2.12347e-11
3.300000000e+00  5.76579e-04  5.76579e-04  2.15743e-11
3.310000000e+00  5.71508e-04  5.71508e-04  2.19729e-11
3.320000000e+00  5.66491e-04  5.66491e-04  2.25458e-11
3.330000000e+00  5.61527e-04  5.61527e-04  2.27875e-11
3.340000000e+00  5.56614e-04  5.56614e-04  2.32151e-11
3.350000000e+00  5.51752e-04  5.51752e-04  2.34631e-11
3.360000000e+00  5.46941e-04  5.46941e-04  2.32876e-11
3.370000000e+00  5.42180e-04  5.42180e-04  2.41639e-11
3.380000000e+00  5.37468e-04  5.37468e-04  2.45574e-11
3.390000000e+00  5.32805e-04  5.32805e-04  2.48722e-11
3.400000000e+00  5.28190e-04  5.28190e-04  2.50482e-11
3.410000000e+00  5.23623e-04  5.23623e-04  2.51734e-11
3.420000000e+00  5.19104e-04  5.19104e-04  2.53117e-11
3.430000000e+00  5.14631e-04  5.14631e-04  2.54344e-11
3.440000000e+00  5.10203e-04  5.10203e-04  2.55512e-11
3.450000000e+00  5.05822e-04  5.05822e-04  2.56393e-11
3.460000000e+00  5.01485e-04  5.01485e-04  2.56215e-11
3.470000000e+00  4.97193e-04  4.97193e-04  2.55769e-11
3.480000000e+00  4.92945e-04  4.92945e-04  2.55221e-11
3.490000000e+00  4.88741e-04  4.88741e-04  2.54684e-11
3.500000000e+00  4.84579e-04  4.84579e-04  2.54128e-11
3.510000000e+00  4.80460e-04  4.80460e-04  2.53557e-11
3.520000000e+00  4.76383e-04  4.76383e-04  2.52766e-11
3.530000000e+00  4.72347e-04  4.72347e-04  2.51352e-11
3.540000000e+00  4.68352e-04  4.68352e-04  2.49886e-11
3.550000000e+00  4.64398e-04  4.64398e-04  2.48334e-11
3.560000000e+00  4.60484e-04  4.60484e-04  2.46494e-11
3.570000000e+00  4.56609e-04  4.56609e-04  2.44141e-11
3.580000000e+00  4.52774e-04  4.52774e-04  2.41436e-11
3.590000000e+00  4.48977e-04  4.48977e-04  2.37721e-11
3.600000000e+00  4.45219e-04  4.45219e-04  2.31138e-11
3.610000000e+00  4.41498e-04  4.41498e-04  2.25243e-11
3.620000000e+00  4.37815e-04  4.37815e-04  2.20210e-11
3.630000000e+00  4.34169e-04  4.34169e-04  2.23408e-11
3.640000000e+00  4.30559e-04  4.30559e-04  2.21062e-11
3.650000000e+00  4.26986e-04  4.26986e-04  2.16728e-11
3.660000000e+00  4.23448e-04  4.23448e-04  2.19992e-11
3.670000000e+00  4.19945e-04  4.19945e-04  2.23932e-11
3.680000000e+00  4.16478e-04  4.16478e-04  2.24694e-11
3.690000000e+00  4.13044e-04  4.13044e-04  2.23197e-11
3.700000000e+00  4.09645e-04  4.09645e-04  2.21624e-11
3.710000000e+00  4.06280e-04  4.06280e-04  2.20237e-11
3.720000000e+00  4.02948e-04  4.02948e-04  2.17879e-11
3.730000000e+00  3.99649e-04  3.99649e-04  2.16242e-11
3.740000000e+00  3.96383e-04  3.96383e-04  2.14786e-11
3.750000000e+00  3.93148e-04  3.93148e-04  2.12263e-11
3.760000000e+00  3.89946e-04  3.89946e-04  2.07678e-11
3.770000000e+00  3.86775e-04  3.86775e-04  2.02403e-11
3.780000000e+00  3.83635e-04  3.83635e-04  1.96841e-11
3.790000000e+00  3.80526e-04  3.80526e-04  1.90327e-11
3.800000000e+00  3.77448e-04  3.77448e-04  1.76350e-11
3.810000000e+00  3.74400e-04  3.74400e-04  1.58519e-11
3.820000000e+00  3.71381e-04  3.71381e-04  1.60018e-11
3.830000000e+00  3.68392e-04  3.68392e-04  1.72513e-11
3.840000000e+00  3.65432e-04  3.65432e-04  1.63476e-11
3.850000000e+00  3.62500e-04  3.62500e-04  1.57649e-11
3.860000000e+00  3.59597e-04  3.59597e-04  1.64793e-11
3.870000000e+00  3.56723e-04  3.56723e-04  1.75739e-11
3.880000000e+00  3.53876e-04  3.53876e-04  1.81652e-11
3.890000000e+00  3.51056e-04  3.51056e-04  1.83773e-11
3.900000000e+00  3.48264e-04  3.48264e-04  1.84714e-11
3.910000000e+00  3.45499e-04  3.45499e-04  1.84153e-11
3.920000000e+00  3.42760e-04  3.42760e-04  1.82516e-11
3.930000000e+00  3.40048e-04  3.40048e-04  1.79775e-11
3.940000000e+00  3.37361e-04  3.37361e-04  1.75993e-11
3.950000000e+00  3.34701e-04  3.34701e-04  1.71600e-11
3.960000000e+00  3.32066e-04  3.32066e-04  1.64892e-11
3.970000000e+00  3.29456e-04  3.29456e-04  1.58702e-11
3.980000000e+00  3.26870e-04  3.26870e-04  1.47954e-11
3.990000000e+00  3.24310e-04  3.24310e-04  1.41405e-11
4.000000000e+00  3.21774e-04  3.21774e-04  1.47517e-11
4.010000000e+00  3.19262e-04  3.19262e-04  1.50037e-11
4.020000000e+00  3.16773e-04  3.16773e-04  1.40617e-11
4.030000000e+00  3.14309e-04  3.14309e-04  1.40134e-11
4.040000000e+00  3.11867e-04  3.11867e-04  1.44186e-11
4.050000000e+00  3.09449e-04  3.09449e-04  1.49521e-11
4.060000000e+00  3.07053e-04  3.07053e-04  1.54350e-11
4.070000000e+00  3.04680e-04  3.04680e-04  1.54864e-11
4.080000000e+00  3.02329e-04  3.02329e-04  1.50506e-11
4.090000000e+00  3.00000e-04  3.00000e-04  1.45602e-11
4.100000000e+00  2.97694e-04  2.97693e-04  1.42120e-11
4.110000000e+00  2.95408e-04  2.95408e-04  1.42217e-11
4.120000000e+00  2.93144e-04  2.93144e-04  1.43298e-11
4.130000000e+00  2.90901e-04  2.90901e-04  1.42328e-11
4.140000000e+00  2.88679e-04  2.88679e-04  1.38629e-11
4.150000000e+00  2.86478e-04  2.86478e-04  1.39087e-11
4.160000000e+00  2.84297e-04  2.84297e-04  1.21865e-11
4.170000000e+00  2.82136e-04  2.82136e-04  5.98893e-12
4.180000000e+00  2.79995e-04  2.79995e-04  3.39546e-12
4.190000000e+00  2.77874e-04  2.77874e-04  1.74118e-12
4.200000000e+00  2.75773e-04  2.75773e-04  8.54570e-13
4.210000000e+00  2.73691e-04  2.73691e-04  3.22157e-13
4.220000000e+00  2.71628e-04  2.71628e-04  1.19963e-13
4.230000000e+00  2.69584e-04  2.69584e-04  6.50124e-14
4.240000000e+00  2.67559e-04  2.67559e-04  4.84718e-14
4.250000000e+00  2.65552e-04  2.65552e-04  4.57598e-14
4.260000000e+00  2.63564e-04  2.63564e-04  5.64360e-14
4.270000000e+00  2.61594e-04  2.61594e-04  6.16728e-14
4.280000000e+00  2.59642e-04  2.59642e-04  4.94564e-14
4.290000000e+00  2.57707e-04  2.57707e-04  5.09545e-14
4.300000000e+00  2.55790e-04  2.55790e-04  5.92646e-14
4.310000000e+00  2.53891e-04  2.53891e-04  7.12299e-14
4.320000000e+00  2.52009e-04  2.52009e-04  8.81792e-14
4.330000000e+00  2.50144e-04  2.50144e-04  1.23198e-13
4.340000000e+00  2.48295e-04  2.48295e-04  1.65842e-13
4.350000000e+00  2.46463e-04  2.46463e-04  2.04081e-13
4.360000000e+00  2.44648e-04  2.44648e-04  2.05279e-13
4.370000000e+00  2.42849e-04  2.42849e-04  2.19293e-13
4.380000000e+00  2.41067e-04  2.41067e-04  2.81754e-13
4.390000000e+00  2.39300e-04  2.39300e-04  3.75506e-13
4.400000000e+00  2.37549e-04  2.37549e-04  2.90646e-13
4.410000000e+00  2.35814e-04  2.35814e-04  2.93229e-13
4.420000000e+00  2.34094e-04  2.34094e-04  3.40121e-13
4.430000000e+00  2.32390e-04  2.32390e-04  4.25919e-13
4.440000000e+00  2.30700e-04  2.30700e-04  5.41406e-13
4.450000000e+00  2.29026e-04  2.29026e-04  7.47146e-13
4.460000000e+00  2.27367e-04  2.27367e-04  1.09362e-12
4.470000000e+00  2.25722e-04  2.25722e-04  1.41628e-12
4.480000000e+00  2.24092e-04  2.24092e-04  2.08728e-12
4.490000000e+00  2.22476e-04  2.22476e-04  2.59694e-12
4.500000000e+00  2.20874e-04  2.20874e-04  3.19857e-12
4.510000000e+00  2.19287e-04  2.19287e-04  4.31068e-12
4.520000000e+00  2.17714e-04  2.17714e-04  5.67462e-12
4.530000000e+00  2.16154e-04  2.16154e-04  7.34792e-12
4.540000000e+00  2.14608e-04  2.14608e-04  8.41871e-12
4.550000000e+00  2.13075e-04  2.13075e-04  9.14323e-12
4.560000000e+00  2.11556e-04  2.11556e-04  9.38654e-12
4.570000000e+00  2.10051e-04  2.10051e-04  9.58525e-12
4.580000000e+00  2.08558e-04  2.08558e-04  9.65277e-12
4.590000000e+00  2.07078e-04  2.07078e-04  9.68741e-12
4.600000000e+00  2.05611e-04  2.05611e-04  9.69063e-12
4.610000000e+00  2.04157e-04  2.04157e-04  9.64007e-12
4.620000000e+00  2.02716e-04  2.02716e-04  9.24863e-12
4.630000000e+00  2.01287e-04  2.01287e-04  9.05630e-12
4.640000000e+00  1.99870e-04  1.99870e-04  9.11093e-12
4.650000000e+00  1.98466e-04  1.98466e-04  9.08844e-12
4.660000000e+00  1.97073e-04  1.97073e-04  9.14635e-12
4.670000000e+00  1.95693e-04  1.95693e-04  9.12356e-12
4.680000000e+00  1.94324e-04  1.94324e-04  8.64369e-12
4.690000000e+00  1.92967e-04  1.92967e-04  8.36798e-12
4.700000000e+00  1.91622e-04  1.91622e-04  7.96467e-12
4.710000000e+00  1.90288e-04  1.90288e-04  5.79659e-12
4.720000000e+00  1.88966e-04  1.88966e-04  7.00549e-12
4.730000000e+00  1.87655e-04  1.87655e-04  6.14990e-12
4.740000000e+00  1.86355e-04  1.86355e-04  5.62818e-12
4.750000000e+00  1.85066e-04  1.85066e-04  5.28843e-12
4.760000000e+00  1.83788e-04  1.83788e-04  5.12598e-12
4.770000000e+00  1.82521e-04  1.82521e-04  5.20761e-12
4.780000000e+00  1.81265e-04  1.81265e-04  4.50751e-12
4.790000000e+00  1.80019e-04  1.80019e-04  3.81408e-12
4.800000000e+00  1.78783e-04  1.78783e-04  3.35480e-12
4.810000000e+00  1.77559e-04  1.77559e-04  2.81844e-12
4.820000000e+00  1.76344e-04  1.76344e-04  1.84627e-12
4.830000000e+00  1.75140e-04  1.75140e-04  2.28067e-12
4.840000000e+00  1.73945e-04  1.73945e-04  2.40975e-12
4.850000000e+00  1.72761e-04  1.72761e-04  2.40374e-12
4.860000000e+00  1.71587e-04  1.71587e-04  2.25431e-12
4.870000000e+00  1.70422e-04  1.70422e-04  2.38888e-12
4.880000000e+00  1.69267e-04  1.69267e-04  2.56378e-12
4.890000000e+00  1.68122e-04  1.68122e-04  2.59662e-12
4.900000000e+00  1.66986e-04  1.66986e-04  3.28157e-12
4.910000000e+00  1.65860e-04  1.65860e-04  3.81766e-12
4.920000000e+00  1.64743e-04  1.64743e-04  3.74067e-12
4.930000000e+00  1.63635e-04  1.63635e-04  5.12908e-12
4.940000000e+00  1.62536e-04  1.62536e-04  5.48059e-12
4.950000000e+00  1.61447e-04  1.61447e-04  5.36833e-12
4.960000000e+00  1.60366e-04  1.60366e-04  5.83927e-12
4.970000000e+00  1.59294e-04  1.59294e-04  6.40447e-12
4.980000000e+00  1.58232e-04  1.58232e-04  6.66057e-12
4.990000000e+00  1.57177e-04  1.57177e-04  7.14375e-12
5.000000000e+00  1.56132e-04  1.56132e-04  6.49418e-12
