# ----------------------------------------------------------------------------------------------
# NASA-GSFC Planetary Spectrum Generator (PSG, Villanueva et al. 2015)
# Atmospheric layering information considered by PUMAS
# Synthesized on Tue Nov 21 15:11:07 2017
# Radiative transfer method: correlated-k
# Synthesis spectral resolution [cm-1] and resolving power: 8.913678 5.010e+02
# Scattering parameters (nmax, lmax): 0 0
# ----------------------------------------------------------------------------------------------
# Molecular abundance profile: 
# Molecules considered: N2,CO2,H2O
# Molecular sources: HIT[22],HIT[2],HIT[1]
# Molecular abundances: 1,1,1
# Molecular abundance units: scl,scl,scl
# Collission-Induced-Absorption:  N2-N2(3.33-5.41um)
# Rayleigh scattering included
# ----------------------------------------------------------------------------------------------
# Aerosols considered: WaterIce,Cloud
# Aerosols sources: CRISM_Wolff[reff=2.0um 0.31-99.57um],White_GSFC[reff=1.0um 0.10-1000000.00um]
# Aerosols abundances: 1,1
# Aerosols abundance units: scl,scl
# Aerosols sizes [um]: 155.140014603,14.0
# ----------------------------------------------------------------------------------------------
# Input layer-by-layer atmospheric profile
# Molecular abundances in molec/molec and aerosols in kg/kg
# ----------------------------------------------------------------------------------------------
# Alt[km] Pressure[bar] Temp[K]         N2        CO2        H2O   WaterIce      Cloud
# ----------------------------------------------------------------------------------------------
    0.000   1.403e+00   286.850   7.423e-01  2.969e-01  1.215e-02  5.548e-10  1.861e-04
    0.255   1.361e+00   288.300   7.424e-01  2.970e-01  1.200e-02  4.951e-15  8.889e-05
    0.629   1.302e+00   289.800   7.427e-01  2.971e-01  1.157e-02  2.137e-26  4.694e-05
    1.235   1.212e+00   289.600   7.432e-01  2.973e-01  1.065e-02  2.623e-12  3.183e-05
    2.070   1.098e+00   287.500   7.444e-01  2.978e-01  8.552e-03  1.492e-08  2.906e-05
    3.128   9.673e-01   283.300   7.457e-01  2.983e-01  6.325e-03  1.791e-07  2.876e-05
    4.393   8.289e-01   277.000   7.466e-01  2.987e-01  4.840e-03  8.350e-07  3.479e-05
    5.751   6.994e-01   269.600   7.474e-01  2.990e-01  3.406e-03  1.742e-06  4.043e-05
    7.085   5.894e-01   262.400   7.481e-01  2.993e-01  2.208e-03  3.744e-06  4.122e-05
    8.396   4.958e-01   255.800   7.486e-01  2.995e-01  1.340e-03  6.344e-06  3.519e-05
    9.689   4.163e-01   249.600   7.489e-01  2.996e-01  8.288e-04  9.211e-06  2.366e-05
   10.970   3.487e-01   243.500   7.491e-01  2.997e-01  5.102e-04  9.415e-06  1.058e-05
   12.230   2.913e-01   237.200   7.492e-01  2.997e-01  3.060e-04  8.842e-06  3.445e-06
   13.490   2.424e-01   230.500   7.493e-01  2.997e-01  1.720e-04  4.195e-06  1.126e-07
   14.740   2.009e-01   223.300   7.494e-01  2.998e-01  8.809e-05  3.464e-06  0.000e+00
   15.980   1.656e-01   216.200   7.494e-01  2.998e-01  4.060e-05  2.969e-06  0.000e+00
   17.230   1.356e-01   210.000   7.494e-01  2.998e-01  1.902e-05  2.218e-06  0.000e+00
   18.500   1.101e-01   206.200   7.494e-01  2.998e-01  1.222e-05  1.517e-06  0.000e+00
   19.800   8.869e-02   205.700   7.494e-01  2.998e-01  1.105e-05  3.281e-07  0.000e+00
   20.980   7.287e-02   206.400   7.494e-01  2.998e-01  1.085e-05  2.386e-08  0.000e+00
   22.010   6.152e-02   206.800   7.494e-01  2.998e-01  1.069e-05  1.210e-08  0.000e+00
   23.060   5.168e-02   206.700   7.494e-01  2.998e-01  1.054e-05  8.740e-09  0.000e+00
   24.150   4.319e-02   206.100   7.494e-01  2.998e-01  1.039e-05  6.717e-09  0.000e+00
   25.250   3.592e-02   204.900   7.494e-01  2.998e-01  1.029e-05  6.216e-09  0.000e+00
   26.390   2.973e-02   203.400   7.494e-01  2.998e-01  1.031e-05  6.286e-09  0.000e+00
   27.540   2.448e-02   201.500   7.494e-01  2.998e-01  1.052e-05  1.941e-08  0.000e+00
   28.700   2.006e-02   199.400   7.494e-01  2.998e-01  1.070e-05  8.079e-08  0.000e+00
   29.890   1.635e-02   197.000   7.494e-01  2.998e-01  1.062e-05  1.493e-07  0.000e+00
   31.090   1.326e-02   194.800   7.494e-01  2.998e-01  1.029e-05  1.870e-07  0.000e+00
   32.300   1.071e-02   192.900   7.494e-01  2.998e-01  9.872e-06  2.030e-07  0.000e+00
   33.540   8.600e-03   191.600   7.494e-01  2.998e-01  9.542e-06  1.644e-07  0.000e+00
   34.790   6.873e-03   190.700   7.494e-01  2.998e-01  9.242e-06  1.178e-07  0.000e+00
   36.070   5.465e-03   189.800   7.494e-01  2.998e-01  8.903e-06  1.050e-07  0.000e+00
   37.360   4.325e-03   188.500   7.494e-01  2.998e-01  8.554e-06  1.150e-07  0.000e+00
   38.680   3.405e-03   186.800   7.494e-01  2.998e-01  8.142e-06  1.413e-07  0.000e+00
   40.000   2.667e-03   184.700   7.494e-01  2.998e-01  7.719e-06  1.885e-07  0.000e+00
   41.340   2.079e-03   182.500   7.494e-01  2.998e-01  7.491e-06  2.410e-07  0.000e+00
   42.690   1.613e-03   180.700   7.494e-01  2.998e-01  7.465e-06  2.475e-07  0.000e+00
   44.060   1.245e-03   179.500   7.494e-01  2.998e-01  7.614e-06  1.918e-07  0.000e+00
   45.440   9.559e-04   179.100   7.494e-01  2.998e-01  7.811e-06  1.370e-07  0.000e+00
   60.170   3.776e-04   179.100   7.494e-01  2.998e-01  7.811e-06  1.370e-07  0.000e+00
   66.000   2.615e-04   179.100   7.494e-01  2.998e-01  7.811e-06  1.370e-07  0.000e+00
   74.130   1.566e-04   179.100   7.494e-01  2.998e-01  7.811e-06  1.370e-07  0.000e+00
   85.480   7.656e-05   179.100   7.494e-01  2.998e-01  7.811e-06  1.370e-07  0.000e+00
  101.300   2.820e-05   179.100   7.494e-01  2.998e-01  7.811e-06  1.370e-07  0.000e+00
  123.400   6.996e-06   179.100   7.494e-01  2.998e-01  7.811e-06  1.370e-07  0.000e+00
  154.300   1.000e-06   179.100   7.494e-01  2.998e-01  7.811e-06  1.370e-07  0.000e+00
#
# ----------------------------------------------------------------------------------------------
# Curtis-Godson integrated layer information used by the radiative transfer analysis
# Oblique molecular layer columns in molec/m2 and aerosols in kg/m2
# ----------------------------------------------------------------------------------------------
# Low[km]  High[km]  Path[km] Pressure[bar] Temp[K]   Airmass   dcol[m-2]         N2        CO2        H2O   WaterIce      Cloud
# ----------------------------------------------------------------------------------------------
    0.000     0.255     0.382   1.382e+00   287.569    1.4980   1.332e+28  9.891e+27  3.956e+27  1.609e+26  5.235e-08  9.973e-02
    0.255     0.629     0.560   1.332e+00   289.042    1.4979   1.872e+28  1.390e+28  5.560e+27  2.206e+26  6.083e-13  6.997e-02
    0.629     1.235     0.908   1.257e+00   289.701    1.4977   2.855e+28  2.121e+28  8.486e+27  3.172e+26  2.310e-10  6.315e-02
    1.235     2.070     1.250   1.155e+00   288.567    1.4975   3.625e+28  2.696e+28  1.079e+28  3.473e+26  3.514e-06  6.259e-02
    2.070     3.128     1.584   1.033e+00   285.441    1.4972   4.148e+28  3.090e+28  1.236e+28  3.071e+26  1.522e-04  6.801e-02
    3.128     4.393     1.893   8.979e-01   280.221    1.4968   4.389e+28  3.275e+28  1.310e+28  2.443e+26  1.043e-03  7.869e-02
    4.393     5.751     2.032   7.639e-01   273.390    1.4964   4.107e+28  3.068e+28  1.227e+28  1.683e+26  2.847e-03  8.727e-02
    5.751     7.085     1.996   6.442e-01   266.088    1.4960   3.494e+28  2.613e+28  1.045e+28  9.708e+25  5.137e-03  8.087e-02
    7.085     8.396     1.961   5.424e-01   259.183    1.4955   2.967e+28  2.221e+28  8.884e+27  5.190e+25  8.242e-03  6.429e-02
    8.396     9.689     1.933   4.559e-01   252.779    1.4951   2.521e+28  1.888e+28  7.553e+27  2.699e+25  1.094e-02  4.174e-02
    9.689    10.970     1.915   3.824e-01   246.629    1.4947   2.147e+28  1.608e+28  6.432e+27  1.418e+25  1.133e-02  1.999e-02
   10.970    12.230     1.883   3.199e-01   240.433    1.4943   1.811e+28  1.357e+28  5.429e+27  7.284e+24  9.382e-03  6.628e-03
   12.230    13.490     1.882   2.667e-01   233.939    1.4939   1.552e+28  1.163e+28  4.651e+27  3.637e+24  5.539e-03  8.991e-04
   13.490    14.740     1.867   2.216e-01   226.996    1.4935   1.317e+28  9.872e+27  3.949e+27  1.667e+24  2.860e-03  4.864e-08
   14.740    15.980     1.851   1.832e-01   219.847    1.4931   1.115e+28  8.357e+27  3.343e+27  6.909e+23  2.034e-03  0.000e+00
   15.980    17.230     1.866   1.505e-01   213.190    1.4928   9.522e+27  7.136e+27  2.855e+27  2.740e+23  1.397e-03  0.000e+00
   17.230    18.500     1.895   1.228e-01   208.161    1.4924   8.077e+27  6.053e+27  2.422e+27  1.250e+23  8.505e-04  0.000e+00
   18.500    19.800     1.940   9.940e-02   205.959    1.4920   6.757e+27  5.064e+27  2.026e+27  7.870e+22  3.057e-04  0.000e+00
   19.800    20.980     1.760   8.079e-02   206.038    1.4916   4.985e+27  3.736e+27  1.495e+27  5.460e+22  3.428e-05  0.000e+00
   20.980    22.010     1.536   6.720e-02   206.594    1.4912   3.612e+27  2.707e+27  1.083e+27  3.891e+22  3.583e-06  0.000e+00
   22.010    23.060     1.565   5.660e-02   206.751    1.4909   3.098e+27  2.322e+27  9.289e+26  3.290e+22  1.824e-06  0.000e+00
   23.060    24.150     1.625   4.744e-02   206.409    1.4906   2.699e+27  2.023e+27  8.091e+26  2.825e+22  1.181e-06  0.000e+00
   24.150    25.250     1.639   3.955e-02   205.518    1.4902   2.280e+27  1.709e+27  6.836e+26  2.358e+22  8.368e-07  0.000e+00
   25.250    26.390     1.698   3.282e-02   204.173    1.4899   1.973e+27  1.479e+27  5.916e+26  2.032e+22  6.994e-07  0.000e+00
   26.390    27.540     1.713   2.710e-02   202.480    1.4895   1.657e+27  1.242e+27  4.967e+26  1.725e+22  1.075e-06  0.000e+00
   27.540    28.700     1.727   2.227e-02   200.484    1.4892   1.386e+27  1.039e+27  4.156e+26  1.470e+22  3.310e-06  0.000e+00
   28.700    29.890     1.772   1.820e-02   198.239    1.4888   1.175e+27  8.806e+26  3.523e+26  1.253e+22  7.361e-06  0.000e+00
   29.890    31.090     1.786   1.480e-02   195.937    1.4884   9.746e+26  7.303e+26  2.922e+26  1.019e+22  9.220e-06  0.000e+00
   31.090    32.300     1.801   1.198e-02   193.883    1.4881   8.036e+26  6.022e+26  2.409e+26  8.106e+21  8.870e-06  0.000e+00
   32.300    33.540     1.845   9.655e-03   192.273    1.4877   6.687e+26  5.011e+26  2.005e+26  6.494e+21  6.967e-06  0.000e+00
   33.540    34.790     1.859   7.736e-03   191.167    1.4873   5.430e+26  4.069e+26  1.628e+26  5.103e+21  4.332e-06  0.000e+00
   34.790    36.070     1.903   6.169e-03   190.267    1.4869   4.453e+26  3.337e+26  1.335e+26  4.042e+21  2.816e-06  0.000e+00
   36.070    37.360     1.918   4.895e-03   189.175    1.4865   3.580e+26  2.683e+26  1.073e+26  3.127e+21  2.228e-06  0.000e+00
   37.360    38.680     1.962   3.865e-03   187.683    1.4861   2.914e+26  2.184e+26  8.736e+25  2.434e+21  2.102e-06  0.000e+00
   38.680    40.000     1.961   3.036e-03   185.791    1.4857   2.311e+26  1.732e+26  6.929e+25  1.834e+21  2.134e-06  0.000e+00
   40.000    41.340     1.990   2.373e-03   183.644    1.4853   1.854e+26  1.390e+26  5.559e+25  1.411e+21  2.236e-06  0.000e+00
   41.340    42.690     2.005   1.846e-03   181.637    1.4849   1.469e+26  1.101e+26  4.403e+25  1.098e+21  2.033e-06  0.000e+00
   42.690    44.060     2.034   1.429e-03   180.126    1.4845   1.163e+26  8.714e+25  3.486e+25  8.763e+20  1.449e-06  0.000e+00
   44.060    45.440     2.048   1.100e-03   179.309    1.4841   9.056e+25  6.787e+25  2.715e+25  6.980e+20  8.427e-07  0.000e+00
   45.440    60.170    21.825   6.673e-04   179.100    1.4817   5.497e+26  4.120e+26  1.648e+26  4.294e+21  4.271e-06  0.000e+00
   60.170    66.000     8.620   3.196e-04   179.100    1.4786   1.102e+26  8.257e+25  3.303e+25  8.606e+20  8.561e-07  0.000e+00
   66.000    74.130    12.004   2.091e-04   179.100    1.4765   9.934e+25  7.444e+25  2.978e+25  7.759e+20  7.718e-07  0.000e+00
   74.130    85.480    16.726   1.166e-04   179.100    1.4737   7.567e+25  5.671e+25  2.269e+25  5.911e+20  5.879e-07  0.000e+00
   85.480   101.300    23.252   5.244e-05   179.100    1.4698   4.555e+25  3.413e+25  1.365e+25  3.558e+20  3.539e-07  0.000e+00
  101.300   123.400    32.363   1.767e-05   179.100    1.4644   1.992e+25  1.493e+25  5.973e+24  1.556e+20  1.548e-07  0.000e+00
  123.400   154.300    45.022   4.052e-06   179.100    1.4570   5.622e+24  4.213e+24  1.685e+24  4.391e+19  4.368e-08  0.000e+00
# ----------------------------------------------------------------------------------------------
# Integrated atmospheric columns                       1.4955   4.455e+29  3.327e+29  1.331e+29  1.970e+27  6.217e-02  7.438e-01
# ----------------------------------------------------------------------------------------------
