# ------------------------------------------------------------------------
# Radiance spectrum
# NASA-GSFC Planetary Spectrum Generator (PSG) (Villanueva et al. 2015)
# Synthesized on Tue Nov 21 15:10:59 2017
# ------------------------------------------------------------------------
# Atmospheric radiances synthesized with PUMAS (Villanueva et al. 2016, Smith et al. 2009, Edwards 1992)
# Molecular abundance profile: 
# Molecules considered: N2,CO2,H2O
# Molecular sources: HIT[22],HIT[2],HIT[1]
# Molecular abundances: 1,1,1
# Molecular abundance units: scl,scl,scl
# Collission-Induced-Absorption:  N2-N2(3.33-5.41um)
# Rayleigh scattering included
# ------------------------------------------------------------------------
# Spectral unit: Wavelength [um]
# Radiance unit: Spectral radiance [W/sr/m2/um]
# Wave/freq Total Stellar TRAPPIST-1-e
1.000000000e+00  3.68049e-03  3.68049e-03  1.59788e-10
1.010000000e+00  3.70309e-03  3.70309e-03  1.60806e-10
1.020000000e+00  3.72363e-03  3.72363e-03  1.61745e-10
1.030000000e+00  3.74214e-03  3.74214e-03  1.62602e-10
1.040000000e+00  3.75867e-03  3.75867e-03  1.58051e-10
1.050000000e+00  3.77327e-03  3.77327e-03  1.64010e-10
1.060000000e+00  3.78601e-03  3.78601e-03  1.64268e-10
1.070000000e+00  3.79691e-03  3.79691e-03  1.63624e-10
1.080000000e+00  3.80605e-03  3.80605e-03  1.65541e-10
1.090000000e+00  3.81347e-03  3.81347e-03  1.66096e-10
1.100000000e+00  3.81922e-03  3.81922e-03  1.66362e-10
1.110000000e+00  3.82337e-03  3.82337e-03  1.66626e-10
1.120000000e+00  3.82595e-03  3.82595e-03  1.65385e-10
1.130000000e+00  3.82703e-03  3.82703e-03  1.65180e-10
1.140000000e+00  3.82666e-03  3.82666e-03  1.66357e-10
1.150000000e+00  3.82489e-03  3.82489e-03  1.65999e-10
1.160000000e+00  3.82177e-03  3.82177e-03  1.66881e-10
1.170000000e+00  3.81735e-03  3.81734e-03  1.67000e-10
1.180000000e+00  3.81168e-03  3.81168e-03  1.66811e-10
1.190000000e+00  3.80481e-03  3.80481e-03  1.66597e-10
1.200000000e+00  3.79680e-03  3.79679e-03  1.66388e-10
1.210000000e+00  3.78768e-03  3.78768e-03  1.40775e-10
1.220000000e+00  3.77751e-03  3.77751e-03  1.52430e-10
1.230000000e+00  3.76632e-03  3.76632e-03  1.56202e-10
1.240000000e+00  3.75418e-03  3.75418e-03  1.61929e-10
1.250000000e+00  3.74111e-03  3.74111e-03  1.64405e-10
1.260000000e+00  3.72717e-03  3.72717e-03  1.63081e-10
1.270000000e+00  3.71239e-03  3.71239e-03  1.62469e-10
1.280000000e+00  3.69682e-03  3.69682e-03  1.62994e-10
1.290000000e+00  3.68049e-03  3.68049e-03  1.60682e-10
1.300000000e+00  3.66345e-03  3.66345e-03  1.58855e-10
1.310000000e+00  3.64573e-03  3.64573e-03  1.60928e-10
1.320000000e+00  3.62736e-03  3.62736e-03  1.48429e-10
1.330000000e+00  3.60839e-03  3.60839e-03  1.59293e-10
1.340000000e+00  3.58885e-03  3.58885e-03  1.51207e-10
1.350000000e+00  3.56877e-03  3.56877e-03  1.55541e-10
1.360000000e+00  3.54817e-03  3.54817e-03  1.52846e-10
1.370000000e+00  3.52711e-03  3.52711e-03  1.51114e-10
1.380000000e+00  3.50559e-03  3.50559e-03  1.50456e-10
1.390000000e+00  3.48366e-03  3.48366e-03  1.50911e-10
1.400000000e+00  3.46134e-03  3.46134e-03  1.50233e-10
1.410000000e+00  3.43866e-03  3.43866e-03  1.48646e-10
1.420000000e+00  3.41564e-03  3.41564e-03  1.51233e-10
1.430000000e+00  3.39231e-03  3.39231e-03  1.49036e-10
1.440000000e+00  3.36870e-03  3.36870e-03  8.69406e-11
1.450000000e+00  3.34482e-03  3.34482e-03  1.24368e-10
1.460000000e+00  3.32070e-03  3.32070e-03  1.46079e-10
1.470000000e+00  3.29636e-03  3.29636e-03  1.45565e-10
1.480000000e+00  3.27183e-03  3.27183e-03  1.35888e-10
1.490000000e+00  3.24712e-03  3.24711e-03  1.41621e-10
1.500000000e+00  3.22224e-03  3.22224e-03  1.34752e-10
1.510000000e+00  3.19723e-03  3.19723e-03  1.42055e-10
1.520000000e+00  3.17209e-03  3.17209e-03  1.41269e-10
1.530000000e+00  3.14685e-03  3.14685e-03  1.30091e-10
1.540000000e+00  3.12152e-03  3.12152e-03  1.21334e-10
1.550000000e+00  3.09611e-03  3.09611e-03  1.34860e-10
1.560000000e+00  3.07064e-03  3.07064e-03  1.36208e-10
1.570000000e+00  3.04513e-03  3.04513e-03  1.22708e-10
1.580000000e+00  3.01959e-03  3.01959e-03  9.22696e-11
1.590000000e+00  2.99402e-03  2.99402e-03  1.27119e-10
1.600000000e+00  2.96846e-03  2.96846e-03  1.17983e-10
1.610000000e+00  2.94289e-03  2.94289e-03  9.05818e-11
1.620000000e+00  2.91734e-03  2.91734e-03  1.14076e-10
1.630000000e+00  2.89182e-03  2.89182e-03  1.22577e-10
1.640000000e+00  2.86634e-03  2.86634e-03  1.17609e-10
1.650000000e+00  2.84091e-03  2.84091e-03  1.15457e-10
1.660000000e+00  2.81553e-03  2.81553e-03  1.20431e-10
1.670000000e+00  2.79021e-03  2.79021e-03  1.20397e-10
1.680000000e+00  2.76497e-03  2.76497e-03  1.20618e-10
1.690000000e+00  2.73981e-03  2.73981e-03  1.22259e-10
1.700000000e+00  2.71474e-03  2.71474e-03  1.21808e-10
1.710000000e+00  2.68977e-03  2.68977e-03  1.19380e-10
1.720000000e+00  2.66490e-03  2.66490e-03  1.19354e-10
1.730000000e+00  2.64013e-03  2.64013e-03  1.18680e-10
1.740000000e+00  2.61549e-03  2.61549e-03  1.17635e-10
1.750000000e+00  2.59096e-03  2.59096e-03  1.16479e-10
1.760000000e+00  2.56656e-03  2.56656e-03  1.15148e-10
1.770000000e+00  2.54229e-03  2.54229e-03  1.14150e-10
1.780000000e+00  2.51815e-03  2.51815e-03  1.13131e-10
1.790000000e+00  2.49415e-03  2.49415e-03  1.11882e-10
1.800000000e+00  2.47030e-03  2.47030e-03  1.10802e-10
1.810000000e+00  2.44660e-03  2.44660e-03  1.09511e-10
1.820000000e+00  2.42304e-03  2.42304e-03  1.07485e-10
1.830000000e+00  2.39964e-03  2.39964e-03  1.05567e-10
1.840000000e+00  2.37640e-03  2.37640e-03  1.03001e-10
1.850000000e+00  2.35332e-03  2.35332e-03  1.02282e-10
1.860000000e+00  2.33041e-03  2.33041e-03  1.00520e-10
1.870000000e+00  2.30765e-03  2.30765e-03  1.00416e-10
1.880000000e+00  2.28507e-03  2.28507e-03  9.00770e-11
1.890000000e+00  2.26266e-03  2.26266e-03  8.92945e-11
1.900000000e+00  2.24041e-03  2.24041e-03  9.52032e-11
1.910000000e+00  2.21834e-03  2.21834e-03  9.49310e-11
1.920000000e+00  2.19645e-03  2.19645e-03  9.57578e-11
1.930000000e+00  2.17473e-03  2.17473e-03  9.48800e-11
1.940000000e+00  2.15319e-03  2.15319e-03  9.04441e-11
1.950000000e+00  2.13183e-03  2.13183e-03  5.98106e-11
1.960000000e+00  2.11065e-03  2.11065e-03  3.03444e-11
1.970000000e+00  2.08964e-03  2.08964e-03  3.34397e-11
1.980000000e+00  2.06882e-03  2.06882e-03  5.84467e-11
1.990000000e+00  2.04818e-03  2.04818e-03  7.12433e-11
2.000000000e+00  2.02772e-03  2.02772e-03  5.14210e-11
2.010000000e+00  2.00745e-03  2.00745e-03  1.73949e-11
2.020000000e+00  1.98735e-03  1.98735e-03  2.25217e-11
2.030000000e+00  1.96744e-03  1.96744e-03  4.46731e-11
2.040000000e+00  1.94771e-03  1.94771e-03  4.67724e-11
2.050000000e+00  1.92816e-03  1.92816e-03  4.51951e-11
2.060000000e+00  1.90880e-03  1.90880e-03  2.98705e-11
2.070000000e+00  1.88961e-03  1.88961e-03  3.31769e-11
2.080000000e+00  1.87061e-03  1.87061e-03  4.38381e-11
2.090000000e+00  1.85179e-03  1.85179e-03  4.93477e-11
2.100000000e+00  1.83315e-03  1.83315e-03  5.78940e-11
2.110000000e+00  1.81469e-03  1.81469e-03  6.62556e-11
2.120000000e+00  1.79641e-03  1.79641e-03  6.88558e-11
2.130000000e+00  1.77831e-03  1.77831e-03  7.43588e-11
2.140000000e+00  1.76039e-03  1.76039e-03  7.52112e-11
2.150000000e+00  1.74264e-03  1.74264e-03  6.87112e-11
2.160000000e+00  1.72507e-03  1.72507e-03  6.82569e-11
2.170000000e+00  1.70768e-03  1.70768e-03  6.74359e-11
2.180000000e+00  1.69046e-03  1.69046e-03  7.00629e-11
2.190000000e+00  1.67341e-03  1.67341e-03  7.22447e-11
2.200000000e+00  1.65654e-03  1.65654e-03  7.21023e-11
2.210000000e+00  1.63984e-03  1.63984e-03  7.15262e-11
2.220000000e+00  1.62331e-03  1.62331e-03  7.03173e-11
2.230000000e+00  1.60695e-03  1.60695e-03  6.96921e-11
2.240000000e+00  1.59076e-03  1.59076e-03  6.93995e-11
2.250000000e+00  1.57474e-03  1.57474e-03  6.85939e-11
2.260000000e+00  1.55889e-03  1.55889e-03  6.73980e-11
2.270000000e+00  1.54319e-03  1.54319e-03  6.70104e-11
2.280000000e+00  1.52767e-03  1.52767e-03  6.61806e-11
2.290000000e+00  1.51230e-03  1.51230e-03  6.56470e-11
2.300000000e+00  1.49710e-03  1.49710e-03  6.48987e-11
2.310000000e+00  1.48206e-03  1.48206e-03  6.41707e-11
2.320000000e+00  1.46718e-03  1.46718e-03  6.34569e-11
2.330000000e+00  1.45245e-03  1.45245e-03  6.27306e-11
2.340000000e+00  1.43788e-03  1.43788e-03  6.20106e-11
2.350000000e+00  1.42347e-03  1.42347e-03  6.12992e-11
2.360000000e+00  1.40921e-03  1.40921e-03  6.05887e-11
2.370000000e+00  1.39510e-03  1.39510e-03  5.98898e-11
2.380000000e+00  1.38115e-03  1.38115e-03  5.91643e-11
2.390000000e+00  1.36734e-03  1.36734e-03  5.84101e-11
2.400000000e+00  1.35368e-03  1.35368e-03  5.76693e-11
2.410000000e+00  1.34017e-03  1.34017e-03  5.69717e-11
2.420000000e+00  1.32681e-03  1.32681e-03  5.64252e-11
2.430000000e+00  1.31359e-03  1.31359e-03  5.58596e-11
2.440000000e+00  1.30051e-03  1.30051e-03  5.49035e-11
2.450000000e+00  1.28757e-03  1.28757e-03  5.44214e-11
2.460000000e+00  1.27478e-03  1.27478e-03  5.39027e-11
2.470000000e+00  1.26212e-03  1.26212e-03  5.31866e-11
2.480000000e+00  1.24960e-03  1.24960e-03  5.21700e-11
2.490000000e+00  1.23722e-03  1.23722e-03  4.98659e-11
2.500000000e+00  1.22498e-03  1.22498e-03  4.95278e-11
2.510000000e+00  1.21286e-03  1.21286e-03  4.89806e-11
2.520000000e+00  1.20088e-03  1.20088e-03  4.81898e-11
2.530000000e+00  1.18903e-03  1.18903e-03  4.87003e-11
2.540000000e+00  1.17731e-03  1.17731e-03  4.78602e-11
2.550000000e+00  1.16572e-03  1.16572e-03  4.64438e-11
2.560000000e+00  1.15425e-03  1.15425e-03  4.64063e-11
2.570000000e+00  1.14291e-03  1.14291e-03  4.28871e-11
2.580000000e+00  1.13170e-03  1.13170e-03  4.06098e-11
2.590000000e+00  1.12060e-03  1.12060e-03  3.85564e-11
2.600000000e+00  1.10963e-03  1.10963e-03  3.53871e-11
2.610000000e+00  1.09878e-03  1.09878e-03  3.63130e-11
2.620000000e+00  1.08805e-03  1.08805e-03  3.54657e-11
2.630000000e+00  1.07744e-03  1.07744e-03  3.71970e-11
2.640000000e+00  1.06694e-03  1.06694e-03  3.63658e-11
2.650000000e+00  1.05656e-03  1.05656e-03  3.85503e-11
2.660000000e+00  1.04629e-03  1.04629e-03  2.96856e-11
2.670000000e+00  1.03614e-03  1.03614e-03  8.87140e-12
2.680000000e+00  1.02610e-03  1.02610e-03  1.45843e-12
2.690000000e+00  1.01616e-03  1.01616e-03  4.69688e-13
2.700000000e+00  1.00634e-03  1.00634e-03  6.33815e-13
2.710000000e+00  9.96623e-04  9.96623e-04  6.48912e-13
2.720000000e+00  9.87014e-04  9.87014e-04  1.40120e-12
2.730000000e+00  9.77511e-04  9.77511e-04  2.69528e-12
2.740000000e+00  9.68112e-04  9.68112e-04  2.70258e-12
2.750000000e+00  9.58816e-04  9.58816e-04  1.31485e-12
2.760000000e+00  9.49622e-04  9.49622e-04  4.20562e-13
2.770000000e+00  9.40529e-04  9.40529e-04  3.27668e-13
2.780000000e+00  9.31536e-04  9.31536e-04  2.43975e-13
2.790000000e+00  9.22641e-04  9.22641e-04  2.90316e-13
2.800000000e+00  9.13844e-04  9.13844e-04  4.30048e-13
2.810000000e+00  9.05143e-04  9.05143e-04  6.05357e-13
2.820000000e+00  8.96538e-04  8.96538e-04  7.13241e-13
2.830000000e+00  8.88027e-04  8.88027e-04  7.65409e-13
2.840000000e+00  8.79608e-04  8.79608e-04  9.03891e-13
2.850000000e+00  8.71282e-04  8.71282e-04  6.62388e-13
2.860000000e+00  8.63047e-04  8.63047e-04  1.00454e-12
2.870000000e+00  8.54902e-04  8.54902e-04  1.89099e-12
2.880000000e+00  8.46846e-04  8.46846e-04  2.96054e-12
2.890000000e+00  8.38878e-04  8.38878e-04  4.91961e-12
2.900000000e+00  8.30996e-04  8.30996e-04  7.63017e-12
2.910000000e+00  8.23201e-04  8.23201e-04  9.33652e-12
2.920000000e+00  8.15490e-04  8.15490e-04  1.03891e-11
2.930000000e+00  8.07863e-04  8.07863e-04  1.08206e-11
2.940000000e+00  8.00320e-04  8.00320e-04  1.11919e-11
2.950000000e+00  7.92858e-04  7.92858e-04  1.16975e-11
2.960000000e+00  7.85477e-04  7.85477e-04  1.16335e-11
2.970000000e+00  7.78176e-04  7.78176e-04  1.06463e-11
2.980000000e+00  7.70954e-04  7.70954e-04  9.35198e-12
2.990000000e+00  7.63811e-04  7.63811e-04  9.12187e-12
3.000000000e+00  7.56745e-04  7.56745e-04  1.04373e-11
3.010000000e+00  7.49755e-04  7.49755e-04  1.15532e-11
3.020000000e+00  7.42841e-04  7.42841e-04  1.07290e-11
3.030000000e+00  7.36001e-04  7.36001e-04  1.14169e-11
3.040000000e+00  7.29236e-04  7.29236e-04  1.22112e-11
3.050000000e+00  7.22543e-04  7.22543e-04  1.26234e-11
3.060000000e+00  7.15922e-04  7.15922e-04  1.27571e-11
3.070000000e+00  7.09372e-04  7.09372e-04  1.30981e-11
3.080000000e+00  7.02893e-04  7.02893e-04  1.32704e-11
3.090000000e+00  6.96483e-04  6.96483e-04  1.32443e-11
3.100000000e+00  6.90142e-04  6.90142e-04  1.32474e-11
3.110000000e+00  6.83869e-04  6.83869e-04  1.31407e-11
3.120000000e+00  6.77663e-04  6.77663e-04  1.27584e-11
3.130000000e+00  6.71523e-04  6.71523e-04  1.24586e-11
3.140000000e+00  6.65449e-04  6.65449e-04  1.26565e-11
3.150000000e+00  6.59440e-04  6.59440e-04  1.29542e-11
3.160000000e+00  6.53495e-04  6.53494e-04  1.29330e-11
3.170000000e+00  6.47612e-04  6.47612e-04  1.28451e-11
3.180000000e+00  6.41793e-04  6.41793e-04  1.31015e-11
3.190000000e+00  6.36035e-04  6.36035e-04  1.33641e-11
3.200000000e+00  6.30339e-04  6.30339e-04  1.36600e-11
3.210000000e+00  6.24702e-04  6.24702e-04  1.39035e-11
3.220000000e+00  6.19126e-04  6.19126e-04  1.41962e-11
3.230000000e+00  6.13608e-04  6.13608e-04  1.44481e-11
3.240000000e+00  6.08149e-04  6.08149e-04  1.48864e-11
3.250000000e+00  6.02747e-04  6.02747e-04  1.51207e-11
3.260000000e+00  5.97402e-04  5.97402e-04  1.55236e-11
3.270000000e+00  5.92114e-04  5.92114e-04  1.57560e-11
3.280000000e+00  5.86881e-04  5.86881e-04  1.61560e-11
3.290000000e+00  5.81702e-04  5.81702e-04  1.65694e-11
3.300000000e+00  5.76579e-04  5.76579e-04  1.68521e-11
3.310000000e+00  5.71508e-04  5.71508e-04  1.71789e-11
3.320000000e+00  5.66491e-04  5.66491e-04  1.76334e-11
3.330000000e+00  5.61527e-04  5.61527e-04  1.78348e-11
3.340000000e+00  5.56614e-04  5.56614e-04  1.81693e-11
3.350000000e+00  5.51752e-04  5.51752e-04  1.83719e-11
3.360000000e+00  5.46941e-04  5.46941e-04  1.82439e-11
3.370000000e+00  5.42180e-04  5.42180e-04  1.89345e-11
3.380000000e+00  5.37468e-04  5.37468e-04  1.92493e-11
3.390000000e+00  5.32805e-04  5.32805e-04  1.94981e-11
3.400000000e+00  5.28190e-04  5.28190e-04  1.96323e-11
3.410000000e+00  5.23623e-04  5.23623e-04  1.97262e-11
3.420000000e+00  5.19104e-04  5.19104e-04  1.98304e-11
3.430000000e+00  5.14631e-04  5.14631e-04  1.99221e-11
3.440000000e+00  5.10203e-04  5.10203e-04  2.00092e-11
3.450000000e+00  5.05822e-04  5.05822e-04  2.00729e-11
3.460000000e+00  5.01485e-04  5.01485e-04  2.00489e-11
3.470000000e+00  4.97193e-04  4.97193e-04  2.00027e-11
3.480000000e+00  4.92945e-04  4.92945e-04  1.99483e-11
3.490000000e+00  4.88741e-04  4.88741e-04  1.98948e-11
3.500000000e+00  4.84579e-04  4.84579e-04  1.98398e-11
3.510000000e+00  4.80460e-04  4.80460e-04  1.97836e-11
3.520000000e+00  4.76383e-04  4.76383e-04  1.97098e-11
3.530000000e+00  4.72347e-04  4.72347e-04  1.95855e-11
3.540000000e+00  4.68352e-04  4.68352e-04  1.94572e-11
3.550000000e+00  4.64398e-04  4.64398e-04  1.93221e-11
3.560000000e+00  4.60484e-04  4.60484e-04  1.91645e-11
3.570000000e+00  4.56609e-04  4.56609e-04  1.89667e-11
3.580000000e+00  4.52774e-04  4.52774e-04  1.87418e-11
3.590000000e+00  4.48977e-04  4.48977e-04  1.84482e-11
3.600000000e+00  4.45219e-04  4.45219e-04  1.79470e-11
3.610000000e+00  4.41498e-04  4.41498e-04  1.75147e-11
3.620000000e+00  4.37815e-04  4.37815e-04  1.71277e-11
3.630000000e+00  4.34169e-04  4.34169e-04  1.73280e-11
3.640000000e+00  4.30559e-04  4.30559e-04  1.71479e-11
3.650000000e+00  4.26986e-04  4.26986e-04  1.68227e-11
3.660000000e+00  4.23448e-04  4.23448e-04  1.70282e-11
3.670000000e+00  4.19945e-04  4.19945e-04  1.72835e-11
3.680000000e+00  4.16478e-04  4.16478e-04  1.73177e-11
3.690000000e+00  4.13044e-04  4.13044e-04  1.71899e-11
3.700000000e+00  4.09645e-04  4.09645e-04  1.70576e-11
3.710000000e+00  4.06280e-04  4.06280e-04  1.69399e-11
3.720000000e+00  4.02948e-04  4.02948e-04  1.67461e-11
3.730000000e+00  3.99649e-04  3.99649e-04  1.66102e-11
3.740000000e+00  3.96383e-04  3.96383e-04  1.64892e-11
3.750000000e+00  3.93148e-04  3.93148e-04  1.62853e-11
3.760000000e+00  3.89946e-04  3.89946e-04  1.59320e-11
3.770000000e+00  3.86775e-04  3.86775e-04  1.55326e-11
3.780000000e+00  3.83635e-04  3.83635e-04  1.51062e-11
3.790000000e+00  3.80526e-04  3.80526e-04  1.46195e-11
3.800000000e+00  3.77448e-04  3.77448e-04  1.36067e-11
3.810000000e+00  3.74400e-04  3.74400e-04  1.23356e-11
3.820000000e+00  3.71381e-04  3.71381e-04  1.24287e-11
3.830000000e+00  3.68392e-04  3.68392e-04  1.32838e-11
3.840000000e+00  3.65432e-04  3.65432e-04  1.26288e-11
3.850000000e+00  3.62500e-04  3.62500e-04  1.21967e-11
3.860000000e+00  3.59597e-04  3.59597e-04  1.26861e-11
3.870000000e+00  3.56723e-04  3.56723e-04  1.34548e-11
3.880000000e+00  3.53876e-04  3.53876e-04  1.38513e-11
3.890000000e+00  3.51056e-04  3.51056e-04  1.39907e-11
3.900000000e+00  3.48264e-04  3.48264e-04  1.40534e-11
3.910000000e+00  3.45499e-04  3.45499e-04  1.40062e-11
3.920000000e+00  3.42760e-04  3.42760e-04  1.38758e-11
3.930000000e+00  3.40048e-04  3.40048e-04  1.36604e-11
3.940000000e+00  3.37361e-04  3.37361e-04  1.33692e-11
3.950000000e+00  3.34701e-04  3.34701e-04  1.30361e-11
3.960000000e+00  3.32066e-04  3.32066e-04  1.25363e-11
3.970000000e+00  3.29456e-04  3.29456e-04  1.20855e-11
3.980000000e+00  3.26870e-04  3.26870e-04  1.13011e-11
3.990000000e+00  3.24310e-04  3.24310e-04  1.08213e-11
4.000000000e+00  3.21774e-04  3.21774e-04  1.12429e-11
4.010000000e+00  3.19262e-04  3.19262e-04  1.14126e-11
4.020000000e+00  3.16773e-04  3.16773e-04  1.07339e-11
4.030000000e+00  3.14309e-04  3.14309e-04  1.06834e-11
4.040000000e+00  3.11867e-04  3.11867e-04  1.09523e-11
4.050000000e+00  3.09449e-04  3.09449e-04  1.13211e-11
4.060000000e+00  3.07053e-04  3.07053e-04  1.16596e-11
4.070000000e+00  3.04680e-04  3.04680e-04  1.16872e-11
4.080000000e+00  3.02329e-04  3.02329e-04  1.13589e-11
4.090000000e+00  3.00000e-04  3.00000e-04  1.10029e-11
4.100000000e+00  2.97694e-04  2.97693e-04  1.07546e-11
4.110000000e+00  2.95408e-04  2.95408e-04  1.07559e-11
4.120000000e+00  2.93144e-04  2.93144e-04  1.08242e-11
4.130000000e+00  2.90901e-04  2.90901e-04  1.07441e-11
4.140000000e+00  2.88679e-04  2.88679e-04  1.04732e-11
4.150000000e+00  2.86478e-04  2.86478e-04  1.04939e-11
4.160000000e+00  2.84297e-04  2.84297e-04  9.20947e-12
4.170000000e+00  2.82136e-04  2.82136e-04  5.21407e-12
4.180000000e+00  2.79995e-04  2.79995e-04  3.14194e-12
4.190000000e+00  2.77874e-04  2.77874e-04  1.64454e-12
4.200000000e+00  2.75773e-04  2.75773e-04  8.40123e-13
4.210000000e+00  2.73691e-04  2.73691e-04  3.07585e-13
4.220000000e+00  2.71628e-04  2.71628e-04  1.17472e-13
4.230000000e+00  2.69584e-04  2.69584e-04  6.20073e-14
4.240000000e+00  2.67559e-04  2.67559e-04  4.60758e-14
4.250000000e+00  2.65552e-04  2.65552e-04  4.34842e-14
4.260000000e+00  2.63564e-04  2.63564e-04  5.36340e-14
4.270000000e+00  2.61594e-04  2.61594e-04  5.87206e-14
4.280000000e+00  2.59642e-04  2.59642e-04  4.70028e-14
4.290000000e+00  2.57707e-04  2.57707e-04  4.84409e-14
4.300000000e+00  2.55790e-04  2.55790e-04  5.63547e-14
4.310000000e+00  2.53891e-04  2.53891e-04  6.82042e-14
4.320000000e+00  2.52009e-04  2.52009e-04  8.58239e-14
4.330000000e+00  2.50144e-04  2.50144e-04  1.19741e-13
4.340000000e+00  2.48295e-04  2.48295e-04  1.59288e-13
4.350000000e+00  2.46463e-04  2.46463e-04  1.94605e-13
4.360000000e+00  2.44648e-04  2.44648e-04  1.94888e-13
4.370000000e+00  2.42849e-04  2.42849e-04  2.07613e-13
4.380000000e+00  2.41067e-04  2.41067e-04  2.69405e-13
4.390000000e+00  2.39300e-04  2.39300e-04  3.64191e-13
4.400000000e+00  2.37549e-04  2.37549e-04  2.77038e-13
4.410000000e+00  2.35814e-04  2.35814e-04  2.79996e-13
4.420000000e+00  2.34094e-04  2.34094e-04  3.27738e-13
4.430000000e+00  2.32390e-04  2.32390e-04  4.15359e-13
4.440000000e+00  2.30700e-04  2.30700e-04  5.30163e-13
4.450000000e+00  2.29026e-04  2.29026e-04  7.25759e-13
4.460000000e+00  2.27367e-04  2.27367e-04  1.03698e-12
4.470000000e+00  2.25722e-04  2.25722e-04  1.32846e-12
4.480000000e+00  2.24092e-04  2.24092e-04  1.96142e-12
4.490000000e+00  2.22476e-04  2.22476e-04  2.44938e-12
4.500000000e+00  2.20874e-04  2.20874e-04  2.90664e-12
4.510000000e+00  2.19287e-04  2.19287e-04  3.62132e-12
4.520000000e+00  2.17714e-04  2.17714e-04  4.48460e-12
4.530000000e+00  2.16154e-04  2.16154e-04  5.60588e-12
4.540000000e+00  2.14608e-04  2.14608e-04  6.35140e-12
4.550000000e+00  2.13075e-04  2.13075e-04  6.86884e-12
4.560000000e+00  2.11556e-04  2.11556e-04  7.05259e-12
4.570000000e+00  2.10051e-04  2.10051e-04  7.19601e-12
4.580000000e+00  2.08558e-04  2.08558e-04  7.24599e-12
4.590000000e+00  2.07078e-04  2.07078e-04  7.26964e-12
4.600000000e+00  2.05611e-04  2.05611e-04  7.27155e-12
4.610000000e+00  2.04157e-04  2.04157e-04  7.23194e-12
4.620000000e+00  2.02716e-04  2.02716e-04  6.94456e-12
4.630000000e+00  2.01287e-04  2.01287e-04  6.79830e-12
4.640000000e+00  1.99870e-04  1.99870e-04  6.83761e-12
4.650000000e+00  1.98466e-04  1.98466e-04  6.82148e-12
4.660000000e+00  1.97073e-04  1.97073e-04  6.85932e-12
4.670000000e+00  1.95693e-04  1.95693e-04  6.84048e-12
4.680000000e+00  1.94324e-04  1.94324e-04  6.49124e-12
4.690000000e+00  1.92967e-04  1.92967e-04  6.28955e-12
4.700000000e+00  1.91622e-04  1.91622e-04  5.98111e-12
4.710000000e+00  1.90288e-04  1.90288e-04  4.51107e-12
4.720000000e+00  1.88966e-04  1.88966e-04  5.32043e-12
4.730000000e+00  1.87655e-04  1.87655e-04  4.73173e-12
4.740000000e+00  1.86355e-04  1.86355e-04  4.38363e-12
4.750000000e+00  1.85066e-04  1.85066e-04  4.15950e-12
4.760000000e+00  1.83788e-04  1.83788e-04  4.04500e-12
4.770000000e+00  1.82521e-04  1.82521e-04  4.08698e-12
4.780000000e+00  1.81265e-04  1.81265e-04  3.62233e-12
4.790000000e+00  1.80019e-04  1.80019e-04  3.18175e-12
4.800000000e+00  1.78783e-04  1.78783e-04  2.93362e-12
4.810000000e+00  1.77559e-04  1.77559e-04  2.62639e-12
4.820000000e+00  1.76344e-04  1.76344e-04  1.75355e-12
4.830000000e+00  1.75140e-04  1.75140e-04  2.18253e-12
4.840000000e+00  1.73945e-04  1.73945e-04  2.30456e-12
4.850000000e+00  1.72761e-04  1.72761e-04  2.29821e-12
4.860000000e+00  1.71587e-04  1.71587e-04  2.15550e-12
4.870000000e+00  1.70422e-04  1.70422e-04  2.29089e-12
4.880000000e+00  1.69267e-04  1.69267e-04  2.44801e-12
4.890000000e+00  1.68122e-04  1.68122e-04  2.39370e-12
4.900000000e+00  1.66986e-04  1.66986e-04  2.87637e-12
4.910000000e+00  1.65860e-04  1.65860e-04  3.17400e-12
4.920000000e+00  1.64743e-04  1.64743e-04  3.07415e-12
4.930000000e+00  1.63635e-04  1.63635e-04  3.98450e-12
4.940000000e+00  1.62536e-04  1.62536e-04  4.20927e-12
4.950000000e+00  1.61447e-04  1.61447e-04  4.13352e-12
4.960000000e+00  1.60366e-04  1.60366e-04  4.42883e-12
4.970000000e+00  1.59294e-04  1.59294e-04  4.82919e-12
4.980000000e+00  1.58232e-04  1.58232e-04  5.00758e-12
4.990000000e+00  1.57177e-04  1.57177e-04  5.32617e-12
5.000000000e+00  1.56132e-04  1.56132e-04  4.85504e-12
