# ------------------------------------------------------------------------
# NASA-GSFC Planetary Spectrum Generator (PSG, Villanueva et al. 2015)
# Atmospheric transmittance spectrum synthesized with PUMAS (Villanueva et al. 2016, Smith et al. 2009, Edwards 1992)
# Synthesized on Tue Nov 21 15:09:06 2017
# Molecular abundance profile: 
# Molecules considered: N2,CO2,H2O
# Molecular sources: HIT[22],HIT[2],HIT[1]
# Molecular abundances: 1,1,1
# Molecular abundance units: scl,scl,scl
# Collission-Induced-Absorption:  N2-N2(3.33-5.41um)
# Rayleigh scattering included
# ------------------------------------------------------------------------
# Aerosols considered: WaterIce,Cloud
# Aerosols sources: CRISM_Wolff[reff=2.0um 0.31-99.57um],White_GSFC[reff=1.0um 0.10-1000000.00um]
# Aerosols opacities: 1,1
# Aerosols opacity units: scl,scl
# ------------------------------------------------------------------------
# Spectral unit: Wavelength [um]
# Wave/freq Total N2 CO2 H2O WaterIce Cloud Rayleigh CIA
1.000000000e+00  0.00000  1.00000  0.99996  0.97245  0.00000  0.00000  0.97247  1.00000
1.010000000e+00  0.00000  1.00000  0.99999  0.96358  0.00000  0.00000  0.97353  1.00000
1.020000000e+00  0.00000  1.00000  1.00000  0.98285  0.00000  0.00000  0.97454  1.00000
1.030000000e+00  0.00000  1.00000  0.99999  0.98532  0.00000  0.00000  0.97550  1.00000
1.040000000e+00  0.00000  1.00000  0.79650  0.99824  0.00000  0.00000  0.97642  1.00000
1.050000000e+00  0.00000  1.00000  0.98657  0.99930  0.00000  0.00000  0.97729  1.00000
1.060000000e+00  0.00000  1.00000  0.96667  0.99796  0.00000  0.00000  0.97813  1.00000
1.070000000e+00  0.00000  1.00000  0.94059  0.98594  0.00000  0.00000  0.97893  1.00000
1.080000000e+00  0.00000  1.00000  0.99390  0.93481  0.00000  0.00000  0.97969  1.00000
1.090000000e+00  0.00000  1.00000  0.99963  0.87836  0.00000  0.00000  0.98042  1.00000
1.100000000e+00  0.00000  1.00000  0.99829  0.74910  0.00000  0.00000  0.98111  1.00000
1.110000000e+00  0.00000  1.00000  1.00000  0.47044  0.00000  0.00000  0.98178  1.00000
1.120000000e+00  0.00000  1.00000  0.97627  0.06752  0.00000  0.00000  0.98241  1.00000
1.130000000e+00  0.00000  1.00000  0.99654  0.01526  0.00000  0.00000  0.98302  1.00000
1.140000000e+00  0.00000  1.00000  0.99255  0.15867  0.00000  0.00000  0.98361  1.00000
1.150000000e+00  0.00000  1.00000  0.99779  0.07885  0.00000  0.00000  0.98416  1.00000
1.160000000e+00  0.00000  1.00000  0.99753  0.27653  0.00000  0.00000  0.98470  1.00000
1.170000000e+00  0.00000  1.00000  0.99992  0.54644  0.00000  0.00000  0.98521  1.00000
1.180000000e+00  0.00000  1.00000  0.99951  0.70142  0.00000  0.00000  0.98570  1.00000
1.190000000e+00  0.00000  1.00000  0.99995  0.63856  0.00000  0.00000  0.98617  1.00000
1.200000000e+00  0.00000  1.00000  0.99981  0.66620  0.00000  0.00000  0.98663  1.00000
1.210000000e+00  0.00000  1.00000  0.08617  0.78055  0.00000  0.00000  0.98706  1.00000
1.220000000e+00  0.00000  1.00000  0.56738  0.84624  0.00000  0.00000  0.98748  1.00000
1.230000000e+00  0.00000  1.00000  0.39072  0.88580  0.00000  0.00000  0.98788  1.00000
1.240000000e+00  0.00000  1.00000  0.83784  0.98030  0.00000  0.00000  0.98826  1.00000
1.250000000e+00  0.00000  1.00000  0.98850  0.99632  0.00000  0.00000  0.98863  1.00000
1.260000000e+00  0.00000  1.00000  0.95780  0.99650  0.00000  0.00000  0.98898  1.00000
1.270000000e+00  0.00000  1.00000  0.95951  0.98927  0.00000  0.00000  0.98933  1.00000
1.280000000e+00  0.00000  1.00000  0.99902  0.97666  0.00000  0.00000  0.98965  1.00000
1.290000000e+00  0.00000  1.00000  0.88096  0.93617  0.00000  0.00000  0.98997  1.00000
1.300000000e+00  0.00000  1.00000  0.82880  0.83413  0.00000  0.00000  0.99027  1.00000
1.310000000e+00  0.00000  1.00000  0.99204  0.71341  0.00000  0.00000  0.99056  1.00000
1.320000000e+00  0.00000  1.00000  0.41648  0.54163  0.00000  0.00000  0.99085  1.00000
1.330000000e+00  0.00000  1.00000  0.96748  0.39186  0.00000  0.00000  0.99112  1.00000
1.340000000e+00  0.00000  1.00000  0.56947  0.23956  0.00000  0.00000  0.99138  1.00000
1.350000000e+00  0.00000  1.00000  0.85163  0.01497  0.00000  0.00000  0.99163  1.00000
1.360000000e+00  0.00000  1.00000  0.98749  0.00000  0.00000  0.00000  0.99187  1.00000
1.370000000e+00  0.00000  1.00000  0.96989  0.00000  0.00000  0.00000  0.99211  1.00000
1.380000000e+00  0.00000  1.00000  0.96144  0.00000  0.00000  0.00000  0.99233  1.00000
1.390000000e+00  0.00000  1.00000  0.99279  0.00000  0.00000  0.00000  0.99255  1.00000
1.400000000e+00  0.00000  1.00000  0.99612  0.00001  0.00000  0.00000  0.99276  1.00000
1.410000000e+00  0.00000  1.00000  0.99980  0.00000  0.00000  0.00000  0.99296  1.00000
1.420000000e+00  0.00000  1.00000  0.99942  0.00143  0.00000  0.00000  0.99316  1.00000
1.430000000e+00  0.00000  1.00000  0.68610  0.00414  0.00000  0.00000  0.99335  1.00000
1.440000000e+00  0.00000  1.00000  0.00000  0.00459  0.00000  0.00000  0.99353  1.00000
1.450000000e+00  0.00000  1.00000  0.01217  0.03186  0.00000  0.00000  0.99370  1.00000
1.460000000e+00  0.00000  1.00000  0.63055  0.11258  0.00000  0.00000  0.99387  1.00000
1.470000000e+00  0.00000  1.00000  0.97349  0.03609  0.00000  0.00000  0.99404  1.00000
1.480000000e+00  0.00000  1.00000  0.41442  0.08912  0.00000  0.00000  0.99420  1.00000
1.490000000e+00  0.00000  1.00000  0.74678  0.08912  0.00000  0.00000  0.99435  1.00000
1.500000000e+00  0.00000  1.00000  0.55753  0.40934  0.00000  0.00000  0.99450  1.00000
1.510000000e+00  0.00000  1.00000  0.98129  0.56318  0.00000  0.00000  0.99464  1.00000
1.520000000e+00  0.00000  1.00000  0.98590  0.73967  0.00000  0.00000  0.99478  1.00000
1.530000000e+00  0.00000  1.00000  0.32267  0.82083  0.00000  0.00000  0.99492  1.00000
1.540000000e+00  0.00000  1.00000  0.13561  0.93461  0.00000  0.00000  0.99505  1.00000
1.550000000e+00  0.00000  1.00000  0.64809  0.96551  0.00000  0.00000  0.99517  1.00000
1.560000000e+00  0.00000  1.00000  0.93822  0.99037  0.00000  0.00000  0.99530  1.00000
1.570000000e+00  0.00000  1.00000  0.30341  0.98175  0.00000  0.00000  0.99541  1.00000
1.580000000e+00  0.00000  1.00000  0.00020  0.98542  0.00000  0.00000  0.99553  1.00000
1.590000000e+00  0.00000  1.00000  0.33722  0.98676  0.00000  0.00000  0.99564  1.00000
1.600000000e+00  0.00000  1.00000  0.21418  0.97974  0.00000  0.00000  0.99575  1.00000
1.610000000e+00  0.00000  1.00000  0.00216  0.99253  0.00000  0.00000  0.99585  1.00000
1.620000000e+00  0.00000  1.00000  0.01789  0.99261  0.00000  0.00000  0.99595  1.00000
1.630000000e+00  0.00000  1.00000  0.39012  0.99744  0.00000  0.00000  0.99605  1.00000
1.640000000e+00  0.00000  1.00000  0.30687  0.99225  0.00000  0.00000  0.99615  1.00000
1.650000000e+00  0.00000  1.00000  0.23345  0.97916  0.00000  0.00000  0.99624  1.00000
1.660000000e+00  0.00000  1.00000  0.38993  0.97649  0.00000  0.00000  0.99633  1.00000
1.670000000e+00  0.00000  1.00000  0.56012  0.97756  0.00000  0.00000  0.99642  1.00000
1.680000000e+00  0.00000  1.00000  0.80003  0.96540  0.00000  0.00000  0.99650  1.00000
1.690000000e+00  0.00000  1.00000  0.93727  0.97153  0.00000  0.00000  0.99658  1.00000
1.700000000e+00  0.00000  1.00000  0.98467  0.89793  0.00000  0.00000  0.99666  1.00000
1.710000000e+00  0.00000  1.00000  0.92875  0.89679  0.00000  0.00000  0.99674  1.00000
1.720000000e+00  0.00000  1.00000  0.96309  0.91569  0.00000  0.00000  0.99681  1.00000
1.730000000e+00  0.00000  1.00000  0.99257  0.86426  0.00000  0.00000  0.99689  1.00000
1.740000000e+00  0.00000  1.00000  0.99936  0.75364  0.00000  0.00000  0.99696  1.00000
1.750000000e+00  0.00000  1.00000  0.99894  0.68720  0.00000  0.00000  0.99703  1.00000
1.760000000e+00  0.00000  1.00000  0.89536  0.69751  0.00000  0.00000  0.99709  1.00000
1.770000000e+00  0.00000  1.00000  0.95745  0.52766  0.00000  0.00000  0.99716  1.00000
1.780000000e+00  0.00000  1.00000  0.99496  0.35230  0.00000  0.00000  0.99722  1.00000
1.790000000e+00  0.00000  1.00000  0.87997  0.20546  0.00000  0.00000  0.99728  1.00000
1.800000000e+00  0.00000  1.00000  0.94942  0.08499  0.00000  0.00000  0.99734  1.00000
1.810000000e+00  0.00000  1.00000  0.98709  0.00941  0.00000  0.00000  0.99740  1.00000
1.820000000e+00  0.00000  1.00000  0.99543  0.00050  0.00000  0.00000  0.99746  1.00000
1.830000000e+00  0.00000  1.00000  0.99924  0.00001  0.00000  0.00000  0.99751  1.00000
1.840000000e+00  0.00000  1.00000  0.99971  0.00000  0.00000  0.00000  0.99757  1.00000
1.850000000e+00  0.00000  1.00000  0.99751  0.00000  0.00000  0.00000  0.99762  1.00000
1.860000000e+00  0.00000  1.00000  0.99708  0.00000  0.00000  0.00000  0.99767  1.00000
1.870000000e+00  0.00000  1.00000  0.97866  0.00000  0.00000  0.00000  0.99772  1.00000
1.880000000e+00  0.00000  1.00000  0.10670  0.00000  0.00000  0.00000  0.99777  1.00000
1.890000000e+00  0.00000  1.00000  0.12417  0.00000  0.00000  0.00000  0.99781  1.00000
1.900000000e+00  0.00000  1.00000  0.51454  0.00001  0.00000  0.00000  0.99786  1.00000
1.910000000e+00  0.00000  1.00000  0.64259  0.00000  0.00000  0.00000  0.99790  1.00000
1.920000000e+00  0.00000  1.00000  0.86103  0.00000  0.00000  0.00000  0.99795  1.00000
1.930000000e+00  0.00000  1.00000  0.83947  0.00001  0.00000  0.00000  0.99799  1.00000
1.940000000e+00  0.00000  1.00000  0.18740  0.00031  0.00000  0.00000  0.99803  1.00000
1.950000000e+00  0.00000  1.00000  0.00000  0.00572  0.00000  0.00000  0.99807  1.00000
1.960000000e+00  0.00000  1.00000  0.00000  0.01680  0.00000  0.00000  0.99811  1.00000
1.970000000e+00  0.00000  1.00000  0.00000  0.22530  0.00000  0.00000  0.99815  1.00000
1.980000000e+00  0.00000  1.00000  0.00000  0.34820  0.00000  0.00000  0.99818  1.00000
1.990000000e+00  0.00000  1.00000  0.00400  0.41153  0.00000  0.00000  0.99822  1.00000
2.000000000e+00  0.00000  1.00000  0.00000  0.54266  0.00000  0.00000  0.99826  1.00000
2.010000000e+00  0.00000  1.00000  0.00000  0.44091  0.00000  0.00000  0.99829  1.00000
2.020000000e+00  0.00000  1.00000  0.00000  0.59341  0.00000  0.00000  0.99832  1.00000
2.030000000e+00  0.00000  1.00000  0.00000  0.81110  0.00000  0.00000  0.99836  1.00000
2.040000000e+00  0.00000  1.00000  0.00000  0.84059  0.00000  0.00000  0.99839  1.00000
2.050000000e+00  0.00000  1.00000  0.00000  0.92404  0.00000  0.00000  0.99842  1.00000
2.060000000e+00  0.00000  1.00000  0.00000  0.84487  0.00000  0.00000  0.99845  1.00000
2.070000000e+00  0.00000  1.00000  0.00000  0.87364  0.00000  0.00000  0.99848  1.00000
2.080000000e+00  0.00000  1.00000  0.00000  0.91676  0.00000  0.00000  0.99851  1.00000
2.090000000e+00  0.00000  1.00000  0.00000  0.91488  0.00000  0.00000  0.99854  1.00000
2.100000000e+00  0.00000  1.00000  0.00004  0.94864  0.00000  0.00000  0.99856  1.00000
2.110000000e+00  0.00000  1.00000  0.01820  0.95912  0.00000  0.00000  0.99859  1.00000
2.120000000e+00  0.00000  1.00000  0.06597  0.89451  0.00000  0.00000  0.99862  1.00000
2.130000000e+00  0.00000  1.00000  0.43615  0.85380  0.00000  0.00000  0.99864  1.00000
2.140000000e+00  0.00000  1.00000  0.63031  0.96472  0.00000  0.00000  0.99867  1.00000
2.150000000e+00  0.00000  1.00000  0.27464  0.98316  0.00000  0.00000  0.99869  1.00000
2.160000000e+00  0.00000  1.00000  0.34524  0.93573  0.00000  0.00000  0.99872  1.00000
2.170000000e+00  0.00000  1.00000  0.22860  0.86815  0.00000  0.00000  0.99874  1.00000
2.180000000e+00  0.00000  1.00000  0.53923  0.89076  0.00000  0.00000  0.99876  1.00000
2.190000000e+00  0.00000  1.00000  0.82997  0.77167  0.00000  0.00000  0.99879  1.00000
2.200000000e+00  0.00000  1.00000  0.88536  0.85826  0.00000  0.00000  0.99881  1.00000
2.210000000e+00  0.00000  1.00000  0.96443  0.89881  0.00000  0.00000  0.99883  1.00000
2.220000000e+00  0.00000  1.00000  0.95047  0.92255  0.00000  0.00000  0.99885  1.00000
2.230000000e+00  0.00000  1.00000  0.95408  0.94775  0.00000  0.00000  0.99887  1.00000
2.240000000e+00  0.00000  1.00000  0.98683  0.97538  0.00000  0.00000  0.99889  1.00000
2.250000000e+00  0.00000  1.00000  0.97804  0.97920  0.00000  0.00000  0.99891  1.00000
2.260000000e+00  0.00000  1.00000  0.94823  0.99196  0.00000  0.00000  0.99893  1.00000
2.270000000e+00  0.00000  1.00000  0.98750  0.98301  0.00000  0.00000  0.99895  1.00000
2.280000000e+00  0.00000  1.00000  0.97356  0.99683  0.00000  0.00000  0.99897  1.00000
2.290000000e+00  0.00000  1.00000  0.99184  0.98399  0.00000  0.00000  0.99898  1.00000
2.300000000e+00  0.00000  1.00000  0.99598  0.90837  0.00000  0.00000  0.99900  1.00000
2.310000000e+00  0.00000  1.00000  0.99744  0.96983  0.00000  0.00000  0.99902  1.00000
2.320000000e+00  0.00000  1.00000  0.99903  0.92464  0.00000  0.00000  0.99904  1.00000
2.330000000e+00  0.00000  1.00000  0.99988  0.91767  0.00000  0.00000  0.99905  1.00000
2.340000000e+00  0.00000  1.00000  0.99989  0.93488  0.00000  0.00000  0.99907  1.00000
2.350000000e+00  0.00000  1.00000  0.99987  0.83096  0.00000  0.00000  0.99908  1.00000
2.360000000e+00  0.00000  1.00000  0.99967  0.69884  0.00000  0.00000  0.99910  1.00000
2.370000000e+00  0.00000  1.00000  0.99821  0.71925  0.00000  0.00000  0.99911  1.00000
2.380000000e+00  0.00000  1.00000  0.99714  0.53177  0.00000  0.00000  0.99913  1.00000
2.390000000e+00  0.00000  1.00000  0.99067  0.41576  0.00000  0.00000  0.99914  1.00000
2.400000000e+00  0.00000  1.00000  0.98878  0.51075  0.00000  0.00000  0.99916  1.00000
2.410000000e+00  0.00000  1.00000  0.98700  0.33601  0.00000  0.00000  0.99917  1.00000
2.420000000e+00  0.00000  1.00000  0.99684  0.15253  0.00000  0.00000  0.99919  1.00000
2.430000000e+00  0.00000  1.00000  0.99991  0.34826  0.00000  0.00000  0.99920  1.00000
2.440000000e+00  0.00000  1.00000  0.99986  0.07205  0.00000  0.00000  0.99921  1.00000
2.450000000e+00  0.00000  1.00000  0.99965  0.13367  0.00000  0.00000  0.99922  1.00000
2.460000000e+00  0.00000  1.00000  0.99948  0.21725  0.00000  0.00000  0.99924  1.00000
2.470000000e+00  0.00000  1.00000  0.99226  0.18489  0.00000  0.00000  0.99925  1.00000
2.480000000e+00  0.00000  1.00000  0.96948  0.08621  0.00000  0.00000  0.99926  1.00000
2.490000000e+00  0.00000  1.00000  0.31718  0.00349  0.00000  0.00000  0.99927  1.00000
2.500000000e+00  0.00000  1.00000  0.73493  0.00330  0.00000  0.00000  0.99928  1.00000
2.510000000e+00  0.00000  1.00000  0.70307  0.00088  0.00000  0.00000  0.99930  1.00000
2.520000000e+00  0.00000  1.00000  0.68071  0.00020  0.00000  0.00000  0.99931  1.00000
2.530000000e+00  0.00000  1.00000  0.83624  0.00000  0.00000  0.00000  0.99932  1.00000
2.540000000e+00  0.00000  1.00000  0.89865  0.00000  0.00000  0.00000  0.99933  1.00000
2.550000000e+00  0.00000  1.00000  0.97447  0.00000  0.00000  0.00000  0.99934  1.00000
2.560000000e+00  0.00000  1.00000  0.94333  0.00000  0.00000  0.00000  0.99935  1.00000
2.570000000e+00  0.00000  1.00000  0.96616  0.00000  0.00000  0.00000  0.99936  1.00000
2.580000000e+00  0.00000  1.00000  0.78596  0.00000  0.00000  0.00000  0.99937  1.00000
2.590000000e+00  0.00000  1.00000  0.53912  0.00000  0.00000  0.00000  0.99938  1.00000
2.600000000e+00  0.00000  1.00000  0.64261  0.00000  0.00000  0.00000  0.99939  1.00000
2.610000000e+00  0.00000  1.00000  0.17935  0.00000  0.00000  0.00000  0.99940  1.00000
2.620000000e+00  0.00000  1.00000  0.06774  0.00000  0.00000  0.00000  0.99941  1.00000
2.630000000e+00  0.00000  1.00000  0.24256  0.00000  0.00000  0.00000  0.99942  1.00000
2.640000000e+00  0.00000  1.00000  0.20380  0.00000  0.00000  0.00000  0.99942  1.00000
2.650000000e+00  0.00000  1.00000  0.36647  0.00000  0.00000  0.00000  0.99943  1.00000
2.660000000e+00  0.00000  1.00000  0.00059  0.00000  0.00000  0.00000  0.99944  1.00000
2.670000000e+00  0.00000  1.00000  0.00000  0.00000  0.00000  0.00000  0.99945  1.00000
2.680000000e+00  0.00000  1.00000  0.00000  0.00000  0.00000  0.00000  0.99946  1.00000
2.690000000e+00  0.00000  1.00000  0.00000  0.00000  0.00000  0.00000  0.99947  1.00000
2.700000000e+00  0.00000  1.00000  0.00000  0.00000  0.00000  0.00000  0.99947  1.00000
2.710000000e+00  0.00000  1.00000  0.00000  0.00000  0.00000  0.00000  0.99948  1.00000
2.720000000e+00  0.00000  1.00000  0.00000  0.00000  0.00000  0.00000  0.99949  1.00000
2.730000000e+00  0.00000  1.00000  0.00000  0.00000  0.00000  0.00000  0.99950  1.00000
2.740000000e+00  0.00000  1.00000  0.00000  0.00000  0.00000  0.00000  0.99950  1.00000
2.750000000e+00  0.00000  1.00000  0.00000  0.00000  0.00000  0.00000  0.99951  1.00000
2.760000000e+00  0.00000  1.00000  0.00000  0.00000  0.00000  0.00000  0.99952  1.00000
2.770000000e+00  0.00000  1.00000  0.00000  0.00000  0.00000  0.00000  0.99952  1.00000
2.780000000e+00  0.00000  1.00000  0.00000  0.00000  0.00000  0.00000  0.99953  1.00000
2.790000000e+00  0.00000  1.00000  0.00000  0.00000  0.00000  0.00000  0.99954  1.00000
2.800000000e+00  0.00000  1.00000  0.00000  0.00000  0.00000  0.00000  0.99954  1.00000
2.810000000e+00  0.00000  1.00000  0.00000  0.00000  0.00000  0.00000  0.99955  1.00000
2.820000000e+00  0.00000  1.00000  0.00000  0.00000  0.00000  0.00000  0.99956  1.00000
2.830000000e+00  0.00000  1.00000  0.00000  0.00000  0.00000  0.00000  0.99956  1.00000
2.840000000e+00  0.00000  1.00000  0.00000  0.00000  0.00000  0.00000  0.99957  1.00000
2.850000000e+00  0.00000  1.00000  0.00000  0.00000  0.00000  0.00000  0.99958  1.00000
2.860000000e+00  0.00000  1.00000  0.00000  0.00000  0.00000  0.00000  0.99958  1.00000
2.870000000e+00  0.00000  1.00000  0.00000  0.00001  0.00000  0.00000  0.99959  1.00000
2.880000000e+00  0.00000  1.00000  0.00000  0.00003  0.00000  0.00000  0.99959  1.00000
2.890000000e+00  0.00000  1.00000  0.00002  0.00002  0.00000  0.00000  0.99960  1.00000
2.900000000e+00  0.00000  1.00000  0.00387  0.00255  0.00000  0.00000  0.99960  1.00000
2.910000000e+00  0.00000  1.00000  0.07950  0.00074  0.00000  0.00000  0.99961  1.00000
2.920000000e+00  0.00000  1.00000  0.34165  0.00106  0.00000  0.00000  0.99962  1.00000
2.930000000e+00  0.00000  1.00000  0.55290  0.00652  0.00000  0.00000  0.99962  1.00000
2.940000000e+00  0.00000  1.00000  0.68462  0.03160  0.00000  0.00000  0.99963  1.00000
2.950000000e+00  0.00000  1.00000  0.81922  0.00075  0.00000  0.00000  0.99963  1.00000
2.960000000e+00  0.00000  1.00000  0.41587  0.00902  0.00000  0.00000  0.99964  1.00000
2.970000000e+00  0.00000  1.00000  0.05068  0.03151  0.00000  0.00000  0.99964  1.00000
2.980000000e+00  0.00000  1.00000  0.00373  0.00004  0.00000  0.00000  0.99965  1.00000
2.990000000e+00  0.00000  1.00000  0.01455  0.04517  0.00000  0.00000  0.99965  1.00000
3.000000000e+00  0.00000  1.00000  0.28534  0.07429  0.00000  0.00000  0.99965  1.00000
3.010000000e+00  0.00000  1.00000  0.30117  0.05232  0.00000  0.00000  0.99966  1.00000
3.020000000e+00  0.00000  1.00000  0.05643  0.03663  0.00000  0.00000  0.99966  1.00000
3.030000000e+00  0.00000  1.00000  0.11387  0.03193  0.00000  0.00000  0.99967  1.00000
3.040000000e+00  0.00000  1.00000  0.31435  0.00474  0.00000  0.00000  0.99967  1.00000
3.050000000e+00  0.00000  1.00000  0.63406  0.00598  0.00000  0.00000  0.99968  1.00000
3.060000000e+00  0.00000  1.00000  0.68595  0.01197  0.00000  0.00000  0.99968  1.00000
3.070000000e+00  0.00000  1.00000  0.83501  0.00582  0.00000  0.00000  0.99968  1.00000
3.080000000e+00  0.00000  1.00000  0.87073  0.02412  0.00000  0.00000  0.99969  1.00000
3.090000000e+00  0.00000  1.00000  0.92973  0.00049  0.00000  0.00000  0.99969  1.00000
3.100000000e+00  0.00000  1.00000  0.89648  0.00046  0.00000  0.00000  0.99970  1.00000
3.110000000e+00  0.00000  1.00000  0.71673  0.00875  0.00000  0.00000  0.99970  1.00000
3.120000000e+00  0.00000  1.00000  0.49204  0.00126  0.00000  0.00000  0.99970  1.00000
3.130000000e+00  0.00000  1.00000  0.39861  0.05461  0.00000  0.00000  0.99971  1.00000
3.140000000e+00  0.00000  1.00000  0.55727  0.12845  0.00000  0.00000  0.99971  1.00000
3.150000000e+00  0.00000  1.00000  0.75821  0.02344  0.00000  0.00000  0.99972  1.00000
3.160000000e+00  0.00000  1.00000  0.60700  0.09363  0.00000  0.00000  0.99972  1.00000
3.170000000e+00  0.00000  1.00000  0.43568  0.63131  0.00000  0.00000  0.99972  1.00000
3.180000000e+00  0.00000  1.00000  0.49898  0.47761  0.00000  0.00000  0.99973  1.00000
3.190000000e+00  0.00000  1.00000  0.66783  0.19806  0.00000  0.00000  0.99973  1.00000
3.200000000e+00  0.00000  1.00000  0.83336  0.04408  0.00000  0.00000  0.99973  1.00000
3.210000000e+00  0.00000  1.00000  0.93355  0.00001  0.00000  0.00000  0.99974  1.00000
3.220000000e+00  0.00000  1.00000  0.91092  0.00007  0.00000  0.00000  0.99974  1.00000
3.230000000e+00  0.00000  1.00000  0.90402  0.00157  0.00000  0.00000  0.99974  1.00000
3.240000000e+00  0.00000  1.00000  0.94953  0.10325  0.00000  0.00000  0.99975  1.00000
3.250000000e+00  0.00000  1.00000  0.98770  0.03302  0.00000  0.00000  0.99975  1.00000
3.260000000e+00  0.00000  1.00000  0.99652  0.25684  0.00000  0.00000  0.99975  1.00000
3.270000000e+00  0.00000  1.00000  0.99612  0.01438  0.00000  0.00000  0.99975  1.00000
3.280000000e+00  0.00000  1.00000  0.99674  0.04483  0.00000  0.00000  0.99976  1.00000
3.290000000e+00  0.00000  1.00000  0.99851  0.26498  0.00000  0.00000  0.99976  1.00000
3.300000000e+00  0.00000  1.00000  0.99935  0.12267  0.00000  0.00000  0.99976  1.00000
3.310000000e+00  0.00000  1.00000  0.99948  0.01283  0.00000  0.00000  0.99977  1.00000
3.320000000e+00  0.00000  1.00000  0.99900  0.16972  0.00000  0.00000  0.99977  1.00000
3.330000000e+00  0.00000  1.00000  0.99373  0.05048  0.00000  0.00000  0.99977  1.00000
3.340000000e+00  0.00000  1.00000  0.97875  0.33256  0.00000  0.00000  0.99977  0.99985
3.350000000e+00  0.00000  1.00000  0.96613  0.11188  0.00000  0.00000  0.99978  0.99979
3.360000000e+00  0.00000  1.00000  0.86176  0.11301  0.00000  0.00000  0.99978  0.99985
3.370000000e+00  0.00000  1.00000  0.96007  0.16047  0.00000  0.00000  0.99978  0.99974
3.380000000e+00  0.00000  1.00000  0.97143  0.26966  0.00000  0.00000  0.99979  0.99990
3.390000000e+00  0.00000  1.00000  0.98468  0.41194  0.00000  0.00000  0.99979  0.99987
3.400000000e+00  0.00000  1.00000  0.99442  0.62408  0.00000  0.00000  0.99979  0.99994
3.410000000e+00  0.00000  1.00000  0.99795  0.46971  0.00000  0.00000  0.99979  0.99995
3.420000000e+00  0.00000  1.00000  0.99930  0.59694  0.00000  0.00000  0.99979  1.00000
3.430000000e+00  0.00000  1.00000  0.99911  0.85936  0.00000  0.00000  0.99980  0.99992
3.440000000e+00  0.00000  1.00000  0.99932  0.74368  0.00000  0.00000  0.99980  0.99987
3.450000000e+00  0.00000  1.00000  0.99654  0.74910  0.00000  0.00000  0.99980  0.99971
3.460000000e+00  0.00000  1.00000  0.99740  0.69851  0.00000  0.00000  0.99980  0.99989
3.470000000e+00  0.00000  1.00000  0.99906  0.84397  0.00000  0.00000  0.99981  0.99975
3.480000000e+00  0.00000  1.00000  0.99934  0.79256  0.00000  0.00000  0.99981  0.99983
3.490000000e+00  0.00000  1.00000  0.99957  0.83337  0.00000  0.00000  0.99981  0.99983
3.500000000e+00  0.00000  1.00000  0.99959  0.79930  0.00000  0.00000  0.99981  0.99990
3.510000000e+00  0.00000  1.00000  0.99928  0.81810  0.00000  0.00000  0.99982  0.99997
3.520000000e+00  0.00000  1.00000  0.99809  0.74696  0.00000  0.00000  0.99982  0.99996
3.530000000e+00  0.00000  1.00000  0.99499  0.71141  0.00000  0.00000  0.99982  0.99994
3.540000000e+00  0.00000  1.00000  0.98888  0.69070  0.00000  0.00000  0.99982  0.99989
3.550000000e+00  0.00000  1.00000  0.97632  0.65120  0.00000  0.00000  0.99982  0.99991
3.560000000e+00  0.00000  1.00000  0.94849  0.53420  0.00000  0.00000  0.99983  0.99966
3.570000000e+00  0.00000  1.00000  0.90669  0.68160  0.00000  0.00000  0.99983  0.99966
3.580000000e+00  0.00000  1.00000  0.87552  0.61264  0.00000  0.00000  0.99983  0.99937
3.590000000e+00  0.00000  1.00000  0.82056  0.72049  0.00000  0.00000  0.99983  0.99936
3.600000000e+00  0.00000  1.00000  0.67000  0.61215  0.00000  0.00000  0.99983  0.99943
3.610000000e+00  0.00000  1.00000  0.54054  0.81363  0.00000  0.00000  0.99983  0.99946
3.620000000e+00  0.00000  1.00000  0.48901  0.64862  0.00000  0.00000  0.99984  0.99931
3.630000000e+00  0.00000  1.00000  0.68119  0.80166  0.00000  0.00000  0.99984  0.99916
3.640000000e+00  0.00000  1.00000  0.64099  0.69687  0.00000  0.00000  0.99984  0.99891
3.650000000e+00  0.00000  1.00000  0.51603  0.91478  0.00000  0.00000  0.99984  0.99873
3.660000000e+00  0.00000  1.00000  0.61909  0.75171  0.00000  0.00000  0.99984  0.99862
3.670000000e+00  0.00000  1.00000  0.80776  0.76184  0.00000  0.00000  0.99985  0.99848
3.680000000e+00  0.00000  1.00000  0.93362  0.36575  0.00000  0.00000  0.99985  0.99824
3.690000000e+00  0.00000  1.00000  0.96887  0.50924  0.00000  0.00000  0.99985  0.99787
3.700000000e+00  0.00000  1.00000  0.97980  0.74874  0.00000  0.00000  0.99985  0.99760
3.710000000e+00  0.00000  1.00000  0.98902  0.89804  0.00000  0.00000  0.99985  0.99612
3.720000000e+00  0.00000  1.00000  0.97954  0.67860  0.00000  0.00000  0.99985  0.99510
3.730000000e+00  0.00000  1.00000  0.97823  0.82375  0.00000  0.00000  0.99985  0.99462
3.740000000e+00  0.00000  1.00000  0.97746  0.68551  0.00000  0.00000  0.99986  0.99402
3.750000000e+00  0.00000  1.00000  0.94046  0.78208  0.00000  0.00000  0.99986  0.99323
3.760000000e+00  0.00000  1.00000  0.84576  0.73382  0.00000  0.00000  0.99986  0.99231
3.770000000e+00  0.00000  1.00000  0.72157  0.67644  0.00000  0.00000  0.99986  0.99133
3.780000000e+00  0.00000  1.00000  0.54858  0.69690  0.00000  0.00000  0.99986  0.99000
3.790000000e+00  0.00000  1.00000  0.37572  0.75406  0.00000  0.00000  0.99986  0.98839
3.800000000e+00  0.00000  1.00000  0.14899  0.70005  0.00000  0.00000  0.99987  0.98670
3.810000000e+00  0.00000  1.00000  0.04058  0.86724  0.00000  0.00000  0.99987  0.98471
3.820000000e+00  0.00000  1.00000  0.06393  0.66738  0.00000  0.00000  0.99987  0.98260
3.830000000e+00  0.00000  1.00000  0.26184  0.84929  0.00000  0.00000  0.99987  0.98020
3.840000000e+00  0.00000  1.00000  0.12924  0.72697  0.00000  0.00000  0.99987  0.97738
3.850000000e+00  0.00000  1.00000  0.06718  0.85801  0.00000  0.00000  0.99987  0.97406
3.860000000e+00  0.00000  1.00000  0.12133  0.82939  0.00000  0.00000  0.99987  0.97030
3.870000000e+00  0.00000  1.00000  0.28980  0.87281  0.00000  0.00000  0.99987  0.96614
3.880000000e+00  0.00000  1.00000  0.53550  0.86813  0.00000  0.00000  0.99988  0.96138
3.890000000e+00  0.00000  1.00000  0.75534  0.89828  0.00000  0.00000  0.99988  0.95589
3.900000000e+00  0.00000  1.00000  0.90334  0.93392  0.00000  0.00000  0.99988  0.94973
3.910000000e+00  0.00000  1.00000  0.95961  0.88551  0.00000  0.00000  0.99988  0.94273
3.920000000e+00  0.00000  1.00000  0.96426  0.97391  0.00000  0.00000  0.99988  0.93458
3.930000000e+00  0.00000  1.00000  0.92676  0.94347  0.00000  0.00000  0.99988  0.92522
3.940000000e+00  0.00000  1.00000  0.84395  0.97528  0.00000  0.00000  0.99988  0.91442
3.950000000e+00  0.00000  1.00000  0.71843  0.97884  0.00000  0.00000  0.99988  0.90220
3.960000000e+00  0.00000  1.00000  0.50270  0.96504  0.00000  0.00000  0.99989  0.88777
3.970000000e+00  0.00000  1.00000  0.33208  0.99024  0.00000  0.00000  0.99989  0.87129
3.980000000e+00  0.00000  1.00000  0.18160  0.97829  0.00000  0.00000  0.99989  0.85295
3.990000000e+00  0.00000  1.00000  0.13231  0.99304  0.00000  0.00000  0.99989  0.83205
4.000000000e+00  0.00000  1.00000  0.30924  0.99066  0.00000  0.00000  0.99989  0.80824
4.010000000e+00  0.00000  1.00000  0.38185  0.99058  0.00000  0.00000  0.99989  0.78219
4.020000000e+00  0.00000  1.00000  0.17073  0.99743  0.00000  0.00000  0.99989  0.75393
4.030000000e+00  0.00000  1.00000  0.14849  0.99070  0.00000  0.00000  0.99989  0.72408
4.040000000e+00  0.00000  1.00000  0.20572  0.99521  0.00000  0.00000  0.99989  0.69275
4.050000000e+00  0.00000  1.00000  0.34343  0.99570  0.00000  0.00000  0.99990  0.65974
4.060000000e+00  0.00000  1.00000  0.51172  0.99464  0.00000  0.00000  0.99990  0.62666
4.070000000e+00  0.00000  1.00000  0.56424  0.99444  0.00000  0.00000  0.99990  0.59347
4.080000000e+00  0.00000  1.00000  0.27394  0.99737  0.00000  0.00000  0.99990  0.56194
4.090000000e+00  0.00000  1.00000  0.08338  0.99711  0.00000  0.00000  0.99990  0.53254
4.100000000e+00  0.00000  1.00000  0.03671  0.99743  0.00000  0.00000  0.99990  0.50519
4.110000000e+00  0.00000  1.00000  0.04746  0.99072  0.00000  0.00000  0.99990  0.48089
4.120000000e+00  0.00000  1.00000  0.20735  0.99744  0.00000  0.00000  0.99990  0.46004
4.130000000e+00  0.00000  1.00000  0.25682  0.99370  0.00000  0.00000  0.99990  0.44266
4.140000000e+00  0.00000  1.00000  0.11261  0.99581  0.00000  0.00000  0.99990  0.42898
4.150000000e+00  0.00000  1.00000  0.04646  0.99867  0.00000  0.00000  0.99990  0.41880
4.160000000e+00  0.00000  1.00000  0.00020  0.99282  0.00000  0.00000  0.99991  0.41256
4.170000000e+00  0.00000  1.00000  0.00000  0.99571  0.00000  0.00000  0.99991  0.40909
4.180000000e+00  0.00000  1.00000  0.00000  0.99493  0.00000  0.00000  0.99991  0.41044
4.190000000e+00  0.00000  1.00000  0.00000  0.99489  0.00000  0.00000  0.99991  0.41257
4.200000000e+00  0.00000  1.00000  0.00000  0.99429  0.00000  0.00000  0.99991  0.41782
4.210000000e+00  0.00000  1.00000  0.00000  0.99114  0.00000  0.00000  0.99991  0.42096
4.220000000e+00  0.00000  1.00000  0.00000  0.99146  0.00000  0.00000  0.99991  0.42175
4.230000000e+00  0.00000  1.00000  0.00000  0.99063  0.00000  0.00000  0.99991  0.41900
4.240000000e+00  0.00000  1.00000  0.00000  0.99294  0.00000  0.00000  0.99991  0.41073
4.250000000e+00  0.00000  1.00000  0.00000  0.98243  0.00000  0.00000  0.99991  0.39526
4.260000000e+00  0.00000  1.00000  0.00000  0.97808  0.00000  0.00000  0.99991  0.36629
4.270000000e+00  0.00000  1.00000  0.00000  0.99235  0.00000  0.00000  0.99992  0.32346
4.280000000e+00  0.00000  1.00000  0.00000  0.96863  0.00000  0.00000  0.99992  0.29405
4.290000000e+00  0.00000  1.00000  0.00000  0.96387  0.00000  0.00000  0.99992  0.27615
4.300000000e+00  0.00000  1.00000  0.00000  0.95929  0.00000  0.00000  0.99992  0.28092
4.310000000e+00  0.00000  1.00000  0.00000  0.93108  0.00000  0.00000  0.99992  0.30852
4.320000000e+00  0.00000  1.00000  0.00000  0.94439  0.00000  0.00000  0.99992  0.34840
4.330000000e+00  0.00000  1.00000  0.00000  0.94299  0.00000  0.00000  0.99992  0.40279
4.340000000e+00  0.00000  1.00000  0.00000  0.93149  0.00000  0.00000  0.99992  0.44817
4.350000000e+00  0.00000  1.00000  0.00000  0.92558  0.00000  0.00000  0.99992  0.48266
4.360000000e+00  0.00000  1.00000  0.00000  0.90126  0.00000  0.00000  0.99992  0.50761
4.370000000e+00  0.00000  1.00000  0.00000  0.80575  0.00000  0.00000  0.99992  0.52553
4.380000000e+00  0.00000  1.00000  0.00000  0.93066  0.00000  0.00000  0.99992  0.53896
4.390000000e+00  0.00000  1.00000  0.00000  0.90350  0.00000  0.00000  0.99992  0.55118
4.400000000e+00  0.00000  1.00000  0.00000  0.85713  0.00000  0.00000  0.99992  0.55977
4.410000000e+00  0.00000  1.00000  0.00000  0.72992  0.00000  0.00000  0.99993  0.57094
4.420000000e+00  0.00000  1.00000  0.00000  0.95333  0.00000  0.00000  0.99993  0.58161
4.430000000e+00  0.00000  1.00000  0.00000  0.84010  0.00000  0.00000  0.99993  0.59402
4.440000000e+00  0.00000  1.00000  0.00000  0.67089  0.00000  0.00000  0.99993  0.60733
4.450000000e+00  0.00000  1.00000  0.00000  0.73902  0.00000  0.00000  0.99993  0.62298
4.460000000e+00  0.00000  1.00000  0.00000  0.77051  0.00000  0.00000  0.99993  0.63850
4.470000000e+00  0.00000  1.00000  0.00000  0.79241  0.00000  0.00000  0.99993  0.65743
4.480000000e+00  0.00000  1.00000  0.00000  0.76533  0.00000  0.00000  0.99993  0.67515
4.490000000e+00  0.00000  1.00000  0.00000  0.81485  0.00000  0.00000  0.99993  0.69567
4.500000000e+00  0.00000  1.00000  0.00000  0.84186  0.00000  0.00000  0.99993  0.71464
4.510000000e+00  0.00000  1.00000  0.00000  0.83269  0.00000  0.00000  0.99993  0.73536
4.520000000e+00  0.00000  1.00000  0.00000  0.75519  0.00000  0.00000  0.99993  0.75552
4.530000000e+00  0.00000  1.00000  0.00000  0.62142  0.00000  0.00000  0.99993  0.77521
4.540000000e+00  0.00000  1.00000  0.00002  0.59994  0.00000  0.00000  0.99993  0.79458
4.550000000e+00  0.00000  1.00000  0.00018  0.79290  0.00000  0.00000  0.99993  0.81318
4.560000000e+00  0.00000  1.00000  0.00408  0.88998  0.00000  0.00000  0.99993  0.83098
4.570000000e+00  0.00000  1.00000  0.03019  0.78003  0.00000  0.00000  0.99994  0.84710
4.580000000e+00  0.00000  1.00000  0.10798  0.67334  0.00000  0.00000  0.99994  0.86286
4.590000000e+00  0.00000  1.00000  0.15852  0.74396  0.00000  0.00000  0.99994  0.87723
4.600000000e+00  0.00000  1.00000  0.23585  0.78326  0.00000  0.00000  0.99994  0.89044
4.610000000e+00  0.00000  1.00000  0.29606  0.82295  0.00000  0.00000  0.99994  0.90262
4.620000000e+00  0.00000  1.00000  0.24586  0.77225  0.00000  0.00000  0.99994  0.91374
4.630000000e+00  0.00000  1.00000  0.10927  0.56554  0.00000  0.00000  0.99994  0.92378
4.640000000e+00  0.00000  1.00000  0.08378  0.57475  0.00000  0.00000  0.99994  0.93283
4.650000000e+00  0.00000  1.00000  0.06806  0.59087  0.00000  0.00000  0.99994  0.94100
4.660000000e+00  0.00000  1.00000  0.06821  0.52437  0.00000  0.00000  0.99994  0.94833
4.670000000e+00  0.00000  1.00000  0.07482  0.45280  0.00000  0.00000  0.99994  0.95454
4.680000000e+00  0.00000  1.00000  0.02665  0.46032  0.00000  0.00000  0.99994  0.95966
4.690000000e+00  0.00000  1.00000  0.01160  0.18817  0.00000  0.00000  0.99994  0.96468
4.700000000e+00  0.00000  1.00000  0.00129  0.84198  0.00000  0.00000  0.99994  0.96890
4.710000000e+00  0.00000  1.00000  0.00004  0.73429  0.00000  0.00000  0.99994  0.97248
4.720000000e+00  0.00000  1.00000  0.00002  0.39707  0.00000  0.00000  0.99994  0.97588
4.730000000e+00  0.00000  1.00000  0.00000  0.54762  0.00000  0.00000  0.99994  0.97848
4.740000000e+00  0.00000  1.00000  0.00000  0.38836  0.00000  0.00000  0.99994  0.98128
4.750000000e+00  0.00000  1.00000  0.00000  0.62496  0.00000  0.00000  0.99994  0.98354
4.760000000e+00  0.00000  1.00000  0.00000  0.51218  0.00000  0.00000  0.99994  0.98560
4.770000000e+00  0.00000  1.00000  0.00000  0.52231  0.00000  0.00000  0.99995  0.98737
4.780000000e+00  0.00000  1.00000  0.00000  0.38238  0.00000  0.00000  0.99995  0.98838
4.790000000e+00  0.00000  1.00000  0.00000  0.21687  0.00000  0.00000  0.99995  0.98978
4.800000000e+00  0.00000  1.00000  0.00000  0.26701  0.00000  0.00000  0.99995  0.99148
4.810000000e+00  0.00000  1.00000  0.00000  0.42404  0.00000  0.00000  0.99995  0.99267
4.820000000e+00  0.00000  1.00000  0.00000  0.36288  0.00000  0.00000  0.99995  0.99356
4.830000000e+00  0.00000  1.00000  0.00000  0.20861  0.00000  0.00000  0.99995  0.99455
4.840000000e+00  0.00000  1.00000  0.00000  0.40022  0.00000  0.00000  0.99995  0.99271
4.850000000e+00  0.00000  1.00000  0.00000  0.10330  0.00000  0.00000  0.99995  0.99480
4.860000000e+00  0.00000  1.00000  0.00000  0.06039  0.00000  0.00000  0.99995  0.99637
4.870000000e+00  0.00000  1.00000  0.00000  0.54437  0.00000  0.00000  0.99995  0.99693
4.880000000e+00  0.00000  1.00000  0.00000  0.53834  0.00000  0.00000  0.99995  0.99729
4.890000000e+00  0.00000  1.00000  0.00000  0.47248  0.00000  0.00000  0.99995  0.99714
4.900000000e+00  0.00000  1.00000  0.00000  0.05919  0.00000  0.00000  0.99995  0.99571
4.910000000e+00  0.00000  1.00000  0.00000  0.03141  0.00000  0.00000  0.99995  0.99785
4.920000000e+00  0.00000  1.00000  0.00000  0.22143  0.00000  0.00000  0.99995  0.99819
4.930000000e+00  0.00000  1.00000  0.00000  0.45470  0.00000  0.00000  0.99995  0.99838
4.940000000e+00  0.00000  1.00000  0.00011  0.22210  0.00000  0.00000  0.99995  0.99840
4.950000000e+00  0.00000  1.00000  0.00053  0.05016  0.00000  0.00000  0.99995  0.99725
4.960000000e+00  0.00000  1.00000  0.00127  0.01305  0.00000  0.00000  0.99995  0.99183
4.970000000e+00  0.00000  1.00000  0.01063  0.00542  0.00000  0.00000  0.99995  0.99886
4.980000000e+00  0.00000  1.00000  0.03163  0.11511  0.00000  0.00000  0.99995  0.99896
4.990000000e+00  0.00000  1.00000  0.08105  0.02859  0.00000  0.00000  0.99995  0.99918
5.000000000e+00  0.00000  1.00000  0.07433  0.21394  0.00000  0.00000  0.99995  0.99921
