# ----------------------------------------------------------------------------------------------
# NASA-GSFC Planetary Spectrum Generator (PSG, Villanueva et al. 2015)
# Atmospheric layering information considered by PUMAS
# Synthesized on Tue Nov 21 15:11:44 2017
# Radiative transfer method: correlated-k
# Synthesis spectral resolution [cm-1] and resolving power: 8.913678 5.010e+02
# Scattering parameters (nmax, lmax): 0 0
# ----------------------------------------------------------------------------------------------
# Molecular abundance profile: 
# Molecules considered: N2,CO2,H2O
# Molecular sources: HIT[22],HIT[2],HIT[1]
# Molecular abundances: 1,1,1
# Molecular abundance units: scl,scl,scl
# Collission-Induced-Absorption:  N2-N2(3.33-5.41um)
# Rayleigh scattering included
# ----------------------------------------------------------------------------------------------
# Aerosols considered: WaterIce,Cloud
# Aerosols sources: CRISM_Wolff[reff=2.0um 0.31-99.57um],White_GSFC[reff=1.0um 0.10-1000000.00um]
# Aerosols abundances: 1,1
# Aerosols abundance units: scl,scl
# Aerosols sizes [um]: 154.890272604,14.0
# ----------------------------------------------------------------------------------------------
# Input layer-by-layer atmospheric profile
# Molecular abundances in molec/molec and aerosols in kg/kg
# ----------------------------------------------------------------------------------------------
# Alt[km] Pressure[bar] Temp[K]         N2        CO2        H2O   WaterIce      Cloud
# ----------------------------------------------------------------------------------------------
    0.000   1.407e+00   286.002   7.428e-01  2.971e-01  1.131e-02  2.166e-10  1.419e-04
    0.255   1.365e+00   288.500   7.430e-01  2.972e-01  1.105e-02  1.670e-28  5.763e-05
    0.630   1.306e+00   290.600   7.436e-01  2.974e-01  1.001e-02  2.639e-26  2.646e-05
    1.238   1.216e+00   290.700   7.442e-01  2.977e-01  8.988e-03  3.097e-12  1.838e-05
    2.076   1.101e+00   288.500   7.450e-01  2.980e-01  7.615e-03  1.138e-08  1.863e-05
    3.137   9.700e-01   284.000   7.461e-01  2.984e-01  5.712e-03  1.042e-07  2.129e-05
    4.405   8.312e-01   277.500   7.470e-01  2.988e-01  4.201e-03  5.359e-07  2.926e-05
    5.766   7.014e-01   269.800   7.477e-01  2.991e-01  2.934e-03  1.633e-06  3.602e-05
    7.099   5.910e-01   262.200   7.483e-01  2.993e-01  1.859e-03  4.891e-06  3.545e-05
    8.409   4.971e-01   255.300   7.488e-01  2.995e-01  1.030e-03  8.244e-06  2.049e-05
    9.699   4.174e-01   248.700   7.491e-01  2.996e-01  5.816e-04  7.423e-06  8.701e-06
   10.970   3.496e-01   242.100   7.492e-01  2.997e-01  3.281e-04  4.228e-06  2.171e-06
   12.230   2.919e-01   235.600   7.493e-01  2.997e-01  1.830e-04  2.380e-06  3.968e-07
   13.480   2.429e-01   228.900   7.494e-01  2.998e-01  1.015e-04  1.329e-06  1.141e-09
   14.720   2.013e-01   222.100   7.494e-01  2.998e-01  5.469e-05  1.342e-06  0.000e+00
   15.960   1.659e-01   215.600   7.494e-01  2.998e-01  2.875e-05  1.262e-06  0.000e+00
   17.210   1.358e-01   210.200   7.494e-01  2.998e-01  1.654e-05  1.074e-06  0.000e+00
   18.480   1.102e-01   206.800   7.494e-01  2.998e-01  1.195e-05  8.243e-07  0.000e+00
   19.790   8.872e-02   206.000   7.494e-01  2.998e-01  1.102e-05  1.525e-07  0.000e+00
   20.980   7.287e-02   206.400   7.494e-01  2.998e-01  1.084e-05  1.984e-08  0.000e+00
   22.000   6.152e-02   206.600   7.494e-01  2.998e-01  1.071e-05  1.687e-08  0.000e+00
   23.060   5.168e-02   206.400   7.494e-01  2.998e-01  1.056e-05  1.780e-08  0.000e+00
   24.140   4.319e-02   205.600   7.494e-01  2.998e-01  1.042e-05  2.122e-08  0.000e+00
   25.240   3.592e-02   204.300   7.494e-01  2.998e-01  1.032e-05  2.475e-08  0.000e+00
   26.370   2.973e-02   202.700   7.494e-01  2.998e-01  1.040e-05  3.264e-08  0.000e+00
   27.520   2.448e-02   200.700   7.494e-01  2.998e-01  1.067e-05  6.758e-08  0.000e+00
   28.680   2.006e-02   198.500   7.494e-01  2.998e-01  1.078e-05  1.300e-07  0.000e+00
   29.860   1.635e-02   196.300   7.494e-01  2.998e-01  1.055e-05  1.782e-07  0.000e+00
   31.060   1.326e-02   194.100   7.494e-01  2.998e-01  1.013e-05  2.082e-07  0.000e+00
   32.270   1.071e-02   192.300   7.494e-01  2.998e-01  9.764e-06  2.310e-07  0.000e+00
   33.500   8.600e-03   190.900   7.494e-01  2.998e-01  9.511e-06  2.521e-07  0.000e+00
   34.750   6.873e-03   189.700   7.494e-01  2.998e-01  9.306e-06  2.870e-07  0.000e+00
   36.010   5.465e-03   188.200   7.494e-01  2.998e-01  9.085e-06  3.589e-07  0.000e+00
   37.300   4.325e-03   186.400   7.494e-01  2.998e-01  8.776e-06  4.832e-07  0.000e+00
   38.590   3.405e-03   184.200   7.494e-01  2.998e-01  8.331e-06  6.771e-07  0.000e+00
   39.900   2.667e-03   181.900   7.494e-01  2.998e-01  7.826e-06  9.007e-07  0.000e+00
   41.220   2.079e-03   179.700   7.494e-01  2.998e-01  7.453e-06  9.956e-07  0.000e+00
   42.550   1.613e-03   178.100   7.494e-01  2.998e-01  7.328e-06  8.145e-07  0.000e+00
   43.900   1.245e-03   177.400   7.494e-01  2.998e-01  7.492e-06  4.933e-07  0.000e+00
   45.270   9.559e-04   177.500   7.494e-01  2.998e-01  7.745e-06  3.964e-07  0.000e+00
   59.760   3.776e-04   177.500   7.494e-01  2.998e-01  7.745e-06  3.964e-07  0.000e+00
   65.490   2.615e-04   177.500   7.494e-01  2.998e-01  7.745e-06  3.964e-07  0.000e+00
   73.490   1.566e-04   177.500   7.494e-01  2.998e-01  7.745e-06  3.964e-07  0.000e+00
   84.660   7.656e-05   177.500   7.494e-01  2.998e-01  7.745e-06  3.964e-07  0.000e+00
  100.200   2.820e-05   177.500   7.494e-01  2.998e-01  7.745e-06  3.964e-07  0.000e+00
  122.000   6.996e-06   177.500   7.494e-01  2.998e-01  7.745e-06  3.964e-07  0.000e+00
  152.400   1.000e-06   177.500   7.494e-01  2.998e-01  7.745e-06  3.964e-07  0.000e+00
#
# ----------------------------------------------------------------------------------------------
# Curtis-Godson integrated layer information used by the radiative transfer analysis
# Oblique molecular layer columns in molec/m2 and aerosols in kg/m2
# ----------------------------------------------------------------------------------------------
# Low[km]  High[km]  Path[km] Pressure[bar] Temp[K]   Airmass   dcol[m-2]         N2        CO2        H2O   WaterIce      Cloud
# ----------------------------------------------------------------------------------------------
    0.000     0.255     0.382   1.386e+00   287.239    1.4980   1.338e+28  9.938e+27  3.975e+27  1.496e+26  1.903e-08  7.127e-02
    0.255     0.630     0.561   1.336e+00   289.539    1.4979   1.878e+28  1.396e+28  5.584e+27  1.977e+26  5.464e-24  4.283e-02
    0.630     1.238     0.911   1.261e+00   290.649    1.4977   2.865e+28  2.132e+28  8.526e+27  2.721e+26  2.736e-10  3.613e-02
    1.238     2.076     1.255   1.158e+00   289.618    1.4975   3.636e+28  2.707e+28  1.083e+28  3.015e+26  2.824e-06  3.816e-02
    2.076     3.137     1.588   1.035e+00   286.293    1.4972   4.159e+28  3.101e+28  1.240e+28  2.760e+26  9.701e-05  4.695e-02
    3.137     4.405     1.898   9.004e-01   280.823    1.4968   4.403e+28  3.287e+28  1.315e+28  2.173e+26  6.469e-04  6.237e-02
    4.405     5.766     2.037   7.660e-01   273.743    1.4964   4.122e+28  3.080e+28  1.232e+28  1.461e+26  2.272e-03  7.584e-02
    5.766     7.099     1.994   6.460e-01   266.093    1.4960   3.501e+28  2.619e+28  1.048e+28  8.294e+25  5.821e-03  7.098e-02
    7.099     8.409     1.959   5.439e-01   258.836    1.4955   2.977e+28  2.228e+28  8.913e+27  4.210e+25  1.077e-02  4.640e-02
    8.409     9.699     1.929   4.571e-01   252.084    1.4951   2.529e+28  1.894e+28  7.576e+27  1.999e+25  1.124e-02  1.996e-02
    9.699    10.970     1.900   3.834e-01   245.485    1.4947   2.145e+28  1.607e+28  6.429e+27  9.570e+24  6.957e-03  5.825e-03
   10.970    12.230     1.883   3.206e-01   238.935    1.4943   1.827e+28  1.369e+28  5.475e+27  4.575e+24  3.358e-03  1.106e-03
   12.230    13.480     1.867   2.673e-01   232.338    1.4939   1.553e+28  1.164e+28  4.656e+27  2.165e+24  1.601e-03  6.656e-05
   13.480    14.720     1.852   2.220e-01   225.591    1.4935   1.318e+28  9.874e+27  3.950e+27  1.006e+24  9.980e-04  4.974e-10
   14.720    15.960     1.852   1.835e-01   218.941    1.4931   1.122e+28  8.407e+27  3.363e+27  4.566e+23  8.289e-04  0.000e+00
   15.960    17.210     1.866   1.508e-01   212.980    1.4928   9.547e+27  7.154e+27  2.862e+27  2.126e+23  6.326e-04  0.000e+00
   17.210    18.480     1.895   1.230e-01   208.556    1.4924   8.072e+27  6.049e+27  2.420e+27  1.146e+23  4.339e-04  0.000e+00
   18.480    19.790     1.954   9.946e-02   206.414    1.4920   6.798e+27  5.095e+27  2.038e+27  7.815e+22  1.582e-04  0.000e+00
   19.790    20.980     1.775   8.080e-02   206.193    1.4916   5.024e+27  3.765e+27  1.506e+27  5.493e+22  1.917e-05  0.000e+00
   20.980    22.000     1.521   6.720e-02   206.497    1.4912   3.579e+27  2.682e+27  1.073e+27  3.857e+22  3.727e-06  0.000e+00
   22.000    23.060     1.580   5.660e-02   206.503    1.4909   3.132e+27  2.347e+27  9.389e+26  3.331e+22  3.076e-06  0.000e+00
   23.060    24.140     1.610   4.744e-02   206.012    1.4906   2.679e+27  2.008e+27  8.033e+26  2.811e+22  2.950e-06  0.000e+00
   24.140    25.240     1.639   3.955e-02   204.970    1.4902   2.286e+27  1.713e+27  6.854e+26  2.371e+22  2.968e-06  0.000e+00
   25.240    26.370     1.684   3.282e-02   203.525    1.4899   1.962e+27  1.470e+27  5.883e+26  2.033e+22  3.160e-06  0.000e+00
   26.370    27.520     1.713   2.710e-02   201.731    1.4895   1.663e+27  1.246e+27  4.985e+26  1.751e+22  4.477e-06  0.000e+00
   27.520    28.680     1.727   2.227e-02   199.635    1.4892   1.392e+27  1.043e+27  4.173e+26  1.493e+22  7.455e-06  0.000e+00
   28.680    29.860     1.757   1.820e-02   197.436    1.4888   1.170e+27  8.768e+26  3.508e+26  1.248e+22  1.009e-05  0.000e+00
   29.860    31.060     1.786   1.480e-02   195.237    1.4885   9.781e+26  7.330e+26  2.932e+26  1.012e+22  1.067e-05  0.000e+00
   31.060    32.270     1.801   1.198e-02   193.231    1.4881   8.063e+26  6.043e+26  2.417e+26  8.025e+21  1.002e-05  0.000e+00
   32.270    33.500     1.830   9.654e-03   191.625    1.4877   6.655e+26  4.988e+26  1.995e+26  6.417e+21  9.098e-06  0.000e+00
   33.500    34.750     1.859   7.736e-03   190.322    1.4873   5.454e+26  4.087e+26  1.635e+26  5.134e+21  8.307e-06  0.000e+00
   34.750    36.010     1.874   6.169e-03   188.978    1.4869   4.413e+26  3.307e+26  1.323e+26  4.060e+21  8.017e-06  0.000e+00
   36.010    37.300     1.918   4.894e-03   187.334    1.4866   3.615e+26  2.709e+26  1.084e+26  3.230e+21  8.522e-06  0.000e+00
   37.300    38.590     1.917   3.864e-03   185.342    1.4862   2.884e+26  2.161e+26  8.645e+25  2.468e+21  9.339e-06  0.000e+00
   38.590    39.900     1.946   3.035e-03   183.095    1.4858   2.327e+26  1.744e+26  6.978e+25  1.882e+21  1.029e-05  0.000e+00
   39.900    41.220     1.961   2.373e-03   180.844    1.4854   1.855e+26  1.390e+26  5.561e+25  1.418e+21  9.948e-06  0.000e+00
   41.220    42.550     1.975   1.846e-03   178.933    1.4850   1.469e+26  1.101e+26  4.403e+25  1.086e+21  7.546e-06  0.000e+00
   42.550    43.900     2.004   1.429e-03   177.765    1.4846   1.161e+26  8.701e+25  3.481e+25  8.599e+20  4.264e-06  0.000e+00
   43.900    45.270     2.033   1.101e-03   177.448    1.4841   9.085e+25  6.809e+25  2.724e+25  6.916e+20  2.294e-06  0.000e+00
   45.270    59.760    21.471   6.673e-04   177.500    1.4818   5.457e+26  4.089e+26  1.636e+26  4.226e+21  1.227e-05  0.000e+00
   59.760    65.490     8.473   3.196e-04   177.500    1.4787   1.093e+26  8.189e+25  3.276e+25  8.464e+20  2.457e-06  0.000e+00
   65.490    73.490    11.814   2.091e-04   177.500    1.4767   9.864e+25  7.392e+25  2.957e+25  7.640e+20  2.218e-06  0.000e+00
   73.490    84.660    16.463   1.166e-04   177.500    1.4739   7.515e+25  5.632e+25  2.253e+25  5.821e+20  1.690e-06  0.000e+00
   84.660   100.200    22.844   5.244e-05   177.500    1.4700   4.515e+25  3.384e+25  1.354e+25  3.497e+20  1.015e-06  0.000e+00
  100.200   122.000    31.931   1.767e-05   177.500    1.4647   1.983e+25  1.486e+25  5.946e+24  1.536e+20  4.459e-07  0.000e+00
  122.000   152.400    44.308   4.051e-06   177.500    1.4575   5.582e+24  4.183e+24  1.674e+24  4.324e+19  1.255e-07  0.000e+00
# ----------------------------------------------------------------------------------------------
# Integrated atmospheric columns                       1.4955   4.468e+29  3.338e+29  1.335e+29  1.724e+27  4.600e-02  5.179e-01
# ----------------------------------------------------------------------------------------------
