# ------------------------------------------------------------------------
# NASA-GSFC Planetary Spectrum Generator (PSG, Villanueva et al. 2015)
# Atmospheric transmittance spectrum synthesized with PUMAS (Villanueva et al. 2016, Smith et al. 2009, Edwards 1992)
# Synthesized on Tue Nov 21 15:08:42 2017
# Molecular abundance profile: 
# Molecules considered: N2,CO2,H2O
# Molecular sources: HIT[22],HIT[2],HIT[1]
# Molecular abundances: 1,1,1
# Molecular abundance units: scl,scl,scl
# Collission-Induced-Absorption:  N2-N2(3.33-5.41um)
# Rayleigh scattering included
# ------------------------------------------------------------------------
# Aerosols considered: WaterIce,Cloud
# Aerosols sources: CRISM_Wolff[reff=2.0um 0.31-99.57um],White_GSFC[reff=1.0um 0.10-1000000.00um]
# Aerosols opacities: 1,1
# Aerosols opacity units: scl,scl
# ------------------------------------------------------------------------
# Spectral unit: Wavelength [um]
# Wave/freq Total N2 CO2 H2O WaterIce Cloud Rayleigh CIA
1.000000000e+00  0.00000  1.00000  0.99996  0.97495  0.00000  0.00000  0.97242  1.00000
1.010000000e+00  0.00000  1.00000  0.99999  0.96660  0.00000  0.00000  0.97348  1.00000
1.020000000e+00  0.00000  1.00000  1.00000  0.98433  0.00000  0.00000  0.97449  1.00000
1.030000000e+00  0.00000  1.00000  0.99999  0.98664  0.00000  0.00000  0.97546  1.00000
1.040000000e+00  0.00000  1.00000  0.79607  0.99841  0.00000  0.00000  0.97638  1.00000
1.050000000e+00  0.00000  1.00000  0.98654  0.99938  0.00000  0.00000  0.97725  1.00000
1.060000000e+00  0.00000  1.00000  0.96673  0.99818  0.00000  0.00000  0.97809  1.00000
1.070000000e+00  0.00000  1.00000  0.94046  0.98731  0.00000  0.00000  0.97889  1.00000
1.080000000e+00  0.00000  1.00000  0.99390  0.93975  0.00000  0.00000  0.97965  1.00000
1.090000000e+00  0.00000  1.00000  0.99963  0.88666  0.00000  0.00000  0.98038  1.00000
1.100000000e+00  0.00000  1.00000  0.99828  0.76431  0.00000  0.00000  0.98108  1.00000
1.110000000e+00  0.00000  1.00000  1.00000  0.49533  0.00000  0.00000  0.98174  1.00000
1.120000000e+00  0.00000  1.00000  0.97622  0.07822  0.00000  0.00000  0.98238  1.00000
1.130000000e+00  0.00000  1.00000  0.99654  0.02004  0.00000  0.00000  0.98299  1.00000
1.140000000e+00  0.00000  1.00000  0.99256  0.18027  0.00000  0.00000  0.98358  1.00000
1.150000000e+00  0.00000  1.00000  0.99779  0.09015  0.00000  0.00000  0.98414  1.00000
1.160000000e+00  0.00000  1.00000  0.99753  0.30217  0.00000  0.00000  0.98467  1.00000
1.170000000e+00  0.00000  1.00000  0.99992  0.57105  0.00000  0.00000  0.98519  1.00000
1.180000000e+00  0.00000  1.00000  0.99951  0.71680  0.00000  0.00000  0.98568  1.00000
1.190000000e+00  0.00000  1.00000  0.99995  0.65718  0.00000  0.00000  0.98615  1.00000
1.200000000e+00  0.00000  1.00000  0.99981  0.68338  0.00000  0.00000  0.98660  1.00000
1.210000000e+00  0.00000  1.00000  0.08548  0.79368  0.00000  0.00000  0.98704  1.00000
1.220000000e+00  0.00000  1.00000  0.56745  0.85698  0.00000  0.00000  0.98745  1.00000
1.230000000e+00  0.00000  1.00000  0.39077  0.89419  0.00000  0.00000  0.98785  1.00000
1.240000000e+00  0.00000  1.00000  0.83797  0.98215  0.00000  0.00000  0.98824  1.00000
1.250000000e+00  0.00000  1.00000  0.98853  0.99672  0.00000  0.00000  0.98861  1.00000
1.260000000e+00  0.00000  1.00000  0.95776  0.99686  0.00000  0.00000  0.98896  1.00000
1.270000000e+00  0.00000  1.00000  0.95946  0.99035  0.00000  0.00000  0.98931  1.00000
1.280000000e+00  0.00000  1.00000  0.99903  0.97865  0.00000  0.00000  0.98963  1.00000
1.290000000e+00  0.00000  1.00000  0.88106  0.94186  0.00000  0.00000  0.98995  1.00000
1.300000000e+00  0.00000  1.00000  0.82851  0.84547  0.00000  0.00000  0.99025  1.00000
1.310000000e+00  0.00000  1.00000  0.99205  0.73072  0.00000  0.00000  0.99055  1.00000
1.320000000e+00  0.00000  1.00000  0.41546  0.56285  0.00000  0.00000  0.99083  1.00000
1.330000000e+00  0.00000  1.00000  0.96763  0.41595  0.00000  0.00000  0.99110  1.00000
1.340000000e+00  0.00000  1.00000  0.56853  0.26264  0.00000  0.00000  0.99136  1.00000
1.350000000e+00  0.00000  1.00000  0.85164  0.01909  0.00000  0.00000  0.99161  1.00000
1.360000000e+00  0.00000  1.00000  0.98755  0.00000  0.00000  0.00000  0.99186  1.00000
1.370000000e+00  0.00000  1.00000  0.96986  0.00000  0.00000  0.00000  0.99209  1.00000
1.380000000e+00  0.00000  1.00000  0.96138  0.00000  0.00000  0.00000  0.99232  1.00000
1.390000000e+00  0.00000  1.00000  0.99280  0.00000  0.00000  0.00000  0.99254  1.00000
1.400000000e+00  0.00000  1.00000  0.99611  0.00002  0.00000  0.00000  0.99275  1.00000
1.410000000e+00  0.00000  1.00000  0.99980  0.00000  0.00000  0.00000  0.99295  1.00000
1.420000000e+00  0.00000  1.00000  0.99942  0.00224  0.00000  0.00000  0.99314  1.00000
1.430000000e+00  0.00000  1.00000  0.68515  0.00610  0.00000  0.00000  0.99333  1.00000
1.440000000e+00  0.00000  1.00000  0.00000  0.00678  0.00000  0.00000  0.99352  1.00000
1.450000000e+00  0.00000  1.00000  0.01223  0.03922  0.00000  0.00000  0.99369  1.00000
1.460000000e+00  0.00000  1.00000  0.63275  0.13134  0.00000  0.00000  0.99386  1.00000
1.470000000e+00  0.00000  1.00000  0.97379  0.04397  0.00000  0.00000  0.99403  1.00000
1.480000000e+00  0.00000  1.00000  0.41320  0.10349  0.00000  0.00000  0.99419  1.00000
1.490000000e+00  0.00000  1.00000  0.74706  0.10405  0.00000  0.00000  0.99434  1.00000
1.500000000e+00  0.00000  1.00000  0.55703  0.43512  0.00000  0.00000  0.99449  1.00000
1.510000000e+00  0.00000  1.00000  0.98133  0.58263  0.00000  0.00000  0.99463  1.00000
1.520000000e+00  0.00000  1.00000  0.98603  0.75559  0.00000  0.00000  0.99477  1.00000
1.530000000e+00  0.00000  1.00000  0.32268  0.83481  0.00000  0.00000  0.99491  1.00000
1.540000000e+00  0.00000  1.00000  0.13487  0.94075  0.00000  0.00000  0.99504  1.00000
1.550000000e+00  0.00000  1.00000  0.64807  0.96888  0.00000  0.00000  0.99517  1.00000
1.560000000e+00  0.00000  1.00000  0.93827  0.99140  0.00000  0.00000  0.99529  1.00000
1.570000000e+00  0.00000  1.00000  0.30413  0.98353  0.00000  0.00000  0.99541  1.00000
1.580000000e+00  0.00000  1.00000  0.00020  0.98684  0.00000  0.00000  0.99552  1.00000
1.590000000e+00  0.00000  1.00000  0.33774  0.98800  0.00000  0.00000  0.99563  1.00000
1.600000000e+00  0.00000  1.00000  0.21424  0.98163  0.00000  0.00000  0.99574  1.00000
1.610000000e+00  0.00000  1.00000  0.00212  0.99325  0.00000  0.00000  0.99585  1.00000
1.620000000e+00  0.00000  1.00000  0.01794  0.99330  0.00000  0.00000  0.99595  1.00000
1.630000000e+00  0.00000  1.00000  0.39097  0.99771  0.00000  0.00000  0.99604  1.00000
1.640000000e+00  0.00000  1.00000  0.30646  0.99300  0.00000  0.00000  0.99614  1.00000
1.650000000e+00  0.00000  1.00000  0.23224  0.98114  0.00000  0.00000  0.99623  1.00000
1.660000000e+00  0.00000  1.00000  0.39002  0.97881  0.00000  0.00000  0.99632  1.00000
1.670000000e+00  0.00000  1.00000  0.56037  0.97972  0.00000  0.00000  0.99641  1.00000
1.680000000e+00  0.00000  1.00000  0.80009  0.96867  0.00000  0.00000  0.99649  1.00000
1.690000000e+00  0.00000  1.00000  0.93734  0.97408  0.00000  0.00000  0.99658  1.00000
1.700000000e+00  0.00000  1.00000  0.98469  0.90470  0.00000  0.00000  0.99666  1.00000
1.710000000e+00  0.00000  1.00000  0.92856  0.90503  0.00000  0.00000  0.99673  1.00000
1.720000000e+00  0.00000  1.00000  0.96307  0.92134  0.00000  0.00000  0.99681  1.00000
1.730000000e+00  0.00000  1.00000  0.99259  0.87364  0.00000  0.00000  0.99688  1.00000
1.740000000e+00  0.00000  1.00000  0.99937  0.76749  0.00000  0.00000  0.99695  1.00000
1.750000000e+00  0.00000  1.00000  0.99893  0.70146  0.00000  0.00000  0.99702  1.00000
1.760000000e+00  0.00000  1.00000  0.89598  0.71427  0.00000  0.00000  0.99709  1.00000
1.770000000e+00  0.00000  1.00000  0.95775  0.55000  0.00000  0.00000  0.99715  1.00000
1.780000000e+00  0.00000  1.00000  0.99503  0.37855  0.00000  0.00000  0.99722  1.00000
1.790000000e+00  0.00000  1.00000  0.88081  0.22719  0.00000  0.00000  0.99728  1.00000
1.800000000e+00  0.00000  1.00000  0.94973  0.10248  0.00000  0.00000  0.99734  1.00000
1.810000000e+00  0.00000  1.00000  0.98725  0.01343  0.00000  0.00000  0.99740  1.00000
1.820000000e+00  0.00000  1.00000  0.99550  0.00090  0.00000  0.00000  0.99745  1.00000
1.830000000e+00  0.00000  1.00000  0.99925  0.00001  0.00000  0.00000  0.99751  1.00000
1.840000000e+00  0.00000  1.00000  0.99972  0.00000  0.00000  0.00000  0.99756  1.00000
1.850000000e+00  0.00000  1.00000  0.99753  0.00000  0.00000  0.00000  0.99761  1.00000
1.860000000e+00  0.00000  1.00000  0.99708  0.00000  0.00000  0.00000  0.99767  1.00000
1.870000000e+00  0.00000  1.00000  0.97867  0.00000  0.00000  0.00000  0.99771  1.00000
1.880000000e+00  0.00000  1.00000  0.10604  0.00000  0.00000  0.00000  0.99776  1.00000
1.890000000e+00  0.00000  1.00000  0.12375  0.00000  0.00000  0.00000  0.99781  1.00000
1.900000000e+00  0.00000  1.00000  0.51502  0.00002  0.00000  0.00000  0.99786  1.00000
1.910000000e+00  0.00000  1.00000  0.64355  0.00000  0.00000  0.00000  0.99790  1.00000
1.920000000e+00  0.00000  1.00000  0.86161  0.00001  0.00000  0.00000  0.99794  1.00000
1.930000000e+00  0.00000  1.00000  0.84030  0.00003  0.00000  0.00000  0.99799  1.00000
1.940000000e+00  0.00000  1.00000  0.18947  0.00059  0.00000  0.00000  0.99803  1.00000
1.950000000e+00  0.00000  1.00000  0.00000  0.00820  0.00000  0.00000  0.99807  1.00000
1.960000000e+00  0.00000  1.00000  0.00000  0.02275  0.00000  0.00000  0.99811  1.00000
1.970000000e+00  0.00000  1.00000  0.00000  0.24909  0.00000  0.00000  0.99814  1.00000
1.980000000e+00  0.00000  1.00000  0.00000  0.37552  0.00000  0.00000  0.99818  1.00000
1.990000000e+00  0.00000  1.00000  0.00401  0.43787  0.00000  0.00000  0.99822  1.00000
2.000000000e+00  0.00000  1.00000  0.00000  0.56714  0.00000  0.00000  0.99825  1.00000
2.010000000e+00  0.00000  1.00000  0.00000  0.46647  0.00000  0.00000  0.99829  1.00000
2.020000000e+00  0.00000  1.00000  0.00000  0.61673  0.00000  0.00000  0.99832  1.00000
2.030000000e+00  0.00000  1.00000  0.00000  0.82353  0.00000  0.00000  0.99835  1.00000
2.040000000e+00  0.00000  1.00000  0.00000  0.85085  0.00000  0.00000  0.99839  1.00000
2.050000000e+00  0.00000  1.00000  0.00000  0.93060  0.00000  0.00000  0.99842  1.00000
2.060000000e+00  0.00000  1.00000  0.00000  0.85659  0.00000  0.00000  0.99845  1.00000
2.070000000e+00  0.00000  1.00000  0.00000  0.88390  0.00000  0.00000  0.99848  1.00000
2.080000000e+00  0.00000  1.00000  0.00000  0.92368  0.00000  0.00000  0.99851  1.00000
2.090000000e+00  0.00000  1.00000  0.00000  0.92137  0.00000  0.00000  0.99853  1.00000
2.100000000e+00  0.00000  1.00000  0.00004  0.95316  0.00000  0.00000  0.99856  1.00000
2.110000000e+00  0.00000  1.00000  0.01844  0.96279  0.00000  0.00000  0.99859  1.00000
2.120000000e+00  0.00000  1.00000  0.06636  0.90195  0.00000  0.00000  0.99862  1.00000
2.130000000e+00  0.00000  1.00000  0.43753  0.86242  0.00000  0.00000  0.99864  1.00000
2.140000000e+00  0.00000  1.00000  0.63125  0.96770  0.00000  0.00000  0.99867  1.00000
2.150000000e+00  0.00000  1.00000  0.27460  0.98478  0.00000  0.00000  0.99869  1.00000
2.160000000e+00  0.00000  1.00000  0.34433  0.94107  0.00000  0.00000  0.99872  1.00000
2.170000000e+00  0.00000  1.00000  0.22790  0.87569  0.00000  0.00000  0.99874  1.00000
2.180000000e+00  0.00000  1.00000  0.53918  0.89827  0.00000  0.00000  0.99876  1.00000
2.190000000e+00  0.00000  1.00000  0.83008  0.78514  0.00000  0.00000  0.99878  1.00000
2.200000000e+00  0.00000  1.00000  0.88560  0.86784  0.00000  0.00000  0.99881  1.00000
2.210000000e+00  0.00000  1.00000  0.96448  0.90566  0.00000  0.00000  0.99883  1.00000
2.220000000e+00  0.00000  1.00000  0.95038  0.92795  0.00000  0.00000  0.99885  1.00000
2.230000000e+00  0.00000  1.00000  0.95401  0.95191  0.00000  0.00000  0.99887  1.00000
2.240000000e+00  0.00000  1.00000  0.98685  0.97744  0.00000  0.00000  0.99889  1.00000
2.250000000e+00  0.00000  1.00000  0.97805  0.98133  0.00000  0.00000  0.99891  1.00000
2.260000000e+00  0.00000  1.00000  0.94812  0.99278  0.00000  0.00000  0.99893  1.00000
2.270000000e+00  0.00000  1.00000  0.98748  0.98479  0.00000  0.00000  0.99895  1.00000
2.280000000e+00  0.00000  1.00000  0.97355  0.99721  0.00000  0.00000  0.99896  1.00000
2.290000000e+00  0.00000  1.00000  0.99186  0.98563  0.00000  0.00000  0.99898  1.00000
2.300000000e+00  0.00000  1.00000  0.99599  0.91550  0.00000  0.00000  0.99900  1.00000
2.310000000e+00  0.00000  1.00000  0.99745  0.97279  0.00000  0.00000  0.99902  1.00000
2.320000000e+00  0.00000  1.00000  0.99904  0.93167  0.00000  0.00000  0.99903  1.00000
2.330000000e+00  0.00000  1.00000  0.99988  0.92474  0.00000  0.00000  0.99905  1.00000
2.340000000e+00  0.00000  1.00000  0.99989  0.94020  0.00000  0.00000  0.99907  1.00000
2.350000000e+00  0.00000  1.00000  0.99987  0.84436  0.00000  0.00000  0.99908  1.00000
2.360000000e+00  0.00000  1.00000  0.99967  0.71439  0.00000  0.00000  0.99910  1.00000
2.370000000e+00  0.00000  1.00000  0.99821  0.73713  0.00000  0.00000  0.99911  1.00000
2.380000000e+00  0.00000  1.00000  0.99714  0.55253  0.00000  0.00000  0.99913  1.00000
2.390000000e+00  0.00000  1.00000  0.99066  0.44289  0.00000  0.00000  0.99914  1.00000
2.400000000e+00  0.00000  1.00000  0.98875  0.53381  0.00000  0.00000  0.99916  1.00000
2.410000000e+00  0.00000  1.00000  0.98696  0.36023  0.00000  0.00000  0.99917  1.00000
2.420000000e+00  0.00000  1.00000  0.99684  0.17412  0.00000  0.00000  0.99918  1.00000
2.430000000e+00  0.00000  1.00000  0.99991  0.37445  0.00000  0.00000  0.99920  1.00000
2.440000000e+00  0.00000  1.00000  0.99986  0.08420  0.00000  0.00000  0.99921  1.00000
2.450000000e+00  0.00000  1.00000  0.99965  0.15040  0.00000  0.00000  0.99922  1.00000
2.460000000e+00  0.00000  1.00000  0.99948  0.24102  0.00000  0.00000  0.99924  1.00000
2.470000000e+00  0.00000  1.00000  0.99233  0.20687  0.00000  0.00000  0.99925  1.00000
2.480000000e+00  0.00000  1.00000  0.96958  0.10159  0.00000  0.00000  0.99926  1.00000
2.490000000e+00  0.00000  1.00000  0.31806  0.00559  0.00000  0.00000  0.99927  1.00000
2.500000000e+00  0.00000  1.00000  0.73499  0.00468  0.00000  0.00000  0.99928  1.00000
2.510000000e+00  0.00000  1.00000  0.70348  0.00135  0.00000  0.00000  0.99929  1.00000
2.520000000e+00  0.00000  1.00000  0.68092  0.00040  0.00000  0.00000  0.99931  1.00000
2.530000000e+00  0.00000  1.00000  0.83683  0.00000  0.00000  0.00000  0.99932  1.00000
2.540000000e+00  0.00000  1.00000  0.89950  0.00000  0.00000  0.00000  0.99933  1.00000
2.550000000e+00  0.00000  1.00000  0.97473  0.00000  0.00000  0.00000  0.99934  1.00000
2.560000000e+00  0.00000  1.00000  0.94359  0.00000  0.00000  0.00000  0.99935  1.00000
2.570000000e+00  0.00000  1.00000  0.96648  0.00000  0.00000  0.00000  0.99936  1.00000
2.580000000e+00  0.00000  1.00000  0.78718  0.00000  0.00000  0.00000  0.99937  1.00000
2.590000000e+00  0.00000  1.00000  0.54024  0.00000  0.00000  0.00000  0.99938  1.00000
2.600000000e+00  0.00000  1.00000  0.64405  0.00000  0.00000  0.00000  0.99939  1.00000
2.610000000e+00  0.00000  1.00000  0.18093  0.00000  0.00000  0.00000  0.99940  1.00000
2.620000000e+00  0.00000  1.00000  0.06844  0.00000  0.00000  0.00000  0.99941  1.00000
2.630000000e+00  0.00000  1.00000  0.24377  0.00000  0.00000  0.00000  0.99941  1.00000
2.640000000e+00  0.00000  1.00000  0.20528  0.00000  0.00000  0.00000  0.99942  1.00000
2.650000000e+00  0.00000  1.00000  0.36880  0.00000  0.00000  0.00000  0.99943  1.00000
2.660000000e+00  0.00000  1.00000  0.00060  0.00000  0.00000  0.00000  0.99944  1.00000
2.670000000e+00  0.00000  1.00000  0.00000  0.00000  0.00000  0.00000  0.99945  1.00000
2.680000000e+00  0.00000  1.00000  0.00000  0.00000  0.00000  0.00000  0.99946  1.00000
2.690000000e+00  0.00000  1.00000  0.00000  0.00000  0.00000  0.00000  0.99947  1.00000
2.700000000e+00  0.00000  1.00000  0.00000  0.00000  0.00000  0.00000  0.99947  1.00000
2.710000000e+00  0.00000  1.00000  0.00000  0.00000  0.00000  0.00000  0.99948  1.00000
2.720000000e+00  0.00000  1.00000  0.00000  0.00000  0.00000  0.00000  0.99949  1.00000
2.730000000e+00  0.00000  1.00000  0.00000  0.00000  0.00000  0.00000  0.99950  1.00000
2.740000000e+00  0.00000  1.00000  0.00000  0.00000  0.00000  0.00000  0.99950  1.00000
2.750000000e+00  0.00000  1.00000  0.00000  0.00000  0.00000  0.00000  0.99951  1.00000
2.760000000e+00  0.00000  1.00000  0.00000  0.00000  0.00000  0.00000  0.99952  1.00000
2.770000000e+00  0.00000  1.00000  0.00000  0.00000  0.00000  0.00000  0.99952  1.00000
2.780000000e+00  0.00000  1.00000  0.00000  0.00000  0.00000  0.00000  0.99953  1.00000
2.790000000e+00  0.00000  1.00000  0.00000  0.00000  0.00001  0.00000  0.99954  1.00000
2.800000000e+00  0.00000  1.00000  0.00000  0.00000  0.00001  0.00000  0.99954  1.00000
2.810000000e+00  0.00000  1.00000  0.00000  0.00000  0.00001  0.00000  0.99955  1.00000
2.820000000e+00  0.00000  1.00000  0.00000  0.00000  0.00000  0.00000  0.99956  1.00000
2.830000000e+00  0.00000  1.00000  0.00000  0.00000  0.00000  0.00000  0.99956  1.00000
2.840000000e+00  0.00000  1.00000  0.00000  0.00000  0.00000  0.00000  0.99957  1.00000
2.850000000e+00  0.00000  1.00000  0.00000  0.00001  0.00000  0.00000  0.99958  1.00000
2.860000000e+00  0.00000  1.00000  0.00000  0.00000  0.00000  0.00000  0.99958  1.00000
2.870000000e+00  0.00000  1.00000  0.00000  0.00002  0.00000  0.00000  0.99959  1.00000
2.880000000e+00  0.00000  1.00000  0.00000  0.00008  0.00000  0.00000  0.99959  1.00000
2.890000000e+00  0.00000  1.00000  0.00002  0.00005  0.00000  0.00000  0.99960  1.00000
2.900000000e+00  0.00000  1.00000  0.00397  0.00409  0.00000  0.00000  0.99960  1.00000
2.910000000e+00  0.00000  1.00000  0.08070  0.00111  0.00000  0.00000  0.99961  1.00000
2.920000000e+00  0.00000  1.00000  0.34481  0.00170  0.00000  0.00000  0.99961  1.00000
2.930000000e+00  0.00000  1.00000  0.55533  0.00974  0.00000  0.00000  0.99962  1.00000
2.940000000e+00  0.00000  1.00000  0.68608  0.04146  0.00000  0.00000  0.99962  1.00000
2.950000000e+00  0.00000  1.00000  0.82078  0.00124  0.00000  0.00000  0.99963  1.00000
2.960000000e+00  0.00000  1.00000  0.41753  0.01296  0.00000  0.00000  0.99963  1.00000
2.970000000e+00  0.00000  1.00000  0.05092  0.03966  0.00000  0.00000  0.99964  1.00000
2.980000000e+00  0.00000  1.00000  0.00367  0.00007  0.00000  0.00000  0.99964  1.00000
2.990000000e+00  0.00000  1.00000  0.01436  0.05666  0.00000  0.00000  0.99965  1.00000
3.000000000e+00  0.00000  1.00000  0.28506  0.08668  0.00000  0.00000  0.99965  1.00000
3.010000000e+00  0.00000  1.00000  0.30110  0.06462  0.00000  0.00000  0.99966  1.00000
3.020000000e+00  0.00000  1.00000  0.05615  0.04560  0.00000  0.00000  0.99966  1.00000
3.030000000e+00  0.00000  1.00000  0.11393  0.04005  0.00000  0.00000  0.99967  1.00000
3.040000000e+00  0.00000  1.00000  0.31503  0.00715  0.00000  0.00000  0.99967  1.00000
3.050000000e+00  0.00000  1.00000  0.63477  0.00883  0.00000  0.00000  0.99968  1.00000
3.060000000e+00  0.00000  1.00000  0.68648  0.01495  0.00000  0.00000  0.99968  1.00000
3.070000000e+00  0.00000  1.00000  0.83517  0.00793  0.00000  0.00000  0.99968  1.00000
3.080000000e+00  0.00000  1.00000  0.87102  0.03135  0.00000  0.00000  0.99969  1.00000
3.090000000e+00  0.00000  1.00000  0.93010  0.00086  0.00000  0.00000  0.99969  1.00000
3.100000000e+00  0.00000  1.00000  0.89698  0.00077  0.00000  0.00000  0.99970  1.00000
3.110000000e+00  0.00000  1.00000  0.71690  0.01182  0.00000  0.00000  0.99970  1.00000
3.120000000e+00  0.00000  1.00000  0.49142  0.00163  0.00000  0.00000  0.99970  1.00000
3.130000000e+00  0.00000  1.00000  0.39759  0.06517  0.00000  0.00000  0.99971  1.00000
3.140000000e+00  0.00000  1.00000  0.55652  0.15101  0.00000  0.00000  0.99971  1.00000
3.150000000e+00  0.00000  1.00000  0.75820  0.02937  0.00000  0.00000  0.99971  1.00000
3.160000000e+00  0.00000  1.00000  0.60662  0.11071  0.00000  0.00000  0.99972  1.00000
3.170000000e+00  0.00000  1.00000  0.43505  0.65501  0.00000  0.00000  0.99972  1.00000
3.180000000e+00  0.00000  1.00000  0.49891  0.50575  0.00000  0.00000  0.99973  1.00000
3.190000000e+00  0.00000  1.00000  0.66827  0.22369  0.00000  0.00000  0.99973  1.00000
3.200000000e+00  0.00000  1.00000  0.83387  0.05168  0.00000  0.00000  0.99973  1.00000
3.210000000e+00  0.00000  1.00000  0.93393  0.00002  0.00000  0.00000  0.99974  1.00000
3.220000000e+00  0.00000  1.00000  0.91120  0.00015  0.00000  0.00000  0.99974  1.00000
3.230000000e+00  0.00000  1.00000  0.90434  0.00251  0.00000  0.00000  0.99974  1.00000
3.240000000e+00  0.00000  1.00000  0.94983  0.12071  0.00000  0.00000  0.99975  1.00000
3.250000000e+00  0.00000  1.00000  0.98781  0.04156  0.00000  0.00000  0.99975  1.00000
3.260000000e+00  0.00000  1.00000  0.99655  0.29057  0.00000  0.00000  0.99975  1.00000
3.270000000e+00  0.00000  1.00000  0.99615  0.01849  0.00000  0.00000  0.99975  1.00000
3.280000000e+00  0.00000  1.00000  0.99677  0.05542  0.00000  0.00000  0.99976  1.00000
3.290000000e+00  0.00000  1.00000  0.99853  0.29134  0.00000  0.00000  0.99976  1.00000
3.300000000e+00  0.00000  1.00000  0.99936  0.13783  0.00000  0.00000  0.99976  1.00000
3.310000000e+00  0.00000  1.00000  0.99948  0.01781  0.00000  0.00000  0.99977  1.00000
3.320000000e+00  0.00000  1.00000  0.99900  0.19547  0.00000  0.00000  0.99977  1.00000
3.330000000e+00  0.00000  1.00000  0.99374  0.06073  0.00000  0.00000  0.99977  1.00000
3.340000000e+00  0.00000  1.00000  0.97872  0.36071  0.00000  0.00000  0.99977  0.99984
3.350000000e+00  0.00000  1.00000  0.96605  0.12762  0.00000  0.00000  0.99978  0.99979
3.360000000e+00  0.00000  1.00000  0.86150  0.13252  0.00000  0.00000  0.99978  0.99985
3.370000000e+00  0.00000  1.00000  0.96001  0.18231  0.00000  0.00000  0.99978  0.99974
3.380000000e+00  0.00000  1.00000  0.97139  0.29688  0.00000  0.00000  0.99978  0.99990
3.390000000e+00  0.00000  1.00000  0.98467  0.43322  0.00000  0.00000  0.99979  0.99987
3.400000000e+00  0.00000  1.00000  0.99443  0.64924  0.00000  0.00000  0.99979  0.99994
3.410000000e+00  0.00000  1.00000  0.99796  0.48943  0.00000  0.00000  0.99979  0.99995
3.420000000e+00  0.00000  1.00000  0.99930  0.61923  0.00000  0.00000  0.99979  1.00000
3.430000000e+00  0.00000  1.00000  0.99911  0.87233  0.00000  0.00000  0.99980  0.99992
3.440000000e+00  0.00000  1.00000  0.99932  0.76234  0.00000  0.00000  0.99980  0.99987
3.450000000e+00  0.00000  1.00000  0.99654  0.76691  0.00000  0.00000  0.99980  0.99971
3.460000000e+00  0.00000  1.00000  0.99739  0.71620  0.00000  0.00000  0.99980  0.99989
3.470000000e+00  0.00000  1.00000  0.99906  0.85709  0.00000  0.00000  0.99981  0.99974
3.480000000e+00  0.00000  1.00000  0.99935  0.80795  0.00000  0.00000  0.99981  0.99983
3.490000000e+00  0.00000  1.00000  0.99957  0.84689  0.00000  0.00000  0.99981  0.99982
3.500000000e+00  0.00000  1.00000  0.99959  0.81534  0.00000  0.00000  0.99981  0.99990
3.510000000e+00  0.00000  1.00000  0.99929  0.83214  0.00000  0.00000  0.99981  0.99997
3.520000000e+00  0.00000  1.00000  0.99811  0.76601  0.00000  0.00000  0.99982  0.99996
3.530000000e+00  0.00000  1.00000  0.99503  0.73085  0.00000  0.00000  0.99982  0.99994
3.540000000e+00  0.00000  1.00000  0.98894  0.71060  0.00000  0.00000  0.99982  0.99989
3.550000000e+00  0.00000  1.00000  0.97642  0.67279  0.00000  0.00000  0.99982  0.99991
3.560000000e+00  0.00000  1.00000  0.94865  0.55880  0.00000  0.00000  0.99982  0.99966
3.570000000e+00  0.00000  1.00000  0.90683  0.69949  0.00000  0.00000  0.99983  0.99965
3.580000000e+00  0.00000  1.00000  0.87560  0.63524  0.00000  0.00000  0.99983  0.99936
3.590000000e+00  0.00000  1.00000  0.82047  0.73618  0.00000  0.00000  0.99983  0.99936
3.600000000e+00  0.00000  1.00000  0.66964  0.63220  0.00000  0.00000  0.99983  0.99943
3.610000000e+00  0.00000  1.00000  0.53980  0.82454  0.00000  0.00000  0.99983  0.99946
3.620000000e+00  0.00000  1.00000  0.48793  0.66805  0.00000  0.00000  0.99984  0.99931
3.630000000e+00  0.00000  1.00000  0.68041  0.81347  0.00000  0.00000  0.99984  0.99916
3.640000000e+00  0.00000  1.00000  0.64003  0.71418  0.00000  0.00000  0.99984  0.99890
3.650000000e+00  0.00000  1.00000  0.51492  0.92213  0.00000  0.00000  0.99984  0.99871
3.660000000e+00  0.00000  1.00000  0.61838  0.76835  0.00000  0.00000  0.99984  0.99860
3.670000000e+00  0.00000  1.00000  0.80760  0.77738  0.00000  0.00000  0.99984  0.99847
3.680000000e+00  0.00000  1.00000  0.93366  0.38647  0.00000  0.00000  0.99985  0.99823
3.690000000e+00  0.00000  1.00000  0.96885  0.53710  0.00000  0.00000  0.99985  0.99785
3.700000000e+00  0.00000  1.00000  0.97977  0.76746  0.00000  0.00000  0.99985  0.99758
3.710000000e+00  0.00000  1.00000  0.98900  0.90684  0.00000  0.00000  0.99985  0.99609
3.720000000e+00  0.00000  1.00000  0.97949  0.69717  0.00000  0.00000  0.99985  0.99507
3.730000000e+00  0.00000  1.00000  0.97820  0.83488  0.00000  0.00000  0.99985  0.99458
3.740000000e+00  0.00000  1.00000  0.97748  0.70275  0.00000  0.00000  0.99986  0.99397
3.750000000e+00  0.00000  1.00000  0.94050  0.79598  0.00000  0.00000  0.99986  0.99318
3.760000000e+00  0.00000  1.00000  0.84566  0.74852  0.00000  0.00000  0.99986  0.99226
3.770000000e+00  0.00000  1.00000  0.72136  0.69466  0.00000  0.00000  0.99986  0.99127
3.780000000e+00  0.00000  1.00000  0.54850  0.71317  0.00000  0.00000  0.99986  0.98993
3.790000000e+00  0.00000  1.00000  0.37548  0.76860  0.00000  0.00000  0.99986  0.98831
3.800000000e+00  0.00000  1.00000  0.14851  0.71581  0.00000  0.00000  0.99986  0.98661
3.810000000e+00  0.00000  1.00000  0.04015  0.87636  0.00000  0.00000  0.99987  0.98460
3.820000000e+00  0.00000  1.00000  0.06326  0.68621  0.00000  0.00000  0.99987  0.98248
3.830000000e+00  0.00000  1.00000  0.26091  0.85845  0.00000  0.00000  0.99987  0.98007
3.840000000e+00  0.00000  1.00000  0.12835  0.74273  0.00000  0.00000  0.99987  0.97722
3.850000000e+00  0.00000  1.00000  0.06651  0.86779  0.00000  0.00000  0.99987  0.97388
3.860000000e+00  0.00000  1.00000  0.12068  0.84114  0.00000  0.00000  0.99987  0.97010
3.870000000e+00  0.00000  1.00000  0.28931  0.88313  0.00000  0.00000  0.99987  0.96592
3.880000000e+00  0.00000  1.00000  0.53542  0.87853  0.00000  0.00000  0.99988  0.96113
3.890000000e+00  0.00000  1.00000  0.75557  0.90661  0.00000  0.00000  0.99988  0.95560
3.900000000e+00  0.00000  1.00000  0.90351  0.94001  0.00000  0.00000  0.99988  0.94940
3.910000000e+00  0.00000  1.00000  0.95970  0.89516  0.00000  0.00000  0.99988  0.94235
3.920000000e+00  0.00000  1.00000  0.96431  0.97652  0.00000  0.00000  0.99988  0.93416
3.930000000e+00  0.00000  1.00000  0.92679  0.94894  0.00000  0.00000  0.99988  0.92474
3.940000000e+00  0.00000  1.00000  0.84393  0.97771  0.00000  0.00000  0.99988  0.91387
3.950000000e+00  0.00000  1.00000  0.71828  0.98105  0.00000  0.00000  0.99988  0.90157
3.960000000e+00  0.00000  1.00000  0.50217  0.96863  0.00000  0.00000  0.99989  0.88706
3.970000000e+00  0.00000  1.00000  0.33113  0.99128  0.00000  0.00000  0.99989  0.87049
3.980000000e+00  0.00000  1.00000  0.18050  0.98060  0.00000  0.00000  0.99989  0.85204
3.990000000e+00  0.00000  1.00000  0.13124  0.99387  0.00000  0.00000  0.99989  0.83103
4.000000000e+00  0.00000  1.00000  0.30812  0.99169  0.00000  0.00000  0.99989  0.80709
4.010000000e+00  0.00000  1.00000  0.38078  0.99164  0.00000  0.00000  0.99989  0.78090
4.020000000e+00  0.00000  1.00000  0.16976  0.99773  0.00000  0.00000  0.99989  0.75252
4.030000000e+00  0.00000  1.00000  0.14784  0.99177  0.00000  0.00000  0.99989  0.72253
4.040000000e+00  0.00000  1.00000  0.20566  0.99578  0.00000  0.00000  0.99989  0.69108
4.050000000e+00  0.00000  1.00000  0.34418  0.99617  0.00000  0.00000  0.99990  0.65794
4.060000000e+00  0.00000  1.00000  0.51358  0.99528  0.00000  0.00000  0.99990  0.62474
4.070000000e+00  0.00000  1.00000  0.56699  0.99508  0.00000  0.00000  0.99990  0.59145
4.080000000e+00  0.00000  1.00000  0.27625  0.99766  0.00000  0.00000  0.99990  0.55983
4.090000000e+00  0.00000  1.00000  0.08451  0.99744  0.00000  0.00000  0.99990  0.53037
4.100000000e+00  0.00000  1.00000  0.03729  0.99774  0.00000  0.00000  0.99990  0.50296
4.110000000e+00  0.00000  1.00000  0.04807  0.99180  0.00000  0.00000  0.99990  0.47863
4.120000000e+00  0.00000  1.00000  0.20854  0.99775  0.00000  0.00000  0.99990  0.45775
4.130000000e+00  0.00000  1.00000  0.25807  0.99443  0.00000  0.00000  0.99990  0.44036
4.140000000e+00  0.00000  1.00000  0.11354  0.99630  0.00000  0.00000  0.99990  0.42667
4.150000000e+00  0.00000  1.00000  0.04715  0.99882  0.00000  0.00000  0.99990  0.41649
4.160000000e+00  0.00000  1.00000  0.00021  0.99367  0.00000  0.00000  0.99991  0.41025
4.170000000e+00  0.00000  1.00000  0.00000  0.99623  0.00000  0.00000  0.99991  0.40678
4.180000000e+00  0.00000  1.00000  0.00000  0.99553  0.00000  0.00000  0.99991  0.40814
4.190000000e+00  0.00000  1.00000  0.00000  0.99554  0.00000  0.00000  0.99991  0.41027
4.200000000e+00  0.00000  1.00000  0.00000  0.99497  0.00000  0.00000  0.99991  0.41552
4.210000000e+00  0.00000  1.00000  0.00000  0.99220  0.00000  0.00000  0.99991  0.41867
4.220000000e+00  0.00000  1.00000  0.00000  0.99254  0.00000  0.00000  0.99991  0.41946
4.230000000e+00  0.00000  1.00000  0.00000  0.99180  0.00000  0.00000  0.99991  0.41670
4.240000000e+00  0.00000  1.00000  0.00000  0.99383  0.00000  0.00000  0.99991  0.40843
4.250000000e+00  0.00000  1.00000  0.00000  0.98457  0.00000  0.00000  0.99991  0.39293
4.260000000e+00  0.00000  1.00000  0.00000  0.98082  0.00000  0.00000  0.99991  0.36396
4.270000000e+00  0.00000  1.00000  0.00000  0.99330  0.00000  0.00000  0.99991  0.32115
4.280000000e+00  0.00000  1.00000  0.00000  0.97227  0.00000  0.00000  0.99992  0.29178
4.290000000e+00  0.00000  1.00000  0.00000  0.96819  0.00000  0.00000  0.99992  0.27391
4.300000000e+00  0.00000  1.00000  0.00000  0.96409  0.00000  0.00000  0.99992  0.27867
4.310000000e+00  0.00000  1.00000  0.00000  0.93830  0.00000  0.00000  0.99992  0.30624
4.320000000e+00  0.00000  1.00000  0.00000  0.95059  0.00000  0.00000  0.99992  0.34608
4.330000000e+00  0.00000  1.00000  0.00000  0.94903  0.00000  0.00000  0.99992  0.40047
4.340000000e+00  0.00000  1.00000  0.00000  0.93783  0.00000  0.00000  0.99992  0.44588
4.350000000e+00  0.00000  1.00000  0.00000  0.93384  0.00000  0.00000  0.99992  0.48042
4.360000000e+00  0.00000  1.00000  0.00000  0.91146  0.00000  0.00000  0.99992  0.50542
4.370000000e+00  0.00000  1.00000  0.00000  0.82147  0.00000  0.00000  0.99992  0.52338
4.380000000e+00  0.00000  1.00000  0.00000  0.93684  0.00000  0.00000  0.99992  0.53684
4.390000000e+00  0.00000  1.00000  0.00000  0.91296  0.00000  0.00000  0.99992  0.54909
4.400000000e+00  0.00000  1.00000  0.00000  0.87104  0.00000  0.00000  0.99992  0.55770
4.410000000e+00  0.00000  1.00000  0.00000  0.75035  0.00000  0.00000  0.99993  0.56890
4.420000000e+00  0.00000  1.00000  0.00000  0.95790  0.00000  0.00000  0.99993  0.57959
4.430000000e+00  0.00000  1.00000  0.00000  0.85255  0.00000  0.00000  0.99993  0.59204
4.440000000e+00  0.00000  1.00000  0.00000  0.69315  0.00000  0.00000  0.99993  0.60539
4.450000000e+00  0.00000  1.00000  0.00000  0.75944  0.00000  0.00000  0.99993  0.62108
4.460000000e+00  0.00000  1.00000  0.00000  0.78867  0.00000  0.00000  0.99993  0.63665
4.470000000e+00  0.00000  1.00000  0.00000  0.80829  0.00000  0.00000  0.99993  0.65565
4.480000000e+00  0.00000  1.00000  0.00000  0.78638  0.00000  0.00000  0.99993  0.67343
4.490000000e+00  0.00000  1.00000  0.00000  0.82948  0.00000  0.00000  0.99993  0.69402
4.500000000e+00  0.00000  1.00000  0.00000  0.85555  0.00000  0.00000  0.99993  0.71307
4.510000000e+00  0.00000  1.00000  0.00000  0.84721  0.00000  0.00000  0.99993  0.73388
4.520000000e+00  0.00000  1.00000  0.00000  0.77503  0.00000  0.00000  0.99993  0.75413
4.530000000e+00  0.00000  1.00000  0.00000  0.64688  0.00000  0.00000  0.99993  0.77391
4.540000000e+00  0.00000  1.00000  0.00002  0.62547  0.00000  0.00000  0.99993  0.79337
4.550000000e+00  0.00000  1.00000  0.00020  0.80611  0.00000  0.00000  0.99993  0.81206
4.560000000e+00  0.00000  1.00000  0.00438  0.89987  0.00000  0.00000  0.99993  0.82995
4.570000000e+00  0.00000  1.00000  0.03157  0.79746  0.00000  0.00000  0.99993  0.84615
4.580000000e+00  0.00000  1.00000  0.11106  0.69566  0.00000  0.00000  0.99994  0.86200
4.590000000e+00  0.00000  1.00000  0.16220  0.76231  0.00000  0.00000  0.99994  0.87645
4.600000000e+00  0.00000  1.00000  0.24003  0.79714  0.00000  0.00000  0.99994  0.88974
4.610000000e+00  0.00000  1.00000  0.29998  0.83576  0.00000  0.00000  0.99994  0.90199
4.620000000e+00  0.00000  1.00000  0.24881  0.78879  0.00000  0.00000  0.99994  0.91318
4.630000000e+00  0.00000  1.00000  0.11106  0.58874  0.00000  0.00000  0.99994  0.92327
4.640000000e+00  0.00000  1.00000  0.08512  0.59910  0.00000  0.00000  0.99994  0.93238
4.650000000e+00  0.00000  1.00000  0.06921  0.61614  0.00000  0.00000  0.99994  0.94060
4.660000000e+00  0.00000  1.00000  0.06953  0.55120  0.00000  0.00000  0.99994  0.94798
4.670000000e+00  0.00000  1.00000  0.07623  0.47932  0.00000  0.00000  0.99994  0.95423
4.680000000e+00  0.00000  1.00000  0.02715  0.48706  0.00000  0.00000  0.99994  0.95939
4.690000000e+00  0.00000  1.00000  0.01182  0.20595  0.00000  0.00000  0.99994  0.96444
4.700000000e+00  0.00000  1.00000  0.00132  0.85823  0.00000  0.00000  0.99994  0.96868
4.710000000e+00  0.00000  1.00000  0.00004  0.75598  0.00000  0.00000  0.99994  0.97229
4.720000000e+00  0.00000  1.00000  0.00002  0.42633  0.00000  0.00000  0.99994  0.97571
4.730000000e+00  0.00000  1.00000  0.00000  0.56994  0.00000  0.00000  0.99994  0.97832
4.740000000e+00  0.00000  1.00000  0.00000  0.41105  0.00000  0.00000  0.99994  0.98114
4.750000000e+00  0.00000  1.00000  0.00000  0.64950  0.00000  0.00000  0.99994  0.98342
4.760000000e+00  0.00000  1.00000  0.00000  0.53705  0.00000  0.00000  0.99994  0.98549
4.770000000e+00  0.00000  1.00000  0.00000  0.54868  0.00000  0.00000  0.99994  0.98728
4.780000000e+00  0.00000  1.00000  0.00000  0.41623  0.00000  0.00000  0.99995  0.98829
4.790000000e+00  0.00000  1.00000  0.00000  0.24439  0.00000  0.00000  0.99995  0.98970
4.800000000e+00  0.00000  1.00000  0.00000  0.29158  0.00000  0.00000  0.99995  0.99142
4.810000000e+00  0.00000  1.00000  0.00000  0.45455  0.00000  0.00000  0.99995  0.99261
4.820000000e+00  0.00000  1.00000  0.00000  0.39608  0.00000  0.00000  0.99995  0.99351
4.830000000e+00  0.00000  1.00000  0.00000  0.23431  0.00000  0.00000  0.99995  0.99451
4.840000000e+00  0.00000  1.00000  0.00000  0.43353  0.00000  0.00000  0.99995  0.99266
4.850000000e+00  0.00000  1.00000  0.00000  0.11471  0.00000  0.00000  0.99995  0.99477
4.860000000e+00  0.00000  1.00000  0.00000  0.07647  0.00000  0.00000  0.99995  0.99635
4.870000000e+00  0.00000  1.00000  0.00000  0.57343  0.00000  0.00000  0.99995  0.99691
4.880000000e+00  0.00000  1.00000  0.00000  0.57295  0.00000  0.00000  0.99995  0.99727
4.890000000e+00  0.00000  1.00000  0.00000  0.50726  0.00000  0.00000  0.99995  0.99712
4.900000000e+00  0.00000  1.00000  0.00000  0.07019  0.00000  0.00000  0.99995  0.99568
4.910000000e+00  0.00000  1.00000  0.00000  0.04029  0.00000  0.00000  0.99995  0.99784
4.920000000e+00  0.00000  1.00000  0.00000  0.25150  0.00000  0.00000  0.99995  0.99818
4.930000000e+00  0.00000  1.00000  0.00000  0.48658  0.00000  0.00000  0.99995  0.99836
4.940000000e+00  0.00000  1.00000  0.00011  0.24775  0.00000  0.00000  0.99995  0.99839
4.950000000e+00  0.00000  1.00000  0.00053  0.06469  0.00000  0.00000  0.99995  0.99724
4.960000000e+00  0.00000  1.00000  0.00126  0.01907  0.00000  0.00000  0.99995  0.99179
4.970000000e+00  0.00000  1.00000  0.01062  0.00731  0.00000  0.00000  0.99995  0.99885
4.980000000e+00  0.00000  1.00000  0.03159  0.14397  0.00000  0.00000  0.99995  0.99895
4.990000000e+00  0.00000  1.00000  0.08107  0.03622  0.00000  0.00000  0.99995  0.99917
5.000000000e+00  0.00000  1.00000  0.07439  0.24969  0.00000  0.00000  0.99995  0.99920
