# ------------------------------------------------------------------------
# NASA-GSFC Planetary Spectrum Generator (PSG, Villanueva et al. 2015)
# Atmospheric transmittance spectrum synthesized with PUMAS (Villanueva et al. 2016, Smith et al. 2009, Edwards 1992)
# Synthesized on Tue Nov 21 15:08:48 2017
# Molecular abundance profile: 
# Molecules considered: N2,CO2,H2O
# Molecular sources: HIT[22],HIT[2],HIT[1]
# Molecular abundances: 1,1,1
# Molecular abundance units: scl,scl,scl
# Collission-Induced-Absorption:  N2-N2(3.33-5.41um)
# Rayleigh scattering included
# ------------------------------------------------------------------------
# Aerosols considered: WaterIce,Cloud
# Aerosols sources: CRISM_Wolff[reff=2.0um 0.31-99.57um],White_GSFC[reff=1.0um 0.10-1000000.00um]
# Aerosols opacities: 1,1
# Aerosols opacity units: scl,scl
# ------------------------------------------------------------------------
# Spectral unit: Wavelength [um]
# Wave/freq Total N2 CO2 H2O WaterIce Cloud Rayleigh CIA
1.000000000e+00  0.00000  1.00000  0.99996  0.97432  0.00000  0.00000  0.97243  1.00000
1.010000000e+00  0.00000  1.00000  0.99999  0.96584  0.00000  0.00000  0.97349  1.00000
1.020000000e+00  0.00000  1.00000  1.00000  0.98396  0.00000  0.00000  0.97450  1.00000
1.030000000e+00  0.00000  1.00000  0.99999  0.98631  0.00000  0.00000  0.97547  1.00000
1.040000000e+00  0.00000  1.00000  0.79618  0.99837  0.00000  0.00000  0.97639  1.00000
1.050000000e+00  0.00000  1.00000  0.98655  0.99936  0.00000  0.00000  0.97726  1.00000
1.060000000e+00  0.00000  1.00000  0.96671  0.99813  0.00000  0.00000  0.97810  1.00000
1.070000000e+00  0.00000  1.00000  0.94049  0.98696  0.00000  0.00000  0.97890  1.00000
1.080000000e+00  0.00000  1.00000  0.99390  0.93848  0.00000  0.00000  0.97966  1.00000
1.090000000e+00  0.00000  1.00000  0.99963  0.88453  0.00000  0.00000  0.98039  1.00000
1.100000000e+00  0.00000  1.00000  0.99828  0.76038  0.00000  0.00000  0.98109  1.00000
1.110000000e+00  0.00000  1.00000  1.00000  0.48877  0.00000  0.00000  0.98175  1.00000
1.120000000e+00  0.00000  1.00000  0.97623  0.07529  0.00000  0.00000  0.98239  1.00000
1.130000000e+00  0.00000  1.00000  0.99654  0.01868  0.00000  0.00000  0.98300  1.00000
1.140000000e+00  0.00000  1.00000  0.99255  0.17447  0.00000  0.00000  0.98358  1.00000
1.150000000e+00  0.00000  1.00000  0.99779  0.08708  0.00000  0.00000  0.98414  1.00000
1.160000000e+00  0.00000  1.00000  0.99753  0.29532  0.00000  0.00000  0.98468  1.00000
1.170000000e+00  0.00000  1.00000  0.99992  0.56459  0.00000  0.00000  0.98519  1.00000
1.180000000e+00  0.00000  1.00000  0.99951  0.71280  0.00000  0.00000  0.98568  1.00000
1.190000000e+00  0.00000  1.00000  0.99995  0.65236  0.00000  0.00000  0.98615  1.00000
1.200000000e+00  0.00000  1.00000  0.99981  0.67894  0.00000  0.00000  0.98661  1.00000
1.210000000e+00  0.00000  1.00000  0.08565  0.79028  0.00000  0.00000  0.98704  1.00000
1.220000000e+00  0.00000  1.00000  0.56739  0.85422  0.00000  0.00000  0.98746  1.00000
1.230000000e+00  0.00000  1.00000  0.39068  0.89205  0.00000  0.00000  0.98786  1.00000
1.240000000e+00  0.00000  1.00000  0.83790  0.98168  0.00000  0.00000  0.98824  1.00000
1.250000000e+00  0.00000  1.00000  0.98852  0.99662  0.00000  0.00000  0.98861  1.00000
1.260000000e+00  0.00000  1.00000  0.95776  0.99677  0.00000  0.00000  0.98897  1.00000
1.270000000e+00  0.00000  1.00000  0.95947  0.99008  0.00000  0.00000  0.98931  1.00000
1.280000000e+00  0.00000  1.00000  0.99902  0.97814  0.00000  0.00000  0.98964  1.00000
1.290000000e+00  0.00000  1.00000  0.88101  0.94040  0.00000  0.00000  0.98995  1.00000
1.300000000e+00  0.00000  1.00000  0.82858  0.84253  0.00000  0.00000  0.99026  1.00000
1.310000000e+00  0.00000  1.00000  0.99204  0.72621  0.00000  0.00000  0.99055  1.00000
1.320000000e+00  0.00000  1.00000  0.41571  0.55729  0.00000  0.00000  0.99083  1.00000
1.330000000e+00  0.00000  1.00000  0.96758  0.40961  0.00000  0.00000  0.99110  1.00000
1.340000000e+00  0.00000  1.00000  0.56877  0.25647  0.00000  0.00000  0.99137  1.00000
1.350000000e+00  0.00000  1.00000  0.85162  0.01791  0.00000  0.00000  0.99162  1.00000
1.360000000e+00  0.00000  1.00000  0.98753  0.00000  0.00000  0.00000  0.99186  1.00000
1.370000000e+00  0.00000  1.00000  0.96986  0.00000  0.00000  0.00000  0.99209  1.00000
1.380000000e+00  0.00000  1.00000  0.96139  0.00000  0.00000  0.00000  0.99232  1.00000
1.390000000e+00  0.00000  1.00000  0.99279  0.00000  0.00000  0.00000  0.99254  1.00000
1.400000000e+00  0.00000  1.00000  0.99611  0.00002  0.00000  0.00000  0.99275  1.00000
1.410000000e+00  0.00000  1.00000  0.99980  0.00000  0.00000  0.00000  0.99295  1.00000
1.420000000e+00  0.00000  1.00000  0.99942  0.00199  0.00000  0.00000  0.99315  1.00000
1.430000000e+00  0.00000  1.00000  0.68538  0.00552  0.00000  0.00000  0.99334  1.00000
1.440000000e+00  0.00000  1.00000  0.00000  0.00613  0.00000  0.00000  0.99352  1.00000
1.450000000e+00  0.00000  1.00000  0.01220  0.03717  0.00000  0.00000  0.99369  1.00000
1.460000000e+00  0.00000  1.00000  0.63200  0.12623  0.00000  0.00000  0.99387  1.00000
1.470000000e+00  0.00000  1.00000  0.97369  0.04178  0.00000  0.00000  0.99403  1.00000
1.480000000e+00  0.00000  1.00000  0.41351  0.09956  0.00000  0.00000  0.99419  1.00000
1.490000000e+00  0.00000  1.00000  0.74693  0.09994  0.00000  0.00000  0.99434  1.00000
1.500000000e+00  0.00000  1.00000  0.55713  0.42830  0.00000  0.00000  0.99449  1.00000
1.510000000e+00  0.00000  1.00000  0.98132  0.57749  0.00000  0.00000  0.99464  1.00000
1.520000000e+00  0.00000  1.00000  0.98598  0.75144  0.00000  0.00000  0.99478  1.00000
1.530000000e+00  0.00000  1.00000  0.32261  0.83119  0.00000  0.00000  0.99491  1.00000
1.540000000e+00  0.00000  1.00000  0.13505  0.93918  0.00000  0.00000  0.99504  1.00000
1.550000000e+00  0.00000  1.00000  0.64802  0.96803  0.00000  0.00000  0.99517  1.00000
1.560000000e+00  0.00000  1.00000  0.93824  0.99114  0.00000  0.00000  0.99529  1.00000
1.570000000e+00  0.00000  1.00000  0.30386  0.98309  0.00000  0.00000  0.99541  1.00000
1.580000000e+00  0.00000  1.00000  0.00020  0.98649  0.00000  0.00000  0.99552  1.00000
1.590000000e+00  0.00000  1.00000  0.33751  0.98769  0.00000  0.00000  0.99563  1.00000
1.600000000e+00  0.00000  1.00000  0.21418  0.98115  0.00000  0.00000  0.99574  1.00000
1.610000000e+00  0.00000  1.00000  0.00213  0.99307  0.00000  0.00000  0.99585  1.00000
1.620000000e+00  0.00000  1.00000  0.01791  0.99313  0.00000  0.00000  0.99595  1.00000
1.630000000e+00  0.00000  1.00000  0.39063  0.99764  0.00000  0.00000  0.99605  1.00000
1.640000000e+00  0.00000  1.00000  0.30652  0.99281  0.00000  0.00000  0.99614  1.00000
1.650000000e+00  0.00000  1.00000  0.23255  0.98064  0.00000  0.00000  0.99623  1.00000
1.660000000e+00  0.00000  1.00000  0.38992  0.97822  0.00000  0.00000  0.99632  1.00000
1.670000000e+00  0.00000  1.00000  0.56023  0.97917  0.00000  0.00000  0.99641  1.00000
1.680000000e+00  0.00000  1.00000  0.80004  0.96783  0.00000  0.00000  0.99650  1.00000
1.690000000e+00  0.00000  1.00000  0.93730  0.97342  0.00000  0.00000  0.99658  1.00000
1.700000000e+00  0.00000  1.00000  0.98468  0.90293  0.00000  0.00000  0.99666  1.00000
1.710000000e+00  0.00000  1.00000  0.92861  0.90289  0.00000  0.00000  0.99673  1.00000
1.720000000e+00  0.00000  1.00000  0.96307  0.91987  0.00000  0.00000  0.99681  1.00000
1.730000000e+00  0.00000  1.00000  0.99258  0.87120  0.00000  0.00000  0.99688  1.00000
1.740000000e+00  0.00000  1.00000  0.99937  0.76387  0.00000  0.00000  0.99695  1.00000
1.750000000e+00  0.00000  1.00000  0.99893  0.69772  0.00000  0.00000  0.99702  1.00000
1.760000000e+00  0.00000  1.00000  0.89577  0.70987  0.00000  0.00000  0.99709  1.00000
1.770000000e+00  0.00000  1.00000  0.95765  0.54410  0.00000  0.00000  0.99715  1.00000
1.780000000e+00  0.00000  1.00000  0.99501  0.37153  0.00000  0.00000  0.99722  1.00000
1.790000000e+00  0.00000  1.00000  0.88052  0.22126  0.00000  0.00000  0.99728  1.00000
1.800000000e+00  0.00000  1.00000  0.94963  0.09761  0.00000  0.00000  0.99734  1.00000
1.810000000e+00  0.00000  1.00000  0.98720  0.01225  0.00000  0.00000  0.99740  1.00000
1.820000000e+00  0.00000  1.00000  0.99547  0.00078  0.00000  0.00000  0.99745  1.00000
1.830000000e+00  0.00000  1.00000  0.99925  0.00001  0.00000  0.00000  0.99751  1.00000
1.840000000e+00  0.00000  1.00000  0.99971  0.00000  0.00000  0.00000  0.99756  1.00000
1.850000000e+00  0.00000  1.00000  0.99752  0.00000  0.00000  0.00000  0.99762  1.00000
1.860000000e+00  0.00000  1.00000  0.99708  0.00000  0.00000  0.00000  0.99767  1.00000
1.870000000e+00  0.00000  1.00000  0.97866  0.00000  0.00000  0.00000  0.99772  1.00000
1.880000000e+00  0.00000  1.00000  0.10620  0.00000  0.00000  0.00000  0.99776  1.00000
1.890000000e+00  0.00000  1.00000  0.12383  0.00000  0.00000  0.00000  0.99781  1.00000
1.900000000e+00  0.00000  1.00000  0.51480  0.00002  0.00000  0.00000  0.99786  1.00000
1.910000000e+00  0.00000  1.00000  0.64320  0.00000  0.00000  0.00000  0.99790  1.00000
1.920000000e+00  0.00000  1.00000  0.86140  0.00001  0.00000  0.00000  0.99794  1.00000
1.930000000e+00  0.00000  1.00000  0.84001  0.00002  0.00000  0.00000  0.99799  1.00000
1.940000000e+00  0.00000  1.00000  0.18877  0.00050  0.00000  0.00000  0.99803  1.00000
1.950000000e+00  0.00000  1.00000  0.00000  0.00747  0.00000  0.00000  0.99807  1.00000
1.960000000e+00  0.00000  1.00000  0.00000  0.02101  0.00000  0.00000  0.99811  1.00000
1.970000000e+00  0.00000  1.00000  0.00000  0.24264  0.00000  0.00000  0.99814  1.00000
1.980000000e+00  0.00000  1.00000  0.00000  0.36825  0.00000  0.00000  0.99818  1.00000
1.990000000e+00  0.00000  1.00000  0.00400  0.43090  0.00000  0.00000  0.99822  1.00000
2.000000000e+00  0.00000  1.00000  0.00000  0.56071  0.00000  0.00000  0.99825  1.00000
2.010000000e+00  0.00000  1.00000  0.00000  0.45970  0.00000  0.00000  0.99829  1.00000
2.020000000e+00  0.00000  1.00000  0.00000  0.61062  0.00000  0.00000  0.99832  1.00000
2.030000000e+00  0.00000  1.00000  0.00000  0.82030  0.00000  0.00000  0.99835  1.00000
2.040000000e+00  0.00000  1.00000  0.00000  0.84816  0.00000  0.00000  0.99839  1.00000
2.050000000e+00  0.00000  1.00000  0.00000  0.92891  0.00000  0.00000  0.99842  1.00000
2.060000000e+00  0.00000  1.00000  0.00000  0.85357  0.00000  0.00000  0.99845  1.00000
2.070000000e+00  0.00000  1.00000  0.00000  0.88126  0.00000  0.00000  0.99848  1.00000
2.080000000e+00  0.00000  1.00000  0.00000  0.92191  0.00000  0.00000  0.99851  1.00000
2.090000000e+00  0.00000  1.00000  0.00000  0.91971  0.00000  0.00000  0.99853  1.00000
2.100000000e+00  0.00000  1.00000  0.00004  0.95200  0.00000  0.00000  0.99856  1.00000
2.110000000e+00  0.00000  1.00000  0.01835  0.96186  0.00000  0.00000  0.99859  1.00000
2.120000000e+00  0.00000  1.00000  0.06620  0.90005  0.00000  0.00000  0.99862  1.00000
2.130000000e+00  0.00000  1.00000  0.43702  0.86022  0.00000  0.00000  0.99864  1.00000
2.140000000e+00  0.00000  1.00000  0.63090  0.96695  0.00000  0.00000  0.99867  1.00000
2.150000000e+00  0.00000  1.00000  0.27456  0.98437  0.00000  0.00000  0.99869  1.00000
2.160000000e+00  0.00000  1.00000  0.34455  0.93972  0.00000  0.00000  0.99872  1.00000
2.170000000e+00  0.00000  1.00000  0.22806  0.87375  0.00000  0.00000  0.99874  1.00000
2.180000000e+00  0.00000  1.00000  0.53914  0.89636  0.00000  0.00000  0.99876  1.00000
2.190000000e+00  0.00000  1.00000  0.83002  0.78167  0.00000  0.00000  0.99878  1.00000
2.200000000e+00  0.00000  1.00000  0.88551  0.86538  0.00000  0.00000  0.99881  1.00000
2.210000000e+00  0.00000  1.00000  0.96446  0.90389  0.00000  0.00000  0.99883  1.00000
2.220000000e+00  0.00000  1.00000  0.95040  0.92655  0.00000  0.00000  0.99885  1.00000
2.230000000e+00  0.00000  1.00000  0.95402  0.95083  0.00000  0.00000  0.99887  1.00000
2.240000000e+00  0.00000  1.00000  0.98684  0.97690  0.00000  0.00000  0.99889  1.00000
2.250000000e+00  0.00000  1.00000  0.97804  0.98078  0.00000  0.00000  0.99891  1.00000
2.260000000e+00  0.00000  1.00000  0.94815  0.99257  0.00000  0.00000  0.99893  1.00000
2.270000000e+00  0.00000  1.00000  0.98748  0.98433  0.00000  0.00000  0.99895  1.00000
2.280000000e+00  0.00000  1.00000  0.97355  0.99711  0.00000  0.00000  0.99897  1.00000
2.290000000e+00  0.00000  1.00000  0.99185  0.98521  0.00000  0.00000  0.99898  1.00000
2.300000000e+00  0.00000  1.00000  0.99599  0.91364  0.00000  0.00000  0.99900  1.00000
2.310000000e+00  0.00000  1.00000  0.99745  0.97203  0.00000  0.00000  0.99902  1.00000
2.320000000e+00  0.00000  1.00000  0.99903  0.92985  0.00000  0.00000  0.99903  1.00000
2.330000000e+00  0.00000  1.00000  0.99988  0.92290  0.00000  0.00000  0.99905  1.00000
2.340000000e+00  0.00000  1.00000  0.99989  0.93882  0.00000  0.00000  0.99907  1.00000
2.350000000e+00  0.00000  1.00000  0.99987  0.84086  0.00000  0.00000  0.99908  1.00000
2.360000000e+00  0.00000  1.00000  0.99967  0.71029  0.00000  0.00000  0.99910  1.00000
2.370000000e+00  0.00000  1.00000  0.99821  0.73245  0.00000  0.00000  0.99911  1.00000
2.380000000e+00  0.00000  1.00000  0.99714  0.54704  0.00000  0.00000  0.99913  1.00000
2.390000000e+00  0.00000  1.00000  0.99066  0.43567  0.00000  0.00000  0.99914  1.00000
2.400000000e+00  0.00000  1.00000  0.98875  0.52773  0.00000  0.00000  0.99916  1.00000
2.410000000e+00  0.00000  1.00000  0.98697  0.35374  0.00000  0.00000  0.99917  1.00000
2.420000000e+00  0.00000  1.00000  0.99684  0.16823  0.00000  0.00000  0.99918  1.00000
2.430000000e+00  0.00000  1.00000  0.99991  0.36751  0.00000  0.00000  0.99920  1.00000
2.440000000e+00  0.00000  1.00000  0.99986  0.08085  0.00000  0.00000  0.99921  1.00000
2.450000000e+00  0.00000  1.00000  0.99965  0.14587  0.00000  0.00000  0.99922  1.00000
2.460000000e+00  0.00000  1.00000  0.99948  0.23460  0.00000  0.00000  0.99924  1.00000
2.470000000e+00  0.00000  1.00000  0.99231  0.20094  0.00000  0.00000  0.99925  1.00000
2.480000000e+00  0.00000  1.00000  0.96954  0.09735  0.00000  0.00000  0.99926  1.00000
2.490000000e+00  0.00000  1.00000  0.31770  0.00495  0.00000  0.00000  0.99927  1.00000
2.500000000e+00  0.00000  1.00000  0.73493  0.00427  0.00000  0.00000  0.99928  1.00000
2.510000000e+00  0.00000  1.00000  0.70330  0.00121  0.00000  0.00000  0.99929  1.00000
2.520000000e+00  0.00000  1.00000  0.68080  0.00033  0.00000  0.00000  0.99931  1.00000
2.530000000e+00  0.00000  1.00000  0.83661  0.00000  0.00000  0.00000  0.99932  1.00000
2.540000000e+00  0.00000  1.00000  0.89921  0.00000  0.00000  0.00000  0.99933  1.00000
2.550000000e+00  0.00000  1.00000  0.97465  0.00000  0.00000  0.00000  0.99934  1.00000
2.560000000e+00  0.00000  1.00000  0.94350  0.00000  0.00000  0.00000  0.99935  1.00000
2.570000000e+00  0.00000  1.00000  0.96637  0.00000  0.00000  0.00000  0.99936  1.00000
2.580000000e+00  0.00000  1.00000  0.78676  0.00000  0.00000  0.00000  0.99937  1.00000
2.590000000e+00  0.00000  1.00000  0.53982  0.00000  0.00000  0.00000  0.99938  1.00000
2.600000000e+00  0.00000  1.00000  0.64354  0.00000  0.00000  0.00000  0.99939  1.00000
2.610000000e+00  0.00000  1.00000  0.18037  0.00000  0.00000  0.00000  0.99940  1.00000
2.620000000e+00  0.00000  1.00000  0.06817  0.00000  0.00000  0.00000  0.99941  1.00000
2.630000000e+00  0.00000  1.00000  0.24331  0.00000  0.00000  0.00000  0.99941  1.00000
2.640000000e+00  0.00000  1.00000  0.20473  0.00000  0.00000  0.00000  0.99942  1.00000
2.650000000e+00  0.00000  1.00000  0.36798  0.00000  0.00000  0.00000  0.99943  1.00000
2.660000000e+00  0.00000  1.00000  0.00059  0.00000  0.00000  0.00000  0.99944  1.00000
2.670000000e+00  0.00000  1.00000  0.00000  0.00000  0.00000  0.00000  0.99945  1.00000
2.680000000e+00  0.00000  1.00000  0.00000  0.00000  0.00000  0.00000  0.99946  1.00000
2.690000000e+00  0.00000  1.00000  0.00000  0.00000  0.00000  0.00000  0.99947  1.00000
2.700000000e+00  0.00000  1.00000  0.00000  0.00000  0.00000  0.00000  0.99947  1.00000
2.710000000e+00  0.00000  1.00000  0.00000  0.00000  0.00000  0.00000  0.99948  1.00000
2.720000000e+00  0.00000  1.00000  0.00000  0.00000  0.00000  0.00000  0.99949  1.00000
2.730000000e+00  0.00000  1.00000  0.00000  0.00000  0.00000  0.00000  0.99950  1.00000
2.740000000e+00  0.00000  1.00000  0.00000  0.00000  0.00000  0.00000  0.99950  1.00000
2.750000000e+00  0.00000  1.00000  0.00000  0.00000  0.00000  0.00000  0.99951  1.00000
2.760000000e+00  0.00000  1.00000  0.00000  0.00000  0.00000  0.00000  0.99952  1.00000
2.770000000e+00  0.00000  1.00000  0.00000  0.00000  0.00000  0.00000  0.99952  1.00000
2.780000000e+00  0.00000  1.00000  0.00000  0.00000  0.00000  0.00000  0.99953  1.00000
2.790000000e+00  0.00000  1.00000  0.00000  0.00000  0.00000  0.00000  0.99954  1.00000
2.800000000e+00  0.00000  1.00000  0.00000  0.00000  0.00001  0.00000  0.99954  1.00000
2.810000000e+00  0.00000  1.00000  0.00000  0.00000  0.00000  0.00000  0.99955  1.00000
2.820000000e+00  0.00000  1.00000  0.00000  0.00000  0.00000  0.00000  0.99956  1.00000
2.830000000e+00  0.00000  1.00000  0.00000  0.00000  0.00000  0.00000  0.99956  1.00000
2.840000000e+00  0.00000  1.00000  0.00000  0.00000  0.00000  0.00000  0.99957  1.00000
2.850000000e+00  0.00000  1.00000  0.00000  0.00000  0.00000  0.00000  0.99958  1.00000
2.860000000e+00  0.00000  1.00000  0.00000  0.00000  0.00000  0.00000  0.99958  1.00000
2.870000000e+00  0.00000  1.00000  0.00000  0.00002  0.00000  0.00000  0.99959  1.00000
2.880000000e+00  0.00000  1.00000  0.00000  0.00006  0.00000  0.00000  0.99959  1.00000
2.890000000e+00  0.00000  1.00000  0.00002  0.00004  0.00000  0.00000  0.99960  1.00000
2.900000000e+00  0.00000  1.00000  0.00393  0.00362  0.00000  0.00000  0.99960  1.00000
2.910000000e+00  0.00000  1.00000  0.08029  0.00100  0.00000  0.00000  0.99961  1.00000
2.920000000e+00  0.00000  1.00000  0.34375  0.00150  0.00000  0.00000  0.99961  1.00000
2.930000000e+00  0.00000  1.00000  0.55450  0.00878  0.00000  0.00000  0.99962  1.00000
2.940000000e+00  0.00000  1.00000  0.68557  0.03865  0.00000  0.00000  0.99962  1.00000
2.950000000e+00  0.00000  1.00000  0.82025  0.00109  0.00000  0.00000  0.99963  1.00000
2.960000000e+00  0.00000  1.00000  0.41694  0.01180  0.00000  0.00000  0.99963  1.00000
2.970000000e+00  0.00000  1.00000  0.05081  0.03736  0.00000  0.00000  0.99964  1.00000
2.980000000e+00  0.00000  1.00000  0.00368  0.00006  0.00000  0.00000  0.99964  1.00000
2.990000000e+00  0.00000  1.00000  0.01441  0.05343  0.00000  0.00000  0.99965  1.00000
3.000000000e+00  0.00000  1.00000  0.28509  0.08324  0.00000  0.00000  0.99965  1.00000
3.010000000e+00  0.00000  1.00000  0.30105  0.06117  0.00000  0.00000  0.99966  1.00000
3.020000000e+00  0.00000  1.00000  0.05620  0.04308  0.00000  0.00000  0.99966  1.00000
3.030000000e+00  0.00000  1.00000  0.11385  0.03778  0.00000  0.00000  0.99967  1.00000
3.040000000e+00  0.00000  1.00000  0.31474  0.00643  0.00000  0.00000  0.99967  1.00000
3.050000000e+00  0.00000  1.00000  0.63449  0.00799  0.00000  0.00000  0.99968  1.00000
3.060000000e+00  0.00000  1.00000  0.68627  0.01412  0.00000  0.00000  0.99968  1.00000
3.070000000e+00  0.00000  1.00000  0.83509  0.00732  0.00000  0.00000  0.99968  1.00000
3.080000000e+00  0.00000  1.00000  0.87091  0.02930  0.00000  0.00000  0.99969  1.00000
3.090000000e+00  0.00000  1.00000  0.92997  0.00075  0.00000  0.00000  0.99969  1.00000
3.100000000e+00  0.00000  1.00000  0.89681  0.00068  0.00000  0.00000  0.99970  1.00000
3.110000000e+00  0.00000  1.00000  0.71680  0.01095  0.00000  0.00000  0.99970  1.00000
3.120000000e+00  0.00000  1.00000  0.49154  0.00152  0.00000  0.00000  0.99970  1.00000
3.130000000e+00  0.00000  1.00000  0.39783  0.06228  0.00000  0.00000  0.99971  1.00000
3.140000000e+00  0.00000  1.00000  0.55669  0.14486  0.00000  0.00000  0.99971  1.00000
3.150000000e+00  0.00000  1.00000  0.75817  0.02771  0.00000  0.00000  0.99972  1.00000
3.160000000e+00  0.00000  1.00000  0.60668  0.10604  0.00000  0.00000  0.99972  1.00000
3.170000000e+00  0.00000  1.00000  0.43517  0.64879  0.00000  0.00000  0.99972  1.00000
3.180000000e+00  0.00000  1.00000  0.49886  0.49831  0.00000  0.00000  0.99973  1.00000
3.190000000e+00  0.00000  1.00000  0.66808  0.21680  0.00000  0.00000  0.99973  1.00000
3.200000000e+00  0.00000  1.00000  0.83368  0.04958  0.00000  0.00000  0.99973  1.00000
3.210000000e+00  0.00000  1.00000  0.93380  0.00002  0.00000  0.00000  0.99974  1.00000
3.220000000e+00  0.00000  1.00000  0.91109  0.00012  0.00000  0.00000  0.99974  1.00000
3.230000000e+00  0.00000  1.00000  0.90423  0.00223  0.00000  0.00000  0.99974  1.00000
3.240000000e+00  0.00000  1.00000  0.94973  0.11598  0.00000  0.00000  0.99975  1.00000
3.250000000e+00  0.00000  1.00000  0.98777  0.03917  0.00000  0.00000  0.99975  1.00000
3.260000000e+00  0.00000  1.00000  0.99654  0.28156  0.00000  0.00000  0.99975  1.00000
3.270000000e+00  0.00000  1.00000  0.99614  0.01732  0.00000  0.00000  0.99975  1.00000
3.280000000e+00  0.00000  1.00000  0.99676  0.05249  0.00000  0.00000  0.99976  1.00000
3.290000000e+00  0.00000  1.00000  0.99852  0.28431  0.00000  0.00000  0.99976  1.00000
3.300000000e+00  0.00000  1.00000  0.99935  0.13373  0.00000  0.00000  0.99976  1.00000
3.310000000e+00  0.00000  1.00000  0.99948  0.01637  0.00000  0.00000  0.99977  1.00000
3.320000000e+00  0.00000  1.00000  0.99900  0.18850  0.00000  0.00000  0.99977  1.00000
3.330000000e+00  0.00000  1.00000  0.99373  0.05790  0.00000  0.00000  0.99977  1.00000
3.340000000e+00  0.00000  1.00000  0.97873  0.35321  0.00000  0.00000  0.99977  0.99984
3.350000000e+00  0.00000  1.00000  0.96607  0.12333  0.00000  0.00000  0.99978  0.99979
3.360000000e+00  0.00000  1.00000  0.86156  0.12717  0.00000  0.00000  0.99978  0.99985
3.370000000e+00  0.00000  1.00000  0.96002  0.17638  0.00000  0.00000  0.99978  0.99974
3.380000000e+00  0.00000  1.00000  0.97140  0.28954  0.00000  0.00000  0.99978  0.99990
3.390000000e+00  0.00000  1.00000  0.98467  0.42751  0.00000  0.00000  0.99979  0.99987
3.400000000e+00  0.00000  1.00000  0.99443  0.64262  0.00000  0.00000  0.99979  0.99994
3.410000000e+00  0.00000  1.00000  0.99796  0.48416  0.00000  0.00000  0.99979  0.99995
3.420000000e+00  0.00000  1.00000  0.99930  0.61333  0.00000  0.00000  0.99979  1.00000
3.430000000e+00  0.00000  1.00000  0.99911  0.86897  0.00000  0.00000  0.99980  0.99992
3.440000000e+00  0.00000  1.00000  0.99932  0.75743  0.00000  0.00000  0.99980  0.99987
3.450000000e+00  0.00000  1.00000  0.99654  0.76228  0.00000  0.00000  0.99980  0.99971
3.460000000e+00  0.00000  1.00000  0.99739  0.71156  0.00000  0.00000  0.99980  0.99989
3.470000000e+00  0.00000  1.00000  0.99906  0.85371  0.00000  0.00000  0.99981  0.99974
3.480000000e+00  0.00000  1.00000  0.99934  0.80399  0.00000  0.00000  0.99981  0.99983
3.490000000e+00  0.00000  1.00000  0.99957  0.84343  0.00000  0.00000  0.99981  0.99982
3.500000000e+00  0.00000  1.00000  0.99959  0.81122  0.00000  0.00000  0.99981  0.99990
3.510000000e+00  0.00000  1.00000  0.99929  0.82856  0.00000  0.00000  0.99981  0.99997
3.520000000e+00  0.00000  1.00000  0.99810  0.76113  0.00000  0.00000  0.99982  0.99996
3.530000000e+00  0.00000  1.00000  0.99502  0.72585  0.00000  0.00000  0.99982  0.99994
3.540000000e+00  0.00000  1.00000  0.98892  0.70547  0.00000  0.00000  0.99982  0.99989
3.550000000e+00  0.00000  1.00000  0.97638  0.66721  0.00000  0.00000  0.99982  0.99991
3.560000000e+00  0.00000  1.00000  0.94859  0.55245  0.00000  0.00000  0.99982  0.99966
3.570000000e+00  0.00000  1.00000  0.90677  0.69489  0.00000  0.00000  0.99983  0.99965
3.580000000e+00  0.00000  1.00000  0.87556  0.62943  0.00000  0.00000  0.99983  0.99936
3.590000000e+00  0.00000  1.00000  0.82047  0.73215  0.00000  0.00000  0.99983  0.99936
3.600000000e+00  0.00000  1.00000  0.66970  0.62703  0.00000  0.00000  0.99983  0.99943
3.610000000e+00  0.00000  1.00000  0.53997  0.82175  0.00000  0.00000  0.99983  0.99946
3.620000000e+00  0.00000  1.00000  0.48820  0.66307  0.00000  0.00000  0.99984  0.99931
3.630000000e+00  0.00000  1.00000  0.68061  0.81046  0.00000  0.00000  0.99984  0.99916
3.640000000e+00  0.00000  1.00000  0.64028  0.70976  0.00000  0.00000  0.99984  0.99890
3.650000000e+00  0.00000  1.00000  0.51520  0.92028  0.00000  0.00000  0.99984  0.99872
3.660000000e+00  0.00000  1.00000  0.61855  0.76413  0.00000  0.00000  0.99984  0.99861
3.670000000e+00  0.00000  1.00000  0.80762  0.77340  0.00000  0.00000  0.99984  0.99847
3.680000000e+00  0.00000  1.00000  0.93363  0.38103  0.00000  0.00000  0.99985  0.99823
3.690000000e+00  0.00000  1.00000  0.96885  0.52985  0.00000  0.00000  0.99985  0.99786
3.700000000e+00  0.00000  1.00000  0.97977  0.76268  0.00000  0.00000  0.99985  0.99758
3.710000000e+00  0.00000  1.00000  0.98900  0.90461  0.00000  0.00000  0.99985  0.99610
3.720000000e+00  0.00000  1.00000  0.97950  0.69242  0.00000  0.00000  0.99985  0.99507
3.730000000e+00  0.00000  1.00000  0.97821  0.83204  0.00000  0.00000  0.99985  0.99459
3.740000000e+00  0.00000  1.00000  0.97747  0.69833  0.00000  0.00000  0.99986  0.99398
3.750000000e+00  0.00000  1.00000  0.94048  0.79243  0.00000  0.00000  0.99986  0.99319
3.760000000e+00  0.00000  1.00000  0.84567  0.74475  0.00000  0.00000  0.99986  0.99227
3.770000000e+00  0.00000  1.00000  0.72138  0.68997  0.00000  0.00000  0.99986  0.99128
3.780000000e+00  0.00000  1.00000  0.54846  0.70899  0.00000  0.00000  0.99986  0.98994
3.790000000e+00  0.00000  1.00000  0.37548  0.76486  0.00000  0.00000  0.99986  0.98833
3.800000000e+00  0.00000  1.00000  0.14861  0.71174  0.00000  0.00000  0.99986  0.98663
3.810000000e+00  0.00000  1.00000  0.04026  0.87402  0.00000  0.00000  0.99987  0.98463
3.820000000e+00  0.00000  1.00000  0.06343  0.68132  0.00000  0.00000  0.99987  0.98251
3.830000000e+00  0.00000  1.00000  0.26114  0.85609  0.00000  0.00000  0.99987  0.98010
3.840000000e+00  0.00000  1.00000  0.12858  0.73863  0.00000  0.00000  0.99987  0.97726
3.850000000e+00  0.00000  1.00000  0.06668  0.86527  0.00000  0.00000  0.99987  0.97393
3.860000000e+00  0.00000  1.00000  0.12083  0.83811  0.00000  0.00000  0.99987  0.97015
3.870000000e+00  0.00000  1.00000  0.28939  0.88048  0.00000  0.00000  0.99987  0.96597
3.880000000e+00  0.00000  1.00000  0.53538  0.87586  0.00000  0.00000  0.99988  0.96119
3.890000000e+00  0.00000  1.00000  0.75546  0.90447  0.00000  0.00000  0.99988  0.95567
3.900000000e+00  0.00000  1.00000  0.90344  0.93845  0.00000  0.00000  0.99988  0.94948
3.910000000e+00  0.00000  1.00000  0.95966  0.89268  0.00000  0.00000  0.99988  0.94244
3.920000000e+00  0.00000  1.00000  0.96428  0.97585  0.00000  0.00000  0.99988  0.93426
3.930000000e+00  0.00000  1.00000  0.92677  0.94754  0.00000  0.00000  0.99988  0.92486
3.940000000e+00  0.00000  1.00000  0.84391  0.97709  0.00000  0.00000  0.99988  0.91400
3.950000000e+00  0.00000  1.00000  0.71828  0.98049  0.00000  0.00000  0.99988  0.90172
3.960000000e+00  0.00000  1.00000  0.50227  0.96771  0.00000  0.00000  0.99989  0.88724
3.970000000e+00  0.00000  1.00000  0.33136  0.99101  0.00000  0.00000  0.99989  0.87068
3.980000000e+00  0.00000  1.00000  0.18078  0.98001  0.00000  0.00000  0.99989  0.85226
3.990000000e+00  0.00000  1.00000  0.13152  0.99366  0.00000  0.00000  0.99989  0.83128
4.000000000e+00  0.00000  1.00000  0.30841  0.99143  0.00000  0.00000  0.99989  0.80737
4.010000000e+00  0.00000  1.00000  0.38104  0.99137  0.00000  0.00000  0.99989  0.78122
4.020000000e+00  0.00000  1.00000  0.17000  0.99765  0.00000  0.00000  0.99989  0.75287
4.030000000e+00  0.00000  1.00000  0.14799  0.99149  0.00000  0.00000  0.99989  0.72291
4.040000000e+00  0.00000  1.00000  0.20561  0.99563  0.00000  0.00000  0.99989  0.69149
4.050000000e+00  0.00000  1.00000  0.34387  0.99605  0.00000  0.00000  0.99990  0.65838
4.060000000e+00  0.00000  1.00000  0.51292  0.99511  0.00000  0.00000  0.99990  0.62521
4.070000000e+00  0.00000  1.00000  0.56606  0.99492  0.00000  0.00000  0.99990  0.59195
4.080000000e+00  0.00000  1.00000  0.27545  0.99758  0.00000  0.00000  0.99990  0.56035
4.090000000e+00  0.00000  1.00000  0.08410  0.99736  0.00000  0.00000  0.99990  0.53090
4.100000000e+00  0.00000  1.00000  0.03707  0.99766  0.00000  0.00000  0.99990  0.50351
4.110000000e+00  0.00000  1.00000  0.04783  0.99152  0.00000  0.00000  0.99990  0.47919
4.120000000e+00  0.00000  1.00000  0.20809  0.99767  0.00000  0.00000  0.99990  0.45831
4.130000000e+00  0.00000  1.00000  0.25760  0.99424  0.00000  0.00000  0.99990  0.44092
4.140000000e+00  0.00000  1.00000  0.11318  0.99617  0.00000  0.00000  0.99990  0.42723
4.150000000e+00  0.00000  1.00000  0.04689  0.99878  0.00000  0.00000  0.99990  0.41705
4.160000000e+00  0.00000  1.00000  0.00021  0.99345  0.00000  0.00000  0.99991  0.41081
4.170000000e+00  0.00000  1.00000  0.00000  0.99610  0.00000  0.00000  0.99991  0.40735
4.180000000e+00  0.00000  1.00000  0.00000  0.99537  0.00000  0.00000  0.99991  0.40870
4.190000000e+00  0.00000  1.00000  0.00000  0.99537  0.00000  0.00000  0.99991  0.41083
4.200000000e+00  0.00000  1.00000  0.00000  0.99479  0.00000  0.00000  0.99991  0.41609
4.210000000e+00  0.00000  1.00000  0.00000  0.99193  0.00000  0.00000  0.99991  0.41923
4.220000000e+00  0.00000  1.00000  0.00000  0.99227  0.00000  0.00000  0.99991  0.42002
4.230000000e+00  0.00000  1.00000  0.00000  0.99150  0.00000  0.00000  0.99991  0.41726
4.240000000e+00  0.00000  1.00000  0.00000  0.99360  0.00000  0.00000  0.99991  0.40899
4.250000000e+00  0.00000  1.00000  0.00000  0.98401  0.00000  0.00000  0.99991  0.39350
4.260000000e+00  0.00000  1.00000  0.00000  0.98011  0.00000  0.00000  0.99991  0.36453
4.270000000e+00  0.00000  1.00000  0.00000  0.99305  0.00000  0.00000  0.99991  0.32171
4.280000000e+00  0.00000  1.00000  0.00000  0.97132  0.00000  0.00000  0.99992  0.29234
4.290000000e+00  0.00000  1.00000  0.00000  0.96707  0.00000  0.00000  0.99992  0.27446
4.300000000e+00  0.00000  1.00000  0.00000  0.96285  0.00000  0.00000  0.99992  0.27922
4.310000000e+00  0.00000  1.00000  0.00000  0.93641  0.00000  0.00000  0.99992  0.30680
4.320000000e+00  0.00000  1.00000  0.00000  0.94898  0.00000  0.00000  0.99992  0.34665
4.330000000e+00  0.00000  1.00000  0.00000  0.94746  0.00000  0.00000  0.99992  0.40104
4.340000000e+00  0.00000  1.00000  0.00000  0.93617  0.00000  0.00000  0.99992  0.44644
4.350000000e+00  0.00000  1.00000  0.00000  0.93169  0.00000  0.00000  0.99992  0.48097
4.360000000e+00  0.00000  1.00000  0.00000  0.90880  0.00000  0.00000  0.99992  0.50596
4.370000000e+00  0.00000  1.00000  0.00000  0.81730  0.00000  0.00000  0.99992  0.52391
4.380000000e+00  0.00000  1.00000  0.00000  0.93521  0.00000  0.00000  0.99992  0.53736
4.390000000e+00  0.00000  1.00000  0.00000  0.91049  0.00000  0.00000  0.99992  0.54960
4.400000000e+00  0.00000  1.00000  0.00000  0.86739  0.00000  0.00000  0.99992  0.55821
4.410000000e+00  0.00000  1.00000  0.00000  0.74493  0.00000  0.00000  0.99993  0.56940
4.420000000e+00  0.00000  1.00000  0.00000  0.95672  0.00000  0.00000  0.99993  0.58009
4.430000000e+00  0.00000  1.00000  0.00000  0.84927  0.00000  0.00000  0.99993  0.59252
4.440000000e+00  0.00000  1.00000  0.00000  0.68725  0.00000  0.00000  0.99993  0.60587
4.450000000e+00  0.00000  1.00000  0.00000  0.75405  0.00000  0.00000  0.99993  0.62155
4.460000000e+00  0.00000  1.00000  0.00000  0.78389  0.00000  0.00000  0.99993  0.63711
4.470000000e+00  0.00000  1.00000  0.00000  0.80410  0.00000  0.00000  0.99993  0.65609
4.480000000e+00  0.00000  1.00000  0.00000  0.78084  0.00000  0.00000  0.99993  0.67385
4.490000000e+00  0.00000  1.00000  0.00000  0.82562  0.00000  0.00000  0.99993  0.69443
4.500000000e+00  0.00000  1.00000  0.00000  0.85196  0.00000  0.00000  0.99993  0.71346
4.510000000e+00  0.00000  1.00000  0.00000  0.84341  0.00000  0.00000  0.99993  0.73425
4.520000000e+00  0.00000  1.00000  0.00000  0.76981  0.00000  0.00000  0.99993  0.75447
4.530000000e+00  0.00000  1.00000  0.00000  0.64013  0.00000  0.00000  0.99993  0.77423
4.540000000e+00  0.00000  1.00000  0.00002  0.61867  0.00000  0.00000  0.99993  0.79367
4.550000000e+00  0.00000  1.00000  0.00019  0.80262  0.00000  0.00000  0.99993  0.81234
4.560000000e+00  0.00000  1.00000  0.00428  0.89728  0.00000  0.00000  0.99993  0.83020
4.570000000e+00  0.00000  1.00000  0.03111  0.79289  0.00000  0.00000  0.99993  0.84639
4.580000000e+00  0.00000  1.00000  0.11004  0.68973  0.00000  0.00000  0.99994  0.86221
4.590000000e+00  0.00000  1.00000  0.16098  0.75747  0.00000  0.00000  0.99994  0.87665
4.600000000e+00  0.00000  1.00000  0.23865  0.79349  0.00000  0.00000  0.99994  0.88991
4.610000000e+00  0.00000  1.00000  0.29867  0.83240  0.00000  0.00000  0.99994  0.90214
4.620000000e+00  0.00000  1.00000  0.24782  0.78445  0.00000  0.00000  0.99994  0.91332
4.630000000e+00  0.00000  1.00000  0.11045  0.58249  0.00000  0.00000  0.99994  0.92340
4.640000000e+00  0.00000  1.00000  0.08465  0.59260  0.00000  0.00000  0.99994  0.93249
4.650000000e+00  0.00000  1.00000  0.06880  0.60945  0.00000  0.00000  0.99994  0.94070
4.660000000e+00  0.00000  1.00000  0.06907  0.54404  0.00000  0.00000  0.99994  0.94807
4.670000000e+00  0.00000  1.00000  0.07574  0.47220  0.00000  0.00000  0.99994  0.95431
4.680000000e+00  0.00000  1.00000  0.02697  0.47990  0.00000  0.00000  0.99994  0.95946
4.690000000e+00  0.00000  1.00000  0.01174  0.20107  0.00000  0.00000  0.99994  0.96450
4.700000000e+00  0.00000  1.00000  0.00131  0.85399  0.00000  0.00000  0.99994  0.96874
4.710000000e+00  0.00000  1.00000  0.00004  0.75029  0.00000  0.00000  0.99994  0.97234
4.720000000e+00  0.00000  1.00000  0.00002  0.41847  0.00000  0.00000  0.99994  0.97575
4.730000000e+00  0.00000  1.00000  0.00000  0.56400  0.00000  0.00000  0.99994  0.97836
4.740000000e+00  0.00000  1.00000  0.00000  0.40491  0.00000  0.00000  0.99994  0.98118
4.750000000e+00  0.00000  1.00000  0.00000  0.64303  0.00000  0.00000  0.99994  0.98345
4.760000000e+00  0.00000  1.00000  0.00000  0.53045  0.00000  0.00000  0.99994  0.98552
4.770000000e+00  0.00000  1.00000  0.00000  0.54169  0.00000  0.00000  0.99994  0.98730
4.780000000e+00  0.00000  1.00000  0.00000  0.40714  0.00000  0.00000  0.99995  0.98831
4.790000000e+00  0.00000  1.00000  0.00000  0.23684  0.00000  0.00000  0.99995  0.98972
4.800000000e+00  0.00000  1.00000  0.00000  0.28488  0.00000  0.00000  0.99995  0.99143
4.810000000e+00  0.00000  1.00000  0.00000  0.44639  0.00000  0.00000  0.99995  0.99263
4.820000000e+00  0.00000  1.00000  0.00000  0.38715  0.00000  0.00000  0.99995  0.99353
4.830000000e+00  0.00000  1.00000  0.00000  0.22733  0.00000  0.00000  0.99995  0.99452
4.840000000e+00  0.00000  1.00000  0.00000  0.42459  0.00000  0.00000  0.99995  0.99268
4.850000000e+00  0.00000  1.00000  0.00000  0.11155  0.00000  0.00000  0.99995  0.99478
4.860000000e+00  0.00000  1.00000  0.00000  0.07194  0.00000  0.00000  0.99995  0.99635
4.870000000e+00  0.00000  1.00000  0.00000  0.56572  0.00000  0.00000  0.99995  0.99692
4.880000000e+00  0.00000  1.00000  0.00000  0.56375  0.00000  0.00000  0.99995  0.99727
4.890000000e+00  0.00000  1.00000  0.00000  0.49797  0.00000  0.00000  0.99995  0.99713
4.900000000e+00  0.00000  1.00000  0.00000  0.06709  0.00000  0.00000  0.99995  0.99569
4.910000000e+00  0.00000  1.00000  0.00000  0.03777  0.00000  0.00000  0.99995  0.99784
4.920000000e+00  0.00000  1.00000  0.00000  0.24331  0.00000  0.00000  0.99995  0.99818
4.930000000e+00  0.00000  1.00000  0.00000  0.47808  0.00000  0.00000  0.99995  0.99837
4.940000000e+00  0.00000  1.00000  0.00011  0.24084  0.00000  0.00000  0.99995  0.99839
4.950000000e+00  0.00000  1.00000  0.00053  0.06057  0.00000  0.00000  0.99995  0.99724
4.960000000e+00  0.00000  1.00000  0.00126  0.01729  0.00000  0.00000  0.99995  0.99180
4.970000000e+00  0.00000  1.00000  0.01061  0.00675  0.00000  0.00000  0.99995  0.99886
4.980000000e+00  0.00000  1.00000  0.03158  0.13589  0.00000  0.00000  0.99995  0.99895
4.990000000e+00  0.00000  1.00000  0.08101  0.03405  0.00000  0.00000  0.99995  0.99917
5.000000000e+00  0.00000  1.00000  0.07434  0.23992  0.00000  0.00000  0.99995  0.99921
