# ------------------------------------------------------------------------
# NASA-GSFC Planetary Spectrum Generator (PSG, Villanueva et al. 2015)
# Atmospheric transmittance spectrum synthesized with PUMAS (Villanueva et al. 2016, Smith et al. 2009, Edwards 1992)
# Synthesized on Tue Nov 21 15:11:15 2017
# Molecular abundance profile: 
# Molecules considered: N2,CO2,H2O
# Molecular sources: HIT[22],HIT[2],HIT[1]
# Molecular abundances: 1,1,1
# Molecular abundance units: scl,scl,scl
# Collission-Induced-Absorption:  N2-N2(3.71-5.00um)
# Rayleigh scattering included
# ------------------------------------------------------------------------
# Aerosols considered: WaterIce,Cloud
# Aerosols sources: CRISM_Wolff[reff=2.0um 0.31-99.57um],White_GSFC[reff=1.0um 0.10-1000000.00um]
# Aerosols opacities: 1,1
# Aerosols opacity units: scl,scl
# ------------------------------------------------------------------------
# Spectral unit: Wavelength [um]
# Wave/freq Total N2 CO2 H2O WaterIce Cloud Rayleigh CIA
1.000000000e+00  0.00000  1.00000  0.99996  0.97615  0.00000  0.00000  0.97244  1.00000
1.010000000e+00  0.00000  1.00000  0.99999  0.96762  0.00000  0.00000  0.97350  1.00000
1.020000000e+00  0.00000  1.00000  1.00000  0.98485  0.00000  0.00000  0.97451  1.00000
1.030000000e+00  0.00000  1.00000  0.99999  0.98721  0.00000  0.00000  0.97548  1.00000
1.040000000e+00  0.00000  1.00000  0.79598  0.99849  0.00000  0.00000  0.97640  1.00000
1.050000000e+00  0.00000  1.00000  0.98659  0.99943  0.00000  0.00000  0.97727  1.00000
1.060000000e+00  0.00000  1.00000  0.96721  0.99833  0.00000  0.00000  0.97811  1.00000
1.070000000e+00  0.00000  1.00000  0.94044  0.98825  0.00000  0.00000  0.97891  1.00000
1.080000000e+00  0.00000  1.00000  0.99395  0.94268  0.00000  0.00000  0.97967  1.00000
1.090000000e+00  0.00000  1.00000  0.99963  0.89090  0.00000  0.00000  0.98040  1.00000
1.100000000e+00  0.00000  1.00000  0.99829  0.77242  0.00000  0.00000  0.98109  1.00000
1.110000000e+00  0.00000  1.00000  1.00000  0.51244  0.00000  0.00000  0.98176  1.00000
1.120000000e+00  0.00000  1.00000  0.97621  0.08602  0.00000  0.00000  0.98240  1.00000
1.130000000e+00  0.00000  1.00000  0.99657  0.02284  0.00000  0.00000  0.98301  1.00000
1.140000000e+00  0.00000  1.00000  0.99262  0.19279  0.00000  0.00000  0.98359  1.00000
1.150000000e+00  0.00000  1.00000  0.99779  0.09742  0.00000  0.00000  0.98415  1.00000
1.160000000e+00  0.00000  1.00000  0.99755  0.32177  0.00000  0.00000  0.98468  1.00000
1.170000000e+00  0.00000  1.00000  0.99992  0.58858  0.00000  0.00000  0.98520  1.00000
1.180000000e+00  0.00000  1.00000  0.99951  0.72589  0.00000  0.00000  0.98569  1.00000
1.190000000e+00  0.00000  1.00000  0.99995  0.66643  0.00000  0.00000  0.98616  1.00000
1.200000000e+00  0.00000  1.00000  0.99982  0.69127  0.00000  0.00000  0.98661  1.00000
1.210000000e+00  0.00000  1.00000  0.08513  0.80108  0.00000  0.00000  0.98705  1.00000
1.220000000e+00  0.00000  1.00000  0.56887  0.86291  0.00000  0.00000  0.98746  1.00000
1.230000000e+00  0.00000  1.00000  0.39417  0.89844  0.00000  0.00000  0.98786  1.00000
1.240000000e+00  0.00000  1.00000  0.83940  0.98347  0.00000  0.00000  0.98825  1.00000
1.250000000e+00  0.00000  1.00000  0.98872  0.99699  0.00000  0.00000  0.98862  1.00000
1.260000000e+00  0.00000  1.00000  0.95787  0.99707  0.00000  0.00000  0.98897  1.00000
1.270000000e+00  0.00000  1.00000  0.95958  0.99102  0.00000  0.00000  0.98931  1.00000
1.280000000e+00  0.00000  1.00000  0.99904  0.97977  0.00000  0.00000  0.98964  1.00000
1.290000000e+00  0.00000  1.00000  0.88219  0.94598  0.00000  0.00000  0.98996  1.00000
1.300000000e+00  0.00000  1.00000  0.82875  0.85309  0.00000  0.00000  0.99026  1.00000
1.310000000e+00  0.00000  1.00000  0.99211  0.74254  0.00000  0.00000  0.99056  1.00000
1.320000000e+00  0.00000  1.00000  0.41501  0.57634  0.00000  0.00000  0.99084  1.00000
1.330000000e+00  0.00000  1.00000  0.96840  0.43047  0.00000  0.00000  0.99111  1.00000
1.340000000e+00  0.00000  1.00000  0.56816  0.27813  0.00000  0.00000  0.99137  1.00000
1.350000000e+00  0.00000  1.00000  0.85272  0.02316  0.00000  0.00000  0.99162  1.00000
1.360000000e+00  0.00000  1.00000  0.98784  0.00000  0.00000  0.00000  0.99186  1.00000
1.370000000e+00  0.00000  1.00000  0.96996  0.00000  0.00000  0.00000  0.99210  1.00000
1.380000000e+00  0.00000  1.00000  0.96143  0.00001  0.00000  0.00000  0.99232  1.00000
1.390000000e+00  0.00000  1.00000  0.99289  0.00000  0.00000  0.00000  0.99254  1.00000
1.400000000e+00  0.00000  1.00000  0.99613  0.00003  0.00000  0.00000  0.99275  1.00000
1.410000000e+00  0.00000  1.00000  0.99980  0.00000  0.00000  0.00000  0.99295  1.00000
1.420000000e+00  0.00000  1.00000  0.99942  0.00307  0.00000  0.00000  0.99315  1.00000
1.430000000e+00  0.00000  1.00000  0.68481  0.00807  0.00000  0.00000  0.99334  1.00000
1.440000000e+00  0.00000  1.00000  0.00000  0.00858  0.00000  0.00000  0.99352  1.00000
1.450000000e+00  0.00000  1.00000  0.01298  0.04443  0.00000  0.00000  0.99370  1.00000
1.460000000e+00  0.00000  1.00000  0.64377  0.14404  0.00000  0.00000  0.99387  1.00000
1.470000000e+00  0.00000  1.00000  0.97505  0.04910  0.00000  0.00000  0.99403  1.00000
1.480000000e+00  0.00000  1.00000  0.41228  0.11395  0.00000  0.00000  0.99419  1.00000
1.490000000e+00  0.00000  1.00000  0.74979  0.11549  0.00000  0.00000  0.99435  1.00000
1.500000000e+00  0.00000  1.00000  0.55757  0.45350  0.00000  0.00000  0.99449  1.00000
1.510000000e+00  0.00000  1.00000  0.98158  0.59695  0.00000  0.00000  0.99464  1.00000
1.520000000e+00  0.00000  1.00000  0.98662  0.76651  0.00000  0.00000  0.99478  1.00000
1.530000000e+00  0.00000  1.00000  0.32590  0.84449  0.00000  0.00000  0.99491  1.00000
1.540000000e+00  0.00000  1.00000  0.13439  0.94476  0.00000  0.00000  0.99504  1.00000
1.550000000e+00  0.00000  1.00000  0.65043  0.97078  0.00000  0.00000  0.99517  1.00000
1.560000000e+00  0.00000  1.00000  0.93885  0.99208  0.00000  0.00000  0.99529  1.00000
1.570000000e+00  0.00000  1.00000  0.30857  0.98439  0.00000  0.00000  0.99541  1.00000
1.580000000e+00  0.00000  1.00000  0.00020  0.98753  0.00000  0.00000  0.99553  1.00000
1.590000000e+00  0.00000  1.00000  0.34262  0.98856  0.00000  0.00000  0.99564  1.00000
1.600000000e+00  0.00000  1.00000  0.21613  0.98240  0.00000  0.00000  0.99574  1.00000
1.610000000e+00  0.00000  1.00000  0.00211  0.99358  0.00000  0.00000  0.99585  1.00000
1.620000000e+00  0.00000  1.00000  0.01887  0.99359  0.00000  0.00000  0.99595  1.00000
1.630000000e+00  0.00000  1.00000  0.39690  0.99789  0.00000  0.00000  0.99605  1.00000
1.640000000e+00  0.00000  1.00000  0.30776  0.99338  0.00000  0.00000  0.99614  1.00000
1.650000000e+00  0.00000  1.00000  0.23114  0.98206  0.00000  0.00000  0.99624  1.00000
1.660000000e+00  0.00000  1.00000  0.39375  0.98019  0.00000  0.00000  0.99633  1.00000
1.670000000e+00  0.00000  1.00000  0.56392  0.98121  0.00000  0.00000  0.99641  1.00000
1.680000000e+00  0.00000  1.00000  0.80142  0.97116  0.00000  0.00000  0.99650  1.00000
1.690000000e+00  0.00000  1.00000  0.93787  0.97623  0.00000  0.00000  0.99658  1.00000
1.700000000e+00  0.00000  1.00000  0.98485  0.90995  0.00000  0.00000  0.99666  1.00000
1.710000000e+00  0.00000  1.00000  0.92851  0.91137  0.00000  0.00000  0.99674  1.00000
1.720000000e+00  0.00000  1.00000  0.96327  0.92584  0.00000  0.00000  0.99681  1.00000
1.730000000e+00  0.00000  1.00000  0.99269  0.88055  0.00000  0.00000  0.99688  1.00000
1.740000000e+00  0.00000  1.00000  0.99938  0.77776  0.00000  0.00000  0.99696  1.00000
1.750000000e+00  0.00000  1.00000  0.99894  0.71145  0.00000  0.00000  0.99702  1.00000
1.760000000e+00  0.00000  1.00000  0.89921  0.72727  0.00000  0.00000  0.99709  1.00000
1.770000000e+00  0.00000  1.00000  0.95923  0.56717  0.00000  0.00000  0.99716  1.00000
1.780000000e+00  0.00000  1.00000  0.99535  0.40056  0.00000  0.00000  0.99722  1.00000
1.790000000e+00  0.00000  1.00000  0.88508  0.24757  0.00000  0.00000  0.99728  1.00000
1.800000000e+00  0.00000  1.00000  0.95140  0.11867  0.00000  0.00000  0.99734  1.00000
1.810000000e+00  0.00000  1.00000  0.98802  0.01775  0.00000  0.00000  0.99740  1.00000
1.820000000e+00  0.00000  1.00000  0.99578  0.00136  0.00000  0.00000  0.99746  1.00000
1.830000000e+00  0.00000  1.00000  0.99931  0.00002  0.00000  0.00000  0.99751  1.00000
1.840000000e+00  0.00000  1.00000  0.99973  0.00000  0.00000  0.00000  0.99756  1.00000
1.850000000e+00  0.00000  1.00000  0.99760  0.00000  0.00000  0.00000  0.99762  1.00000
1.860000000e+00  0.00000  1.00000  0.99713  0.00000  0.00000  0.00000  0.99767  1.00000
1.870000000e+00  0.00000  1.00000  0.97889  0.00000  0.00000  0.00000  0.99772  1.00000
1.880000000e+00  0.00000  1.00000  0.10620  0.00000  0.00000  0.00000  0.99776  1.00000
1.890000000e+00  0.00000  1.00000  0.12455  0.00001  0.00000  0.00000  0.99781  1.00000
1.900000000e+00  0.00000  1.00000  0.51950  0.00004  0.00000  0.00000  0.99786  1.00000
1.910000000e+00  0.00000  1.00000  0.64925  0.00000  0.00000  0.00000  0.99790  1.00000
1.920000000e+00  0.00000  1.00000  0.86490  0.00001  0.00000  0.00000  0.99794  1.00000
1.930000000e+00  0.00000  1.00000  0.84444  0.00005  0.00000  0.00000  0.99799  1.00000
1.940000000e+00  0.00000  1.00000  0.19995  0.00096  0.00000  0.00000  0.99803  1.00000
1.950000000e+00  0.00000  1.00000  0.00000  0.01066  0.00000  0.00000  0.99807  1.00000
1.960000000e+00  0.00000  1.00000  0.00000  0.02908  0.00000  0.00000  0.99811  1.00000
1.970000000e+00  0.00000  1.00000  0.00000  0.26975  0.00000  0.00000  0.99815  1.00000
1.980000000e+00  0.00000  1.00000  0.00000  0.39641  0.00000  0.00000  0.99818  1.00000
1.990000000e+00  0.00000  1.00000  0.00423  0.45728  0.00000  0.00000  0.99822  1.00000
2.000000000e+00  0.00000  1.00000  0.00000  0.58458  0.00000  0.00000  0.99825  1.00000
2.010000000e+00  0.00000  1.00000  0.00000  0.48568  0.00000  0.00000  0.99829  1.00000
2.020000000e+00  0.00000  1.00000  0.00000  0.63351  0.00000  0.00000  0.99832  1.00000
2.030000000e+00  0.00000  1.00000  0.00000  0.83212  0.00000  0.00000  0.99835  1.00000
2.040000000e+00  0.00000  1.00000  0.00000  0.85919  0.00000  0.00000  0.99839  1.00000
2.050000000e+00  0.00000  1.00000  0.00000  0.93557  0.00000  0.00000  0.99842  1.00000
2.060000000e+00  0.00000  1.00000  0.00000  0.86402  0.00000  0.00000  0.99845  1.00000
2.070000000e+00  0.00000  1.00000  0.00000  0.89014  0.00000  0.00000  0.99848  1.00000
2.080000000e+00  0.00000  1.00000  0.00000  0.92720  0.00000  0.00000  0.99851  1.00000
2.090000000e+00  0.00000  1.00000  0.00000  0.92491  0.00000  0.00000  0.99854  1.00000
2.100000000e+00  0.00000  1.00000  0.00004  0.95561  0.00000  0.00000  0.99856  1.00000
2.110000000e+00  0.00000  1.00000  0.01993  0.96440  0.00000  0.00000  0.99859  1.00000
2.120000000e+00  0.00000  1.00000  0.06902  0.90545  0.00000  0.00000  0.99862  1.00000
2.130000000e+00  0.00000  1.00000  0.44473  0.86543  0.00000  0.00000  0.99864  1.00000
2.140000000e+00  0.00000  1.00000  0.63656  0.96910  0.00000  0.00000  0.99867  1.00000
2.150000000e+00  0.00000  1.00000  0.27642  0.98570  0.00000  0.00000  0.99869  1.00000
2.160000000e+00  0.00000  1.00000  0.34401  0.94309  0.00000  0.00000  0.99872  1.00000
2.170000000e+00  0.00000  1.00000  0.22838  0.87912  0.00000  0.00000  0.99874  1.00000
2.180000000e+00  0.00000  1.00000  0.54145  0.90152  0.00000  0.00000  0.99876  1.00000
2.190000000e+00  0.00000  1.00000  0.83149  0.79211  0.00000  0.00000  0.99878  1.00000
2.200000000e+00  0.00000  1.00000  0.88723  0.87292  0.00000  0.00000  0.99881  1.00000
2.210000000e+00  0.00000  1.00000  0.96487  0.90989  0.00000  0.00000  0.99883  1.00000
2.220000000e+00  0.00000  1.00000  0.95044  0.93159  0.00000  0.00000  0.99885  1.00000
2.230000000e+00  0.00000  1.00000  0.95410  0.95504  0.00000  0.00000  0.99887  1.00000
2.240000000e+00  0.00000  1.00000  0.98696  0.97900  0.00000  0.00000  0.99889  1.00000
2.250000000e+00  0.00000  1.00000  0.97826  0.98313  0.00000  0.00000  0.99891  1.00000
2.260000000e+00  0.00000  1.00000  0.94812  0.99340  0.00000  0.00000  0.99893  1.00000
2.270000000e+00  0.00000  1.00000  0.98752  0.98640  0.00000  0.00000  0.99895  1.00000
2.280000000e+00  0.00000  1.00000  0.97366  0.99753  0.00000  0.00000  0.99897  1.00000
2.290000000e+00  0.00000  1.00000  0.99201  0.98697  0.00000  0.00000  0.99898  1.00000
2.300000000e+00  0.00000  1.00000  0.99603  0.92193  0.00000  0.00000  0.99900  1.00000
2.310000000e+00  0.00000  1.00000  0.99747  0.97521  0.00000  0.00000  0.99902  1.00000
2.320000000e+00  0.00000  1.00000  0.99907  0.93779  0.00000  0.00000  0.99903  1.00000
2.330000000e+00  0.00000  1.00000  0.99989  0.93079  0.00000  0.00000  0.99905  1.00000
2.340000000e+00  0.00000  1.00000  0.99990  0.94427  0.00000  0.00000  0.99907  1.00000
2.350000000e+00  0.00000  1.00000  0.99987  0.85598  0.00000  0.00000  0.99908  1.00000
2.360000000e+00  0.00000  1.00000  0.99968  0.72698  0.00000  0.00000  0.99910  1.00000
2.370000000e+00  0.00000  1.00000  0.99823  0.75110  0.00000  0.00000  0.99911  1.00000
2.380000000e+00  0.00000  1.00000  0.99715  0.56813  0.00000  0.00000  0.99913  1.00000
2.390000000e+00  0.00000  1.00000  0.99068  0.46560  0.00000  0.00000  0.99914  1.00000
2.400000000e+00  0.00000  1.00000  0.98873  0.55065  0.00000  0.00000  0.99916  1.00000
2.410000000e+00  0.00000  1.00000  0.98694  0.37980  0.00000  0.00000  0.99917  1.00000
2.420000000e+00  0.00000  1.00000  0.99686  0.19188  0.00000  0.00000  0.99918  1.00000
2.430000000e+00  0.00000  1.00000  0.99991  0.39284  0.00000  0.00000  0.99920  1.00000
2.440000000e+00  0.00000  1.00000  0.99986  0.09365  0.00000  0.00000  0.99921  1.00000
2.450000000e+00  0.00000  1.00000  0.99965  0.16392  0.00000  0.00000  0.99922  1.00000
2.460000000e+00  0.00000  1.00000  0.99949  0.25937  0.00000  0.00000  0.99924  1.00000
2.470000000e+00  0.00000  1.00000  0.99266  0.22364  0.00000  0.00000  0.99925  1.00000
2.480000000e+00  0.00000  1.00000  0.97020  0.11467  0.00000  0.00000  0.99926  1.00000
2.490000000e+00  0.00000  1.00000  0.32551  0.00750  0.00000  0.00000  0.99927  1.00000
2.500000000e+00  0.00000  1.00000  0.73681  0.00625  0.00000  0.00000  0.99928  1.00000
2.510000000e+00  0.00000  1.00000  0.70675  0.00194  0.00000  0.00000  0.99930  1.00000
2.520000000e+00  0.00000  1.00000  0.68353  0.00069  0.00000  0.00000  0.99931  1.00000
2.530000000e+00  0.00000  1.00000  0.84020  0.00000  0.00000  0.00000  0.99932  1.00000
2.540000000e+00  0.00000  1.00000  0.90363  0.00000  0.00000  0.00000  0.99933  1.00000
2.550000000e+00  0.00000  1.00000  0.97586  0.00000  0.00000  0.00000  0.99934  1.00000
2.560000000e+00  0.00000  1.00000  0.94475  0.00000  0.00000  0.00000  0.99935  1.00000
2.570000000e+00  0.00000  1.00000  0.96778  0.00000  0.00000  0.00000  0.99936  1.00000
2.580000000e+00  0.00000  1.00000  0.79235  0.00000  0.00000  0.00000  0.99937  1.00000
2.590000000e+00  0.00000  1.00000  0.54608  0.00000  0.00000  0.00000  0.99938  1.00000
2.600000000e+00  0.00000  1.00000  0.65047  0.00000  0.00000  0.00000  0.99939  1.00000
2.610000000e+00  0.00000  1.00000  0.18988  0.00000  0.00000  0.00000  0.99940  1.00000
2.620000000e+00  0.00000  1.00000  0.07367  0.00000  0.00000  0.00000  0.99941  1.00000
2.630000000e+00  0.00000  1.00000  0.25223  0.00000  0.00000  0.00000  0.99942  1.00000
2.640000000e+00  0.00000  1.00000  0.21536  0.00000  0.00000  0.00000  0.99942  1.00000
2.650000000e+00  0.00000  1.00000  0.38254  0.00000  0.00000  0.00000  0.99943  1.00000
2.660000000e+00  0.00000  1.00000  0.00072  0.00000  0.00000  0.00000  0.99944  1.00000
2.670000000e+00  0.00000  1.00000  0.00000  0.00000  0.00000  0.00000  0.99945  1.00000
2.680000000e+00  0.00000  1.00000  0.00000  0.00000  0.00000  0.00000  0.99946  1.00000
2.690000000e+00  0.00000  1.00000  0.00000  0.00000  0.00000  0.00000  0.99947  1.00000
2.700000000e+00  0.00000  1.00000  0.00000  0.00000  0.00000  0.00000  0.99947  1.00000
2.710000000e+00  0.00000  1.00000  0.00000  0.00000  0.00000  0.00000  0.99948  1.00000
2.720000000e+00  0.00000  1.00000  0.00000  0.00000  0.00000  0.00000  0.99949  1.00000
2.730000000e+00  0.00000  1.00000  0.00000  0.00000  0.00000  0.00000  0.99950  1.00000
2.740000000e+00  0.00000  1.00000  0.00000  0.00000  0.00000  0.00000  0.99950  1.00000
2.750000000e+00  0.00000  1.00000  0.00000  0.00000  0.00000  0.00000  0.99951  1.00000
2.760000000e+00  0.00000  1.00000  0.00000  0.00000  0.00000  0.00000  0.99952  1.00000
2.770000000e+00  0.00000  1.00000  0.00000  0.00000  0.00000  0.00000  0.99952  1.00000
2.780000000e+00  0.00000  1.00000  0.00000  0.00000  0.00000  0.00000  0.99953  1.00000
2.790000000e+00  0.00000  1.00000  0.00000  0.00000  0.00000  0.00000  0.99954  1.00000
2.800000000e+00  0.00000  1.00000  0.00000  0.00000  0.00000  0.00000  0.99954  1.00000
2.810000000e+00  0.00000  1.00000  0.00000  0.00000  0.00000  0.00000  0.99955  1.00000
2.820000000e+00  0.00000  1.00000  0.00000  0.00000  0.00000  0.00000  0.99956  1.00000
2.830000000e+00  0.00000  1.00000  0.00000  0.00000  0.00000  0.00000  0.99956  1.00000
2.840000000e+00  0.00000  1.00000  0.00000  0.00000  0.00000  0.00000  0.99957  1.00000
2.850000000e+00  0.00000  1.00000  0.00000  0.00001  0.00000  0.00000  0.99958  1.00000
2.860000000e+00  0.00000  1.00000  0.00000  0.00000  0.00000  0.00000  0.99958  1.00000
2.870000000e+00  0.00000  1.00000  0.00000  0.00005  0.00000  0.00000  0.99959  1.00000
2.880000000e+00  0.00000  1.00000  0.00000  0.00015  0.00000  0.00000  0.99959  1.00000
2.890000000e+00  0.00000  1.00000  0.00003  0.00011  0.00000  0.00000  0.99960  1.00000
2.900000000e+00  0.00000  1.00000  0.00462  0.00584  0.00000  0.00000  0.99960  1.00000
2.910000000e+00  0.00000  1.00000  0.08729  0.00153  0.00000  0.00000  0.99961  1.00000
2.920000000e+00  0.00000  1.00000  0.35999  0.00243  0.00000  0.00000  0.99961  1.00000
2.930000000e+00  0.00000  1.00000  0.56639  0.01334  0.00000  0.00000  0.99962  1.00000
2.940000000e+00  0.00000  1.00000  0.69252  0.05101  0.00000  0.00000  0.99963  1.00000
2.950000000e+00  0.00000  1.00000  0.82777  0.00186  0.00000  0.00000  0.99963  1.00000
2.960000000e+00  0.00000  1.00000  0.42714  0.01688  0.00000  0.00000  0.99964  1.00000
2.970000000e+00  0.00000  1.00000  0.05338  0.04702  0.00000  0.00000  0.99964  1.00000
2.980000000e+00  0.00000  1.00000  0.00374  0.00009  0.00000  0.00000  0.99964  1.00000
2.990000000e+00  0.00000  1.00000  0.01426  0.06713  0.00000  0.00000  0.99965  1.00000
3.000000000e+00  0.00000  1.00000  0.28617  0.09858  0.00000  0.00000  0.99965  1.00000
3.010000000e+00  0.00000  1.00000  0.30357  0.07669  0.00000  0.00000  0.99966  1.00000
3.020000000e+00  0.00000  1.00000  0.05681  0.05317  0.00000  0.00000  0.99966  1.00000
3.030000000e+00  0.00000  1.00000  0.11653  0.04649  0.00000  0.00000  0.99967  1.00000
3.040000000e+00  0.00000  1.00000  0.32097  0.00926  0.00000  0.00000  0.99967  1.00000
3.050000000e+00  0.00000  1.00000  0.63936  0.01147  0.00000  0.00000  0.99968  1.00000
3.060000000e+00  0.00000  1.00000  0.68976  0.01711  0.00000  0.00000  0.99968  1.00000
3.070000000e+00  0.00000  1.00000  0.83664  0.00962  0.00000  0.00000  0.99968  1.00000
3.080000000e+00  0.00000  1.00000  0.87284  0.03681  0.00000  0.00000  0.99969  1.00000
3.090000000e+00  0.00000  1.00000  0.93201  0.00117  0.00000  0.00000  0.99969  1.00000
3.100000000e+00  0.00000  1.00000  0.89981  0.00101  0.00000  0.00000  0.99970  1.00000
3.110000000e+00  0.00000  1.00000  0.71986  0.01409  0.00000  0.00000  0.99970  1.00000
3.120000000e+00  0.00000  1.00000  0.49272  0.00189  0.00000  0.00000  0.99970  1.00000
3.130000000e+00  0.00000  1.00000  0.39741  0.07184  0.00000  0.00000  0.99971  1.00000
3.140000000e+00  0.00000  1.00000  0.55646  0.16631  0.00000  0.00000  0.99971  1.00000
3.150000000e+00  0.00000  1.00000  0.75967  0.03315  0.00000  0.00000  0.99972  1.00000
3.160000000e+00  0.00000  1.00000  0.60765  0.12200  0.00000  0.00000  0.99972  1.00000
3.170000000e+00  0.00000  1.00000  0.43604  0.67218  0.00000  0.00000  0.99972  1.00000
3.180000000e+00  0.00000  1.00000  0.50188  0.52681  0.00000  0.00000  0.99973  1.00000
3.190000000e+00  0.00000  1.00000  0.67220  0.24056  0.00000  0.00000  0.99973  1.00000
3.200000000e+00  0.00000  1.00000  0.83690  0.05637  0.00000  0.00000  0.99973  1.00000
3.210000000e+00  0.00000  1.00000  0.93582  0.00004  0.00000  0.00000  0.99974  1.00000
3.220000000e+00  0.00000  1.00000  0.91270  0.00024  0.00000  0.00000  0.99974  1.00000
3.230000000e+00  0.00000  1.00000  0.90614  0.00327  0.00000  0.00000  0.99974  1.00000
3.240000000e+00  0.00000  1.00000  0.95131  0.13132  0.00000  0.00000  0.99975  1.00000
3.250000000e+00  0.00000  1.00000  0.98831  0.04805  0.00000  0.00000  0.99975  1.00000
3.260000000e+00  0.00000  1.00000  0.99669  0.31054  0.00000  0.00000  0.99975  1.00000
3.270000000e+00  0.00000  1.00000  0.99629  0.02120  0.00000  0.00000  0.99975  1.00000
3.280000000e+00  0.00000  1.00000  0.99692  0.06273  0.00000  0.00000  0.99976  1.00000
3.290000000e+00  0.00000  1.00000  0.99860  0.30914  0.00000  0.00000  0.99976  1.00000
3.300000000e+00  0.00000  1.00000  0.99938  0.14850  0.00000  0.00000  0.99976  1.00000
3.310000000e+00  0.00000  1.00000  0.99950  0.02168  0.00000  0.00000  0.99977  1.00000
3.320000000e+00  0.00000  1.00000  0.99903  0.21381  0.00000  0.00000  0.99977  1.00000
3.330000000e+00  0.00000  1.00000  0.99379  0.06884  0.00000  0.00000  0.99977  1.00000
3.340000000e+00  0.00000  1.00000  0.97877  0.38194  0.00000  0.00000  0.99977  0.99990
3.350000000e+00  0.00000  1.00000  0.96606  0.14043  0.00000  0.00000  0.99978  0.99987
3.360000000e+00  0.00000  1.00000  0.86150  0.14872  0.00000  0.00000  0.99978  0.99991
3.370000000e+00  0.00000  1.00000  0.96011  0.20028  0.00000  0.00000  0.99978  0.99984
3.380000000e+00  0.00000  1.00000  0.97146  0.32040  0.00000  0.00000  0.99978  0.99994
3.390000000e+00  0.00000  1.00000  0.98474  0.45293  0.00000  0.00000  0.99979  0.99992
3.400000000e+00  0.00000  1.00000  0.99449  0.67076  0.00000  0.00000  0.99979  0.99996
3.410000000e+00  0.00000  1.00000  0.99800  0.50636  0.00000  0.00000  0.99979  0.99997
3.420000000e+00  0.00000  1.00000  0.99932  0.63858  0.00000  0.00000  0.99979  1.00000
3.430000000e+00  0.00000  1.00000  0.99912  0.88259  0.00000  0.00000  0.99980  0.99995
3.440000000e+00  0.00000  1.00000  0.99933  0.77958  0.00000  0.00000  0.99980  0.99992
3.450000000e+00  0.00000  1.00000  0.99658  0.77947  0.00000  0.00000  0.99980  0.99981
3.460000000e+00  0.00000  1.00000  0.99741  0.72967  0.00000  0.00000  0.99980  0.99993
3.470000000e+00  0.00000  1.00000  0.99907  0.86602  0.00000  0.00000  0.99981  0.99984
3.480000000e+00  0.00000  1.00000  0.99936  0.81731  0.00000  0.00000  0.99981  0.99989
3.490000000e+00  0.00000  1.00000  0.99959  0.85438  0.00000  0.00000  0.99981  0.99989
3.500000000e+00  0.00000  1.00000  0.99961  0.82509  0.00000  0.00000  0.99981  0.99994
3.510000000e+00  0.00000  1.00000  0.99933  0.83893  0.00000  0.00000  0.99981  0.99998
3.520000000e+00  0.00000  1.00000  0.99819  0.77591  0.00000  0.00000  0.99982  0.99998
3.530000000e+00  0.00000  1.00000  0.99521  0.74084  0.00000  0.00000  0.99982  0.99996
3.540000000e+00  0.00000  1.00000  0.98926  0.72093  0.00000  0.00000  0.99982  0.99993
3.550000000e+00  0.00000  1.00000  0.97696  0.68439  0.00000  0.00000  0.99982  0.99995
3.560000000e+00  0.00000  1.00000  0.94955  0.56960  0.00000  0.00000  0.99983  0.99978
3.570000000e+00  0.00000  1.00000  0.90797  0.70785  0.00000  0.00000  0.99983  0.99978
3.580000000e+00  0.00000  1.00000  0.87665  0.64461  0.00000  0.00000  0.99983  0.99960
3.590000000e+00  0.00000  1.00000  0.82135  0.74310  0.00000  0.00000  0.99983  0.99959
3.600000000e+00  0.00000  1.00000  0.67050  0.64086  0.00000  0.00000  0.99983  0.99964
3.610000000e+00  0.00000  1.00000  0.53998  0.82892  0.00000  0.00000  0.99983  0.99966
3.620000000e+00  0.00000  1.00000  0.48731  0.67526  0.00000  0.00000  0.99984  0.99956
3.630000000e+00  0.00000  1.00000  0.67994  0.81782  0.00000  0.00000  0.99984  0.99947
3.640000000e+00  0.00000  1.00000  0.63928  0.72022  0.00000  0.00000  0.99984  0.99930
3.650000000e+00  0.00000  1.00000  0.51414  0.92499  0.00000  0.00000  0.99984  0.99919
3.660000000e+00  0.00000  1.00000  0.61849  0.77379  0.00000  0.00000  0.99984  0.99912
3.670000000e+00  0.00000  1.00000  0.80844  0.78393  0.00000  0.00000  0.99984  0.99903
3.680000000e+00  0.00000  1.00000  0.93426  0.39613  0.00000  0.00000  0.99985  0.99888
3.690000000e+00  0.00000  1.00000  0.96900  0.55232  0.00000  0.00000  0.99985  0.99865
3.700000000e+00  0.00000  1.00000  0.97980  0.77630  0.00000  0.00000  0.99985  0.99847
3.710000000e+00  0.00000  1.00000  0.98901  0.91079  0.00000  0.00000  0.99985  0.99660
3.720000000e+00  0.00000  1.00000  0.97947  0.70454  0.00000  0.00000  0.99985  0.99542
3.730000000e+00  0.00000  1.00000  0.97825  0.83944  0.00000  0.00000  0.99985  0.99492
3.740000000e+00  0.00000  1.00000  0.97771  0.70974  0.00000  0.00000  0.99986  0.99436
3.750000000e+00  0.00000  1.00000  0.94101  0.80226  0.00000  0.00000  0.99986  0.99361
3.760000000e+00  0.00000  1.00000  0.84633  0.75481  0.00000  0.00000  0.99986  0.99280
3.770000000e+00  0.00000  1.00000  0.72232  0.70261  0.00000  0.00000  0.99986  0.99185
3.780000000e+00  0.00000  1.00000  0.55072  0.72069  0.00000  0.00000  0.99986  0.99064
3.790000000e+00  0.00000  1.00000  0.37775  0.77577  0.00000  0.00000  0.99986  0.98913
3.800000000e+00  0.00000  1.00000  0.14935  0.72365  0.00000  0.00000  0.99986  0.98752
3.810000000e+00  0.00000  1.00000  0.03999  0.88115  0.00000  0.00000  0.99987  0.98558
3.820000000e+00  0.00000  1.00000  0.06266  0.69623  0.00000  0.00000  0.99987  0.98347
3.830000000e+00  0.00000  1.00000  0.26053  0.86330  0.00000  0.00000  0.99987  0.98106
3.840000000e+00  0.00000  1.00000  0.12768  0.75209  0.00000  0.00000  0.99987  0.97827
3.850000000e+00  0.00000  1.00000  0.06605  0.87325  0.00000  0.00000  0.99987  0.97504
3.860000000e+00  0.00000  1.00000  0.12083  0.84784  0.00000  0.00000  0.99987  0.97135
3.870000000e+00  0.00000  1.00000  0.29086  0.88962  0.00000  0.00000  0.99987  0.96728
3.880000000e+00  0.00000  1.00000  0.53812  0.88460  0.00000  0.00000  0.99988  0.96265
3.890000000e+00  0.00000  1.00000  0.75801  0.91195  0.00000  0.00000  0.99988  0.95729
3.900000000e+00  0.00000  1.00000  0.90473  0.94397  0.00000  0.00000  0.99988  0.95124
3.910000000e+00  0.00000  1.00000  0.96023  0.90154  0.00000  0.00000  0.99988  0.94440
3.920000000e+00  0.00000  1.00000  0.96468  0.97832  0.00000  0.00000  0.99988  0.93635
3.930000000e+00  0.00000  1.00000  0.92733  0.95280  0.00000  0.00000  0.99988  0.92716
3.940000000e+00  0.00000  1.00000  0.84492  0.97940  0.00000  0.00000  0.99988  0.91651
3.950000000e+00  0.00000  1.00000  0.71971  0.98261  0.00000  0.00000  0.99988  0.90454
3.960000000e+00  0.00000  1.00000  0.50341  0.97136  0.00000  0.00000  0.99989  0.89032
3.970000000e+00  0.00000  1.00000  0.33133  0.99203  0.00000  0.00000  0.99989  0.87412
3.980000000e+00  0.00000  1.00000  0.17984  0.98239  0.00000  0.00000  0.99989  0.85606
3.990000000e+00  0.00000  1.00000  0.13028  0.99464  0.00000  0.00000  0.99989  0.83539
4.000000000e+00  0.00000  1.00000  0.30721  0.99249  0.00000  0.00000  0.99989  0.81158
4.010000000e+00  0.00000  1.00000  0.38009  0.99249  0.00000  0.00000  0.99989  0.78557
4.020000000e+00  0.00000  1.00000  0.16912  0.99798  0.00000  0.00000  0.99989  0.75724
4.030000000e+00  0.00000  1.00000  0.14803  0.99267  0.00000  0.00000  0.99989  0.72719
4.040000000e+00  0.00000  1.00000  0.20795  0.99628  0.00000  0.00000  0.99989  0.69551
4.050000000e+00  0.00000  1.00000  0.34955  0.99652  0.00000  0.00000  0.99990  0.66193
4.060000000e+00  0.00000  1.00000  0.52298  0.99585  0.00000  0.00000  0.99990  0.62815
4.070000000e+00  0.00000  1.00000  0.57989  0.99559  0.00000  0.00000  0.99990  0.59421
4.080000000e+00  0.00000  1.00000  0.28879  0.99786  0.00000  0.00000  0.99990  0.56199
4.090000000e+00  0.00000  1.00000  0.09163  0.99772  0.00000  0.00000  0.99990  0.53186
4.100000000e+00  0.00000  1.00000  0.04140  0.99803  0.00000  0.00000  0.99990  0.50373
4.110000000e+00  0.00000  1.00000  0.05254  0.99276  0.00000  0.00000  0.99990  0.47846
4.120000000e+00  0.00000  1.00000  0.21694  0.99804  0.00000  0.00000  0.99990  0.45686
4.130000000e+00  0.00000  1.00000  0.26682  0.99508  0.00000  0.00000  0.99990  0.43879
4.140000000e+00  0.00000  1.00000  0.12049  0.99673  0.00000  0.00000  0.99990  0.42448
4.150000000e+00  0.00000  1.00000  0.05172  0.99896  0.00000  0.00000  0.99990  0.41378
4.160000000e+00  0.00000  1.00000  0.00023  0.99447  0.00000  0.00000  0.99991  0.40702
4.170000000e+00  0.00000  1.00000  0.00000  0.99670  0.00000  0.00000  0.99991  0.40309
4.180000000e+00  0.00000  1.00000  0.00000  0.99604  0.00000  0.00000  0.99991  0.40407
4.190000000e+00  0.00000  1.00000  0.00000  0.99619  0.00000  0.00000  0.99991  0.40596
4.200000000e+00  0.00000  1.00000  0.00000  0.99559  0.00000  0.00000  0.99991  0.41110
4.210000000e+00  0.00000  1.00000  0.00000  0.99320  0.00000  0.00000  0.99991  0.41429
4.220000000e+00  0.00000  1.00000  0.00000  0.99367  0.00000  0.00000  0.99991  0.41520
4.230000000e+00  0.00000  1.00000  0.00000  0.99296  0.00000  0.00000  0.99991  0.41265
4.240000000e+00  0.00000  1.00000  0.00000  0.99469  0.00000  0.00000  0.99991  0.40478
4.250000000e+00  0.00000  1.00000  0.00000  0.98677  0.00000  0.00000  0.99991  0.38984
4.260000000e+00  0.00000  1.00000  0.00000  0.98363  0.00000  0.00000  0.99991  0.36117
4.270000000e+00  0.00000  1.00000  0.00000  0.99424  0.00000  0.00000  0.99991  0.31818
4.280000000e+00  0.00000  1.00000  0.00000  0.97631  0.00000  0.00000  0.99992  0.28831
4.290000000e+00  0.00000  1.00000  0.00000  0.97266  0.00000  0.00000  0.99992  0.27009
4.300000000e+00  0.00000  1.00000  0.00000  0.96901  0.00000  0.00000  0.99992  0.27467
4.310000000e+00  0.00000  1.00000  0.00000  0.94616  0.00000  0.00000  0.99992  0.30232
4.320000000e+00  0.00000  1.00000  0.00000  0.95691  0.00000  0.00000  0.99992  0.34256
4.330000000e+00  0.00000  1.00000  0.00000  0.95500  0.00000  0.00000  0.99992  0.39741
4.340000000e+00  0.00000  1.00000  0.00000  0.94456  0.00000  0.00000  0.99992  0.44346
4.350000000e+00  0.00000  1.00000  0.00000  0.94243  0.00000  0.00000  0.99992  0.47822
4.360000000e+00  0.00000  1.00000  0.00000  0.92210  0.00000  0.00000  0.99992  0.50330
4.370000000e+00  0.00000  1.00000  0.00000  0.83862  0.00000  0.00000  0.99992  0.52132
4.380000000e+00  0.00000  1.00000  0.00000  0.94333  0.00000  0.00000  0.99992  0.53483
4.390000000e+00  0.00000  1.00000  0.00000  0.92219  0.00000  0.00000  0.99992  0.54712
4.400000000e+00  0.00000  1.00000  0.00000  0.88545  0.00000  0.00000  0.99992  0.55585
4.410000000e+00  0.00000  1.00000  0.00000  0.77208  0.00000  0.00000  0.99993  0.56720
4.420000000e+00  0.00000  1.00000  0.00000  0.96214  0.00000  0.00000  0.99993  0.57816
4.430000000e+00  0.00000  1.00000  0.00000  0.86466  0.00000  0.00000  0.99993  0.59100
4.440000000e+00  0.00000  1.00000  0.00000  0.71490  0.00000  0.00000  0.99993  0.60474
4.450000000e+00  0.00000  1.00000  0.00000  0.78016  0.00000  0.00000  0.99993  0.62082
4.460000000e+00  0.00000  1.00000  0.00000  0.80668  0.00000  0.00000  0.99993  0.63685
4.470000000e+00  0.00000  1.00000  0.00000  0.82447  0.00000  0.00000  0.99993  0.65627
4.480000000e+00  0.00000  1.00000  0.00000  0.80829  0.00000  0.00000  0.99993  0.67464
4.490000000e+00  0.00000  1.00000  0.00000  0.84472  0.00000  0.00000  0.99993  0.69570
4.500000000e+00  0.00000  1.00000  0.00000  0.86877  0.00000  0.00000  0.99993  0.71516
4.510000000e+00  0.00000  1.00000  0.00000  0.86127  0.00000  0.00000  0.99993  0.73636
4.520000000e+00  0.00000  1.00000  0.00000  0.79474  0.00000  0.00000  0.99993  0.75701
4.530000000e+00  0.00000  1.00000  0.00000  0.67193  0.00000  0.00000  0.99993  0.77712
4.540000000e+00  0.00000  1.00000  0.00003  0.65219  0.00000  0.00000  0.99993  0.79680
4.550000000e+00  0.00000  1.00000  0.00033  0.81873  0.00000  0.00000  0.99993  0.81571
4.560000000e+00  0.00000  1.00000  0.00601  0.90939  0.00000  0.00000  0.99993  0.83372
4.570000000e+00  0.00000  1.00000  0.03871  0.81414  0.00000  0.00000  0.99993  0.85001
4.580000000e+00  0.00000  1.00000  0.12612  0.71937  0.00000  0.00000  0.99994  0.86585
4.590000000e+00  0.00000  1.00000  0.18018  0.77937  0.00000  0.00000  0.99994  0.88021
4.600000000e+00  0.00000  1.00000  0.26056  0.81022  0.00000  0.00000  0.99994  0.89345
4.610000000e+00  0.00000  1.00000  0.31908  0.84694  0.00000  0.00000  0.99994  0.90557
4.620000000e+00  0.00000  1.00000  0.26326  0.80366  0.00000  0.00000  0.99994  0.91662
4.630000000e+00  0.00000  1.00000  0.12037  0.61458  0.00000  0.00000  0.99994  0.92658
4.640000000e+00  0.00000  1.00000  0.09255  0.62379  0.00000  0.00000  0.99994  0.93554
4.650000000e+00  0.00000  1.00000  0.07573  0.63954  0.00000  0.00000  0.99994  0.94358
4.660000000e+00  0.00000  1.00000  0.07680  0.57756  0.00000  0.00000  0.99994  0.95077
4.670000000e+00  0.00000  1.00000  0.08405  0.50558  0.00000  0.00000  0.99994  0.95686
4.680000000e+00  0.00000  1.00000  0.03012  0.51489  0.00000  0.00000  0.99994  0.96167
4.690000000e+00  0.00000  1.00000  0.01324  0.22407  0.00000  0.00000  0.99994  0.96687
4.700000000e+00  0.00000  1.00000  0.00156  0.87337  0.00000  0.00000  0.99994  0.97101
4.710000000e+00  0.00000  1.00000  0.00004  0.77586  0.00000  0.00000  0.99994  0.97448
4.720000000e+00  0.00000  1.00000  0.00002  0.45394  0.00000  0.00000  0.99994  0.97774
4.730000000e+00  0.00000  1.00000  0.00000  0.59097  0.00000  0.00000  0.99994  0.98016
4.740000000e+00  0.00000  1.00000  0.00000  0.43526  0.00000  0.00000  0.99994  0.98304
4.750000000e+00  0.00000  1.00000  0.00000  0.67187  0.00000  0.00000  0.99994  0.98521
4.760000000e+00  0.00000  1.00000  0.00000  0.55814  0.00000  0.00000  0.99994  0.98717
4.770000000e+00  0.00000  1.00000  0.00000  0.57160  0.00000  0.00000  0.99995  0.98889
4.780000000e+00  0.00000  1.00000  0.00000  0.44894  0.00000  0.00000  0.99995  0.98952
4.790000000e+00  0.00000  1.00000  0.00000  0.27391  0.00000  0.00000  0.99995  0.99087
4.800000000e+00  0.00000  1.00000  0.00000  0.31743  0.00000  0.00000  0.99995  0.99283
4.810000000e+00  0.00000  1.00000  0.00000  0.48409  0.00000  0.00000  0.99995  0.99400
4.820000000e+00  0.00000  1.00000  0.00000  0.42899  0.00000  0.00000  0.99995  0.99478
4.830000000e+00  0.00000  1.00000  0.00000  0.25756  0.00000  0.00000  0.99995  0.99574
4.840000000e+00  0.00000  1.00000  0.00000  0.46411  0.00000  0.00000  0.99995  0.99242
4.850000000e+00  0.00000  1.00000  0.00000  0.12648  0.00000  0.00000  0.99995  0.99527
4.860000000e+00  0.00000  1.00000  0.00000  0.09234  0.00000  0.00000  0.99995  0.99733
4.870000000e+00  0.00000  1.00000  0.00000  0.59816  0.00000  0.00000  0.99995  0.99785
4.880000000e+00  0.00000  1.00000  0.00000  0.60547  0.00000  0.00000  0.99995  0.99809
4.890000000e+00  0.00000  1.00000  0.00000  0.53984  0.00000  0.00000  0.99995  0.99763
4.900000000e+00  0.00000  1.00000  0.00000  0.08121  0.00000  0.00000  0.99995  0.99521
4.910000000e+00  0.00000  1.00000  0.00000  0.04995  0.00000  0.00000  0.99995  0.99835
4.920000000e+00  0.00000  1.00000  0.00000  0.28079  0.00000  0.00000  0.99995  0.99867
4.930000000e+00  0.00000  1.00000  0.00000  0.51602  0.00000  0.00000  0.99995  0.99879
4.940000000e+00  0.00000  1.00000  0.00012  0.26877  0.00000  0.00000  0.99995  0.99878
4.950000000e+00  0.00000  1.00000  0.00056  0.07962  0.00000  0.00000  0.99995  0.99679
4.960000000e+00  0.00000  1.00000  0.00134  0.02630  0.00000  0.00000  0.99995  0.98829
4.970000000e+00  0.00000  1.00000  0.01104  0.00942  0.00000  0.00000  0.99995  0.99903
4.980000000e+00  0.00000  1.00000  0.03248  0.17208  0.00000  0.00000  0.99995  0.99909
4.990000000e+00  0.00000  1.00000  0.08313  0.04405  0.00000  0.00000  0.99995  0.99930
5.000000000e+00  0.00000  1.00000  0.07615  0.28242  0.00000  0.00000  0.99995  0.99932
