# ------------------------------------------------------------------------
# NASA-GSFC Planetary Spectrum Generator (PSG, Villanueva et al. 2015)
# Atmospheric transmittance spectrum synthesized with PUMAS (Villanueva et al. 2016, Smith et al. 2009, Edwards 1992)
# Synthesized on Tue Nov 21 15:10:32 2017
# Molecular abundance profile: 
# Molecules considered: N2,CO2,H2O
# Molecular sources: HIT[22],HIT[2],HIT[1]
# Molecular abundances: 1,1,1
# Molecular abundance units: scl,scl,scl
# Collission-Induced-Absorption:  N2-N2(3.33-5.41um)
# Rayleigh scattering included
# ------------------------------------------------------------------------
# Aerosols considered: WaterIce,Cloud
# Aerosols sources: CRISM_Wolff[reff=2.0um 0.31-99.57um],White_GSFC[reff=1.0um 0.10-1000000.00um]
# Aerosols opacities: 1,1
# Aerosols opacity units: scl,scl
# ------------------------------------------------------------------------
# Spectral unit: Wavelength [um]
# Wave/freq Total N2 CO2 H2O WaterIce Cloud Rayleigh CIA
1.000000000e+00  0.00000  1.00000  0.99996  0.97228  0.00000  0.00000  0.97252  1.00000
1.010000000e+00  0.00000  1.00000  0.99999  0.96291  0.00000  0.00000  0.97357  1.00000
1.020000000e+00  0.00000  1.00000  1.00000  0.98254  0.00000  0.00000  0.97458  1.00000
1.030000000e+00  0.00000  1.00000  0.99999  0.98514  0.00000  0.00000  0.97554  1.00000
1.040000000e+00  0.00000  1.00000  0.79668  0.99823  0.00000  0.00000  0.97646  1.00000
1.050000000e+00  0.00000  1.00000  0.98663  0.99931  0.00000  0.00000  0.97733  1.00000
1.060000000e+00  0.00000  1.00000  0.96699  0.99799  0.00000  0.00000  0.97817  1.00000
1.070000000e+00  0.00000  1.00000  0.94064  0.98609  0.00000  0.00000  0.97896  1.00000
1.080000000e+00  0.00000  1.00000  0.99394  0.93483  0.00000  0.00000  0.97972  1.00000
1.090000000e+00  0.00000  1.00000  0.99963  0.87776  0.00000  0.00000  0.98045  1.00000
1.100000000e+00  0.00000  1.00000  0.99829  0.74836  0.00000  0.00000  0.98114  1.00000
1.110000000e+00  0.00000  1.00000  1.00000  0.47210  0.00000  0.00000  0.98181  1.00000
1.120000000e+00  0.00000  1.00000  0.97630  0.06788  0.00000  0.00000  0.98244  1.00000
1.130000000e+00  0.00000  1.00000  0.99656  0.01477  0.00000  0.00000  0.98305  1.00000
1.140000000e+00  0.00000  1.00000  0.99260  0.15742  0.00000  0.00000  0.98363  1.00000
1.150000000e+00  0.00000  1.00000  0.99779  0.07855  0.00000  0.00000  0.98419  1.00000
1.160000000e+00  0.00000  1.00000  0.99755  0.27910  0.00000  0.00000  0.98473  1.00000
1.170000000e+00  0.00000  1.00000  0.99992  0.54892  0.00000  0.00000  0.98524  1.00000
1.180000000e+00  0.00000  1.00000  0.99951  0.70144  0.00000  0.00000  0.98573  1.00000
1.190000000e+00  0.00000  1.00000  0.99995  0.63686  0.00000  0.00000  0.98620  1.00000
1.200000000e+00  0.00000  1.00000  0.99982  0.66408  0.00000  0.00000  0.98665  1.00000
1.210000000e+00  0.00000  1.00000  0.08627  0.78016  0.00000  0.00000  0.98708  1.00000
1.220000000e+00  0.00000  1.00000  0.56859  0.84593  0.00000  0.00000  0.98750  1.00000
1.230000000e+00  0.00000  1.00000  0.39323  0.88516  0.00000  0.00000  0.98790  1.00000
1.240000000e+00  0.00000  1.00000  0.83903  0.98055  0.00000  0.00000  0.98828  1.00000
1.250000000e+00  0.00000  1.00000  0.98864  0.99639  0.00000  0.00000  0.98865  1.00000
1.260000000e+00  0.00000  1.00000  0.95792  0.99652  0.00000  0.00000  0.98900  1.00000
1.270000000e+00  0.00000  1.00000  0.95963  0.98935  0.00000  0.00000  0.98934  1.00000
1.280000000e+00  0.00000  1.00000  0.99903  0.97667  0.00000  0.00000  0.98967  1.00000
1.290000000e+00  0.00000  1.00000  0.88176  0.93707  0.00000  0.00000  0.98999  1.00000
1.300000000e+00  0.00000  1.00000  0.82912  0.83496  0.00000  0.00000  0.99029  1.00000
1.310000000e+00  0.00000  1.00000  0.99209  0.71472  0.00000  0.00000  0.99058  1.00000
1.320000000e+00  0.00000  1.00000  0.41675  0.54191  0.00000  0.00000  0.99086  1.00000
1.330000000e+00  0.00000  1.00000  0.96801  0.39141  0.00000  0.00000  0.99113  1.00000
1.340000000e+00  0.00000  1.00000  0.56962  0.24052  0.00000  0.00000  0.99139  1.00000
1.350000000e+00  0.00000  1.00000  0.85244  0.01565  0.00000  0.00000  0.99164  1.00000
1.360000000e+00  0.00000  1.00000  0.98770  0.00000  0.00000  0.00000  0.99189  1.00000
1.370000000e+00  0.00000  1.00000  0.96998  0.00000  0.00000  0.00000  0.99212  1.00000
1.380000000e+00  0.00000  1.00000  0.96151  0.00000  0.00000  0.00000  0.99234  1.00000
1.390000000e+00  0.00000  1.00000  0.99285  0.00000  0.00000  0.00000  0.99256  1.00000
1.400000000e+00  0.00000  1.00000  0.99613  0.00001  0.00000  0.00000  0.99277  1.00000
1.410000000e+00  0.00000  1.00000  0.99980  0.00000  0.00000  0.00000  0.99297  1.00000
1.420000000e+00  0.00000  1.00000  0.99942  0.00149  0.00000  0.00000  0.99317  1.00000
1.430000000e+00  0.00000  1.00000  0.68631  0.00436  0.00000  0.00000  0.99336  1.00000
1.440000000e+00  0.00000  1.00000  0.00000  0.00461  0.00000  0.00000  0.99354  1.00000
1.450000000e+00  0.00000  1.00000  0.01270  0.03189  0.00000  0.00000  0.99371  1.00000
1.460000000e+00  0.00000  1.00000  0.63809  0.11273  0.00000  0.00000  0.99388  1.00000
1.470000000e+00  0.00000  1.00000  0.97443  0.03585  0.00000  0.00000  0.99405  1.00000
1.480000000e+00  0.00000  1.00000  0.41437  0.08958  0.00000  0.00000  0.99421  1.00000
1.490000000e+00  0.00000  1.00000  0.74873  0.09004  0.00000  0.00000  0.99436  1.00000
1.500000000e+00  0.00000  1.00000  0.55831  0.41171  0.00000  0.00000  0.99451  1.00000
1.510000000e+00  0.00000  1.00000  0.98148  0.56559  0.00000  0.00000  0.99465  1.00000
1.520000000e+00  0.00000  1.00000  0.98631  0.74104  0.00000  0.00000  0.99479  1.00000
1.530000000e+00  0.00000  1.00000  0.32515  0.82235  0.00000  0.00000  0.99493  1.00000
1.540000000e+00  0.00000  1.00000  0.13571  0.93519  0.00000  0.00000  0.99506  1.00000
1.550000000e+00  0.00000  1.00000  0.64989  0.96558  0.00000  0.00000  0.99518  1.00000
1.560000000e+00  0.00000  1.00000  0.93867  0.99052  0.00000  0.00000  0.99530  1.00000
1.570000000e+00  0.00000  1.00000  0.30667  0.98165  0.00000  0.00000  0.99542  1.00000
1.580000000e+00  0.00000  1.00000  0.00020  0.98533  0.00000  0.00000  0.99554  1.00000
1.590000000e+00  0.00000  1.00000  0.34085  0.98662  0.00000  0.00000  0.99565  1.00000
1.600000000e+00  0.00000  1.00000  0.21577  0.97946  0.00000  0.00000  0.99576  1.00000
1.610000000e+00  0.00000  1.00000  0.00217  0.99246  0.00000  0.00000  0.99586  1.00000
1.620000000e+00  0.00000  1.00000  0.01857  0.99251  0.00000  0.00000  0.99596  1.00000
1.630000000e+00  0.00000  1.00000  0.39456  0.99747  0.00000  0.00000  0.99606  1.00000
1.640000000e+00  0.00000  1.00000  0.30824  0.99223  0.00000  0.00000  0.99615  1.00000
1.650000000e+00  0.00000  1.00000  0.23328  0.97901  0.00000  0.00000  0.99625  1.00000
1.660000000e+00  0.00000  1.00000  0.39267  0.97662  0.00000  0.00000  0.99634  1.00000
1.670000000e+00  0.00000  1.00000  0.56279  0.97784  0.00000  0.00000  0.99642  1.00000
1.680000000e+00  0.00000  1.00000  0.80125  0.96600  0.00000  0.00000  0.99651  1.00000
1.690000000e+00  0.00000  1.00000  0.93773  0.97218  0.00000  0.00000  0.99659  1.00000
1.700000000e+00  0.00000  1.00000  0.98480  0.89902  0.00000  0.00000  0.99667  1.00000
1.710000000e+00  0.00000  1.00000  0.92882  0.89822  0.00000  0.00000  0.99675  1.00000
1.720000000e+00  0.00000  1.00000  0.96324  0.91674  0.00000  0.00000  0.99682  1.00000
1.730000000e+00  0.00000  1.00000  0.99264  0.86552  0.00000  0.00000  0.99689  1.00000
1.740000000e+00  0.00000  1.00000  0.99937  0.75532  0.00000  0.00000  0.99696  1.00000
1.750000000e+00  0.00000  1.00000  0.99894  0.68847  0.00000  0.00000  0.99703  1.00000
1.760000000e+00  0.00000  1.00000  0.89754  0.70027  0.00000  0.00000  0.99710  1.00000
1.770000000e+00  0.00000  1.00000  0.95846  0.53113  0.00000  0.00000  0.99716  1.00000
1.780000000e+00  0.00000  1.00000  0.99518  0.35751  0.00000  0.00000  0.99723  1.00000
1.790000000e+00  0.00000  1.00000  0.88285  0.21039  0.00000  0.00000  0.99729  1.00000
1.800000000e+00  0.00000  1.00000  0.95053  0.08782  0.00000  0.00000  0.99735  1.00000
1.810000000e+00  0.00000  1.00000  0.98761  0.01003  0.00000  0.00000  0.99741  1.00000
1.820000000e+00  0.00000  1.00000  0.99563  0.00053  0.00000  0.00000  0.99746  1.00000
1.830000000e+00  0.00000  1.00000  0.99928  0.00001  0.00000  0.00000  0.99752  1.00000
1.840000000e+00  0.00000  1.00000  0.99972  0.00000  0.00000  0.00000  0.99757  1.00000
1.850000000e+00  0.00000  1.00000  0.99756  0.00000  0.00000  0.00000  0.99762  1.00000
1.860000000e+00  0.00000  1.00000  0.99711  0.00000  0.00000  0.00000  0.99767  1.00000
1.870000000e+00  0.00000  1.00000  0.97882  0.00000  0.00000  0.00000  0.99772  1.00000
1.880000000e+00  0.00000  1.00000  0.10711  0.00000  0.00000  0.00000  0.99777  1.00000
1.890000000e+00  0.00000  1.00000  0.12505  0.00000  0.00000  0.00000  0.99782  1.00000
1.900000000e+00  0.00000  1.00000  0.51783  0.00001  0.00000  0.00000  0.99786  1.00000
1.910000000e+00  0.00000  1.00000  0.64661  0.00000  0.00000  0.00000  0.99791  1.00000
1.920000000e+00  0.00000  1.00000  0.86330  0.00000  0.00000  0.00000  0.99795  1.00000
1.930000000e+00  0.00000  1.00000  0.84244  0.00001  0.00000  0.00000  0.99799  1.00000
1.940000000e+00  0.00000  1.00000  0.19471  0.00034  0.00000  0.00000  0.99803  1.00000
1.950000000e+00  0.00000  1.00000  0.00000  0.00601  0.00000  0.00000  0.99807  1.00000
1.960000000e+00  0.00000  1.00000  0.00000  0.01779  0.00000  0.00000  0.99811  1.00000
1.970000000e+00  0.00000  1.00000  0.00000  0.23008  0.00000  0.00000  0.99815  1.00000
1.980000000e+00  0.00000  1.00000  0.00000  0.35210  0.00000  0.00000  0.99819  1.00000
1.990000000e+00  0.00000  1.00000  0.00419  0.41442  0.00000  0.00000  0.99822  1.00000
2.000000000e+00  0.00000  1.00000  0.00000  0.54514  0.00000  0.00000  0.99826  1.00000
2.010000000e+00  0.00000  1.00000  0.00000  0.44381  0.00000  0.00000  0.99829  1.00000
2.020000000e+00  0.00000  1.00000  0.00000  0.59584  0.00000  0.00000  0.99833  1.00000
2.030000000e+00  0.00000  1.00000  0.00000  0.81239  0.00000  0.00000  0.99836  1.00000
2.040000000e+00  0.00000  1.00000  0.00000  0.84260  0.00000  0.00000  0.99839  1.00000
2.050000000e+00  0.00000  1.00000  0.00000  0.92517  0.00000  0.00000  0.99842  1.00000
2.060000000e+00  0.00000  1.00000  0.00000  0.84562  0.00000  0.00000  0.99845  1.00000
2.070000000e+00  0.00000  1.00000  0.00000  0.87413  0.00000  0.00000  0.99848  1.00000
2.080000000e+00  0.00000  1.00000  0.00000  0.91652  0.00000  0.00000  0.99851  1.00000
2.090000000e+00  0.00000  1.00000  0.00000  0.91480  0.00000  0.00000  0.99854  1.00000
2.100000000e+00  0.00000  1.00000  0.00004  0.94862  0.00000  0.00000  0.99857  1.00000
2.110000000e+00  0.00000  1.00000  0.01932  0.95879  0.00000  0.00000  0.99859  1.00000
2.120000000e+00  0.00000  1.00000  0.06807  0.89389  0.00000  0.00000  0.99862  1.00000
2.130000000e+00  0.00000  1.00000  0.44162  0.85196  0.00000  0.00000  0.99865  1.00000
2.140000000e+00  0.00000  1.00000  0.63423  0.96448  0.00000  0.00000  0.99867  1.00000
2.150000000e+00  0.00000  1.00000  0.27620  0.98318  0.00000  0.00000  0.99870  1.00000
2.160000000e+00  0.00000  1.00000  0.34568  0.93474  0.00000  0.00000  0.99872  1.00000
2.170000000e+00  0.00000  1.00000  0.22936  0.86720  0.00000  0.00000  0.99874  1.00000
2.180000000e+00  0.00000  1.00000  0.54103  0.88972  0.00000  0.00000  0.99877  1.00000
2.190000000e+00  0.00000  1.00000  0.83113  0.77062  0.00000  0.00000  0.99879  1.00000
2.200000000e+00  0.00000  1.00000  0.88650  0.85778  0.00000  0.00000  0.99881  1.00000
2.210000000e+00  0.00000  1.00000  0.96473  0.89895  0.00000  0.00000  0.99883  1.00000
2.220000000e+00  0.00000  1.00000  0.95060  0.92297  0.00000  0.00000  0.99885  1.00000
2.230000000e+00  0.00000  1.00000  0.95420  0.94845  0.00000  0.00000  0.99887  1.00000
2.240000000e+00  0.00000  1.00000  0.98692  0.97573  0.00000  0.00000  0.99889  1.00000
2.250000000e+00  0.00000  1.00000  0.97818  0.97983  0.00000  0.00000  0.99891  1.00000
2.260000000e+00  0.00000  1.00000  0.94829  0.99212  0.00000  0.00000  0.99893  1.00000
2.270000000e+00  0.00000  1.00000  0.98754  0.98364  0.00000  0.00000  0.99895  1.00000
2.280000000e+00  0.00000  1.00000  0.97366  0.99697  0.00000  0.00000  0.99897  1.00000
2.290000000e+00  0.00000  1.00000  0.99194  0.98443  0.00000  0.00000  0.99899  1.00000
2.300000000e+00  0.00000  1.00000  0.99602  0.91051  0.00000  0.00000  0.99900  1.00000
2.310000000e+00  0.00000  1.00000  0.99746  0.97062  0.00000  0.00000  0.99902  1.00000
2.320000000e+00  0.00000  1.00000  0.99905  0.92677  0.00000  0.00000  0.99904  1.00000
2.330000000e+00  0.00000  1.00000  0.99989  0.91963  0.00000  0.00000  0.99905  1.00000
2.340000000e+00  0.00000  1.00000  0.99989  0.93582  0.00000  0.00000  0.99907  1.00000
2.350000000e+00  0.00000  1.00000  0.99987  0.83465  0.00000  0.00000  0.99909  1.00000
2.360000000e+00  0.00000  1.00000  0.99967  0.70172  0.00000  0.00000  0.99910  1.00000
2.370000000e+00  0.00000  1.00000  0.99823  0.72226  0.00000  0.00000  0.99912  1.00000
2.380000000e+00  0.00000  1.00000  0.99715  0.53417  0.00000  0.00000  0.99913  1.00000
2.390000000e+00  0.00000  1.00000  0.99069  0.42080  0.00000  0.00000  0.99915  1.00000
2.400000000e+00  0.00000  1.00000  0.98879  0.51300  0.00000  0.00000  0.99916  1.00000
2.410000000e+00  0.00000  1.00000  0.98700  0.33959  0.00000  0.00000  0.99917  1.00000
2.420000000e+00  0.00000  1.00000  0.99685  0.15498  0.00000  0.00000  0.99919  1.00000
2.430000000e+00  0.00000  1.00000  0.99991  0.34979  0.00000  0.00000  0.99920  1.00000
2.440000000e+00  0.00000  1.00000  0.99986  0.07282  0.00000  0.00000  0.99921  1.00000
2.450000000e+00  0.00000  1.00000  0.99965  0.13581  0.00000  0.00000  0.99923  1.00000
2.460000000e+00  0.00000  1.00000  0.99948  0.21961  0.00000  0.00000  0.99924  1.00000
2.470000000e+00  0.00000  1.00000  0.99249  0.18709  0.00000  0.00000  0.99925  1.00000
2.480000000e+00  0.00000  1.00000  0.96992  0.08835  0.00000  0.00000  0.99926  1.00000
2.490000000e+00  0.00000  1.00000  0.32229  0.00355  0.00000  0.00000  0.99927  1.00000
2.500000000e+00  0.00000  1.00000  0.73638  0.00358  0.00000  0.00000  0.99929  1.00000
2.510000000e+00  0.00000  1.00000  0.70560  0.00098  0.00000  0.00000  0.99930  1.00000
2.520000000e+00  0.00000  1.00000  0.68285  0.00023  0.00000  0.00000  0.99931  1.00000
2.530000000e+00  0.00000  1.00000  0.83863  0.00000  0.00000  0.00000  0.99932  1.00000
2.540000000e+00  0.00000  1.00000  0.90147  0.00000  0.00000  0.00000  0.99933  1.00000
2.550000000e+00  0.00000  1.00000  0.97528  0.00000  0.00000  0.00000  0.99934  1.00000
2.560000000e+00  0.00000  1.00000  0.94423  0.00000  0.00000  0.00000  0.99935  1.00000
2.570000000e+00  0.00000  1.00000  0.96714  0.00000  0.00000  0.00000  0.99936  1.00000
2.580000000e+00  0.00000  1.00000  0.78997  0.00000  0.00000  0.00000  0.99937  1.00000
2.590000000e+00  0.00000  1.00000  0.54395  0.00000  0.00000  0.00000  0.99938  1.00000
2.600000000e+00  0.00000  1.00000  0.64782  0.00000  0.00000  0.00000  0.99939  1.00000
2.610000000e+00  0.00000  1.00000  0.18572  0.00000  0.00000  0.00000  0.99940  1.00000
2.620000000e+00  0.00000  1.00000  0.07133  0.00000  0.00000  0.00000  0.99941  1.00000
2.630000000e+00  0.00000  1.00000  0.24848  0.00000  0.00000  0.00000  0.99942  1.00000
2.640000000e+00  0.00000  1.00000  0.21071  0.00000  0.00000  0.00000  0.99943  1.00000
2.650000000e+00  0.00000  1.00000  0.37589  0.00000  0.00000  0.00000  0.99943  1.00000
2.660000000e+00  0.00000  1.00000  0.00067  0.00000  0.00000  0.00000  0.99944  1.00000
2.670000000e+00  0.00000  1.00000  0.00000  0.00000  0.00000  0.00000  0.99945  1.00000
2.680000000e+00  0.00000  1.00000  0.00000  0.00000  0.00000  0.00000  0.99946  1.00000
2.690000000e+00  0.00000  1.00000  0.00000  0.00000  0.00000  0.00000  0.99947  1.00000
2.700000000e+00  0.00000  1.00000  0.00000  0.00000  0.00000  0.00000  0.99947  1.00000
2.710000000e+00  0.00000  1.00000  0.00000  0.00000  0.00000  0.00000  0.99948  1.00000
2.720000000e+00  0.00000  1.00000  0.00000  0.00000  0.00000  0.00000  0.99949  1.00000
2.730000000e+00  0.00000  1.00000  0.00000  0.00000  0.00000  0.00000  0.99950  1.00000
2.740000000e+00  0.00000  1.00000  0.00000  0.00000  0.00000  0.00000  0.99950  1.00000
2.750000000e+00  0.00000  1.00000  0.00000  0.00000  0.00000  0.00000  0.99951  1.00000
2.760000000e+00  0.00000  1.00000  0.00000  0.00000  0.00000  0.00000  0.99952  1.00000
2.770000000e+00  0.00000  1.00000  0.00000  0.00000  0.00000  0.00000  0.99953  1.00000
2.780000000e+00  0.00000  1.00000  0.00000  0.00000  0.00000  0.00000  0.99953  1.00000
2.790000000e+00  0.00000  1.00000  0.00000  0.00000  0.00000  0.00000  0.99954  1.00000
2.800000000e+00  0.00000  1.00000  0.00000  0.00000  0.00000  0.00000  0.99955  1.00000
2.810000000e+00  0.00000  1.00000  0.00000  0.00000  0.00000  0.00000  0.99955  1.00000
2.820000000e+00  0.00000  1.00000  0.00000  0.00000  0.00000  0.00000  0.99956  1.00000
2.830000000e+00  0.00000  1.00000  0.00000  0.00000  0.00000  0.00000  0.99956  1.00000
2.840000000e+00  0.00000  1.00000  0.00000  0.00000  0.00000  0.00000  0.99957  1.00000
2.850000000e+00  0.00000  1.00000  0.00000  0.00000  0.00000  0.00000  0.99958  1.00000
2.860000000e+00  0.00000  1.00000  0.00000  0.00000  0.00000  0.00000  0.99958  1.00000
2.870000000e+00  0.00000  1.00000  0.00000  0.00001  0.00000  0.00000  0.99959  1.00000
2.880000000e+00  0.00000  1.00000  0.00000  0.00004  0.00000  0.00000  0.99959  1.00000
2.890000000e+00  0.00000  1.00000  0.00003  0.00002  0.00000  0.00000  0.99960  1.00000
2.900000000e+00  0.00000  1.00000  0.00431  0.00278  0.00000  0.00000  0.99961  1.00000
2.910000000e+00  0.00000  1.00000  0.08404  0.00081  0.00000  0.00000  0.99961  1.00000
2.920000000e+00  0.00000  1.00000  0.35222  0.00115  0.00000  0.00000  0.99962  1.00000
2.930000000e+00  0.00000  1.00000  0.56101  0.00711  0.00000  0.00000  0.99962  1.00000
2.940000000e+00  0.00000  1.00000  0.68958  0.03320  0.00000  0.00000  0.99963  1.00000
2.950000000e+00  0.00000  1.00000  0.82418  0.00082  0.00000  0.00000  0.99963  1.00000
2.960000000e+00  0.00000  1.00000  0.42263  0.00948  0.00000  0.00000  0.99964  1.00000
2.970000000e+00  0.00000  1.00000  0.05246  0.03262  0.00000  0.00000  0.99964  1.00000
2.980000000e+00  0.00000  1.00000  0.00381  0.00004  0.00000  0.00000  0.99965  1.00000
2.990000000e+00  0.00000  1.00000  0.01459  0.04687  0.00000  0.00000  0.99965  1.00000
3.000000000e+00  0.00000  1.00000  0.28664  0.07682  0.00000  0.00000  0.99966  1.00000
3.010000000e+00  0.00000  1.00000  0.30343  0.05477  0.00000  0.00000  0.99966  1.00000
3.020000000e+00  0.00000  1.00000  0.05713  0.03754  0.00000  0.00000  0.99966  1.00000
3.030000000e+00  0.00000  1.00000  0.11588  0.03243  0.00000  0.00000  0.99967  1.00000
3.040000000e+00  0.00000  1.00000  0.31872  0.00483  0.00000  0.00000  0.99967  1.00000
3.050000000e+00  0.00000  1.00000  0.63754  0.00617  0.00000  0.00000  0.99968  1.00000
3.060000000e+00  0.00000  1.00000  0.68842  0.01201  0.00000  0.00000  0.99968  1.00000
3.070000000e+00  0.00000  1.00000  0.83621  0.00585  0.00000  0.00000  0.99969  1.00000
3.080000000e+00  0.00000  1.00000  0.87202  0.02426  0.00000  0.00000  0.99969  1.00000
3.090000000e+00  0.00000  1.00000  0.93103  0.00048  0.00000  0.00000  0.99969  1.00000
3.100000000e+00  0.00000  1.00000  0.89840  0.00045  0.00000  0.00000  0.99970  1.00000
3.110000000e+00  0.00000  1.00000  0.71887  0.00873  0.00000  0.00000  0.99970  1.00000
3.120000000e+00  0.00000  1.00000  0.49326  0.00124  0.00000  0.00000  0.99970  1.00000
3.130000000e+00  0.00000  1.00000  0.39903  0.05427  0.00000  0.00000  0.99971  1.00000
3.140000000e+00  0.00000  1.00000  0.55778  0.12888  0.00000  0.00000  0.99971  1.00000
3.150000000e+00  0.00000  1.00000  0.75945  0.02316  0.00000  0.00000  0.99972  1.00000
3.160000000e+00  0.00000  1.00000  0.60816  0.09351  0.00000  0.00000  0.99972  1.00000
3.170000000e+00  0.00000  1.00000  0.43686  0.63487  0.00000  0.00000  0.99972  1.00000
3.180000000e+00  0.00000  1.00000  0.50126  0.48190  0.00000  0.00000  0.99973  1.00000
3.190000000e+00  0.00000  1.00000  0.67059  0.19846  0.00000  0.00000  0.99973  1.00000
3.200000000e+00  0.00000  1.00000  0.83545  0.04368  0.00000  0.00000  0.99973  1.00000
3.210000000e+00  0.00000  1.00000  0.93486  0.00001  0.00000  0.00000  0.99974  1.00000
3.220000000e+00  0.00000  1.00000  0.91202  0.00007  0.00000  0.00000  0.99974  1.00000
3.230000000e+00  0.00000  1.00000  0.90528  0.00155  0.00000  0.00000  0.99974  1.00000
3.240000000e+00  0.00000  1.00000  0.95054  0.10243  0.00000  0.00000  0.99975  1.00000
3.250000000e+00  0.00000  1.00000  0.98805  0.03337  0.00000  0.00000  0.99975  1.00000
3.260000000e+00  0.00000  1.00000  0.99662  0.25500  0.00000  0.00000  0.99975  1.00000
3.270000000e+00  0.00000  1.00000  0.99622  0.01413  0.00000  0.00000  0.99976  1.00000
3.280000000e+00  0.00000  1.00000  0.99684  0.04467  0.00000  0.00000  0.99976  1.00000
3.290000000e+00  0.00000  1.00000  0.99856  0.26610  0.00000  0.00000  0.99976  1.00000
3.300000000e+00  0.00000  1.00000  0.99937  0.12330  0.00000  0.00000  0.99976  1.00000
3.310000000e+00  0.00000  1.00000  0.99949  0.01289  0.00000  0.00000  0.99977  1.00000
3.320000000e+00  0.00000  1.00000  0.99902  0.17069  0.00000  0.00000  0.99977  1.00000
3.330000000e+00  0.00000  1.00000  0.99377  0.05124  0.00000  0.00000  0.99977  1.00000
3.340000000e+00  0.00000  1.00000  0.97881  0.33569  0.00000  0.00000  0.99978  0.99989
3.350000000e+00  0.00000  1.00000  0.96619  0.11359  0.00000  0.00000  0.99978  0.99984
3.360000000e+00  0.00000  1.00000  0.86191  0.11522  0.00000  0.00000  0.99978  0.99989
3.370000000e+00  0.00000  1.00000  0.96019  0.16310  0.00000  0.00000  0.99978  0.99981
3.380000000e+00  0.00000  1.00000  0.97151  0.27458  0.00000  0.00000  0.99979  0.99993
3.390000000e+00  0.00000  1.00000  0.98474  0.41716  0.00000  0.00000  0.99979  0.99990
3.400000000e+00  0.00000  1.00000  0.99446  0.63028  0.00000  0.00000  0.99979  0.99995
3.410000000e+00  0.00000  1.00000  0.99798  0.47408  0.00000  0.00000  0.99979  0.99996
3.420000000e+00  0.00000  1.00000  0.99931  0.60221  0.00000  0.00000  0.99980  1.00000
3.430000000e+00  0.00000  1.00000  0.99912  0.86243  0.00000  0.00000  0.99980  0.99994
3.440000000e+00  0.00000  1.00000  0.99932  0.74955  0.00000  0.00000  0.99980  0.99991
3.450000000e+00  0.00000  1.00000  0.99657  0.75138  0.00000  0.00000  0.99980  0.99979
3.460000000e+00  0.00000  1.00000  0.99741  0.70126  0.00000  0.00000  0.99980  0.99992
3.470000000e+00  0.00000  1.00000  0.99906  0.84571  0.00000  0.00000  0.99981  0.99981
3.480000000e+00  0.00000  1.00000  0.99935  0.79327  0.00000  0.00000  0.99981  0.99987
3.490000000e+00  0.00000  1.00000  0.99958  0.83327  0.00000  0.00000  0.99981  0.99987
3.500000000e+00  0.00000  1.00000  0.99960  0.79992  0.00000  0.00000  0.99981  0.99993
3.510000000e+00  0.00000  1.00000  0.99931  0.81697  0.00000  0.00000  0.99982  0.99998
3.520000000e+00  0.00000  1.00000  0.99815  0.74596  0.00000  0.00000  0.99982  0.99997
3.530000000e+00  0.00000  1.00000  0.99511  0.71005  0.00000  0.00000  0.99982  0.99996
3.540000000e+00  0.00000  1.00000  0.98910  0.68926  0.00000  0.00000  0.99982  0.99992
3.550000000e+00  0.00000  1.00000  0.97668  0.65011  0.00000  0.00000  0.99982  0.99994
3.560000000e+00  0.00000  1.00000  0.94909  0.53055  0.00000  0.00000  0.99983  0.99975
3.570000000e+00  0.00000  1.00000  0.90746  0.67941  0.00000  0.00000  0.99983  0.99975
3.580000000e+00  0.00000  1.00000  0.87628  0.60883  0.00000  0.00000  0.99983  0.99953
3.590000000e+00  0.00000  1.00000  0.82127  0.71819  0.00000  0.00000  0.99983  0.99953
3.600000000e+00  0.00000  1.00000  0.67083  0.60905  0.00000  0.00000  0.99983  0.99958
3.610000000e+00  0.00000  1.00000  0.54107  0.81164  0.00000  0.00000  0.99983  0.99960
3.620000000e+00  0.00000  1.00000  0.48915  0.64468  0.00000  0.00000  0.99984  0.99949
3.630000000e+00  0.00000  1.00000  0.68130  0.79928  0.00000  0.00000  0.99984  0.99938
3.640000000e+00  0.00000  1.00000  0.64094  0.69302  0.00000  0.00000  0.99984  0.99919
3.650000000e+00  0.00000  1.00000  0.51599  0.91346  0.00000  0.00000  0.99984  0.99906
3.660000000e+00  0.00000  1.00000  0.61950  0.74772  0.00000  0.00000  0.99984  0.99898
3.670000000e+00  0.00000  1.00000  0.80844  0.75954  0.00000  0.00000  0.99985  0.99888
3.680000000e+00  0.00000  1.00000  0.93405  0.36296  0.00000  0.00000  0.99985  0.99871
3.690000000e+00  0.00000  1.00000  0.96902  0.50772  0.00000  0.00000  0.99985  0.99843
3.700000000e+00  0.00000  1.00000  0.97986  0.74702  0.00000  0.00000  0.99985  0.99823
3.710000000e+00  0.00000  1.00000  0.98905  0.89707  0.00000  0.00000  0.99985  0.99649
3.720000000e+00  0.00000  1.00000  0.97956  0.67535  0.00000  0.00000  0.99985  0.99536
3.730000000e+00  0.00000  1.00000  0.97830  0.82195  0.00000  0.00000  0.99986  0.99488
3.740000000e+00  0.00000  1.00000  0.97763  0.68252  0.00000  0.00000  0.99986  0.99431
3.750000000e+00  0.00000  1.00000  0.94083  0.78027  0.00000  0.00000  0.99986  0.99355
3.760000000e+00  0.00000  1.00000  0.84636  0.73152  0.00000  0.00000  0.99986  0.99272
3.770000000e+00  0.00000  1.00000  0.72256  0.67370  0.00000  0.00000  0.99986  0.99176
3.780000000e+00  0.00000  1.00000  0.55049  0.69475  0.00000  0.00000  0.99986  0.99052
3.790000000e+00  0.00000  1.00000  0.37761  0.75262  0.00000  0.00000  0.99986  0.98900
3.800000000e+00  0.00000  1.00000  0.14988  0.69847  0.00000  0.00000  0.99987  0.98737
3.810000000e+00  0.00000  1.00000  0.04068  0.86669  0.00000  0.00000  0.99987  0.98543
3.820000000e+00  0.00000  1.00000  0.06382  0.66613  0.00000  0.00000  0.99987  0.98334
3.830000000e+00  0.00000  1.00000  0.26213  0.84875  0.00000  0.00000  0.99987  0.98095
3.840000000e+00  0.00000  1.00000  0.12925  0.72677  0.00000  0.00000  0.99987  0.97817
3.850000000e+00  0.00000  1.00000  0.06718  0.85770  0.00000  0.00000  0.99987  0.97494
3.860000000e+00  0.00000  1.00000  0.12180  0.82915  0.00000  0.00000  0.99987  0.97125
3.870000000e+00  0.00000  1.00000  0.29126  0.87321  0.00000  0.00000  0.99987  0.96719
3.880000000e+00  0.00000  1.00000  0.53764  0.86812  0.00000  0.00000  0.99988  0.96255
3.890000000e+00  0.00000  1.00000  0.75717  0.89873  0.00000  0.00000  0.99988  0.95719
3.900000000e+00  0.00000  1.00000  0.90427  0.93439  0.00000  0.00000  0.99988  0.95115
3.910000000e+00  0.00000  1.00000  0.96001  0.88620  0.00000  0.00000  0.99988  0.94432
3.920000000e+00  0.00000  1.00000  0.96454  0.97424  0.00000  0.00000  0.99988  0.93629
3.930000000e+00  0.00000  1.00000  0.92720  0.94419  0.00000  0.00000  0.99988  0.92712
3.940000000e+00  0.00000  1.00000  0.84477  0.97560  0.00000  0.00000  0.99988  0.91650
3.950000000e+00  0.00000  1.00000  0.71962  0.97919  0.00000  0.00000  0.99988  0.90453
3.960000000e+00  0.00000  1.00000  0.50387  0.96574  0.00000  0.00000  0.99989  0.89034
3.970000000e+00  0.00000  1.00000  0.33265  0.99042  0.00000  0.00000  0.99989  0.87417
3.980000000e+00  0.00000  1.00000  0.18161  0.97880  0.00000  0.00000  0.99989  0.85614
3.990000000e+00  0.00000  1.00000  0.13212  0.99337  0.00000  0.00000  0.99989  0.83553
4.000000000e+00  0.00000  1.00000  0.30920  0.99090  0.00000  0.00000  0.99989  0.81186
4.010000000e+00  0.00000  1.00000  0.38203  0.99086  0.00000  0.00000  0.99989  0.78598
4.020000000e+00  0.00000  1.00000  0.17085  0.99753  0.00000  0.00000  0.99989  0.75783
4.030000000e+00  0.00000  1.00000  0.14917  0.99103  0.00000  0.00000  0.99989  0.72800
4.040000000e+00  0.00000  1.00000  0.20787  0.99542  0.00000  0.00000  0.99989  0.69657
4.050000000e+00  0.00000  1.00000  0.34766  0.99579  0.00000  0.00000  0.99990  0.66331
4.060000000e+00  0.00000  1.00000  0.51853  0.99488  0.00000  0.00000  0.99990  0.62987
4.070000000e+00  0.00000  1.00000  0.57342  0.99463  0.00000  0.00000  0.99990  0.59628
4.080000000e+00  0.00000  1.00000  0.28265  0.99742  0.00000  0.00000  0.99990  0.56436
4.090000000e+00  0.00000  1.00000  0.08820  0.99721  0.00000  0.00000  0.99990  0.53453
4.100000000e+00  0.00000  1.00000  0.03948  0.99755  0.00000  0.00000  0.99990  0.50670
4.110000000e+00  0.00000  1.00000  0.05052  0.99111  0.00000  0.00000  0.99990  0.48177
4.120000000e+00  0.00000  1.00000  0.21315  0.99757  0.00000  0.00000  0.99990  0.46042
4.130000000e+00  0.00000  1.00000  0.26286  0.99396  0.00000  0.00000  0.99990  0.44257
4.140000000e+00  0.00000  1.00000  0.11740  0.99598  0.00000  0.00000  0.99990  0.42846
4.150000000e+00  0.00000  1.00000  0.04958  0.99872  0.00000  0.00000  0.99991  0.41792
4.160000000e+00  0.00000  1.00000  0.00022  0.99317  0.00000  0.00000  0.99991  0.41132
4.170000000e+00  0.00000  1.00000  0.00000  0.99592  0.00000  0.00000  0.99991  0.40752
4.180000000e+00  0.00000  1.00000  0.00000  0.99514  0.00000  0.00000  0.99991  0.40860
4.190000000e+00  0.00000  1.00000  0.00000  0.99522  0.00000  0.00000  0.99991  0.41057
4.200000000e+00  0.00000  1.00000  0.00000  0.99455  0.00000  0.00000  0.99991  0.41573
4.210000000e+00  0.00000  1.00000  0.00000  0.99159  0.00000  0.00000  0.99991  0.41890
4.220000000e+00  0.00000  1.00000  0.00000  0.99204  0.00000  0.00000  0.99991  0.41978
4.230000000e+00  0.00000  1.00000  0.00000  0.99120  0.00000  0.00000  0.99991  0.41718
4.240000000e+00  0.00000  1.00000  0.00000  0.99337  0.00000  0.00000  0.99991  0.40920
4.250000000e+00  0.00000  1.00000  0.00000  0.98353  0.00000  0.00000  0.99991  0.39411
4.260000000e+00  0.00000  1.00000  0.00000  0.97949  0.00000  0.00000  0.99991  0.36536
4.270000000e+00  0.00000  1.00000  0.00000  0.99283  0.00000  0.00000  0.99992  0.32239
4.280000000e+00  0.00000  1.00000  0.00000  0.97065  0.00000  0.00000  0.99992  0.29261
4.290000000e+00  0.00000  1.00000  0.00000  0.96603  0.00000  0.00000  0.99992  0.27445
4.300000000e+00  0.00000  1.00000  0.00000  0.96161  0.00000  0.00000  0.99992  0.27909
4.310000000e+00  0.00000  1.00000  0.00000  0.93476  0.00000  0.00000  0.99992  0.30678
4.320000000e+00  0.00000  1.00000  0.00000  0.94729  0.00000  0.00000  0.99992  0.34695
4.330000000e+00  0.00000  1.00000  0.00000  0.94561  0.00000  0.00000  0.99992  0.40167
4.340000000e+00  0.00000  1.00000  0.00000  0.93443  0.00000  0.00000  0.99992  0.44748
4.350000000e+00  0.00000  1.00000  0.00000  0.92956  0.00000  0.00000  0.99992  0.48210
4.360000000e+00  0.00000  1.00000  0.00000  0.90604  0.00000  0.00000  0.99992  0.50709
4.370000000e+00  0.00000  1.00000  0.00000  0.81293  0.00000  0.00000  0.99992  0.52504
4.380000000e+00  0.00000  1.00000  0.00000  0.93345  0.00000  0.00000  0.99992  0.53849
4.390000000e+00  0.00000  1.00000  0.00000  0.90736  0.00000  0.00000  0.99992  0.55072
4.400000000e+00  0.00000  1.00000  0.00000  0.86329  0.00000  0.00000  0.99992  0.55938
4.410000000e+00  0.00000  1.00000  0.00000  0.73860  0.00000  0.00000  0.99993  0.57065
4.420000000e+00  0.00000  1.00000  0.00000  0.95504  0.00000  0.00000  0.99993  0.58149
4.430000000e+00  0.00000  1.00000  0.00000  0.84466  0.00000  0.00000  0.99993  0.59416
4.440000000e+00  0.00000  1.00000  0.00000  0.67884  0.00000  0.00000  0.99993  0.60773
4.450000000e+00  0.00000  1.00000  0.00000  0.74714  0.00000  0.00000  0.99993  0.62362
4.460000000e+00  0.00000  1.00000  0.00000  0.77732  0.00000  0.00000  0.99993  0.63944
4.470000000e+00  0.00000  1.00000  0.00000  0.79869  0.00000  0.00000  0.99993  0.65864
4.480000000e+00  0.00000  1.00000  0.00000  0.77443  0.00000  0.00000  0.99993  0.67674
4.490000000e+00  0.00000  1.00000  0.00000  0.82106  0.00000  0.00000  0.99993  0.69755
4.500000000e+00  0.00000  1.00000  0.00000  0.84701  0.00000  0.00000  0.99993  0.71678
4.510000000e+00  0.00000  1.00000  0.00000  0.83810  0.00000  0.00000  0.99993  0.73773
4.520000000e+00  0.00000  1.00000  0.00000  0.76264  0.00000  0.00000  0.99993  0.75813
4.530000000e+00  0.00000  1.00000  0.00000  0.63042  0.00000  0.00000  0.99993  0.77801
4.540000000e+00  0.00000  1.00000  0.00002  0.61008  0.00000  0.00000  0.99993  0.79749
4.550000000e+00  0.00000  1.00000  0.00025  0.79727  0.00000  0.00000  0.99993  0.81620
4.560000000e+00  0.00000  1.00000  0.00512  0.89358  0.00000  0.00000  0.99993  0.83405
4.570000000e+00  0.00000  1.00000  0.03490  0.78604  0.00000  0.00000  0.99994  0.85018
4.580000000e+00  0.00000  1.00000  0.11821  0.68269  0.00000  0.00000  0.99994  0.86590
4.590000000e+00  0.00000  1.00000  0.17071  0.74983  0.00000  0.00000  0.99994  0.88018
4.600000000e+00  0.00000  1.00000  0.24976  0.78768  0.00000  0.00000  0.99994  0.89332
4.610000000e+00  0.00000  1.00000  0.30913  0.82650  0.00000  0.00000  0.99994  0.90538
4.620000000e+00  0.00000  1.00000  0.25589  0.77721  0.00000  0.00000  0.99994  0.91637
4.630000000e+00  0.00000  1.00000  0.11570  0.57541  0.00000  0.00000  0.99994  0.92629
4.640000000e+00  0.00000  1.00000  0.08894  0.58343  0.00000  0.00000  0.99994  0.93521
4.650000000e+00  0.00000  1.00000  0.07258  0.59832  0.00000  0.00000  0.99994  0.94323
4.660000000e+00  0.00000  1.00000  0.07320  0.53312  0.00000  0.00000  0.99994  0.95041
4.670000000e+00  0.00000  1.00000  0.08021  0.46108  0.00000  0.00000  0.99994  0.95650
4.680000000e+00  0.00000  1.00000  0.02874  0.47005  0.00000  0.00000  0.99994  0.96136
4.690000000e+00  0.00000  1.00000  0.01262  0.19315  0.00000  0.00000  0.99994  0.96647
4.700000000e+00  0.00000  1.00000  0.00146  0.84767  0.00000  0.00000  0.99994  0.97061
4.710000000e+00  0.00000  1.00000  0.00004  0.74155  0.00000  0.00000  0.99994  0.97408
4.720000000e+00  0.00000  1.00000  0.00002  0.40546  0.00000  0.00000  0.99994  0.97736
4.730000000e+00  0.00000  1.00000  0.00000  0.55446  0.00000  0.00000  0.99994  0.97981
4.740000000e+00  0.00000  1.00000  0.00000  0.39665  0.00000  0.00000  0.99994  0.98265
4.750000000e+00  0.00000  1.00000  0.00000  0.63234  0.00000  0.00000  0.99994  0.98484
4.760000000e+00  0.00000  1.00000  0.00000  0.51774  0.00000  0.00000  0.99994  0.98681
4.770000000e+00  0.00000  1.00000  0.00000  0.52868  0.00000  0.00000  0.99995  0.98853
4.780000000e+00  0.00000  1.00000  0.00000  0.39246  0.00000  0.00000  0.99995  0.98926
4.790000000e+00  0.00000  1.00000  0.00000  0.22605  0.00000  0.00000  0.99995  0.99062
4.800000000e+00  0.00000  1.00000  0.00000  0.27506  0.00000  0.00000  0.99995  0.99249
4.810000000e+00  0.00000  1.00000  0.00000  0.43321  0.00000  0.00000  0.99995  0.99365
4.820000000e+00  0.00000  1.00000  0.00000  0.37328  0.00000  0.00000  0.99995  0.99447
4.830000000e+00  0.00000  1.00000  0.00000  0.21420  0.00000  0.00000  0.99995  0.99542
4.840000000e+00  0.00000  1.00000  0.00000  0.40844  0.00000  0.00000  0.99995  0.99256
4.850000000e+00  0.00000  1.00000  0.00000  0.10619  0.00000  0.00000  0.99995  0.99517
4.860000000e+00  0.00000  1.00000  0.00000  0.06338  0.00000  0.00000  0.99995  0.99707
4.870000000e+00  0.00000  1.00000  0.00000  0.55072  0.00000  0.00000  0.99995  0.99760
4.880000000e+00  0.00000  1.00000  0.00000  0.54911  0.00000  0.00000  0.99995  0.99787
4.890000000e+00  0.00000  1.00000  0.00000  0.48253  0.00000  0.00000  0.99995  0.99750
4.900000000e+00  0.00000  1.00000  0.00000  0.06142  0.00000  0.00000  0.99995  0.99539
4.910000000e+00  0.00000  1.00000  0.00000  0.03351  0.00000  0.00000  0.99995  0.99822
4.920000000e+00  0.00000  1.00000  0.00000  0.22913  0.00000  0.00000  0.99995  0.99854
4.930000000e+00  0.00000  1.00000  0.00000  0.46347  0.00000  0.00000  0.99995  0.99868
4.940000000e+00  0.00000  1.00000  0.00012  0.22606  0.00000  0.00000  0.99995  0.99868
4.950000000e+00  0.00000  1.00000  0.00056  0.05322  0.00000  0.00000  0.99995  0.99694
4.960000000e+00  0.00000  1.00000  0.00133  0.01437  0.00000  0.00000  0.99995  0.98940
4.970000000e+00  0.00000  1.00000  0.01102  0.00577  0.00000  0.00000  0.99995  0.99899
4.980000000e+00  0.00000  1.00000  0.03243  0.12077  0.00000  0.00000  0.99995  0.99906
4.990000000e+00  0.00000  1.00000  0.08279  0.03005  0.00000  0.00000  0.99995  0.99927
5.000000000e+00  0.00000  1.00000  0.07572  0.22154  0.00000  0.00000  0.99995  0.99929
