# ------------------------------------------------------------------------
# NASA-GSFC Planetary Spectrum Generator (PSG, Villanueva et al. 2015)
# Atmospheric transmittance spectrum synthesized with PUMAS (Villanueva et al. 2016, Smith et al. 2009, Edwards 1992)
# Synthesized on Tue Nov 21 15:12:14 2017
# Molecular abundance profile: 
# Molecules considered: N2,CO2,H2O
# Molecular sources: HIT[22],HIT[2],HIT[1]
# Molecular abundances: 1,1,1
# Molecular abundance units: scl,scl,scl
# Collission-Induced-Absorption:  N2-N2(3.33-5.41um)
# Rayleigh scattering included
# ------------------------------------------------------------------------
# Aerosols considered: WaterIce,Cloud
# Aerosols sources: CRISM_Wolff[reff=2.0um 0.31-99.57um],White_GSFC[reff=1.0um 0.10-1000000.00um]
# Aerosols opacities: 1,1
# Aerosols opacity units: scl,scl
# ------------------------------------------------------------------------
# Spectral unit: Wavelength [um]
# Wave/freq Total N2 CO2 H2O WaterIce Cloud Rayleigh CIA
1.000000000e+00  0.00000  1.00000  0.99996  0.97608  0.00000  0.00000  0.97240  1.00000
1.010000000e+00  0.00000  1.00000  0.99999  0.96796  0.00000  0.00000  0.97346  1.00000
1.020000000e+00  0.00000  1.00000  1.00000  0.98499  0.00000  0.00000  0.97447  1.00000
1.030000000e+00  0.00000  1.00000  0.99999  0.98723  0.00000  0.00000  0.97544  1.00000
1.040000000e+00  0.00000  1.00000  0.79586  0.99849  0.00000  0.00000  0.97636  1.00000
1.050000000e+00  0.00000  1.00000  0.98653  0.99941  0.00000  0.00000  0.97723  1.00000
1.060000000e+00  0.00000  1.00000  0.96680  0.99828  0.00000  0.00000  0.97807  1.00000
1.070000000e+00  0.00000  1.00000  0.94039  0.98795  0.00000  0.00000  0.97887  1.00000
1.080000000e+00  0.00000  1.00000  0.99391  0.94208  0.00000  0.00000  0.97964  1.00000
1.090000000e+00  0.00000  1.00000  0.99963  0.89053  0.00000  0.00000  0.98037  1.00000
1.100000000e+00  0.00000  1.00000  0.99828  0.77153  0.00000  0.00000  0.98106  1.00000
1.110000000e+00  0.00000  1.00000  1.00000  0.50760  0.00000  0.00000  0.98173  1.00000
1.120000000e+00  0.00000  1.00000  0.97619  0.08388  0.00000  0.00000  0.98237  1.00000
1.130000000e+00  0.00000  1.00000  0.99655  0.02273  0.00000  0.00000  0.98298  1.00000
1.140000000e+00  0.00000  1.00000  0.99256  0.19124  0.00000  0.00000  0.98356  1.00000
1.150000000e+00  0.00000  1.00000  0.99779  0.09602  0.00000  0.00000  0.98412  1.00000
1.160000000e+00  0.00000  1.00000  0.99753  0.31512  0.00000  0.00000  0.98466  1.00000
1.170000000e+00  0.00000  1.00000  0.99992  0.58308  0.00000  0.00000  0.98517  1.00000
1.180000000e+00  0.00000  1.00000  0.99951  0.72417  0.00000  0.00000  0.98567  1.00000
1.190000000e+00  0.00000  1.00000  0.99995  0.66598  0.00000  0.00000  0.98614  1.00000
1.200000000e+00  0.00000  1.00000  0.99981  0.69147  0.00000  0.00000  0.98659  1.00000
1.210000000e+00  0.00000  1.00000  0.08512  0.79988  0.00000  0.00000  0.98703  1.00000
1.220000000e+00  0.00000  1.00000  0.56760  0.86202  0.00000  0.00000  0.98744  1.00000
1.230000000e+00  0.00000  1.00000  0.39106  0.89809  0.00000  0.00000  0.98784  1.00000
1.240000000e+00  0.00000  1.00000  0.83816  0.98302  0.00000  0.00000  0.98823  1.00000
1.250000000e+00  0.00000  1.00000  0.98856  0.99690  0.00000  0.00000  0.98860  1.00000
1.260000000e+00  0.00000  1.00000  0.95774  0.99703  0.00000  0.00000  0.98896  1.00000
1.270000000e+00  0.00000  1.00000  0.95945  0.99084  0.00000  0.00000  0.98930  1.00000
1.280000000e+00  0.00000  1.00000  0.99903  0.97956  0.00000  0.00000  0.98963  1.00000
1.290000000e+00  0.00000  1.00000  0.88120  0.94456  0.00000  0.00000  0.98994  1.00000
1.300000000e+00  0.00000  1.00000  0.82840  0.85089  0.00000  0.00000  0.99025  1.00000
1.310000000e+00  0.00000  1.00000  0.99205  0.73904  0.00000  0.00000  0.99054  1.00000
1.320000000e+00  0.00000  1.00000  0.41495  0.57316  0.00000  0.00000  0.99082  1.00000
1.330000000e+00  0.00000  1.00000  0.96776  0.42771  0.00000  0.00000  0.99109  1.00000
1.340000000e+00  0.00000  1.00000  0.56806  0.27427  0.00000  0.00000  0.99136  1.00000
1.350000000e+00  0.00000  1.00000  0.85174  0.02149  0.00000  0.00000  0.99161  1.00000
1.360000000e+00  0.00000  1.00000  0.98760  0.00000  0.00000  0.00000  0.99185  1.00000
1.370000000e+00  0.00000  1.00000  0.96985  0.00000  0.00000  0.00000  0.99208  1.00000
1.380000000e+00  0.00000  1.00000  0.96135  0.00001  0.00000  0.00000  0.99231  1.00000
1.390000000e+00  0.00000  1.00000  0.99281  0.00000  0.00000  0.00000  0.99253  1.00000
1.400000000e+00  0.00000  1.00000  0.99611  0.00003  0.00000  0.00000  0.99274  1.00000
1.410000000e+00  0.00000  1.00000  0.99980  0.00000  0.00000  0.00000  0.99294  1.00000
1.420000000e+00  0.00000  1.00000  0.99942  0.00277  0.00000  0.00000  0.99314  1.00000
1.430000000e+00  0.00000  1.00000  0.68468  0.00732  0.00000  0.00000  0.99333  1.00000
1.440000000e+00  0.00000  1.00000  0.00000  0.00813  0.00000  0.00000  0.99351  1.00000
1.450000000e+00  0.00000  1.00000  0.01232  0.04325  0.00000  0.00000  0.99369  1.00000
1.460000000e+00  0.00000  1.00000  0.63465  0.14119  0.00000  0.00000  0.99386  1.00000
1.470000000e+00  0.00000  1.00000  0.97403  0.04823  0.00000  0.00000  0.99402  1.00000
1.480000000e+00  0.00000  1.00000  0.41255  0.11109  0.00000  0.00000  0.99418  1.00000
1.490000000e+00  0.00000  1.00000  0.74741  0.11204  0.00000  0.00000  0.99434  1.00000
1.500000000e+00  0.00000  1.00000  0.55685  0.44788  0.00000  0.00000  0.99449  1.00000
1.510000000e+00  0.00000  1.00000  0.98137  0.59223  0.00000  0.00000  0.99463  1.00000
1.520000000e+00  0.00000  1.00000  0.98614  0.76324  0.00000  0.00000  0.99477  1.00000
1.530000000e+00  0.00000  1.00000  0.32295  0.84146  0.00000  0.00000  0.99490  1.00000
1.540000000e+00  0.00000  1.00000  0.13449  0.94360  0.00000  0.00000  0.99503  1.00000
1.550000000e+00  0.00000  1.00000  0.64825  0.97043  0.00000  0.00000  0.99516  1.00000
1.560000000e+00  0.00000  1.00000  0.93835  0.99188  0.00000  0.00000  0.99528  1.00000
1.570000000e+00  0.00000  1.00000  0.30484  0.98434  0.00000  0.00000  0.99540  1.00000
1.580000000e+00  0.00000  1.00000  0.00020  0.98749  0.00000  0.00000  0.99552  1.00000
1.590000000e+00  0.00000  1.00000  0.33838  0.98856  0.00000  0.00000  0.99563  1.00000
1.600000000e+00  0.00000  1.00000  0.21443  0.98247  0.00000  0.00000  0.99574  1.00000
1.610000000e+00  0.00000  1.00000  0.00211  0.99358  0.00000  0.00000  0.99584  1.00000
1.620000000e+00  0.00000  1.00000  0.01803  0.99361  0.00000  0.00000  0.99594  1.00000
1.630000000e+00  0.00000  1.00000  0.39187  0.99783  0.00000  0.00000  0.99604  1.00000
1.640000000e+00  0.00000  1.00000  0.30638  0.99334  0.00000  0.00000  0.99614  1.00000
1.650000000e+00  0.00000  1.00000  0.23159  0.98204  0.00000  0.00000  0.99623  1.00000
1.660000000e+00  0.00000  1.00000  0.39036  0.97987  0.00000  0.00000  0.99632  1.00000
1.670000000e+00  0.00000  1.00000  0.56077  0.98072  0.00000  0.00000  0.99641  1.00000
1.680000000e+00  0.00000  1.00000  0.80024  0.97022  0.00000  0.00000  0.99649  1.00000
1.690000000e+00  0.00000  1.00000  0.93741  0.97531  0.00000  0.00000  0.99657  1.00000
1.700000000e+00  0.00000  1.00000  0.98471  0.90802  0.00000  0.00000  0.99665  1.00000
1.710000000e+00  0.00000  1.00000  0.92847  0.90898  0.00000  0.00000  0.99673  1.00000
1.720000000e+00  0.00000  1.00000  0.96308  0.92407  0.00000  0.00000  0.99681  1.00000
1.730000000e+00  0.00000  1.00000  0.99260  0.87814  0.00000  0.00000  0.99688  1.00000
1.740000000e+00  0.00000  1.00000  0.99937  0.77422  0.00000  0.00000  0.99695  1.00000
1.750000000e+00  0.00000  1.00000  0.99893  0.70838  0.00000  0.00000  0.99702  1.00000
1.760000000e+00  0.00000  1.00000  0.89654  0.72246  0.00000  0.00000  0.99709  1.00000
1.770000000e+00  0.00000  1.00000  0.95800  0.56104  0.00000  0.00000  0.99715  1.00000
1.780000000e+00  0.00000  1.00000  0.99509  0.39187  0.00000  0.00000  0.99721  1.00000
1.790000000e+00  0.00000  1.00000  0.88154  0.23864  0.00000  0.00000  0.99728  1.00000
1.800000000e+00  0.00000  1.00000  0.95002  0.11202  0.00000  0.00000  0.99734  1.00000
1.810000000e+00  0.00000  1.00000  0.98739  0.01590  0.00000  0.00000  0.99739  1.00000
1.820000000e+00  0.00000  1.00000  0.99555  0.00119  0.00000  0.00000  0.99745  1.00000
1.830000000e+00  0.00000  1.00000  0.99926  0.00002  0.00000  0.00000  0.99751  1.00000
1.840000000e+00  0.00000  1.00000  0.99972  0.00000  0.00000  0.00000  0.99756  1.00000
1.850000000e+00  0.00000  1.00000  0.99754  0.00000  0.00000  0.00000  0.99761  1.00000
1.860000000e+00  0.00000  1.00000  0.99709  0.00000  0.00000  0.00000  0.99766  1.00000
1.870000000e+00  0.00000  1.00000  0.97870  0.00000  0.00000  0.00000  0.99771  1.00000
1.880000000e+00  0.00000  1.00000  0.10574  0.00000  0.00000  0.00000  0.99776  1.00000
1.890000000e+00  0.00000  1.00000  0.12362  0.00001  0.00000  0.00000  0.99781  1.00000
1.900000000e+00  0.00000  1.00000  0.51562  0.00004  0.00000  0.00000  0.99785  1.00000
1.910000000e+00  0.00000  1.00000  0.64447  0.00000  0.00000  0.00000  0.99790  1.00000
1.920000000e+00  0.00000  1.00000  0.86215  0.00001  0.00000  0.00000  0.99794  1.00000
1.930000000e+00  0.00000  1.00000  0.84103  0.00004  0.00000  0.00000  0.99798  1.00000
1.940000000e+00  0.00000  1.00000  0.19126  0.00080  0.00000  0.00000  0.99802  1.00000
1.950000000e+00  0.00000  1.00000  0.00000  0.00972  0.00000  0.00000  0.99807  1.00000
1.960000000e+00  0.00000  1.00000  0.00000  0.02632  0.00000  0.00000  0.99810  1.00000
1.970000000e+00  0.00000  1.00000  0.00000  0.26146  0.00000  0.00000  0.99814  1.00000
1.980000000e+00  0.00000  1.00000  0.00000  0.38923  0.00000  0.00000  0.99818  1.00000
1.990000000e+00  0.00000  1.00000  0.00403  0.45091  0.00000  0.00000  0.99822  1.00000
2.000000000e+00  0.00000  1.00000  0.00000  0.57908  0.00000  0.00000  0.99825  1.00000
2.010000000e+00  0.00000  1.00000  0.00000  0.47922  0.00000  0.00000  0.99829  1.00000
2.020000000e+00  0.00000  1.00000  0.00000  0.62809  0.00000  0.00000  0.99832  1.00000
2.030000000e+00  0.00000  1.00000  0.00000  0.82948  0.00000  0.00000  0.99835  1.00000
2.040000000e+00  0.00000  1.00000  0.00000  0.85587  0.00000  0.00000  0.99838  1.00000
2.050000000e+00  0.00000  1.00000  0.00000  0.93373  0.00000  0.00000  0.99842  1.00000
2.060000000e+00  0.00000  1.00000  0.00000  0.86214  0.00000  0.00000  0.99845  1.00000
2.070000000e+00  0.00000  1.00000  0.00000  0.88872  0.00000  0.00000  0.99848  1.00000
2.080000000e+00  0.00000  1.00000  0.00000  0.92688  0.00000  0.00000  0.99850  1.00000
2.090000000e+00  0.00000  1.00000  0.00000  0.92439  0.00000  0.00000  0.99853  1.00000
2.100000000e+00  0.00000  1.00000  0.00004  0.95523  0.00000  0.00000  0.99856  1.00000
2.110000000e+00  0.00000  1.00000  0.01867  0.96445  0.00000  0.00000  0.99859  1.00000
2.120000000e+00  0.00000  1.00000  0.06677  0.90539  0.00000  0.00000  0.99861  1.00000
2.130000000e+00  0.00000  1.00000  0.43879  0.86639  0.00000  0.00000  0.99864  1.00000
2.140000000e+00  0.00000  1.00000  0.63213  0.96906  0.00000  0.00000  0.99867  1.00000
2.150000000e+00  0.00000  1.00000  0.27473  0.98552  0.00000  0.00000  0.99869  1.00000
2.160000000e+00  0.00000  1.00000  0.34389  0.94348  0.00000  0.00000  0.99871  1.00000
2.170000000e+00  0.00000  1.00000  0.22761  0.87921  0.00000  0.00000  0.99874  1.00000
2.180000000e+00  0.00000  1.00000  0.53934  0.90175  0.00000  0.00000  0.99876  1.00000
2.190000000e+00  0.00000  1.00000  0.83025  0.79150  0.00000  0.00000  0.99878  1.00000
2.200000000e+00  0.00000  1.00000  0.88584  0.87234  0.00000  0.00000  0.99880  1.00000
2.210000000e+00  0.00000  1.00000  0.96454  0.90890  0.00000  0.00000  0.99883  1.00000
2.220000000e+00  0.00000  1.00000  0.95034  0.93053  0.00000  0.00000  0.99885  1.00000
2.230000000e+00  0.00000  1.00000  0.95398  0.95389  0.00000  0.00000  0.99887  1.00000
2.240000000e+00  0.00000  1.00000  0.98686  0.97842  0.00000  0.00000  0.99889  1.00000
2.250000000e+00  0.00000  1.00000  0.97808  0.98235  0.00000  0.00000  0.99891  1.00000
2.260000000e+00  0.00000  1.00000  0.94807  0.99317  0.00000  0.00000  0.99893  1.00000
2.270000000e+00  0.00000  1.00000  0.98748  0.98564  0.00000  0.00000  0.99895  1.00000
2.280000000e+00  0.00000  1.00000  0.97355  0.99739  0.00000  0.00000  0.99896  1.00000
2.290000000e+00  0.00000  1.00000  0.99189  0.98641  0.00000  0.00000  0.99898  1.00000
2.300000000e+00  0.00000  1.00000  0.99599  0.91898  0.00000  0.00000  0.99900  1.00000
2.310000000e+00  0.00000  1.00000  0.99745  0.97420  0.00000  0.00000  0.99902  1.00000
2.320000000e+00  0.00000  1.00000  0.99904  0.93506  0.00000  0.00000  0.99903  1.00000
2.330000000e+00  0.00000  1.00000  0.99988  0.92816  0.00000  0.00000  0.99905  1.00000
2.340000000e+00  0.00000  1.00000  0.99989  0.94275  0.00000  0.00000  0.99907  1.00000
2.350000000e+00  0.00000  1.00000  0.99987  0.85087  0.00000  0.00000  0.99908  1.00000
2.360000000e+00  0.00000  1.00000  0.99967  0.72204  0.00000  0.00000  0.99910  1.00000
2.370000000e+00  0.00000  1.00000  0.99822  0.74583  0.00000  0.00000  0.99911  1.00000
2.380000000e+00  0.00000  1.00000  0.99714  0.56281  0.00000  0.00000  0.99913  1.00000
2.390000000e+00  0.00000  1.00000  0.99065  0.45650  0.00000  0.00000  0.99914  1.00000
2.400000000e+00  0.00000  1.00000  0.98873  0.54514  0.00000  0.00000  0.99916  1.00000
2.410000000e+00  0.00000  1.00000  0.98694  0.37249  0.00000  0.00000  0.99917  1.00000
2.420000000e+00  0.00000  1.00000  0.99684  0.18546  0.00000  0.00000  0.99918  1.00000
2.430000000e+00  0.00000  1.00000  0.99991  0.38742  0.00000  0.00000  0.99920  1.00000
2.440000000e+00  0.00000  1.00000  0.99986  0.09069  0.00000  0.00000  0.99921  1.00000
2.450000000e+00  0.00000  1.00000  0.99965  0.15907  0.00000  0.00000  0.99922  1.00000
2.460000000e+00  0.00000  1.00000  0.99948  0.25326  0.00000  0.00000  0.99923  1.00000
2.470000000e+00  0.00000  1.00000  0.99239  0.21815  0.00000  0.00000  0.99925  1.00000
2.480000000e+00  0.00000  1.00000  0.96968  0.10986  0.00000  0.00000  0.99926  1.00000
2.490000000e+00  0.00000  1.00000  0.31905  0.00694  0.00000  0.00000  0.99927  1.00000
2.500000000e+00  0.00000  1.00000  0.73517  0.00555  0.00000  0.00000  0.99928  1.00000
2.510000000e+00  0.00000  1.00000  0.70395  0.00166  0.00000  0.00000  0.99929  1.00000
2.520000000e+00  0.00000  1.00000  0.68123  0.00056  0.00000  0.00000  0.99931  1.00000
2.530000000e+00  0.00000  1.00000  0.83738  0.00000  0.00000  0.00000  0.99932  1.00000
2.540000000e+00  0.00000  1.00000  0.90022  0.00000  0.00000  0.00000  0.99933  1.00000
2.550000000e+00  0.00000  1.00000  0.97494  0.00000  0.00000  0.00000  0.99934  1.00000
2.560000000e+00  0.00000  1.00000  0.94382  0.00000  0.00000  0.00000  0.99935  1.00000
2.570000000e+00  0.00000  1.00000  0.96674  0.00000  0.00000  0.00000  0.99936  1.00000
2.580000000e+00  0.00000  1.00000  0.78820  0.00000  0.00000  0.00000  0.99937  1.00000
2.590000000e+00  0.00000  1.00000  0.54128  0.00000  0.00000  0.00000  0.99938  1.00000
2.600000000e+00  0.00000  1.00000  0.64529  0.00000  0.00000  0.00000  0.99939  1.00000
2.610000000e+00  0.00000  1.00000  0.18237  0.00000  0.00000  0.00000  0.99940  1.00000
2.620000000e+00  0.00000  1.00000  0.06915  0.00000  0.00000  0.00000  0.99941  1.00000
2.630000000e+00  0.00000  1.00000  0.24498  0.00000  0.00000  0.00000  0.99941  1.00000
2.640000000e+00  0.00000  1.00000  0.20672  0.00000  0.00000  0.00000  0.99942  1.00000
2.650000000e+00  0.00000  1.00000  0.37093  0.00000  0.00000  0.00000  0.99943  1.00000
2.660000000e+00  0.00000  1.00000  0.00061  0.00000  0.00000  0.00000  0.99944  1.00000
2.670000000e+00  0.00000  1.00000  0.00000  0.00000  0.00000  0.00000  0.99945  1.00000
2.680000000e+00  0.00000  1.00000  0.00000  0.00000  0.00000  0.00000  0.99946  1.00000
2.690000000e+00  0.00000  1.00000  0.00000  0.00000  0.00000  0.00000  0.99946  1.00000
2.700000000e+00  0.00000  1.00000  0.00000  0.00000  0.00000  0.00000  0.99947  1.00000
2.710000000e+00  0.00000  1.00000  0.00000  0.00000  0.00000  0.00000  0.99948  1.00000
2.720000000e+00  0.00000  1.00000  0.00000  0.00000  0.00000  0.00000  0.99949  1.00000
2.730000000e+00  0.00000  1.00000  0.00000  0.00000  0.00000  0.00000  0.99950  1.00000
2.740000000e+00  0.00000  1.00000  0.00000  0.00000  0.00000  0.00000  0.99950  1.00000
2.750000000e+00  0.00000  1.00000  0.00000  0.00000  0.00000  0.00000  0.99951  1.00000
2.760000000e+00  0.00000  1.00000  0.00000  0.00000  0.00000  0.00000  0.99952  1.00000
2.770000000e+00  0.00000  1.00000  0.00000  0.00000  0.00000  0.00000  0.99952  1.00000
2.780000000e+00  0.00000  1.00000  0.00000  0.00000  0.00000  0.00000  0.99953  1.00000
2.790000000e+00  0.00000  1.00000  0.00000  0.00000  0.00001  0.00000  0.99954  1.00000
2.800000000e+00  0.00000  1.00000  0.00000  0.00000  0.00002  0.00000  0.99954  1.00000
2.810000000e+00  0.00000  1.00000  0.00000  0.00000  0.00001  0.00000  0.99955  1.00000
2.820000000e+00  0.00000  1.00000  0.00000  0.00000  0.00001  0.00000  0.99956  1.00000
2.830000000e+00  0.00000  1.00000  0.00000  0.00000  0.00001  0.00000  0.99956  1.00000
2.840000000e+00  0.00000  1.00000  0.00000  0.00000  0.00000  0.00000  0.99957  1.00000
2.850000000e+00  0.00000  1.00000  0.00000  0.00001  0.00000  0.00000  0.99957  1.00000
2.860000000e+00  0.00000  1.00000  0.00000  0.00000  0.00000  0.00000  0.99958  1.00000
2.870000000e+00  0.00000  1.00000  0.00000  0.00004  0.00000  0.00000  0.99959  1.00000
2.880000000e+00  0.00000  1.00000  0.00000  0.00012  0.00000  0.00000  0.99959  1.00000
2.890000000e+00  0.00000  1.00000  0.00003  0.00008  0.00000  0.00000  0.99960  1.00000
2.900000000e+00  0.00000  1.00000  0.00407  0.00511  0.00000  0.00000  0.99960  1.00000
2.910000000e+00  0.00000  1.00000  0.08178  0.00135  0.00000  0.00000  0.99961  1.00000
2.920000000e+00  0.00000  1.00000  0.34750  0.00213  0.00000  0.00000  0.99961  1.00000
2.930000000e+00  0.00000  1.00000  0.55738  0.01177  0.00000  0.00000  0.99962  1.00000
2.940000000e+00  0.00000  1.00000  0.68731  0.04714  0.00000  0.00000  0.99962  1.00000
2.950000000e+00  0.00000  1.00000  0.82207  0.00159  0.00000  0.00000  0.99963  1.00000
2.960000000e+00  0.00000  1.00000  0.41908  0.01537  0.00000  0.00000  0.99963  1.00000
2.970000000e+00  0.00000  1.00000  0.05122  0.04423  0.00000  0.00000  0.99964  1.00000
2.980000000e+00  0.00000  1.00000  0.00365  0.00008  0.00000  0.00000  0.99964  1.00000
2.990000000e+00  0.00000  1.00000  0.01426  0.06307  0.00000  0.00000  0.99965  1.00000
3.000000000e+00  0.00000  1.00000  0.28504  0.09346  0.00000  0.00000  0.99965  1.00000
3.010000000e+00  0.00000  1.00000  0.30129  0.07146  0.00000  0.00000  0.99966  1.00000
3.020000000e+00  0.00000  1.00000  0.05607  0.05057  0.00000  0.00000  0.99966  1.00000
3.030000000e+00  0.00000  1.00000  0.11416  0.04452  0.00000  0.00000  0.99967  1.00000
3.040000000e+00  0.00000  1.00000  0.31584  0.00864  0.00000  0.00000  0.99967  1.00000
3.050000000e+00  0.00000  1.00000  0.63549  0.01059  0.00000  0.00000  0.99968  1.00000
3.060000000e+00  0.00000  1.00000  0.68700  0.01658  0.00000  0.00000  0.99968  1.00000
3.070000000e+00  0.00000  1.00000  0.83537  0.00919  0.00000  0.00000  0.99968  1.00000
3.080000000e+00  0.00000  1.00000  0.87131  0.03543  0.00000  0.00000  0.99969  1.00000
3.090000000e+00  0.00000  1.00000  0.93043  0.00112  0.00000  0.00000  0.99969  1.00000
3.100000000e+00  0.00000  1.00000  0.89745  0.00098  0.00000  0.00000  0.99970  1.00000
3.110000000e+00  0.00000  1.00000  0.71722  0.01358  0.00000  0.00000  0.99970  1.00000
3.120000000e+00  0.00000  1.00000  0.49123  0.00186  0.00000  0.00000  0.99970  1.00000
3.130000000e+00  0.00000  1.00000  0.39710  0.07073  0.00000  0.00000  0.99971  1.00000
3.140000000e+00  0.00000  1.00000  0.55617  0.16279  0.00000  0.00000  0.99971  1.00000
3.150000000e+00  0.00000  1.00000  0.75832  0.03265  0.00000  0.00000  0.99971  1.00000
3.160000000e+00  0.00000  1.00000  0.60654  0.11972  0.00000  0.00000  0.99972  1.00000
3.170000000e+00  0.00000  1.00000  0.43484  0.66652  0.00000  0.00000  0.99972  1.00000
3.180000000e+00  0.00000  1.00000  0.49911  0.51964  0.00000  0.00000  0.99973  1.00000
3.190000000e+00  0.00000  1.00000  0.66880  0.23672  0.00000  0.00000  0.99973  1.00000
3.200000000e+00  0.00000  1.00000  0.83436  0.05575  0.00000  0.00000  0.99973  1.00000
3.210000000e+00  0.00000  1.00000  0.93426  0.00003  0.00000  0.00000  0.99974  1.00000
3.220000000e+00  0.00000  1.00000  0.91146  0.00022  0.00000  0.00000  0.99974  1.00000
3.230000000e+00  0.00000  1.00000  0.90464  0.00311  0.00000  0.00000  0.99974  1.00000
3.240000000e+00  0.00000  1.00000  0.95009  0.12968  0.00000  0.00000  0.99975  1.00000
3.250000000e+00  0.00000  1.00000  0.98790  0.04625  0.00000  0.00000  0.99975  1.00000
3.260000000e+00  0.00000  1.00000  0.99658  0.30742  0.00000  0.00000  0.99975  1.00000
3.270000000e+00  0.00000  1.00000  0.99618  0.02081  0.00000  0.00000  0.99975  1.00000
3.280000000e+00  0.00000  1.00000  0.99680  0.06114  0.00000  0.00000  0.99976  1.00000
3.290000000e+00  0.00000  1.00000  0.99854  0.30451  0.00000  0.00000  0.99976  1.00000
3.300000000e+00  0.00000  1.00000  0.99936  0.14560  0.00000  0.00000  0.99976  1.00000
3.310000000e+00  0.00000  1.00000  0.99949  0.02073  0.00000  0.00000  0.99977  1.00000
3.320000000e+00  0.00000  1.00000  0.99901  0.20873  0.00000  0.00000  0.99977  1.00000
3.330000000e+00  0.00000  1.00000  0.99374  0.06620  0.00000  0.00000  0.99977  1.00000
3.340000000e+00  0.00000  1.00000  0.97871  0.37478  0.00000  0.00000  0.99977  0.99984
3.350000000e+00  0.00000  1.00000  0.96602  0.13585  0.00000  0.00000  0.99978  0.99979
3.360000000e+00  0.00000  1.00000  0.86138  0.14287  0.00000  0.00000  0.99978  0.99985
3.370000000e+00  0.00000  1.00000  0.96000  0.19368  0.00000  0.00000  0.99978  0.99974
3.380000000e+00  0.00000  1.00000  0.97138  0.31089  0.00000  0.00000  0.99978  0.99990
3.390000000e+00  0.00000  1.00000  0.98468  0.44410  0.00000  0.00000  0.99979  0.99987
3.400000000e+00  0.00000  1.00000  0.99444  0.66162  0.00000  0.00000  0.99979  0.99994
3.410000000e+00  0.00000  1.00000  0.99797  0.49939  0.00000  0.00000  0.99979  0.99995
3.420000000e+00  0.00000  1.00000  0.99931  0.63028  0.00000  0.00000  0.99979  1.00000
3.430000000e+00  0.00000  1.00000  0.99911  0.87853  0.00000  0.00000  0.99980  0.99992
3.440000000e+00  0.00000  1.00000  0.99932  0.77157  0.00000  0.00000  0.99980  0.99987
3.450000000e+00  0.00000  1.00000  0.99655  0.77546  0.00000  0.00000  0.99980  0.99971
3.460000000e+00  0.00000  1.00000  0.99739  0.72482  0.00000  0.00000  0.99980  0.99988
3.470000000e+00  0.00000  1.00000  0.99906  0.86330  0.00000  0.00000  0.99981  0.99974
3.480000000e+00  0.00000  1.00000  0.99935  0.81522  0.00000  0.00000  0.99981  0.99983
3.490000000e+00  0.00000  1.00000  0.99958  0.85320  0.00000  0.00000  0.99981  0.99982
3.500000000e+00  0.00000  1.00000  0.99959  0.82289  0.00000  0.00000  0.99981  0.99990
3.510000000e+00  0.00000  1.00000  0.99930  0.83866  0.00000  0.00000  0.99981  0.99997
3.520000000e+00  0.00000  1.00000  0.99813  0.77494  0.00000  0.00000  0.99982  0.99996
3.530000000e+00  0.00000  1.00000  0.99506  0.74003  0.00000  0.00000  0.99982  0.99994
3.540000000e+00  0.00000  1.00000  0.98900  0.71998  0.00000  0.00000  0.99982  0.99989
3.550000000e+00  0.00000  1.00000  0.97651  0.68305  0.00000  0.00000  0.99982  0.99991
3.560000000e+00  0.00000  1.00000  0.94879  0.57044  0.00000  0.00000  0.99982  0.99965
3.570000000e+00  0.00000  1.00000  0.90699  0.70790  0.00000  0.00000  0.99983  0.99965
3.580000000e+00  0.00000  1.00000  0.87573  0.64582  0.00000  0.00000  0.99983  0.99936
3.590000000e+00  0.00000  1.00000  0.82050  0.74351  0.00000  0.00000  0.99983  0.99935
3.600000000e+00  0.00000  1.00000  0.66954  0.64165  0.00000  0.00000  0.99983  0.99942
3.610000000e+00  0.00000  1.00000  0.53947  0.82956  0.00000  0.00000  0.99983  0.99945
3.620000000e+00  0.00000  1.00000  0.48736  0.67706  0.00000  0.00000  0.99984  0.99930
3.630000000e+00  0.00000  1.00000  0.68000  0.81891  0.00000  0.00000  0.99984  0.99915
3.640000000e+00  0.00000  1.00000  0.63951  0.72216  0.00000  0.00000  0.99984  0.99889
3.650000000e+00  0.00000  1.00000  0.51432  0.92545  0.00000  0.00000  0.99984  0.99871
3.660000000e+00  0.00000  1.00000  0.61804  0.77596  0.00000  0.00000  0.99984  0.99860
3.670000000e+00  0.00000  1.00000  0.80759  0.78460  0.00000  0.00000  0.99984  0.99846
3.680000000e+00  0.00000  1.00000  0.93373  0.39657  0.00000  0.00000  0.99985  0.99822
3.690000000e+00  0.00000  1.00000  0.96885  0.55051  0.00000  0.00000  0.99985  0.99784
3.700000000e+00  0.00000  1.00000  0.97975  0.77615  0.00000  0.00000  0.99985  0.99756
3.710000000e+00  0.00000  1.00000  0.98899  0.91085  0.00000  0.00000  0.99985  0.99608
3.720000000e+00  0.00000  1.00000  0.97946  0.70581  0.00000  0.00000  0.99985  0.99505
3.730000000e+00  0.00000  1.00000  0.97819  0.84001  0.00000  0.00000  0.99985  0.99456
3.740000000e+00  0.00000  1.00000  0.97751  0.71080  0.00000  0.00000  0.99986  0.99395
3.750000000e+00  0.00000  1.00000  0.94056  0.80242  0.00000  0.00000  0.99986  0.99315
3.760000000e+00  0.00000  1.00000  0.84568  0.75538  0.00000  0.00000  0.99986  0.99223
3.770000000e+00  0.00000  1.00000  0.72135  0.70317  0.00000  0.00000  0.99986  0.99124
3.780000000e+00  0.00000  1.00000  0.54865  0.72079  0.00000  0.00000  0.99986  0.98989
3.790000000e+00  0.00000  1.00000  0.37555  0.77543  0.00000  0.00000  0.99986  0.98827
3.800000000e+00  0.00000  1.00000  0.14835  0.72328  0.00000  0.00000  0.99986  0.98656
3.810000000e+00  0.00000  1.00000  0.03994  0.88063  0.00000  0.00000  0.99987  0.98454
3.820000000e+00  0.00000  1.00000  0.06289  0.69520  0.00000  0.00000  0.99987  0.98242
3.830000000e+00  0.00000  1.00000  0.26045  0.86278  0.00000  0.00000  0.99987  0.97999
3.840000000e+00  0.00000  1.00000  0.12788  0.75033  0.00000  0.00000  0.99987  0.97714
3.850000000e+00  0.00000  1.00000  0.06616  0.87240  0.00000  0.00000  0.99987  0.97379
3.860000000e+00  0.00000  1.00000  0.12039  0.84670  0.00000  0.00000  0.99987  0.96999
3.870000000e+00  0.00000  1.00000  0.28921  0.88799  0.00000  0.00000  0.99987  0.96580
3.880000000e+00  0.00000  1.00000  0.53560  0.88340  0.00000  0.00000  0.99988  0.96099
3.890000000e+00  0.00000  1.00000  0.75588  0.91054  0.00000  0.00000  0.99988  0.95545
3.900000000e+00  0.00000  1.00000  0.90370  0.94285  0.00000  0.00000  0.99988  0.94922
3.910000000e+00  0.00000  1.00000  0.95979  0.89971  0.00000  0.00000  0.99988  0.94215
3.920000000e+00  0.00000  1.00000  0.96436  0.97773  0.00000  0.00000  0.99988  0.93393
3.930000000e+00  0.00000  1.00000  0.92684  0.95149  0.00000  0.00000  0.99988  0.92448
3.940000000e+00  0.00000  1.00000  0.84400  0.97884  0.00000  0.00000  0.99988  0.91357
3.950000000e+00  0.00000  1.00000  0.71833  0.98207  0.00000  0.00000  0.99988  0.90124
3.960000000e+00  0.00000  1.00000  0.50202  0.97031  0.00000  0.00000  0.99989  0.88669
3.970000000e+00  0.00000  1.00000  0.33070  0.99176  0.00000  0.00000  0.99989  0.87006
3.980000000e+00  0.00000  1.00000  0.17993  0.98168  0.00000  0.00000  0.99989  0.85156
3.990000000e+00  0.00000  1.00000  0.13066  0.99426  0.00000  0.00000  0.99989  0.83048
4.000000000e+00  0.00000  1.00000  0.30751  0.99217  0.00000  0.00000  0.99989  0.80648
4.010000000e+00  0.00000  1.00000  0.38022  0.99213  0.00000  0.00000  0.99989  0.78023
4.020000000e+00  0.00000  1.00000  0.16927  0.99787  0.00000  0.00000  0.99989  0.75177
4.030000000e+00  0.00000  1.00000  0.14756  0.99226  0.00000  0.00000  0.99989  0.72172
4.040000000e+00  0.00000  1.00000  0.20583  0.99604  0.00000  0.00000  0.99989  0.69019
4.050000000e+00  0.00000  1.00000  0.34499  0.99639  0.00000  0.00000  0.99989  0.65699
4.060000000e+00  0.00000  1.00000  0.51522  0.99557  0.00000  0.00000  0.99990  0.62373
4.070000000e+00  0.00000  1.00000  0.56932  0.99537  0.00000  0.00000  0.99990  0.59039
4.080000000e+00  0.00000  1.00000  0.27831  0.99779  0.00000  0.00000  0.99990  0.55873
4.090000000e+00  0.00000  1.00000  0.08557  0.99760  0.00000  0.00000  0.99990  0.52923
4.100000000e+00  0.00000  1.00000  0.03786  0.99788  0.00000  0.00000  0.99990  0.50180
4.110000000e+00  0.00000  1.00000  0.04869  0.99231  0.00000  0.00000  0.99990  0.47745
4.120000000e+00  0.00000  1.00000  0.20974  0.99789  0.00000  0.00000  0.99990  0.45656
4.130000000e+00  0.00000  1.00000  0.25933  0.99477  0.00000  0.00000  0.99990  0.43915
4.140000000e+00  0.00000  1.00000  0.11450  0.99653  0.00000  0.00000  0.99990  0.42546
4.150000000e+00  0.00000  1.00000  0.04781  0.99890  0.00000  0.00000  0.99990  0.41528
4.160000000e+00  0.00000  1.00000  0.00021  0.99407  0.00000  0.00000  0.99991  0.40904
4.170000000e+00  0.00000  1.00000  0.00000  0.99648  0.00000  0.00000  0.99991  0.40558
4.180000000e+00  0.00000  1.00000  0.00000  0.99580  0.00000  0.00000  0.99991  0.40694
4.190000000e+00  0.00000  1.00000  0.00000  0.99584  0.00000  0.00000  0.99991  0.40907
4.200000000e+00  0.00000  1.00000  0.00000  0.99529  0.00000  0.00000  0.99991  0.41433
4.210000000e+00  0.00000  1.00000  0.00000  0.99271  0.00000  0.00000  0.99991  0.41747
4.220000000e+00  0.00000  1.00000  0.00000  0.99306  0.00000  0.00000  0.99991  0.41826
4.230000000e+00  0.00000  1.00000  0.00000  0.99236  0.00000  0.00000  0.99991  0.41550
4.240000000e+00  0.00000  1.00000  0.00000  0.99425  0.00000  0.00000  0.99991  0.40722
4.250000000e+00  0.00000  1.00000  0.00000  0.98559  0.00000  0.00000  0.99991  0.39172
4.260000000e+00  0.00000  1.00000  0.00000  0.98213  0.00000  0.00000  0.99991  0.36274
4.270000000e+00  0.00000  1.00000  0.00000  0.99375  0.00000  0.00000  0.99991  0.31995
4.280000000e+00  0.00000  1.00000  0.00000  0.97405  0.00000  0.00000  0.99992  0.29060
4.290000000e+00  0.00000  1.00000  0.00000  0.97026  0.00000  0.00000  0.99992  0.27275
4.300000000e+00  0.00000  1.00000  0.00000  0.96640  0.00000  0.00000  0.99992  0.27750
4.310000000e+00  0.00000  1.00000  0.00000  0.94186  0.00000  0.00000  0.99992  0.30504
4.320000000e+00  0.00000  1.00000  0.00000  0.95359  0.00000  0.00000  0.99992  0.34487
4.330000000e+00  0.00000  1.00000  0.00000  0.95196  0.00000  0.00000  0.99992  0.39925
4.340000000e+00  0.00000  1.00000  0.00000  0.94098  0.00000  0.00000  0.99992  0.44469
4.350000000e+00  0.00000  1.00000  0.00000  0.93785  0.00000  0.00000  0.99992  0.47925
4.360000000e+00  0.00000  1.00000  0.00000  0.91644  0.00000  0.00000  0.99992  0.50428
4.370000000e+00  0.00000  1.00000  0.00000  0.82941  0.00000  0.00000  0.99992  0.52226
4.380000000e+00  0.00000  1.00000  0.00000  0.93990  0.00000  0.00000  0.99992  0.53573
4.390000000e+00  0.00000  1.00000  0.00000  0.91758  0.00000  0.00000  0.99992  0.54799
4.400000000e+00  0.00000  1.00000  0.00000  0.87788  0.00000  0.00000  0.99992  0.55662
4.410000000e+00  0.00000  1.00000  0.00000  0.76067  0.00000  0.00000  0.99992  0.56783
4.420000000e+00  0.00000  1.00000  0.00000  0.96010  0.00000  0.00000  0.99993  0.57854
4.430000000e+00  0.00000  1.00000  0.00000  0.85874  0.00000  0.00000  0.99993  0.59100
4.440000000e+00  0.00000  1.00000  0.00000  0.70430  0.00000  0.00000  0.99993  0.60437
4.450000000e+00  0.00000  1.00000  0.00000  0.76962  0.00000  0.00000  0.99993  0.62009
4.460000000e+00  0.00000  1.00000  0.00000  0.79768  0.00000  0.00000  0.99993  0.63568
4.470000000e+00  0.00000  1.00000  0.00000  0.81618  0.00000  0.00000  0.99993  0.65471
4.480000000e+00  0.00000  1.00000  0.00000  0.79683  0.00000  0.00000  0.99993  0.67252
4.490000000e+00  0.00000  1.00000  0.00000  0.83675  0.00000  0.00000  0.99993  0.69316
4.500000000e+00  0.00000  1.00000  0.00000  0.86228  0.00000  0.00000  0.99993  0.71225
4.510000000e+00  0.00000  1.00000  0.00000  0.85434  0.00000  0.00000  0.99993  0.73310
4.520000000e+00  0.00000  1.00000  0.00000  0.78487  0.00000  0.00000  0.99993  0.75339
4.530000000e+00  0.00000  1.00000  0.00000  0.65965  0.00000  0.00000  0.99993  0.77322
4.540000000e+00  0.00000  1.00000  0.00002  0.63842  0.00000  0.00000  0.99993  0.79274
4.550000000e+00  0.00000  1.00000  0.00022  0.81265  0.00000  0.00000  0.99993  0.81147
4.560000000e+00  0.00000  1.00000  0.00463  0.90472  0.00000  0.00000  0.99993  0.82941
4.570000000e+00  0.00000  1.00000  0.03275  0.80603  0.00000  0.00000  0.99993  0.84566
4.580000000e+00  0.00000  1.00000  0.11364  0.70691  0.00000  0.00000  0.99994  0.86155
4.590000000e+00  0.00000  1.00000  0.16529  0.77135  0.00000  0.00000  0.99994  0.87604
4.600000000e+00  0.00000  1.00000  0.24357  0.80401  0.00000  0.00000  0.99994  0.88937
4.610000000e+00  0.00000  1.00000  0.30330  0.84203  0.00000  0.00000  0.99994  0.90165
4.620000000e+00  0.00000  1.00000  0.25131  0.79690  0.00000  0.00000  0.99994  0.91288
4.630000000e+00  0.00000  1.00000  0.11262  0.60072  0.00000  0.00000  0.99994  0.92301
4.640000000e+00  0.00000  1.00000  0.08633  0.61143  0.00000  0.00000  0.99994  0.93215
4.650000000e+00  0.00000  1.00000  0.07026  0.62871  0.00000  0.00000  0.99994  0.94039
4.660000000e+00  0.00000  1.00000  0.07071  0.56481  0.00000  0.00000  0.99994  0.94780
4.670000000e+00  0.00000  1.00000  0.07749  0.49288  0.00000  0.00000  0.99994  0.95407
4.680000000e+00  0.00000  1.00000  0.02762  0.50072  0.00000  0.00000  0.99994  0.95924
4.690000000e+00  0.00000  1.00000  0.01204  0.21546  0.00000  0.00000  0.99994  0.96431
4.700000000e+00  0.00000  1.00000  0.00136  0.86607  0.00000  0.00000  0.99994  0.96857
4.710000000e+00  0.00000  1.00000  0.00004  0.76661  0.00000  0.00000  0.99994  0.97219
4.720000000e+00  0.00000  1.00000  0.00002  0.44132  0.00000  0.00000  0.99994  0.97562
4.730000000e+00  0.00000  1.00000  0.00000  0.58116  0.00000  0.00000  0.99994  0.97824
4.740000000e+00  0.00000  1.00000  0.00000  0.42284  0.00000  0.00000  0.99994  0.98107
4.750000000e+00  0.00000  1.00000  0.00000  0.66160  0.00000  0.00000  0.99994  0.98336
4.760000000e+00  0.00000  1.00000  0.00000  0.54942  0.00000  0.00000  0.99994  0.98544
4.770000000e+00  0.00000  1.00000  0.00000  0.56180  0.00000  0.00000  0.99994  0.98723
4.780000000e+00  0.00000  1.00000  0.00000  0.43357  0.00000  0.00000  0.99995  0.98825
4.790000000e+00  0.00000  1.00000  0.00000  0.25910  0.00000  0.00000  0.99995  0.98966
4.800000000e+00  0.00000  1.00000  0.00000  0.30450  0.00000  0.00000  0.99995  0.99138
4.810000000e+00  0.00000  1.00000  0.00000  0.47000  0.00000  0.00000  0.99995  0.99258
4.820000000e+00  0.00000  1.00000  0.00000  0.41309  0.00000  0.00000  0.99995  0.99349
4.830000000e+00  0.00000  1.00000  0.00000  0.24770  0.00000  0.00000  0.99995  0.99449
4.840000000e+00  0.00000  1.00000  0.00000  0.45045  0.00000  0.00000  0.99995  0.99264
4.850000000e+00  0.00000  1.00000  0.00000  0.12093  0.00000  0.00000  0.99995  0.99475
4.860000000e+00  0.00000  1.00000  0.00000  0.08549  0.00000  0.00000  0.99995  0.99633
4.870000000e+00  0.00000  1.00000  0.00000  0.58782  0.00000  0.00000  0.99995  0.99690
4.880000000e+00  0.00000  1.00000  0.00000  0.59028  0.00000  0.00000  0.99995  0.99725
4.890000000e+00  0.00000  1.00000  0.00000  0.52479  0.00000  0.00000  0.99995  0.99711
4.900000000e+00  0.00000  1.00000  0.00000  0.07636  0.00000  0.00000  0.99995  0.99567
4.910000000e+00  0.00000  1.00000  0.00000  0.04537  0.00000  0.00000  0.99995  0.99783
4.920000000e+00  0.00000  1.00000  0.00000  0.26727  0.00000  0.00000  0.99995  0.99817
4.930000000e+00  0.00000  1.00000  0.00000  0.50256  0.00000  0.00000  0.99995  0.99836
4.940000000e+00  0.00000  1.00000  0.00011  0.26086  0.00000  0.00000  0.99995  0.99838
4.950000000e+00  0.00000  1.00000  0.00053  0.07297  0.00000  0.00000  0.99995  0.99723
4.960000000e+00  0.00000  1.00000  0.00126  0.02282  0.00000  0.00000  0.99995  0.99178
4.970000000e+00  0.00000  1.00000  0.01065  0.00847  0.00000  0.00000  0.99995  0.99885
4.980000000e+00  0.00000  1.00000  0.03165  0.15992  0.00000  0.00000  0.99995  0.99895
4.990000000e+00  0.00000  1.00000  0.08125  0.04061  0.00000  0.00000  0.99995  0.99917
5.000000000e+00  0.00000  1.00000  0.07456  0.26852  0.00000  0.00000  0.99995  0.99920
