# ----------------------------------------------------------------------------------------------
# NASA-GSFC Planetary Spectrum Generator (PSG, Villanueva et al. 2015)
# Atmospheric layering information considered by PUMAS
# Synthesized on Tue Nov 21 15:10:20 2017
# Radiative transfer method: correlated-k
# Synthesis spectral resolution [cm-1] and resolving power: 8.913678 5.010e+02
# Scattering parameters (nmax, lmax): 0 0
# ----------------------------------------------------------------------------------------------
# Molecular abundance profile: 
# Molecules considered: N2,CO2,H2O
# Molecular sources: HIT[22],HIT[2],HIT[1]
# Molecular abundances: 1,1,1
# Molecular abundance units: scl,scl,scl
# Collission-Induced-Absorption:  N2-N2(3.33-5.41um)
# Rayleigh scattering included
# ----------------------------------------------------------------------------------------------
# Aerosols considered: WaterIce,Cloud
# Aerosols sources: CRISM_Wolff[reff=2.0um 0.31-99.57um],White_GSFC[reff=1.0um 0.10-1000000.00um]
# Aerosols abundances: 1,1
# Aerosols abundance units: scl,scl
# Aerosols sizes [um]: 155.971642059,14.0
# ----------------------------------------------------------------------------------------------
# Input layer-by-layer atmospheric profile
# Molecular abundances in molec/molec and aerosols in kg/kg
# ----------------------------------------------------------------------------------------------
# Alt[km] Pressure[bar] Temp[K]         N2        CO2        H2O   WaterIce      Cloud
# ----------------------------------------------------------------------------------------------
    0.000   1.400e+00   292.671   7.397e-01  2.959e-01  1.666e-02  4.821e-10  1.680e-04
    0.259   1.358e+00   292.400   7.399e-01  2.960e-01  1.626e-02  4.969e-15  8.997e-05
    0.637   1.300e+00   292.200   7.405e-01  2.962e-01  1.524e-02  2.314e-26  5.729e-05
    1.246   1.210e+00   290.800   7.421e-01  2.969e-01  1.248e-02  2.596e-12  3.466e-05
    2.084   1.096e+00   288.200   7.443e-01  2.977e-01  8.847e-03  1.412e-08  2.395e-05
    3.143   9.656e-01   283.700   7.458e-01  2.983e-01  6.234e-03  1.655e-07  2.237e-05
    4.409   8.275e-01   277.300   7.466e-01  2.986e-01  4.882e-03  7.261e-07  2.662e-05
    5.770   6.983e-01   270.000   7.474e-01  2.990e-01  3.535e-03  1.362e-06  3.535e-05
    7.105   5.884e-01   262.900   7.480e-01  2.992e-01  2.404e-03  2.636e-06  5.291e-05
    8.418   4.950e-01   256.300   7.485e-01  2.994e-01  1.579e-03  4.658e-06  6.184e-05
    9.713   4.157e-01   250.000   7.488e-01  2.995e-01  1.004e-03  9.649e-06  4.248e-05
   10.990   3.482e-01   243.800   7.490e-01  2.996e-01  6.256e-04  1.221e-05  1.708e-05
   12.260   2.909e-01   237.400   7.492e-01  2.997e-01  3.763e-04  1.207e-05  5.431e-06
   13.520   2.421e-01   230.500   7.493e-01  2.997e-01  2.039e-04  5.870e-06  2.200e-07
   14.760   2.007e-01   223.200   7.494e-01  2.998e-01  9.918e-05  4.631e-06  0.000e+00
   16.000   1.655e-01   216.000   7.494e-01  2.998e-01  4.353e-05  3.896e-06  0.000e+00
   17.250   1.355e-01   209.700   7.494e-01  2.998e-01  1.952e-05  2.996e-06  0.000e+00
   18.510   1.101e-01   205.900   7.494e-01  2.998e-01  1.228e-05  1.765e-06  0.000e+00
   19.810   8.867e-02   205.500   7.494e-01  2.998e-01  1.106e-05  3.899e-07  0.000e+00
   20.990   7.287e-02   206.200   7.494e-01  2.998e-01  1.086e-05  2.579e-08  0.000e+00
   22.020   6.152e-02   206.600   7.494e-01  2.998e-01  1.070e-05  1.372e-08  0.000e+00
   23.070   5.168e-02   206.600   7.494e-01  2.998e-01  1.054e-05  1.009e-08  0.000e+00
   24.150   4.319e-02   206.000   7.494e-01  2.998e-01  1.040e-05  7.630e-09  0.000e+00
   25.260   3.592e-02   204.900   7.494e-01  2.998e-01  1.030e-05  6.326e-09  0.000e+00
   26.390   2.973e-02   203.400   7.494e-01  2.998e-01  1.032e-05  5.719e-09  0.000e+00
   27.540   2.448e-02   201.600   7.494e-01  2.998e-01  1.053e-05  1.777e-08  0.000e+00
   28.710   2.006e-02   199.500   7.494e-01  2.998e-01  1.069e-05  7.951e-08  0.000e+00
   29.900   1.635e-02   197.200   7.494e-01  2.998e-01  1.061e-05  1.553e-07  0.000e+00
   31.100   1.326e-02   194.800   7.494e-01  2.998e-01  1.033e-05  2.092e-07  0.000e+00
   32.310   1.071e-02   192.800   7.494e-01  2.998e-01  9.968e-06  2.559e-07  0.000e+00
   33.550   8.600e-03   191.500   7.494e-01  2.998e-01  9.663e-06  2.262e-07  0.000e+00
   34.800   6.873e-03   190.600   7.494e-01  2.998e-01  9.387e-06  1.497e-07  0.000e+00
   36.080   5.465e-03   189.900   7.494e-01  2.998e-01  9.061e-06  1.032e-07  0.000e+00
   37.370   4.325e-03   188.900   7.494e-01  2.998e-01  8.708e-06  9.037e-08  0.000e+00
   38.690   3.405e-03   187.300   7.494e-01  2.998e-01  8.276e-06  9.562e-08  0.000e+00
   40.020   2.667e-03   185.300   7.494e-01  2.998e-01  7.825e-06  1.113e-07  0.000e+00
   41.360   2.079e-03   183.000   7.494e-01  2.998e-01  7.575e-06  1.293e-07  0.000e+00
   42.720   1.613e-03   181.200   7.494e-01  2.998e-01  7.522e-06  1.361e-07  0.000e+00
   44.090   1.245e-03   180.700   7.494e-01  2.998e-01  7.648e-06  8.740e-08  0.000e+00
   45.490   9.559e-04   181.100   7.494e-01  2.998e-01  7.831e-06  6.546e-08  0.000e+00
   60.410   3.776e-04   181.100   7.494e-01  2.998e-01  7.831e-06  6.546e-08  0.000e+00
   66.310   2.615e-04   181.100   7.494e-01  2.998e-01  7.831e-06  6.546e-08  0.000e+00
   74.550   1.566e-04   181.100   7.494e-01  2.998e-01  7.831e-06  6.546e-08  0.000e+00
   86.040   7.656e-05   181.100   7.494e-01  2.998e-01  7.831e-06  6.546e-08  0.000e+00
  102.100   2.820e-05   181.100   7.494e-01  2.998e-01  7.831e-06  6.546e-08  0.000e+00
  124.500   6.996e-06   181.100   7.494e-01  2.998e-01  7.831e-06  6.546e-08  0.000e+00
  155.700   1.000e-06   181.100   7.494e-01  2.998e-01  7.831e-06  6.546e-08  0.000e+00
#
# ----------------------------------------------------------------------------------------------
# Curtis-Godson integrated layer information used by the radiative transfer analysis
# Oblique molecular layer columns in molec/m2 and aerosols in kg/m2
# ----------------------------------------------------------------------------------------------
# Low[km]  High[km]  Path[km] Pressure[bar] Temp[K]   Airmass   dcol[m-2]         N2        CO2        H2O   WaterIce      Cloud
# ----------------------------------------------------------------------------------------------
    0.000     0.259     0.388   1.379e+00   292.537    1.4980   1.328e+28  9.825e+27  3.930e+27  2.186e+26  4.538e-08  9.433e-02
    0.259     0.637     0.566   1.329e+00   292.301    1.4979   1.866e+28  1.381e+28  5.526e+27  2.939e+26  6.065e-13  7.678e-02
    0.637     1.246     0.913   1.255e+00   291.509    1.4977   2.848e+28  2.111e+28  8.444e+27  3.938e+26  2.284e-10  7.294e-02
    1.246     2.084     1.255   1.153e+00   289.521    1.4975   3.620e+28  2.690e+28  1.076e+28  3.833e+26  3.339e-06  5.965e-02
    2.084     3.143     1.585   1.031e+00   285.993    1.4972   4.136e+28  3.082e+28  1.233e+28  3.098e+26  1.413e-04  5.434e-02
    3.143     4.409     1.895   8.963e-01   280.572    1.4968   4.380e+28  3.268e+28  1.307e+28  2.429e+26  9.267e-04  6.056e-02
    4.409     5.770     2.037   7.627e-01   273.739    1.4964   4.104e+28  3.065e+28  1.226e+28  1.719e+26  2.335e-03  7.137e-02
    5.770     7.105     1.997   6.431e-01   266.538    1.4959   3.485e+28  2.606e+28  1.042e+28  1.027e+26  3.782e-03  8.562e-02
    7.105     8.418     1.964   5.415e-01   259.683    1.4955   2.961e+28  2.216e+28  8.863e+27  5.843e+25  5.922e-03  9.596e-02
    8.418     9.713     1.936   4.552e-01   253.230    1.4951   2.517e+28  1.884e+28  7.537e+27  3.215e+25  9.691e-03  7.393e-02
    9.713    10.990     1.909   3.818e-01   246.980    1.4947   2.134e+28  1.598e+28  6.392e+27  1.717e+25  1.312e-02  3.413e-02
   10.990    12.260     1.898   3.194e-01   240.684    1.4943   1.821e+28  1.364e+28  5.457e+27  8.991e+24  1.254e-02  1.066e-02
   12.260    13.520     1.882   2.664e-01   234.041    1.4939   1.549e+28  1.161e+28  4.643e+27  4.394e+24  7.627e-03  1.491e-03
   13.520    14.760     1.852   2.213e-01   226.947    1.4935   1.306e+28  9.784e+27  3.914e+27  1.915e+24  3.881e-03  9.490e-08
   14.760    16.000     1.851   1.830e-01   219.698    1.4931   1.115e+28  8.355e+27  3.343e+27  7.619e+23  2.695e-03  0.000e+00
   16.000    17.250     1.866   1.504e-01   212.941    1.4927   9.527e+27  7.139e+27  2.856e+27  2.885e+23  1.858e-03  0.000e+00
   17.250    18.510     1.880   1.228e-01   207.861    1.4924   8.022e+27  6.012e+27  2.405e+27  1.263e+23  1.067e-03  0.000e+00
   18.510    19.810     1.940   9.939e-02   205.707    1.4920   6.765e+27  5.069e+27  2.028e+27  7.902e+22  3.588e-04  0.000e+00
   19.810    20.990     1.760   8.078e-02   205.838    1.4916   4.989e+27  3.739e+27  1.496e+27  5.470e+22  3.969e-05  0.000e+00
   20.990    22.020     1.536   6.720e-02   206.394    1.4912   3.616e+27  2.710e+27  1.084e+27  3.899e+22  3.957e-06  0.000e+00
   22.020    23.070     1.565   5.660e-02   206.600    1.4909   3.101e+27  2.324e+27  9.296e+26  3.294e+22  2.086e-06  0.000e+00
   23.070    24.150     1.610   4.744e-02   206.309    1.4906   2.676e+27  2.005e+27  8.021e+26  2.802e+22  1.341e-06  0.000e+00
   24.150    25.260     1.654   3.955e-02   205.467    1.4902   2.302e+27  1.725e+27  6.900e+26  2.382e+22  9.106e-07  0.000e+00
   25.260    26.390     1.684   3.282e-02   204.173    1.4899   1.956e+27  1.466e+27  5.864e+26  2.016e+22  6.684e-07  0.000e+00
   26.390    27.540     1.713   2.710e-02   202.528    1.4895   1.656e+27  1.241e+27  4.966e+26  1.726e+22  9.810e-07  0.000e+00
   27.540    28.710     1.742   2.227e-02   200.584    1.4892   1.397e+27  1.047e+27  4.189e+26  1.482e+22  3.190e-06  0.000e+00
   28.710    29.900     1.772   1.820e-02   198.388    1.4888   1.174e+27  8.800e+26  3.520e+26  1.251e+22  7.456e-06  0.000e+00
   29.900    31.100     1.786   1.480e-02   196.040    1.4884   9.741e+26  7.300e+26  2.920e+26  1.020e+22  9.943e-06  0.000e+00
   31.100    32.310     1.801   1.198e-02   193.834    1.4881   8.038e+26  6.024e+26  2.410e+26  8.162e+21  1.053e-05  0.000e+00
   32.310    33.550     1.845   9.655e-03   192.173    1.4877   6.690e+26  5.014e+26  2.006e+26  6.570e+21  9.153e-06  0.000e+00
   33.550    34.800     1.859   7.736e-03   191.067    1.4873   5.433e+26  4.071e+26  1.629e+26  5.177e+21  5.753e-06  0.000e+00
   34.800    36.080     1.903   6.169e-03   190.263    1.4869   4.453e+26  3.337e+26  1.335e+26  4.110e+21  3.179e-06  0.000e+00
   36.080    37.370     1.918   4.895e-03   189.419    1.4865   3.575e+26  2.679e+26  1.072e+26  3.178e+21  1.964e-06  0.000e+00
   37.370    38.690     1.962   3.865e-03   188.131    1.4861   2.907e+26  2.178e+26  8.715e+25  2.470e+21  1.531e-06  0.000e+00
   38.690    40.020     1.976   3.036e-03   186.339    1.4857   2.322e+26  1.740e+26  6.960e+25  1.871e+21  1.355e-06  0.000e+00
   40.020    41.360     1.990   2.373e-03   184.196    1.4853   1.849e+26  1.385e+26  5.543e+25  1.424e+21  1.255e-06  0.000e+00
   41.360    42.720     2.019   1.846e-03   182.137    1.4849   1.475e+26  1.106e+26  4.423e+25  1.114e+21  1.109e-06  0.000e+00
   42.720    44.090     2.034   1.429e-03   180.961    1.4845   1.157e+26  8.674e+25  3.470e+25  8.776e+20  7.286e-07  0.000e+00
   44.090    45.490     2.078   1.101e-03   180.891    1.4841   9.107e+25  6.825e+25  2.730e+25  7.044e+20  3.945e-07  0.000e+00
   45.490    60.410    22.106   6.673e-04   181.100    1.4816   5.506e+26  4.126e+26  1.651e+26  4.312e+21  2.044e-06  0.000e+00
   60.410    66.310     8.723   3.196e-04   181.100    1.4785   1.103e+26  8.263e+25  3.306e+25  8.635e+20  4.093e-07  0.000e+00
   66.310    74.550    12.166   2.091e-04   181.100    1.4764   9.956e+25  7.461e+25  2.985e+25  7.797e+20  3.696e-07  0.000e+00
   74.550    86.040    16.931   1.166e-04   181.100    1.4735   7.575e+25  5.677e+25  2.271e+25  5.932e+20  2.812e-07  0.000e+00
   86.040   102.100    23.601   5.244e-05   181.100    1.4696   4.572e+25  3.426e+25  1.371e+25  3.580e+20  1.697e-07  0.000e+00
  102.100   124.500    32.796   1.767e-05   181.100    1.4641   1.997e+25  1.496e+25  5.986e+24  1.564e+20  7.411e-08  0.000e+00
  124.500   155.700    45.449   4.052e-06   181.100    1.4567   5.612e+24  4.206e+24  1.683e+24  4.395e+19  2.083e-08  0.000e+00
# ----------------------------------------------------------------------------------------------
# Integrated atmospheric columns                       1.4955   4.446e+29  3.319e+29  1.328e+29  2.242e+27  6.606e-02  7.918e-01
# ----------------------------------------------------------------------------------------------
