# ----------------------------------------------------------------------------------------------
# NASA-GSFC Planetary Spectrum Generator (PSG, Villanueva et al. 2015)
# Atmospheric layering information considered by PUMAS
# Synthesized on Tue Nov 21 15:11:53 2017
# Radiative transfer method: correlated-k
# Synthesis spectral resolution [cm-1] and resolving power: 8.913678 5.010e+02
# Scattering parameters (nmax, lmax): 0 0
# ----------------------------------------------------------------------------------------------
# Molecular abundance profile: 
# Molecules considered: N2,CO2,H2O
# Molecular sources: HIT[22],HIT[2],HIT[1]
# Molecular abundances: 1,1,1
# Molecular abundance units: scl,scl,scl
# Collission-Induced-Absorption:  N2-N2(3.33-5.41um)
# Rayleigh scattering included
# ----------------------------------------------------------------------------------------------
# Aerosols considered: WaterIce,Cloud
# Aerosols sources: CRISM_Wolff[reff=2.0um 0.31-99.57um],White_GSFC[reff=1.0um 0.10-1000000.00um]
# Aerosols abundances: 1,1
# Aerosols abundance units: scl,scl
# Aerosols sizes [um]: 154.983105253,14.0
# ----------------------------------------------------------------------------------------------
# Input layer-by-layer atmospheric profile
# Molecular abundances in molec/molec and aerosols in kg/kg
# ----------------------------------------------------------------------------------------------
# Alt[km] Pressure[bar] Temp[K]         N2        CO2        H2O   WaterIce      Cloud
# ----------------------------------------------------------------------------------------------
    0.000   1.407e+00   286.942   7.424e-01  2.970e-01  1.200e-02  1.521e-10  1.381e-04
    0.256   1.365e+00   289.200   7.426e-01  2.971e-01  1.167e-02  1.813e-28  5.641e-05
    0.631   1.306e+00   291.000   7.433e-01  2.973e-01  1.046e-02  2.746e-26  2.687e-05
    1.240   1.216e+00   290.900   7.441e-01  2.977e-01  9.101e-03  3.062e-12  1.720e-05
    2.079   1.101e+00   288.700   7.450e-01  2.980e-01  7.658e-03  1.102e-08  1.760e-05
    3.140   9.700e-01   284.100   7.461e-01  2.984e-01  5.723e-03  9.612e-08  1.998e-05
    4.408   8.312e-01   277.600   7.470e-01  2.988e-01  4.168e-03  4.955e-07  2.766e-05
    5.770   7.013e-01   269.800   7.477e-01  2.991e-01  2.909e-03  1.569e-06  3.492e-05
    7.104   5.909e-01   262.300   7.483e-01  2.993e-01  1.855e-03  4.820e-06  3.544e-05
    8.414   4.971e-01   255.300   7.488e-01  2.995e-01  1.034e-03  8.139e-06  2.068e-05
    9.704   4.173e-01   248.600   7.491e-01  2.996e-01  5.780e-04  7.337e-06  8.496e-06
   10.980   3.495e-01   242.000   7.492e-01  2.997e-01  3.238e-04  4.188e-06  2.084e-06
   12.240   2.919e-01   235.500   7.493e-01  2.997e-01  1.793e-04  2.317e-06  3.607e-07
   13.480   2.429e-01   228.800   7.494e-01  2.998e-01  9.893e-05  1.285e-06  7.820e-10
   14.720   2.013e-01   222.000   7.494e-01  2.998e-01  5.337e-05  1.292e-06  0.000e+00
   15.960   1.659e-01   215.500   7.494e-01  2.998e-01  2.824e-05  1.222e-06  0.000e+00
   17.210   1.358e-01   210.200   7.494e-01  2.998e-01  1.643e-05  1.054e-06  0.000e+00
   18.480   1.102e-01   206.800   7.494e-01  2.998e-01  1.195e-05  7.806e-07  0.000e+00
   19.800   8.872e-02   206.000   7.494e-01  2.998e-01  1.102e-05  1.260e-07  0.000e+00
   20.980   7.287e-02   206.400   7.494e-01  2.998e-01  1.084e-05  1.984e-08  0.000e+00
   22.010   6.152e-02   206.600   7.494e-01  2.998e-01  1.071e-05  1.778e-08  0.000e+00
   23.060   5.168e-02   206.300   7.494e-01  2.998e-01  1.057e-05  1.912e-08  0.000e+00
   24.140   4.319e-02   205.500   7.494e-01  2.998e-01  1.042e-05  2.260e-08  0.000e+00
   25.240   3.592e-02   204.300   7.494e-01  2.998e-01  1.033e-05  2.633e-08  0.000e+00
   26.370   2.973e-02   202.600   7.494e-01  2.998e-01  1.041e-05  3.437e-08  0.000e+00
   27.520   2.448e-02   200.600   7.494e-01  2.998e-01  1.068e-05  6.958e-08  0.000e+00
   28.680   2.006e-02   198.500   7.494e-01  2.998e-01  1.078e-05  1.327e-07  0.000e+00
   29.860   1.635e-02   196.200   7.494e-01  2.998e-01  1.054e-05  1.823e-07  0.000e+00
   31.050   1.326e-02   194.100   7.494e-01  2.998e-01  1.013e-05  2.132e-07  0.000e+00
   32.270   1.071e-02   192.300   7.494e-01  2.998e-01  9.767e-06  2.387e-07  0.000e+00
   33.490   8.600e-03   190.800   7.494e-01  2.998e-01  9.520e-06  2.634e-07  0.000e+00
   34.740   6.873e-03   189.600   7.494e-01  2.998e-01  9.325e-06  3.023e-07  0.000e+00
   36.010   5.465e-03   188.100   7.494e-01  2.998e-01  9.120e-06  3.742e-07  0.000e+00
   37.290   4.325e-03   186.300   7.494e-01  2.998e-01  8.820e-06  4.964e-07  0.000e+00
   38.590   3.405e-03   184.100   7.494e-01  2.998e-01  8.373e-06  6.914e-07  0.000e+00
   39.890   2.667e-03   181.800   7.494e-01  2.998e-01  7.854e-06  9.173e-07  0.000e+00
   41.210   2.079e-03   179.600   7.494e-01  2.998e-01  7.463e-06  1.006e-06  0.000e+00
   42.540   1.613e-03   178.000   7.494e-01  2.998e-01  7.328e-06  8.214e-07  0.000e+00
   43.890   1.245e-03   177.400   7.494e-01  2.998e-01  7.490e-06  4.954e-07  0.000e+00
   45.260   9.559e-04   177.600   7.494e-01  2.998e-01  7.744e-06  3.894e-07  0.000e+00
   59.760   3.776e-04   177.600   7.494e-01  2.998e-01  7.744e-06  3.894e-07  0.000e+00
   65.500   2.615e-04   177.600   7.494e-01  2.998e-01  7.744e-06  3.894e-07  0.000e+00
   73.500   1.566e-04   177.600   7.494e-01  2.998e-01  7.744e-06  3.894e-07  0.000e+00
   84.680   7.656e-05   177.600   7.494e-01  2.998e-01  7.744e-06  3.894e-07  0.000e+00
  100.300   2.820e-05   177.600   7.494e-01  2.998e-01  7.744e-06  3.894e-07  0.000e+00
  122.000   6.996e-06   177.600   7.494e-01  2.998e-01  7.744e-06  3.894e-07  0.000e+00
  152.400   1.000e-06   177.600   7.494e-01  2.998e-01  7.744e-06  3.894e-07  0.000e+00
#
# ----------------------------------------------------------------------------------------------
# Curtis-Godson integrated layer information used by the radiative transfer analysis
# Oblique molecular layer columns in molec/m2 and aerosols in kg/m2
# ----------------------------------------------------------------------------------------------
# Low[km]  High[km]  Path[km] Pressure[bar] Temp[K]   Airmass   dcol[m-2]         N2        CO2        H2O   WaterIce      Cloud
# ----------------------------------------------------------------------------------------------
    0.000     0.256     0.383   1.386e+00   288.061    1.4980   1.338e+28  9.932e+27  3.973e+27  1.583e+26  1.336e-08  6.951e-02
    0.256     0.631     0.562   1.336e+00   290.091    1.4979   1.878e+28  1.395e+28  5.580e+27  2.077e+26  5.731e-24  4.258e-02
    0.631     1.240     0.912   1.261e+00   290.951    1.4977   2.866e+28  2.131e+28  8.525e+27  2.801e+26  2.707e-10  3.534e-02
    1.240     2.079     1.256   1.158e+00   289.818    1.4975   3.638e+28  2.708e+28  1.083e+28  3.045e+26  2.743e-06  3.589e-02
    2.079     3.140     1.588   1.035e+00   286.444    1.4972   4.157e+28  3.099e+28  1.239e+28  2.769e+26  9.092e-05  4.419e-02
    3.140     4.408     1.898   9.004e-01   280.923    1.4968   4.401e+28  3.285e+28  1.314e+28  2.166e+26  5.974e-04  5.873e-02
    4.408     5.770     2.038   7.660e-01   273.794    1.4964   4.124e+28  3.082e+28  1.233e+28  1.450e+26  2.149e-03  7.265e-02
    5.770     7.104     1.996   6.459e-01   266.142    1.4959   3.503e+28  2.620e+28  1.048e+28  8.250e+25  5.678e-03  6.988e-02
    7.104     8.414     1.959   5.438e-01   258.887    1.4955   2.976e+28  2.228e+28  8.911e+27  4.211e+25  1.063e-02  4.656e-02
    8.414     9.704     1.929   4.570e-01   252.035    1.4951   2.529e+28  1.894e+28  7.576e+27  1.998e+25  1.111e-02  1.987e-02
    9.704    10.980     1.907   3.833e-01   245.385    1.4947   2.154e+28  1.614e+28  6.455e+27  9.520e+24  6.911e-03  5.675e-03
   10.980    12.240     1.883   3.206e-01   238.835    1.4943   1.827e+28  1.369e+28  5.477e+27  4.502e+24  3.301e-03  1.042e-03
   12.240    13.480     1.852   2.673e-01   232.238    1.4939   1.542e+28  1.155e+28  4.621e+27  2.100e+24  1.543e-03  5.792e-05
   13.480    14.720     1.852   2.220e-01   225.491    1.4935   1.318e+28  9.879e+27  3.952e+27  9.812e+23  9.633e-04  3.411e-10
   14.720    15.960     1.852   1.835e-01   218.841    1.4931   1.122e+28  8.411e+27  3.365e+27  4.470e+23  8.006e-04  0.000e+00
   15.960    17.210     1.866   1.508e-01   212.929    1.4928   9.549e+27  7.156e+27  2.863e+27  2.099e+23  6.166e-04  0.000e+00
   17.210    18.480     1.895   1.230e-01   208.556    1.4924   8.072e+27  6.049e+27  2.420e+27  1.142e+23  4.189e-04  0.000e+00
   18.480    19.800     1.969   9.946e-02   206.414    1.4920   6.850e+27  5.134e+27  2.054e+27  7.875e+22  1.440e-04  0.000e+00
   19.800    20.980     1.760   8.080e-02   206.193    1.4916   4.982e+27  3.734e+27  1.494e+27  5.447e+22  1.673e-05  0.000e+00
   20.980    22.010     1.536   6.720e-02   206.497    1.4912   3.614e+27  2.708e+27  1.083e+27  3.895e+22  3.858e-06  0.000e+00
   22.010    23.060     1.565   5.660e-02   206.454    1.4909   3.103e+27  2.325e+27  9.302e+26  3.302e+22  3.242e-06  0.000e+00
   23.060    24.140     1.610   4.744e-02   205.912    1.4906   2.681e+27  2.009e+27  8.037e+26  2.814e+22  3.156e-06  0.000e+00
   24.140    25.240     1.639   3.955e-02   204.918    1.4902   2.287e+27  1.714e+27  6.856e+26  2.373e+22  3.160e-06  0.000e+00
   25.240    26.370     1.684   3.282e-02   203.476    1.4899   1.963e+27  1.471e+27  5.884e+26  2.035e+22  3.345e-06  0.000e+00
   26.370    27.520     1.713   2.710e-02   201.631    1.4895   1.664e+27  1.247e+27  4.988e+26  1.754e+22  4.659e-06  0.000e+00
   27.520    28.680     1.727   2.227e-02   199.584    1.4892   1.392e+27  1.043e+27  4.174e+26  1.494e+22  7.642e-06  0.000e+00
   28.680    29.860     1.757   1.820e-02   197.388    1.4888   1.170e+27  8.770e+26  3.508e+26  1.248e+22  1.031e-05  0.000e+00
   29.860    31.050     1.771   1.480e-02   195.185    1.4885   9.702e+26  7.271e+26  2.909e+26  1.003e+22  1.083e-05  0.000e+00
   31.050    32.270     1.815   1.198e-02   193.231    1.4881   8.130e+26  6.093e+26  2.437e+26  8.092e+21  1.039e-05  0.000e+00
   32.270    33.490     1.815   9.654e-03   191.577    1.4877   6.603e+26  4.948e+26  1.980e+26  6.370e+21  9.378e-06  0.000e+00
   33.490    34.740     1.859   7.736e-03   190.222    1.4873   5.457e+26  4.090e+26  1.636e+26  5.144e+21  8.719e-06  0.000e+00
   34.740    36.010     1.888   6.169e-03   188.878    1.4869   4.451e+26  3.335e+26  1.334e+26  4.106e+21  8.472e-06  0.000e+00
   36.010    37.290     1.903   4.894e-03   187.234    1.4866   3.589e+26  2.690e+26  1.076e+26  3.221e+21  8.755e-06  0.000e+00
   37.290    38.590     1.932   3.864e-03   185.242    1.4862   2.908e+26  2.179e+26  8.717e+25  2.501e+21  9.644e-06  0.000e+00
   38.590    39.890     1.931   3.035e-03   182.995    1.4858   2.311e+26  1.732e+26  6.928e+25  1.877e+21  1.042e-05  0.000e+00
   39.890    41.210     1.961   2.373e-03   180.744    1.4854   1.856e+26  1.391e+26  5.564e+25  1.423e+21  1.010e-05  0.000e+00
   41.210    42.540     1.975   1.846e-03   178.833    1.4850   1.470e+26  1.101e+26  4.406e+25  1.087e+21  7.622e-06  0.000e+00
   42.540    43.890     2.004   1.429e-03   177.713    1.4846   1.161e+26  8.704e+25  3.482e+25  8.601e+20  4.293e-06  0.000e+00
   43.890    45.260     2.033   1.101e-03   177.496    1.4841   9.083e+25  6.807e+25  2.723e+25  6.913e+20  2.280e-06  0.000e+00
   45.260    59.760    21.485   6.673e-04   177.600    1.4818   5.457e+26  4.090e+26  1.636e+26  4.226e+21  1.205e-05  0.000e+00
   59.760    65.500     8.488   3.196e-04   177.600    1.4787   1.094e+26  8.199e+25  3.280e+25  8.472e+20  2.416e-06  0.000e+00
   65.500    73.500    11.814   2.091e-04   177.600    1.4767   9.858e+25  7.388e+25  2.956e+25  7.634e+20  2.177e-06  0.000e+00
   73.500    84.680    16.478   1.166e-04   177.600    1.4739   7.518e+25  5.634e+25  2.254e+25  5.822e+20  1.660e-06  0.000e+00
   84.680   100.300    22.962   5.244e-05   177.600    1.4700   4.536e+25  3.399e+25  1.360e+25  3.513e+20  1.002e-06  0.000e+00
  100.300   122.000    31.784   1.767e-05   177.600    1.4647   1.973e+25  1.479e+25  5.915e+24  1.528e+20  4.358e-07  0.000e+00
  122.000   152.400    44.308   4.051e-06   177.600    1.4575   5.579e+24  4.181e+24  1.673e+24  4.321e+19  1.232e-07  0.000e+00
# ----------------------------------------------------------------------------------------------
# Integrated atmospheric columns                       1.4955   4.468e+29  3.338e+29  1.335e+29  1.752e+27  4.512e-02  5.020e-01
# ----------------------------------------------------------------------------------------------
