# ----------------------------------------------------------------------------------------------
# NASA-GSFC Planetary Spectrum Generator (PSG, Villanueva et al. 2015)
# Atmospheric layering information considered by PUMAS
# Synthesized on Tue Nov 21 15:10:42 2017
# Radiative transfer method: correlated-k
# Synthesis spectral resolution [cm-1] and resolving power: 8.913678 5.010e+02
# Scattering parameters (nmax, lmax): 0 0
# ----------------------------------------------------------------------------------------------
# Molecular abundance profile: 
# Molecules considered: N2,CO2,H2O
# Molecular sources: HIT[22],HIT[2],HIT[1]
# Molecular abundances: 1,1,1
# Molecular abundance units: scl,scl,scl
# Collission-Induced-Absorption:  N2-N2(3.33-5.41um)
# Rayleigh scattering included
# ----------------------------------------------------------------------------------------------
# Aerosols considered: WaterIce,Cloud
# Aerosols sources: CRISM_Wolff[reff=2.0um 0.31-99.57um],White_GSFC[reff=1.0um 0.10-1000000.00um]
# Aerosols abundances: 1,1
# Aerosols abundance units: scl,scl
# Aerosols sizes [um]: 155.584225099,14.0
# ----------------------------------------------------------------------------------------------
# Input layer-by-layer atmospheric profile
# Molecular abundances in molec/molec and aerosols in kg/kg
# ----------------------------------------------------------------------------------------------
# Alt[km] Pressure[bar] Temp[K]         N2        CO2        H2O   WaterIce      Cloud
# ----------------------------------------------------------------------------------------------
    0.000   1.401e+00   290.232   7.408e-01  2.963e-01  1.485e-02  5.580e-10  1.827e-04
    0.257   1.359e+00   290.600   7.409e-01  2.964e-01  1.457e-02  4.963e-15  9.165e-05
    0.633   1.300e+00   291.200   7.413e-01  2.966e-01  1.385e-02  2.243e-26  5.439e-05
    1.241   1.211e+00   290.300   7.425e-01  2.970e-01  1.190e-02  2.587e-12  3.505e-05
    2.078   1.097e+00   287.800   7.443e-01  2.977e-01  8.795e-03  1.491e-08  2.674e-05
    3.136   9.661e-01   283.400   7.458e-01  2.983e-01  6.245e-03  1.786e-07  2.524e-05
    4.401   8.279e-01   277.100   7.466e-01  2.986e-01  4.872e-03  7.995e-07  3.022e-05
    5.761   6.986e-01   269.800   7.474e-01  2.990e-01  3.509e-03  1.546e-06  3.759e-05
    7.095   5.887e-01   262.700   7.480e-01  2.992e-01  2.343e-03  3.022e-06  4.743e-05
    8.407   4.953e-01   256.100   7.485e-01  2.994e-01  1.494e-03  5.264e-06  5.092e-05
    9.701   4.159e-01   249.900   7.489e-01  2.996e-01  9.473e-04  9.607e-06  3.587e-05
   10.980   3.484e-01   243.800   7.491e-01  2.996e-01  5.922e-04  1.148e-05  1.525e-05
   12.250   2.910e-01   237.500   7.492e-01  2.997e-01  3.595e-04  1.138e-05  5.027e-06
   13.510   2.422e-01   230.600   7.493e-01  2.997e-01  1.981e-04  5.513e-06  2.070e-07
   14.750   2.008e-01   223.400   7.494e-01  2.998e-01  9.797e-05  4.309e-06  0.000e+00
   16.000   1.655e-01   216.200   7.494e-01  2.998e-01  4.351e-05  3.687e-06  0.000e+00
   17.240   1.356e-01   209.800   7.494e-01  2.998e-01  1.957e-05  2.871e-06  0.000e+00
   18.510   1.101e-01   206.000   7.494e-01  2.998e-01  1.227e-05  1.813e-06  0.000e+00
   19.810   8.867e-02   205.500   7.494e-01  2.998e-01  1.105e-05  3.893e-07  0.000e+00
   20.990   7.287e-02   206.300   7.494e-01  2.998e-01  1.085e-05  2.407e-08  0.000e+00
   22.010   6.152e-02   206.700   7.494e-01  2.998e-01  1.070e-05  1.184e-08  0.000e+00
   23.070   5.168e-02   206.700   7.494e-01  2.998e-01  1.054e-05  8.110e-09  0.000e+00
   24.150   4.319e-02   206.100   7.494e-01  2.998e-01  1.039e-05  5.573e-09  0.000e+00
   25.260   3.592e-02   205.000   7.494e-01  2.998e-01  1.029e-05  4.380e-09  0.000e+00
   26.390   2.973e-02   203.500   7.494e-01  2.998e-01  1.030e-05  4.011e-09  0.000e+00
   27.540   2.448e-02   201.700   7.494e-01  2.998e-01  1.051e-05  1.564e-08  0.000e+00
   28.710   2.006e-02   199.500   7.494e-01  2.998e-01  1.069e-05  7.564e-08  0.000e+00
   29.900   1.635e-02   197.200   7.494e-01  2.998e-01  1.062e-05  1.488e-07  0.000e+00
   31.100   1.326e-02   194.900   7.494e-01  2.998e-01  1.033e-05  1.987e-07  0.000e+00
   32.310   1.071e-02   192.900   7.494e-01  2.998e-01  9.941e-06  2.366e-07  0.000e+00
   33.550   8.600e-03   191.600   7.494e-01  2.998e-01  9.624e-06  1.988e-07  0.000e+00
   34.800   6.873e-03   190.800   7.494e-01  2.998e-01  9.326e-06  1.275e-07  0.000e+00
   36.080   5.465e-03   190.000   7.494e-01  2.998e-01  8.975e-06  9.312e-08  0.000e+00
   37.380   4.325e-03   188.900   7.494e-01  2.998e-01  8.612e-06  8.878e-08  0.000e+00
   38.690   3.405e-03   187.300   7.494e-01  2.998e-01  8.195e-06  9.887e-08  0.000e+00
   40.020   2.667e-03   185.300   7.494e-01  2.998e-01  7.773e-06  1.207e-07  0.000e+00
   41.360   2.079e-03   183.000   7.494e-01  2.998e-01  7.546e-06  1.462e-07  0.000e+00
   42.720   1.613e-03   181.200   7.494e-01  2.998e-01  7.508e-06  1.547e-07  0.000e+00
   44.090   1.245e-03   180.400   7.494e-01  2.998e-01  7.642e-06  1.125e-07  0.000e+00
   45.480   9.559e-04   180.400   7.494e-01  2.998e-01  7.827e-06  8.750e-08  0.000e+00
   60.340   3.776e-04   180.400   7.494e-01  2.998e-01  7.827e-06  8.750e-08  0.000e+00
   66.220   2.615e-04   180.400   7.494e-01  2.998e-01  7.827e-06  8.750e-08  0.000e+00
   74.420   1.566e-04   180.400   7.494e-01  2.998e-01  7.827e-06  8.750e-08  0.000e+00
   85.870   7.656e-05   180.400   7.494e-01  2.998e-01  7.827e-06  8.750e-08  0.000e+00
  101.900   2.820e-05   180.400   7.494e-01  2.998e-01  7.827e-06  8.750e-08  0.000e+00
  124.200   6.996e-06   180.400   7.494e-01  2.998e-01  7.827e-06  8.750e-08  0.000e+00
  155.300   1.000e-06   180.400   7.494e-01  2.998e-01  7.827e-06  8.750e-08  0.000e+00
#
# ----------------------------------------------------------------------------------------------
# Curtis-Godson integrated layer information used by the radiative transfer analysis
# Oblique molecular layer columns in molec/m2 and aerosols in kg/m2
# ----------------------------------------------------------------------------------------------
# Low[km]  High[km]  Path[km] Pressure[bar] Temp[K]   Airmass   dcol[m-2]         N2        CO2        H2O   WaterIce      Cloud
# ----------------------------------------------------------------------------------------------
    0.000     0.257     0.385   1.380e+00   290.415    1.4980   1.330e+28  9.852e+27  3.941e+27  1.956e+26  5.245e-08  9.981e-02
    0.257     0.633     0.563   1.330e+00   290.897    1.4979   1.867e+28  1.384e+28  5.537e+27  2.654e+26  6.073e-13  7.581e-02
    0.633     1.241     0.910   1.256e+00   290.756    1.4977   2.849e+28  2.113e+28  8.455e+27  3.664e+26  2.276e-10  7.129e-02
    1.241     2.078     1.253   1.154e+00   289.070    1.4975   3.624e+28  2.694e+28  1.078e+28  3.731e+26  3.508e-06  6.325e-02
    2.078     3.136     1.584   1.031e+00   285.642    1.4972   4.141e+28  3.085e+28  1.234e+28  3.094e+26  1.516e-04  6.104e-02
    3.136     4.401     1.893   8.968e-01   280.321    1.4968   4.382e+28  3.270e+28  1.308e+28  2.430e+26  1.013e-03  6.859e-02
    4.401     5.761     2.035   7.630e-01   273.539    1.4964   4.105e+28  3.067e+28  1.227e+28  1.712e+26  2.615e-03  7.841e-02
    5.761     7.095     1.996   6.434e-01   266.337    1.4960   3.487e+28  2.607e+28  1.043e+28  1.012e+26  4.319e-03  8.344e-02
    7.095     8.407     1.962   5.418e-01   259.483    1.4955   2.963e+28  2.217e+28  8.868e+27  5.622e+25  6.741e-03  8.252e-02
    8.407     9.701     1.935   4.555e-01   253.079    1.4951   2.518e+28  1.885e+28  7.541e+27  3.039e+25  1.023e-02  6.161e-02
    9.701    10.980     1.912   3.820e-01   246.929    1.4947   2.139e+28  1.602e+28  6.407e+27  1.626e+25  1.272e-02  2.956e-02
   10.980    12.250     1.898   3.196e-01   240.733    1.4943   1.822e+28  1.365e+28  5.459e+27  8.549e+24  1.181e-02  9.654e-03
   12.250    13.510     1.882   2.665e-01   234.141    1.4939   1.549e+28  1.161e+28  4.643e+27  4.228e+24  7.179e-03  1.386e-03
   13.510    14.750     1.852   2.214e-01   227.096    1.4935   1.305e+28  9.782e+27  3.913e+27  1.874e+24  3.629e-03  8.930e-08
   14.750    16.000     1.866   1.831e-01   219.898    1.4931   1.123e+28  8.417e+27  3.367e+27  7.620e+23  2.547e-03  0.000e+00
   16.000    17.240     1.851   1.505e-01   213.092    1.4927   9.447e+27  7.080e+27  2.832e+27  2.863e+23  1.754e-03  0.000e+00
   17.240    18.510     1.895   1.228e-01   207.961    1.4924   8.085e+27  6.059e+27  2.424e+27  1.274e+23  1.063e-03  0.000e+00
   18.510    19.810     1.940   9.939e-02   205.759    1.4920   6.763e+27  5.068e+27  2.028e+27  7.893e+22  3.647e-04  0.000e+00
   19.810    20.990     1.760   8.078e-02   205.886    1.4916   4.988e+27  3.738e+27  1.495e+27  5.464e+22  3.889e-05  0.000e+00
   20.990    22.010     1.521   6.720e-02   206.494    1.4912   3.579e+27  2.682e+27  1.073e+27  3.857e+22  3.535e-06  0.000e+00
   22.010    23.070     1.580   5.660e-02   206.700    1.4909   3.129e+27  2.345e+27  9.380e+26  3.323e+22  1.759e-06  0.000e+00
   23.070    24.150     1.610   4.744e-02   206.409    1.4906   2.674e+27  2.004e+27  8.017e+26  2.799e+22  1.031e-06  0.000e+00
   24.150    25.260     1.654   3.955e-02   205.567    1.4902   2.300e+27  1.724e+27  6.897e+26  2.379e+22  6.484e-07  0.000e+00
   25.260    26.390     1.684   3.282e-02   204.273    1.4899   1.955e+27  1.465e+27  5.861e+26  2.013e+22  4.655e-07  0.000e+00
   26.390    27.540     1.713   2.710e-02   202.628    1.4895   1.656e+27  1.241e+27  4.963e+26  1.722e+22  7.858e-07  0.000e+00
   27.540    28.710     1.742   2.227e-02   200.635    1.4892   1.397e+27  1.047e+27  4.188e+26  1.480e+22  2.944e-06  0.000e+00
   28.710    29.900     1.772   1.820e-02   198.388    1.4888   1.174e+27  8.800e+26  3.520e+26  1.251e+22  7.121e-06  0.000e+00
   29.900    31.100     1.786   1.480e-02   196.089    1.4884   9.738e+26  7.298e+26  2.920e+26  1.020e+22  9.483e-06  0.000e+00
   31.100    32.310     1.801   1.198e-02   193.934    1.4881   8.034e+26  6.021e+26  2.409e+26  8.147e+21  9.861e-06  0.000e+00
   32.310    33.550     1.845   9.655e-03   192.273    1.4877   6.687e+26  5.011e+26  2.005e+26  6.545e+21  8.260e-06  0.000e+00
   33.550    34.800     1.859   7.736e-03   191.215    1.4873   5.429e+26  4.068e+26  1.628e+26  5.146e+21  4.983e-06  0.000e+00
   34.800    36.080     1.903   6.169e-03   190.415    1.4869   4.449e+26  3.334e+26  1.334e+26  4.074e+21  2.777e-06  0.000e+00
   36.080    37.380     1.932   4.895e-03   189.471    1.4865   3.602e+26  2.699e+26  1.080e+26  3.169e+21  1.859e-06  0.000e+00
   37.380    38.690     1.947   3.865e-03   188.131    1.4861   2.885e+26  2.162e+26  8.649e+25  2.426e+21  1.530e-06  0.000e+00
   38.690    40.020     1.976   3.036e-03   186.339    1.4857   2.322e+26  1.740e+26  6.960e+25  1.855e+21  1.435e-06  0.000e+00
   40.020    41.360     1.990   2.373e-03   184.196    1.4853   1.849e+26  1.385e+26  5.543e+25  1.417e+21  1.389e-06  0.000e+00
   41.360    42.720     2.019   1.846e-03   182.137    1.4849   1.475e+26  1.106e+26  4.423e+25  1.111e+21  1.257e-06  0.000e+00
   42.720    44.090     2.034   1.429e-03   180.817    1.4845   1.158e+26  8.681e+25  3.473e+25  8.771e+20  8.762e-07  0.000e+00
   44.090    45.480     2.063   1.101e-03   180.400    1.4841   9.067e+25  6.795e+25  2.718e+25  7.009e+20  5.143e-07  0.000e+00
   45.480    60.340    22.017   6.673e-04   180.400    1.4816   5.506e+26  4.126e+26  1.651e+26  4.309e+21  2.732e-06  0.000e+00
   60.340    66.220     8.694   3.196e-04   180.400    1.4785   1.103e+26  8.267e+25  3.307e+25  8.635e+20  5.474e-07  0.000e+00
   66.220    74.420    12.107   2.091e-04   180.400    1.4765   9.946e+25  7.454e+25  2.982e+25  7.785e+20  4.935e-07  0.000e+00
   74.420    85.870    16.873   1.166e-04   180.400    1.4736   7.578e+25  5.679e+25  2.272e+25  5.932e+20  3.760e-07  0.000e+00
   85.870   101.900    23.558   5.244e-05   180.400    1.4696   4.581e+25  3.433e+25  1.374e+25  3.586e+20  2.273e-07  0.000e+00
  101.900   124.200    32.651   1.767e-05   180.400    1.4642   1.995e+25  1.495e+25  5.983e+24  1.562e+20  9.902e-08  0.000e+00
  124.200   155.300    45.306   4.052e-06   180.400    1.4568   5.616e+24  4.209e+24  1.684e+24  4.396e+19  2.787e-08  0.000e+00
# ----------------------------------------------------------------------------------------------
# Integrated atmospheric columns                       1.4955   4.449e+29  3.322e+29  1.329e+29  2.144e+27  6.625e-02  7.864e-01
# ----------------------------------------------------------------------------------------------
