# ------------------------------------------------------------------------
# Radiance spectrum
# NASA-GSFC Planetary Spectrum Generator (PSG) (Villanueva et al. 2015)
# Synthesized on Tue Nov 21 15:11:15 2017
# ------------------------------------------------------------------------
# Atmospheric radiances synthesized with PUMAS (Villanueva et al. 2016, Smith et al. 2009, Edwards 1992)
# Molecular abundance profile: 
# Molecules considered: N2,CO2,H2O
# Molecular sources: HIT[22],HIT[2],HIT[1]
# Molecular abundances: 1,1,1
# Molecular abundance units: scl,scl,scl
# Collission-Induced-Absorption:  N2-N2(3.71-5.00um)
# Rayleigh scattering included
# ------------------------------------------------------------------------
# Spectral unit: Wavelength [um]
# Radiance unit: Spectral radiance [W/sr/m2/um]
# Wave/freq Total Stellar TRAPPIST-1-e
1.000000000e+00  3.68049e-03  3.68049e-03  6.89409e-11
1.010000000e+00  3.70309e-03  3.70309e-03  6.94029e-11
1.020000000e+00  3.72363e-03  3.72363e-03  6.98303e-11
1.030000000e+00  3.74214e-03  3.74214e-03  7.02220e-11
1.040000000e+00  3.75867e-03  3.75867e-03  6.87338e-11
1.050000000e+00  3.77327e-03  3.77327e-03  7.08768e-11
1.060000000e+00  3.78601e-03  3.78601e-03  7.10290e-11
1.070000000e+00  3.79691e-03  3.79691e-03  7.08664e-11
1.080000000e+00  3.80605e-03  3.80605e-03  7.15909e-11
1.090000000e+00  3.81347e-03  3.81347e-03  7.18495e-11
1.100000000e+00  3.81922e-03  3.81922e-03  7.19809e-11
1.110000000e+00  3.82337e-03  3.82337e-03  7.21114e-11
1.120000000e+00  3.82595e-03  3.82595e-03  7.16958e-11
1.130000000e+00  3.82703e-03  3.82703e-03  7.16697e-11
1.140000000e+00  3.82666e-03  3.82666e-03  7.20908e-11
1.150000000e+00  3.82489e-03  3.82489e-03  7.19812e-11
1.160000000e+00  3.82177e-03  3.82177e-03  7.22953e-11
1.170000000e+00  3.81735e-03  3.81734e-03  7.23400e-11
1.180000000e+00  3.81168e-03  3.81168e-03  7.22646e-11
1.190000000e+00  3.80481e-03  3.80481e-03  7.21773e-11
1.200000000e+00  3.79679e-03  3.79679e-03  7.20895e-11
1.210000000e+00  3.78768e-03  3.78768e-03  6.51521e-11
1.220000000e+00  3.77751e-03  3.77751e-03  6.80050e-11
1.230000000e+00  3.76632e-03  3.76632e-03  6.87773e-11
1.240000000e+00  3.75418e-03  3.75418e-03  7.04000e-11
1.250000000e+00  3.74111e-03  3.74111e-03  7.12362e-11
1.260000000e+00  3.72717e-03  3.72717e-03  7.07130e-11
1.270000000e+00  3.71239e-03  3.71239e-03  7.04109e-11
1.280000000e+00  3.69682e-03  3.69682e-03  7.06013e-11
1.290000000e+00  3.68049e-03  3.68049e-03  6.97132e-11
1.300000000e+00  3.66345e-03  3.66345e-03  6.91280e-11
1.310000000e+00  3.64573e-03  3.64573e-03  6.96867e-11
1.320000000e+00  3.62736e-03  3.62736e-03  6.59788e-11
1.330000000e+00  3.60839e-03  3.60839e-03  6.89736e-11
1.340000000e+00  3.58885e-03  3.58885e-03  6.64011e-11
1.350000000e+00  3.56877e-03  3.56877e-03  6.75894e-11
1.360000000e+00  3.54817e-03  3.54817e-03  6.66452e-11
1.370000000e+00  3.52711e-03  3.52711e-03  6.60406e-11
1.380000000e+00  3.50559e-03  3.50559e-03  6.56696e-11
1.390000000e+00  3.48366e-03  3.48366e-03  6.57133e-11
1.400000000e+00  3.46134e-03  3.46134e-03  6.53803e-11
1.410000000e+00  3.43866e-03  3.43866e-03  6.47211e-11
1.420000000e+00  3.41564e-03  3.41564e-03  6.54233e-11
1.430000000e+00  3.39231e-03  3.39231e-03  6.46653e-11
1.440000000e+00  3.36870e-03  3.36870e-03  4.88316e-11
1.450000000e+00  3.34482e-03  3.34482e-03  5.74933e-11
1.460000000e+00  3.32070e-03  3.32070e-03  6.32337e-11
1.470000000e+00  3.29636e-03  3.29636e-03  6.29189e-11
1.480000000e+00  3.27183e-03  3.27183e-03  6.02245e-11
1.490000000e+00  3.24711e-03  3.24711e-03  6.13620e-11
1.500000000e+00  3.22224e-03  3.22224e-03  5.91884e-11
1.510000000e+00  3.19723e-03  3.19723e-03  6.12712e-11
1.520000000e+00  3.17209e-03  3.17209e-03  6.09085e-11
1.530000000e+00  3.14685e-03  3.14685e-03  5.73185e-11
1.540000000e+00  3.12152e-03  3.12152e-03  5.53152e-11
1.550000000e+00  3.09611e-03  3.09611e-03  5.85524e-11
1.560000000e+00  3.07064e-03  3.07064e-03  5.87163e-11
1.570000000e+00  3.04513e-03  3.04513e-03  5.49151e-11
1.580000000e+00  3.01959e-03  3.01959e-03  4.74047e-11
1.590000000e+00  2.99402e-03  2.99402e-03  5.57106e-11
1.600000000e+00  2.96846e-03  2.96846e-03  5.28564e-11
1.610000000e+00  2.94289e-03  2.94289e-03  4.63362e-11
1.620000000e+00  2.91734e-03  2.91734e-03  5.16316e-11
1.630000000e+00  2.89182e-03  2.89182e-03  5.34840e-11
1.640000000e+00  2.86634e-03  2.86634e-03  5.20495e-11
1.650000000e+00  2.84091e-03  2.84091e-03  5.17707e-11
1.660000000e+00  2.81553e-03  2.81553e-03  5.25695e-11
1.670000000e+00  2.79021e-03  2.79021e-03  5.22640e-11
1.680000000e+00  2.76497e-03  2.76497e-03  5.21097e-11
1.690000000e+00  2.73981e-03  2.73981e-03  5.26333e-11
1.700000000e+00  2.71474e-03  2.71474e-03  5.23853e-11
1.710000000e+00  2.68977e-03  2.68977e-03  5.14285e-11
1.720000000e+00  2.66490e-03  2.66490e-03  5.13510e-11
1.730000000e+00  2.64013e-03  2.64013e-03  5.10387e-11
1.740000000e+00  2.61549e-03  2.61549e-03  5.05880e-11
1.750000000e+00  2.59096e-03  2.59096e-03  5.00941e-11
1.760000000e+00  2.56656e-03  2.56656e-03  4.95553e-11
1.770000000e+00  2.54229e-03  2.54229e-03  4.91138e-11
1.780000000e+00  2.51815e-03  2.51815e-03  4.86668e-11
1.790000000e+00  2.49415e-03  2.49415e-03  4.81604e-11
1.800000000e+00  2.47030e-03  2.47030e-03  4.76952e-11
1.810000000e+00  2.44660e-03  2.44660e-03  4.71677e-11
1.820000000e+00  2.42304e-03  2.42304e-03  4.64277e-11
1.830000000e+00  2.39964e-03  2.39964e-03  4.57226e-11
1.840000000e+00  2.37640e-03  2.37640e-03  4.48858e-11
1.850000000e+00  2.35332e-03  2.35332e-03  4.45282e-11
1.860000000e+00  2.33041e-03  2.33041e-03  4.39299e-11
1.870000000e+00  2.30765e-03  2.30765e-03  4.36322e-11
1.880000000e+00  2.28507e-03  2.28507e-03  4.09554e-11
1.890000000e+00  2.26266e-03  2.26266e-03  4.03327e-11
1.900000000e+00  2.24041e-03  2.24041e-03  4.15582e-11
1.910000000e+00  2.21834e-03  2.21834e-03  4.15233e-11
1.920000000e+00  2.19645e-03  2.19645e-03  4.15297e-11
1.930000000e+00  2.17473e-03  2.17473e-03  4.11282e-11
1.940000000e+00  2.15319e-03  2.15319e-03  3.96833e-11
1.950000000e+00  2.13183e-03  2.13183e-03  3.22464e-11
1.960000000e+00  2.11065e-03  2.11065e-03  1.90206e-11
1.970000000e+00  2.08964e-03  2.08964e-03  2.03338e-11
1.980000000e+00  2.06882e-03  2.06882e-03  3.10566e-11
1.990000000e+00  2.04818e-03  2.04818e-03  3.37691e-11
2.000000000e+00  2.02772e-03  2.02772e-03  2.78447e-11
2.010000000e+00  2.00745e-03  2.00745e-03  1.21488e-11
2.020000000e+00  1.98735e-03  1.98735e-03  1.46454e-11
2.030000000e+00  1.96744e-03  1.96744e-03  2.57906e-11
2.040000000e+00  1.94771e-03  1.94771e-03  2.60456e-11
2.050000000e+00  1.92816e-03  1.92816e-03  2.58060e-11
2.060000000e+00  1.90880e-03  1.90880e-03  1.82963e-11
2.070000000e+00  1.88961e-03  1.88961e-03  2.00176e-11
2.080000000e+00  1.87061e-03  1.87061e-03  2.51390e-11
2.090000000e+00  1.85179e-03  1.85179e-03  2.67256e-11
2.100000000e+00  1.83315e-03  1.83315e-03  2.87912e-11
2.110000000e+00  1.81469e-03  1.81469e-03  3.06434e-11
2.120000000e+00  1.79641e-03  1.79641e-03  3.13318e-11
2.130000000e+00  1.77831e-03  1.77831e-03  3.25846e-11
2.140000000e+00  1.76039e-03  1.76039e-03  3.27901e-11
2.150000000e+00  1.74264e-03  1.74264e-03  3.08822e-11
2.160000000e+00  1.72507e-03  1.72507e-03  3.06877e-11
2.170000000e+00  1.70768e-03  1.70768e-03  3.03701e-11
2.180000000e+00  1.69046e-03  1.69046e-03  3.08531e-11
2.190000000e+00  1.67341e-03  1.67341e-03  3.14708e-11
2.200000000e+00  1.65654e-03  1.65654e-03  3.13228e-11
2.210000000e+00  1.63984e-03  1.63984e-03  3.10331e-11
2.220000000e+00  1.62331e-03  1.62331e-03  3.05330e-11
2.230000000e+00  1.60695e-03  1.60695e-03  3.02671e-11
2.240000000e+00  1.59076e-03  1.59076e-03  3.01121e-11
2.250000000e+00  1.57474e-03  1.57474e-03  2.97703e-11
2.260000000e+00  1.55889e-03  1.55889e-03  2.92925e-11
2.270000000e+00  1.54319e-03  1.54319e-03  2.90719e-11
2.280000000e+00  1.52767e-03  1.52767e-03  2.87218e-11
2.290000000e+00  1.51230e-03  1.51230e-03  2.84727e-11
2.300000000e+00  1.49710e-03  1.49710e-03  2.81411e-11
2.310000000e+00  1.48206e-03  1.48206e-03  2.78187e-11
2.320000000e+00  1.46718e-03  1.46718e-03  2.75018e-11
2.330000000e+00  1.45245e-03  1.45245e-03  2.71775e-11
2.340000000e+00  1.43788e-03  1.43788e-03  2.68547e-11
2.350000000e+00  1.42347e-03  1.42347e-03  2.65345e-11
2.360000000e+00  1.40921e-03  1.40921e-03  2.62133e-11
2.370000000e+00  1.39510e-03  1.39510e-03  2.58944e-11
2.380000000e+00  1.38115e-03  1.38115e-03  2.55632e-11
2.390000000e+00  1.36734e-03  1.36734e-03  2.52188e-11
2.400000000e+00  1.35368e-03  1.35368e-03  2.48783e-11
2.410000000e+00  1.34017e-03  1.34017e-03  2.45569e-11
2.420000000e+00  1.32681e-03  1.32681e-03  2.43001e-11
2.430000000e+00  1.31359e-03  1.31359e-03  2.40212e-11
2.440000000e+00  1.30051e-03  1.30051e-03  2.36163e-11
2.450000000e+00  1.28757e-03  1.28757e-03  2.33607e-11
2.460000000e+00  1.27478e-03  1.27478e-03  2.30849e-11
2.470000000e+00  1.26212e-03  1.26212e-03  2.27506e-11
2.480000000e+00  1.24960e-03  1.24960e-03  2.23208e-11
2.490000000e+00  1.23722e-03  1.23722e-03  2.15442e-11
2.500000000e+00  1.22498e-03  1.22498e-03  2.12442e-11
2.510000000e+00  1.21286e-03  1.21286e-03  2.09495e-11
2.520000000e+00  1.20088e-03  1.20088e-03  2.06132e-11
2.530000000e+00  1.18903e-03  1.18903e-03  2.06394e-11
2.540000000e+00  1.17731e-03  1.17731e-03  2.02872e-11
2.550000000e+00  1.16572e-03  1.16572e-03  1.97309e-11
2.560000000e+00  1.15425e-03  1.15425e-03  1.95341e-11
2.570000000e+00  1.14291e-03  1.14291e-03  1.84975e-11
2.580000000e+00  1.13170e-03  1.13170e-03  1.77407e-11
2.590000000e+00  1.12060e-03  1.12060e-03  1.70589e-11
2.600000000e+00  1.10963e-03  1.10963e-03  1.59845e-11
2.610000000e+00  1.09878e-03  1.09878e-03  1.60312e-11
2.620000000e+00  1.08805e-03  1.08805e-03  1.56037e-11
2.630000000e+00  1.07744e-03  1.07744e-03  1.57996e-11
2.640000000e+00  1.06694e-03  1.06694e-03  1.53514e-11
2.650000000e+00  1.05656e-03  1.05656e-03  1.56050e-11
2.660000000e+00  1.04629e-03  1.04629e-03  1.32936e-11
2.670000000e+00  1.03614e-03  1.03614e-03  6.57059e-12
2.680000000e+00  1.02610e-03  1.02610e-03  1.11021e-12
2.690000000e+00  1.01616e-03  1.01616e-03  3.64574e-13
2.700000000e+00  1.00634e-03  1.00634e-03  4.56628e-13
2.710000000e+00  9.96623e-04  9.96623e-04  4.60118e-13
2.720000000e+00  9.87014e-04  9.87014e-04  1.10798e-12
2.730000000e+00  9.77511e-04  9.77511e-04  2.09493e-12
2.740000000e+00  9.68112e-04  9.68112e-04  2.07287e-12
2.750000000e+00  9.58816e-04  9.58816e-04  1.07519e-12
2.760000000e+00  9.49622e-04  9.49622e-04  3.07802e-13
2.770000000e+00  9.40529e-04  9.40529e-04  2.38710e-13
2.780000000e+00  9.31536e-04  9.31536e-04  1.71530e-13
2.790000000e+00  9.22641e-04  9.22641e-04  2.14330e-13
2.800000000e+00  9.13844e-04  9.13844e-04  3.55198e-13
2.810000000e+00  9.05143e-04  9.05143e-04  5.00853e-13
2.820000000e+00  8.96538e-04  8.96538e-04  5.64918e-13
2.830000000e+00  8.88027e-04  8.88027e-04  5.82959e-13
2.840000000e+00  8.79608e-04  8.79608e-04  6.97190e-13
2.850000000e+00  8.71282e-04  8.71282e-04  5.02266e-13
2.860000000e+00  8.63047e-04  8.63047e-04  7.66478e-13
2.870000000e+00  8.54902e-04  8.54902e-04  1.29860e-12
2.880000000e+00  8.46846e-04  8.46846e-04  1.69218e-12
2.890000000e+00  8.38878e-04  8.38878e-04  2.32207e-12
2.900000000e+00  8.30996e-04  8.30996e-04  3.13946e-12
2.910000000e+00  8.23201e-04  8.23201e-04  3.72887e-12
2.920000000e+00  8.15490e-04  8.15490e-04  4.10788e-12
2.930000000e+00  8.07863e-04  8.07863e-04  4.34179e-12
2.940000000e+00  8.00320e-04  8.00320e-04  4.53904e-12
2.950000000e+00  7.92858e-04  7.92858e-04  4.77378e-12
2.960000000e+00  7.85477e-04  7.85477e-04  4.84696e-12
2.970000000e+00  7.78176e-04  7.78176e-04  4.66481e-12
2.980000000e+00  7.70954e-04  7.70954e-04  4.39938e-12
2.990000000e+00  7.63811e-04  7.63811e-04  4.38506e-12
3.000000000e+00  7.56745e-04  7.56745e-04  4.69699e-12
3.010000000e+00  7.49755e-04  7.49755e-04  5.06827e-12
3.020000000e+00  7.42841e-04  7.42841e-04  4.91069e-12
3.030000000e+00  7.36001e-04  7.36001e-04  5.11869e-12
3.040000000e+00  7.29236e-04  7.29236e-04  5.34430e-12
3.050000000e+00  7.22543e-04  7.22543e-04  5.47244e-12
3.060000000e+00  7.15922e-04  7.15922e-04  5.55956e-12
3.070000000e+00  7.09372e-04  7.09372e-04  5.68286e-12
3.080000000e+00  7.02893e-04  7.02893e-04  5.75413e-12
3.090000000e+00  6.96483e-04  6.96483e-04  5.75405e-12
3.100000000e+00  6.90142e-04  6.90142e-04  5.75644e-12
3.110000000e+00  6.83869e-04  6.83869e-04  5.73155e-12
3.120000000e+00  6.77663e-04  6.77663e-04  5.63776e-12
3.130000000e+00  6.71523e-04  6.71523e-04  5.56009e-12
3.140000000e+00  6.65449e-04  6.65449e-04  5.60635e-12
3.150000000e+00  6.59440e-04  6.59440e-04  5.67608e-12
3.160000000e+00  6.53495e-04  6.53494e-04  5.69979e-12
3.170000000e+00  6.47612e-04  6.47612e-04  5.69762e-12
3.180000000e+00  6.41793e-04  6.41793e-04  5.76789e-12
3.190000000e+00  6.36035e-04  6.36035e-04  5.83723e-12
3.200000000e+00  6.30339e-04  6.30339e-04  5.95202e-12
3.210000000e+00  6.24702e-04  6.24702e-04  6.06363e-12
3.220000000e+00  6.19126e-04  6.19126e-04  6.18225e-12
3.230000000e+00  6.13608e-04  6.13608e-04  6.29888e-12
3.240000000e+00  6.08149e-04  6.08149e-04  6.46314e-12
3.250000000e+00  6.02747e-04  6.02747e-04  6.56693e-12
3.260000000e+00  5.97402e-04  5.97402e-04  6.72168e-12
3.270000000e+00  5.92114e-04  5.92114e-04  6.83873e-12
3.280000000e+00  5.86881e-04  5.86881e-04  7.00184e-12
3.290000000e+00  5.81702e-04  5.81702e-04  7.16801e-12
3.300000000e+00  5.76579e-04  5.76579e-04  7.29435e-12
3.310000000e+00  5.71508e-04  5.71508e-04  7.43384e-12
3.320000000e+00  5.66491e-04  5.66491e-04  7.60961e-12
3.330000000e+00  5.61527e-04  5.61527e-04  7.70449e-12
3.340000000e+00  5.56614e-04  5.56614e-04  7.83514e-12
3.350000000e+00  5.51752e-04  5.51752e-04  7.92621e-12
3.360000000e+00  5.46941e-04  5.46941e-04  7.89613e-12
3.370000000e+00  5.42180e-04  5.42180e-04  8.16274e-12
3.380000000e+00  5.37468e-04  5.37468e-04  8.29181e-12
3.390000000e+00  5.32805e-04  5.32805e-04  8.39374e-12
3.400000000e+00  5.28190e-04  5.28190e-04  8.45137e-12
3.410000000e+00  5.23623e-04  5.23623e-04  8.49404e-12
3.420000000e+00  5.19104e-04  5.19104e-04  8.53983e-12
3.430000000e+00  5.14631e-04  5.14631e-04  8.58090e-12
3.440000000e+00  5.10203e-04  5.10203e-04  8.62011e-12
3.450000000e+00  5.05822e-04  5.05822e-04  8.64967e-12
3.460000000e+00  5.01485e-04  5.01485e-04  8.64313e-12
3.470000000e+00  4.97193e-04  4.97193e-04  8.62756e-12
3.480000000e+00  4.92945e-04  4.92945e-04  8.60836e-12
3.490000000e+00  4.88741e-04  4.88741e-04  8.58935e-12
3.500000000e+00  4.84579e-04  4.84579e-04  8.56953e-12
3.510000000e+00  4.80460e-04  4.80460e-04  8.54899e-12
3.520000000e+00  4.76383e-04  4.76383e-04  8.52088e-12
3.530000000e+00  4.72347e-04  4.72347e-04  8.47143e-12
3.540000000e+00  4.68352e-04  4.68352e-04  8.42010e-12
3.550000000e+00  4.64398e-04  4.64398e-04  8.36597e-12
3.560000000e+00  4.60484e-04  4.60484e-04  8.30376e-12
3.570000000e+00  4.56609e-04  4.56609e-04  8.22652e-12
3.580000000e+00  4.52774e-04  4.52774e-04  8.13878e-12
3.590000000e+00  4.48977e-04  4.48977e-04  8.03463e-12
3.600000000e+00  4.45219e-04  4.45219e-04  7.86699e-12
3.610000000e+00  4.41498e-04  4.41498e-04  7.74237e-12
3.620000000e+00  4.37815e-04  4.37815e-04  7.61490e-12
3.630000000e+00  4.34169e-04  4.34169e-04  7.63975e-12
3.640000000e+00  4.30559e-04  4.30559e-04  7.57871e-12
3.650000000e+00  4.26986e-04  4.26986e-04  7.47744e-12
3.660000000e+00  4.23448e-04  4.23448e-04  7.50169e-12
3.670000000e+00  4.19945e-04  4.19945e-04  7.53946e-12
3.680000000e+00  4.16478e-04  4.16478e-04  7.52329e-12
3.690000000e+00  4.13044e-04  4.13044e-04  7.46269e-12
3.700000000e+00  4.09645e-04  4.09645e-04  7.40350e-12
3.710000000e+00  4.06280e-04  4.06280e-04  7.34840e-12
3.720000000e+00  4.02948e-04  4.02948e-04  7.26591e-12
3.730000000e+00  3.99649e-04  3.99649e-04  7.20525e-12
3.740000000e+00  3.96383e-04  3.96383e-04  7.14966e-12
3.750000000e+00  3.93148e-04  3.93148e-04  7.06523e-12
3.760000000e+00  3.89946e-04  3.89946e-04  6.93836e-12
3.770000000e+00  3.86775e-04  3.86775e-04  6.80179e-12
3.780000000e+00  3.83635e-04  3.83635e-04  6.65550e-12
3.790000000e+00  3.80526e-04  3.80526e-04  6.49737e-12
3.800000000e+00  3.77448e-04  3.77448e-04  6.20936e-12
3.810000000e+00  3.74400e-04  3.74400e-04  5.85979e-12
3.820000000e+00  3.71381e-04  3.71381e-04  5.86063e-12
3.830000000e+00  3.68392e-04  3.68392e-04  6.03926e-12
3.840000000e+00  3.65432e-04  3.65432e-04  5.84538e-12
3.850000000e+00  3.62500e-04  3.62500e-04  5.71635e-12
3.860000000e+00  3.59597e-04  3.59597e-04  5.81543e-12
3.870000000e+00  3.56723e-04  3.56723e-04  5.98729e-12
3.880000000e+00  3.53876e-04  3.53876e-04  6.04906e-12
3.890000000e+00  3.51056e-04  3.51056e-04  6.05831e-12
3.900000000e+00  3.48264e-04  3.48264e-04  6.05498e-12
3.910000000e+00  3.45499e-04  3.45499e-04  6.02182e-12
3.920000000e+00  3.42760e-04  3.42760e-04  5.96145e-12
3.930000000e+00  3.40048e-04  3.40048e-04  5.87364e-12
3.940000000e+00  3.37361e-04  3.37361e-04  5.76551e-12
3.950000000e+00  3.34701e-04  3.34701e-04  5.64796e-12
3.960000000e+00  3.32066e-04  3.32066e-04  5.48963e-12
3.970000000e+00  3.29456e-04  3.29456e-04  5.35794e-12
3.980000000e+00  3.26870e-04  3.26870e-04  5.13186e-12
3.990000000e+00  3.24310e-04  3.24310e-04  4.98750e-12
4.000000000e+00  3.21774e-04  3.21774e-04  5.06298e-12
4.010000000e+00  3.19262e-04  3.19262e-04  5.08071e-12
4.020000000e+00  3.16773e-04  3.16773e-04  4.89524e-12
4.030000000e+00  3.14309e-04  3.14309e-04  4.85404e-12
4.040000000e+00  3.11867e-04  3.11867e-04  4.88436e-12
4.050000000e+00  3.09449e-04  3.09449e-04  4.94682e-12
4.060000000e+00  3.07053e-04  3.07053e-04  5.01167e-12
4.070000000e+00  3.04680e-04  3.04680e-04  4.99555e-12
4.080000000e+00  3.02329e-04  3.02329e-04  4.88970e-12
4.090000000e+00  3.00000e-04  3.00000e-04  4.78718e-12
4.100000000e+00  2.97693e-04  2.97693e-04  4.71790e-12
4.110000000e+00  2.95408e-04  2.95408e-04  4.69912e-12
4.120000000e+00  2.93144e-04  2.93144e-04  4.68977e-12
4.130000000e+00  2.90901e-04  2.90901e-04  4.64527e-12
4.140000000e+00  2.88679e-04  2.88679e-04  4.56198e-12
4.150000000e+00  2.86478e-04  2.86478e-04  4.54191e-12
4.160000000e+00  2.84297e-04  2.84297e-04  4.26048e-12
4.170000000e+00  2.82136e-04  2.82136e-04  3.44855e-12
4.180000000e+00  2.79995e-04  2.79995e-04  2.24129e-12
4.190000000e+00  2.77874e-04  2.77874e-04  1.31021e-12
4.200000000e+00  2.75773e-04  2.75773e-04  6.47341e-13
4.210000000e+00  2.73691e-04  2.73691e-04  2.36817e-13
4.220000000e+00  2.71628e-04  2.71628e-04  9.68790e-14
4.230000000e+00  2.69584e-04  2.69584e-04  4.88368e-14
4.240000000e+00  2.67559e-04  2.67559e-04  3.71268e-14
4.250000000e+00  2.65552e-04  2.65552e-04  3.52965e-14
4.260000000e+00  2.63564e-04  2.63564e-04  4.27812e-14
4.270000000e+00  2.61594e-04  2.61594e-04  4.66149e-14
4.280000000e+00  2.59642e-04  2.59642e-04  3.82230e-14
4.290000000e+00  2.57707e-04  2.57707e-04  3.93925e-14
4.300000000e+00  2.55790e-04  2.55790e-04  4.51973e-14
4.310000000e+00  2.53891e-04  2.53891e-04  5.42460e-14
4.320000000e+00  2.52009e-04  2.52009e-04  6.94791e-14
4.330000000e+00  2.50144e-04  2.50144e-04  1.01180e-13
4.340000000e+00  2.48295e-04  2.48295e-04  1.31635e-13
4.350000000e+00  2.46463e-04  2.46463e-04  1.54350e-13
4.360000000e+00  2.44648e-04  2.44648e-04  1.54698e-13
4.370000000e+00  2.42849e-04  2.42849e-04  1.63710e-13
4.380000000e+00  2.41067e-04  2.41067e-04  2.04232e-13
4.390000000e+00  2.39300e-04  2.39300e-04  2.75289e-13
4.400000000e+00  2.37549e-04  2.37549e-04  2.07310e-13
4.410000000e+00  2.35814e-04  2.35814e-04  2.10771e-13
4.420000000e+00  2.34094e-04  2.34094e-04  2.47467e-13
4.430000000e+00  2.32390e-04  2.32390e-04  3.16973e-13
4.440000000e+00  2.30700e-04  2.30700e-04  4.22330e-13
4.450000000e+00  2.29026e-04  2.29026e-04  5.99824e-13
4.460000000e+00  2.27367e-04  2.27367e-04  8.51113e-13
4.470000000e+00  2.25722e-04  2.25722e-04  1.05500e-12
4.480000000e+00  2.24092e-04  2.24092e-04  1.48063e-12
4.490000000e+00  2.22476e-04  2.22476e-04  1.83522e-12
4.500000000e+00  2.20874e-04  2.20874e-04  2.12639e-12
4.510000000e+00  2.19287e-04  2.19287e-04  2.40849e-12
4.520000000e+00  2.17714e-04  2.17714e-04  2.58071e-12
4.530000000e+00  2.16154e-04  2.16154e-04  2.77534e-12
4.540000000e+00  2.14608e-04  2.14608e-04  2.91162e-12
4.550000000e+00  2.13075e-04  2.13075e-04  3.00752e-12
4.560000000e+00  2.11556e-04  2.11556e-04  3.04399e-12
4.570000000e+00  2.10051e-04  2.10051e-04  3.06580e-12
4.580000000e+00  2.08558e-04  2.08558e-04  3.07188e-12
4.590000000e+00  2.07078e-04  2.07078e-04  3.06916e-12
4.600000000e+00  2.05611e-04  2.05611e-04  3.06272e-12
4.610000000e+00  2.04157e-04  2.04157e-04  3.04658e-12
4.620000000e+00  2.02716e-04  2.02716e-04  2.97554e-12
4.630000000e+00  2.01287e-04  2.01287e-04  2.93569e-12
4.640000000e+00  1.99870e-04  1.99870e-04  2.94225e-12
4.650000000e+00  1.98466e-04  1.98466e-04  2.93357e-12
4.660000000e+00  1.97073e-04  1.97073e-04  2.93325e-12
4.670000000e+00  1.95693e-04  1.95693e-04  2.92128e-12
4.680000000e+00  1.94324e-04  1.94324e-04  2.84743e-12
4.690000000e+00  1.92967e-04  1.92967e-04  2.79812e-12
4.700000000e+00  1.91622e-04  1.91622e-04  2.73052e-12
4.710000000e+00  1.90288e-04  1.90288e-04  2.39480e-12
4.720000000e+00  1.88966e-04  1.88966e-04  2.60840e-12
4.730000000e+00  1.87655e-04  1.87655e-04  2.51551e-12
4.740000000e+00  1.86355e-04  1.86355e-04  2.46611e-12
4.750000000e+00  1.85066e-04  1.85066e-04  2.41794e-12
4.760000000e+00  1.83788e-04  1.83788e-04  2.37784e-12
4.770000000e+00  1.82521e-04  1.82521e-04  2.39212e-12
4.780000000e+00  1.81265e-04  1.81265e-04  2.24578e-12
4.790000000e+00  1.80019e-04  1.80019e-04  2.19256e-12
4.800000000e+00  1.78783e-04  1.78783e-04  2.18360e-12
4.810000000e+00  1.77559e-04  1.77559e-04  2.08560e-12
4.820000000e+00  1.76344e-04  1.76344e-04  1.42462e-12
4.830000000e+00  1.75140e-04  1.75140e-04  1.76423e-12
4.840000000e+00  1.73945e-04  1.73945e-04  1.86053e-12
4.850000000e+00  1.72761e-04  1.72761e-04  1.85061e-12
4.860000000e+00  1.71587e-04  1.71587e-04  1.74839e-12
4.870000000e+00  1.70422e-04  1.70422e-04  1.87058e-12
4.880000000e+00  1.69267e-04  1.69267e-04  2.00307e-12
4.890000000e+00  1.68122e-04  1.68122e-04  1.92600e-12
4.900000000e+00  1.66986e-04  1.66986e-04  2.19063e-12
4.910000000e+00  1.65860e-04  1.65860e-04  2.24582e-12
4.920000000e+00  1.64743e-04  1.64743e-04  2.03475e-12
4.930000000e+00  1.63635e-04  1.63635e-04  2.26522e-12
4.940000000e+00  1.62536e-04  1.62536e-04  2.28850e-12
4.950000000e+00  1.61447e-04  1.61447e-04  2.26909e-12
4.960000000e+00  1.60366e-04  1.60366e-04  2.26754e-12
4.970000000e+00  1.59294e-04  1.59294e-04  2.33562e-12
4.980000000e+00  1.58232e-04  1.58232e-04  2.34334e-12
4.990000000e+00  1.57177e-04  1.57177e-04  2.34939e-12
5.000000000e+00  1.56132e-04  1.56132e-04  2.25130e-12
