# ----------------------------------------------------------------------------------------------
# NASA-GSFC Planetary Spectrum Generator (PSG, Villanueva et al. 2015)
# Atmospheric layering information considered by PUMAS
# Synthesized on Tue Nov 21 15:09:50 2017
# Radiative transfer method: correlated-k
# Synthesis spectral resolution [cm-1] and resolving power: 8.913678 5.010e+02
# Scattering parameters (nmax, lmax): 0 0
# ----------------------------------------------------------------------------------------------
# Molecular abundance profile: 
# Molecules considered: N2,CO2,H2O
# Molecular sources: HIT[22],HIT[2],HIT[1]
# Molecular abundances: 1,1,1
# Molecular abundance units: scl,scl,scl
# Collission-Induced-Absorption:  N2-N2(3.71-5.00um)
# Rayleigh scattering included
# ----------------------------------------------------------------------------------------------
# Aerosols considered: WaterIce,Cloud
# Aerosols sources: CRISM_Wolff[reff=2.0um 0.31-99.57um],White_GSFC[reff=1.0um 0.10-1000000.00um]
# Aerosols abundances: 1,1
# Aerosols abundance units: scl,scl
# Aerosols sizes [um]: 154.803037214,14.0
# ----------------------------------------------------------------------------------------------
# Input layer-by-layer atmospheric profile
# Molecular abundances in molec/molec and aerosols in kg/kg
# ----------------------------------------------------------------------------------------------
# Alt[km] Pressure[bar] Temp[K]         N2        CO2        H2O   WaterIce      Cloud
# ----------------------------------------------------------------------------------------------
    0.000   1.407e+00   284.353   7.435e-01  2.974e-01  1.011e-02  3.328e-10  1.450e-04
    0.254   1.365e+00   287.400   7.436e-01  2.975e-01  9.972e-03  4.932e-15  5.503e-05
    0.627   1.306e+00   289.900   7.439e-01  2.976e-01  9.402e-03  2.477e-26  2.642e-05
    1.234   1.216e+00   290.200   7.442e-01  2.977e-01  8.945e-03  2.529e-12  2.048e-05
    2.071   1.101e+00   288.200   7.450e-01  2.980e-01  7.574e-03  1.207e-08  2.061e-05
    3.131   9.699e-01   283.700   7.460e-01  2.984e-01  5.797e-03  1.209e-07  2.412e-05
    4.398   8.311e-01   277.300   7.469e-01  2.988e-01  4.341e-03  6.207e-07  3.248e-05
    5.758   7.013e-01   269.700   7.476e-01  2.991e-01  3.034e-03  1.736e-06  3.846e-05
    7.091   5.909e-01   262.200   7.483e-01  2.993e-01  1.916e-03  4.922e-06  3.700e-05
    8.401   4.971e-01   255.400   7.488e-01  2.995e-01  1.066e-03  8.261e-06  2.182e-05
    9.692   4.173e-01   248.800   7.491e-01  2.996e-01  6.100e-04  7.616e-06  9.963e-06
   10.970   3.495e-01   242.400   7.492e-01  2.997e-01  3.471e-04  4.629e-06  2.842e-06
   12.230   2.919e-01   235.900   7.493e-01  2.997e-01  1.956e-04  2.768e-06  5.653e-07
   13.480   2.429e-01   229.200   7.493e-01  2.998e-01  1.093e-04  1.514e-06  2.471e-09
   14.720   2.013e-01   222.400   7.494e-01  2.998e-01  5.859e-05  1.528e-06  0.000e+00
   15.960   1.659e-01   215.800   7.494e-01  2.998e-01  3.015e-05  1.425e-06  0.000e+00
   17.210   1.358e-01   210.200   7.494e-01  2.998e-01  1.681e-05  1.163e-06  0.000e+00
   18.480   1.102e-01   206.700   7.494e-01  2.998e-01  1.198e-05  9.092e-07  0.000e+00
   19.790   8.872e-02   206.000   7.494e-01  2.998e-01  1.102e-05  2.100e-07  0.000e+00
   20.980   7.287e-02   206.400   7.494e-01  2.998e-01  1.084e-05  2.109e-08  0.000e+00
   22.000   6.152e-02   206.700   7.494e-01  2.998e-01  1.070e-05  1.566e-08  0.000e+00
   23.060   5.168e-02   206.400   7.494e-01  2.998e-01  1.056e-05  1.590e-08  0.000e+00
   24.140   4.319e-02   205.700   7.494e-01  2.998e-01  1.042e-05  1.903e-08  0.000e+00
   25.240   3.592e-02   204.400   7.494e-01  2.998e-01  1.032e-05  2.189e-08  0.000e+00
   26.370   2.973e-02   202.800   7.494e-01  2.998e-01  1.038e-05  2.849e-08  0.000e+00
   27.520   2.448e-02   200.800   7.494e-01  2.998e-01  1.064e-05  6.114e-08  0.000e+00
   28.680   2.006e-02   198.600   7.494e-01  2.998e-01  1.076e-05  1.235e-07  0.000e+00
   29.860   1.635e-02   196.400   7.494e-01  2.998e-01  1.056e-05  1.712e-07  0.000e+00
   31.060   1.326e-02   194.300   7.494e-01  2.998e-01  1.015e-05  1.999e-07  0.000e+00
   32.270   1.071e-02   192.500   7.494e-01  2.998e-01  9.765e-06  2.170e-07  0.000e+00
   33.500   8.600e-03   191.100   7.494e-01  2.998e-01  9.497e-06  2.258e-07  0.000e+00
   34.750   6.873e-03   189.900   7.494e-01  2.998e-01  9.271e-06  2.469e-07  0.000e+00
   36.020   5.465e-03   188.500   7.494e-01  2.998e-01  9.021e-06  3.061e-07  0.000e+00
   37.310   4.325e-03   186.700   7.494e-01  2.998e-01  8.696e-06  4.233e-07  0.000e+00
   38.610   3.405e-03   184.600   7.494e-01  2.998e-01  8.249e-06  6.099e-07  0.000e+00
   39.920   2.667e-03   182.300   7.494e-01  2.998e-01  7.764e-06  8.230e-07  0.000e+00
   41.240   2.079e-03   180.100   7.494e-01  2.998e-01  7.431e-06  9.321e-07  0.000e+00
   42.570   1.613e-03   178.400   7.494e-01  2.998e-01  7.336e-06  7.746e-07  0.000e+00
   43.920   1.245e-03   177.500   7.494e-01  2.998e-01  7.503e-06  4.743e-07  0.000e+00
   45.290   9.559e-04   177.300   7.494e-01  2.998e-01  7.749e-06  4.017e-07  0.000e+00
   59.780   3.776e-04   177.300   7.494e-01  2.998e-01  7.749e-06  4.017e-07  0.000e+00
   65.520   2.615e-04   177.300   7.494e-01  2.998e-01  7.749e-06  4.017e-07  0.000e+00
   73.520   1.566e-04   177.300   7.494e-01  2.998e-01  7.749e-06  4.017e-07  0.000e+00
   84.690   7.656e-05   177.300   7.494e-01  2.998e-01  7.749e-06  4.017e-07  0.000e+00
  100.300   2.820e-05   177.300   7.494e-01  2.998e-01  7.749e-06  4.017e-07  0.000e+00
  122.000   6.996e-06   177.300   7.494e-01  2.998e-01  7.749e-06  4.017e-07  0.000e+00
  152.400   1.000e-06   177.300   7.494e-01  2.998e-01  7.749e-06  4.017e-07  0.000e+00
#
# ----------------------------------------------------------------------------------------------
# Curtis-Godson integrated layer information used by the radiative transfer analysis
# Oblique molecular layer columns in molec/m2 and aerosols in kg/m2
# ----------------------------------------------------------------------------------------------
# Low[km]  High[km]  Path[km] Pressure[bar] Temp[K]   Airmass   dcol[m-2]         N2        CO2        H2O   WaterIce      Cloud
# ----------------------------------------------------------------------------------------------
    0.000     0.254     0.380   1.386e+00   285.862    1.4980   1.338e+28  9.947e+27  3.979e+27  1.343e+26  3.206e-08  7.080e-02
    0.254     0.627     0.560   1.336e+00   288.637    1.4979   1.878e+28  1.397e+28  5.589e+27  1.820e+26  6.092e-13  4.171e-02
    0.627     1.234     0.909   1.261e+00   290.048    1.4977   2.863e+28  2.130e+28  8.523e+27  2.627e+26  2.233e-10  3.794e-02
    1.234     2.071     1.253   1.158e+00   289.216    1.4975   3.636e+28  2.708e+28  1.083e+28  3.001e+26  2.907e-06  4.237e-02
    2.071     3.131     1.587   1.035e+00   285.993    1.4972   4.159e+28  3.100e+28  1.240e+28  2.771e+26  1.093e-04  5.257e-02
    3.131     4.398     1.896   9.003e-01   280.572    1.4968   4.403e+28  3.286e+28  1.315e+28  2.223e+26  7.497e-04  6.992e-02
    4.398     5.758     2.035   7.659e-01   273.592    1.4964   4.121e+28  3.079e+28  1.232e+28  1.510e+26  2.504e-03  8.253e-02
    5.758     7.091     1.994   6.459e-01   266.042    1.4960   3.501e+28  2.619e+28  1.048e+28  8.564e+25  5.996e-03  7.495e-02
    7.091     8.401     1.959   5.438e-01   258.885    1.4955   2.976e+28  2.228e+28  8.911e+27  4.346e+25  1.082e-02  4.885e-02
    8.401     9.692     1.930   4.571e-01   252.184    1.4951   2.530e+28  1.895e+28  7.578e+27  2.081e+25  1.140e-02  2.192e-02
    9.692    10.970     1.910   3.833e-01   245.683    1.4947   2.155e+28  1.614e+28  6.457e+27  1.012e+25  7.379e-03  7.050e-03
   10.970    12.230     1.883   3.206e-01   239.235    1.4943   1.824e+28  1.367e+28  5.468e+27  4.855e+24  3.770e-03  1.489e-03
   12.230    13.480     1.867   2.673e-01   232.639    1.4939   1.551e+28  1.162e+28  4.650e+27  2.318e+24  1.843e-03  1.004e-04
   13.480    14.720     1.852   2.220e-01   225.891    1.4935   1.316e+28  9.861e+27  3.945e+27  1.079e+24  1.135e-03  1.076e-09
   14.720    15.960     1.852   1.835e-01   219.192    1.4931   1.121e+28  8.397e+27  3.359e+27  4.841e+23  9.390e-04  0.000e+00
   15.960    17.210     1.866   1.508e-01   213.083    1.4928   9.542e+27  7.151e+27  2.861e+27  2.198e+23  7.001e-04  0.000e+00
   17.210    18.480     1.895   1.230e-01   208.507    1.4924   8.074e+27  6.050e+27  2.420e+27  1.158e+23  4.740e-04  0.000e+00
   18.480    19.790     1.954   9.946e-02   206.363    1.4920   6.800e+27  5.096e+27  2.039e+27  7.827e+22  1.889e-04  0.000e+00
   19.790    20.980     1.775   8.080e-02   206.193    1.4916   5.024e+27  3.765e+27  1.506e+27  5.493e+22  2.433e-05  0.000e+00
   20.980    22.000     1.521   6.720e-02   206.546    1.4912   3.578e+27  2.681e+27  1.073e+27  3.854e+22  3.718e-06  0.000e+00
   22.000    23.060     1.580   5.660e-02   206.554    1.4909   3.131e+27  2.346e+27  9.386e+26  3.329e+22  2.802e-06  0.000e+00
   23.060    24.140     1.610   4.744e-02   206.061    1.4906   2.679e+27  2.007e+27  8.031e+26  2.811e+22  2.639e-06  0.000e+00
   24.140    25.240     1.639   3.955e-02   205.070    1.4902   2.285e+27  1.713e+27  6.851e+26  2.370e+22  2.642e-06  0.000e+00
   25.240    26.370     1.684   3.282e-02   203.625    1.4899   1.961e+27  1.470e+27  5.880e+26  2.030e+22  2.775e-06  0.000e+00
   26.370    27.520     1.713   2.710e-02   201.831    1.4895   1.662e+27  1.246e+27  4.983e+26  1.746e+22  3.983e-06  0.000e+00
   27.520    28.680     1.727   2.227e-02   199.735    1.4892   1.391e+27  1.043e+27  4.171e+26  1.488e+22  6.922e-06  0.000e+00
   28.680    29.860     1.757   1.820e-02   197.536    1.4888   1.169e+27  8.763e+26  3.506e+26  1.247e+22  9.636e-06  0.000e+00
   29.860    31.060     1.786   1.480e-02   195.385    1.4885   9.773e+26  7.324e+26  2.930e+26  1.013e+22  1.024e-05  0.000e+00
   31.060    32.270     1.801   1.198e-02   193.431    1.4881   8.055e+26  6.036e+26  2.415e+26  8.025e+21  9.505e-06  0.000e+00
   32.270    33.500     1.830   9.654e-03   191.825    1.4877   6.648e+26  4.982e+26  1.993e+26  6.406e+21  8.342e-06  0.000e+00
   33.500    34.750     1.859   7.736e-03   190.522    1.4873   5.449e+26  4.083e+26  1.633e+26  5.115e+21  7.287e-06  0.000e+00
   34.750    36.020     1.888   6.169e-03   189.226    1.4869   4.442e+26  3.329e+26  1.332e+26  4.065e+21  6.912e-06  0.000e+00
   36.020    37.310     1.918   4.894e-03   187.634    1.4866   3.609e+26  2.705e+26  1.082e+26  3.199e+21  7.356e-06  0.000e+00
   37.310    38.610     1.932   3.864e-03   185.690    1.4862   2.901e+26  2.174e+26  8.696e+25  2.459e+21  8.347e-06  0.000e+00
   38.610    39.920     1.946   3.035e-03   183.495    1.4858   2.322e+26  1.740e+26  6.962e+25  1.861e+21  9.312e-06  0.000e+00
   39.920    41.240     1.961   2.373e-03   181.244    1.4854   1.851e+26  1.387e+26  5.549e+25  1.407e+21  9.178e-06  0.000e+00
   41.240    42.570     1.975   1.846e-03   179.285    1.4850   1.466e+26  1.099e+26  4.395e+25  1.083e+21  7.102e-06  0.000e+00
   42.570    43.920     2.004   1.429e-03   177.969    1.4845   1.160e+26  8.691e+25  3.477e+25  8.600e+20  4.070e-06  0.000e+00
   43.920    45.290     2.033   1.101e-03   177.404    1.4841   9.088e+25  6.810e+25  2.724e+25  6.925e+20  2.261e-06  0.000e+00
   45.290    59.780    21.471   6.673e-04   177.300    1.4817   5.463e+26  4.094e+26  1.638e+26  4.233e+21  1.245e-05  0.000e+00
   59.780    65.520     8.488   3.196e-04   177.300    1.4787   1.096e+26  8.213e+25  3.286e+25  8.492e+20  2.497e-06  0.000e+00
   65.520    73.520    11.814   2.091e-04   177.300    1.4767   9.875e+25  7.400e+25  2.961e+25  7.652e+20  2.250e-06  0.000e+00
   73.520    84.690    16.463   1.166e-04   177.300    1.4739   7.524e+25  5.638e+25  2.256e+25  5.830e+20  1.714e-06  0.000e+00
   84.690   100.300    22.947   5.244e-05   177.300    1.4700   4.541e+25  3.403e+25  1.361e+25  3.519e+20  1.035e-06  0.000e+00
  100.300   122.000    31.784   1.767e-05   177.300    1.4647   1.976e+25  1.481e+25  5.925e+24  1.532e+20  4.503e-07  0.000e+00
  122.000   152.400    44.308   4.051e-06   177.300    1.4575   5.589e+24  4.188e+24  1.675e+24  4.331e+19  1.273e-07  0.000e+00
# ----------------------------------------------------------------------------------------------
# Integrated atmospheric columns                       1.4956   4.468e+29  3.338e+29  1.335e+29  1.699e+27  4.817e-02  5.522e-01
# ----------------------------------------------------------------------------------------------
