# ------------------------------------------------------------------------
# NASA-GSFC Planetary Spectrum Generator (PSG, Villanueva et al. 2015)
# Atmospheric transmittance spectrum synthesized with PUMAS (Villanueva et al. 2016, Smith et al. 2009, Edwards 1992)
# Synthesized on Tue Nov 21 15:11:12 2017
# Molecular abundance profile: 
# Molecules considered: N2,CO2,H2O
# Molecular sources: HIT[22],HIT[2],HIT[1]
# Molecular abundances: 1,1,1
# Molecular abundance units: scl,scl,scl
# Collission-Induced-Absorption:  N2-N2(3.33-5.41um)
# Rayleigh scattering included
# ------------------------------------------------------------------------
# Aerosols considered: WaterIce,Cloud
# Aerosols sources: CRISM_Wolff[reff=2.0um 0.31-99.57um],White_GSFC[reff=1.0um 0.10-1000000.00um]
# Aerosols opacities: 1,1
# Aerosols opacity units: scl,scl
# ------------------------------------------------------------------------
# Spectral unit: Wavelength [um]
# Wave/freq Total N2 CO2 H2O WaterIce Cloud Rayleigh CIA
1.000000000e+00  0.00000  1.00000  0.99996  0.97582  0.00000  0.00000  0.97245  1.00000
1.010000000e+00  0.00000  1.00000  0.99999  0.96720  0.00000  0.00000  0.97351  1.00000
1.020000000e+00  0.00000  1.00000  1.00000  0.98465  0.00000  0.00000  0.97452  1.00000
1.030000000e+00  0.00000  1.00000  0.99999  0.98703  0.00000  0.00000  0.97548  1.00000
1.040000000e+00  0.00000  1.00000  0.79604  0.99847  0.00000  0.00000  0.97640  1.00000
1.050000000e+00  0.00000  1.00000  0.98660  0.99942  0.00000  0.00000  0.97728  1.00000
1.060000000e+00  0.00000  1.00000  0.96720  0.99830  0.00000  0.00000  0.97811  1.00000
1.070000000e+00  0.00000  1.00000  0.94045  0.98807  0.00000  0.00000  0.97891  1.00000
1.080000000e+00  0.00000  1.00000  0.99395  0.94200  0.00000  0.00000  0.97967  1.00000
1.090000000e+00  0.00000  1.00000  0.99963  0.88974  0.00000  0.00000  0.98040  1.00000
1.100000000e+00  0.00000  1.00000  0.99829  0.77028  0.00000  0.00000  0.98110  1.00000
1.110000000e+00  0.00000  1.00000  1.00000  0.50885  0.00000  0.00000  0.98176  1.00000
1.120000000e+00  0.00000  1.00000  0.97622  0.08428  0.00000  0.00000  0.98240  1.00000
1.130000000e+00  0.00000  1.00000  0.99657  0.02197  0.00000  0.00000  0.98301  1.00000
1.140000000e+00  0.00000  1.00000  0.99262  0.18941  0.00000  0.00000  0.98359  1.00000
1.150000000e+00  0.00000  1.00000  0.99779  0.09559  0.00000  0.00000  0.98415  1.00000
1.160000000e+00  0.00000  1.00000  0.99755  0.31793  0.00000  0.00000  0.98469  1.00000
1.170000000e+00  0.00000  1.00000  0.99992  0.58512  0.00000  0.00000  0.98520  1.00000
1.180000000e+00  0.00000  1.00000  0.99951  0.72373  0.00000  0.00000  0.98569  1.00000
1.190000000e+00  0.00000  1.00000  0.99995  0.66377  0.00000  0.00000  0.98616  1.00000
1.200000000e+00  0.00000  1.00000  0.99982  0.68880  0.00000  0.00000  0.98662  1.00000
1.210000000e+00  0.00000  1.00000  0.08523  0.79924  0.00000  0.00000  0.98705  1.00000
1.220000000e+00  0.00000  1.00000  0.56889  0.86143  0.00000  0.00000  0.98747  1.00000
1.230000000e+00  0.00000  1.00000  0.39415  0.89728  0.00000  0.00000  0.98787  1.00000
1.240000000e+00  0.00000  1.00000  0.83940  0.98322  0.00000  0.00000  0.98825  1.00000
1.250000000e+00  0.00000  1.00000  0.98872  0.99695  0.00000  0.00000  0.98862  1.00000
1.260000000e+00  0.00000  1.00000  0.95788  0.99703  0.00000  0.00000  0.98898  1.00000
1.270000000e+00  0.00000  1.00000  0.95958  0.99088  0.00000  0.00000  0.98932  1.00000
1.280000000e+00  0.00000  1.00000  0.99904  0.97951  0.00000  0.00000  0.98965  1.00000
1.290000000e+00  0.00000  1.00000  0.88217  0.94524  0.00000  0.00000  0.98996  1.00000
1.300000000e+00  0.00000  1.00000  0.82879  0.85152  0.00000  0.00000  0.99026  1.00000
1.310000000e+00  0.00000  1.00000  0.99211  0.74013  0.00000  0.00000  0.99056  1.00000
1.320000000e+00  0.00000  1.00000  0.41516  0.57327  0.00000  0.00000  0.99084  1.00000
1.330000000e+00  0.00000  1.00000  0.96838  0.42692  0.00000  0.00000  0.99111  1.00000
1.340000000e+00  0.00000  1.00000  0.56828  0.27469  0.00000  0.00000  0.99137  1.00000
1.350000000e+00  0.00000  1.00000  0.85272  0.02240  0.00000  0.00000  0.99162  1.00000
1.360000000e+00  0.00000  1.00000  0.98783  0.00000  0.00000  0.00000  0.99187  1.00000
1.370000000e+00  0.00000  1.00000  0.96996  0.00000  0.00000  0.00000  0.99210  1.00000
1.380000000e+00  0.00000  1.00000  0.96144  0.00001  0.00000  0.00000  0.99233  1.00000
1.390000000e+00  0.00000  1.00000  0.99288  0.00000  0.00000  0.00000  0.99254  1.00000
1.400000000e+00  0.00000  1.00000  0.99613  0.00003  0.00000  0.00000  0.99275  1.00000
1.410000000e+00  0.00000  1.00000  0.99980  0.00000  0.00000  0.00000  0.99296  1.00000
1.420000000e+00  0.00000  1.00000  0.99942  0.00289  0.00000  0.00000  0.99315  1.00000
1.430000000e+00  0.00000  1.00000  0.68495  0.00767  0.00000  0.00000  0.99334  1.00000
1.440000000e+00  0.00000  1.00000  0.00000  0.00814  0.00000  0.00000  0.99352  1.00000
1.450000000e+00  0.00000  1.00000  0.01297  0.04317  0.00000  0.00000  0.99370  1.00000
1.460000000e+00  0.00000  1.00000  0.64349  0.14103  0.00000  0.00000  0.99387  1.00000
1.470000000e+00  0.00000  1.00000  0.97502  0.04777  0.00000  0.00000  0.99403  1.00000
1.480000000e+00  0.00000  1.00000  0.41246  0.11160  0.00000  0.00000  0.99419  1.00000
1.490000000e+00  0.00000  1.00000  0.74976  0.11303  0.00000  0.00000  0.99435  1.00000
1.500000000e+00  0.00000  1.00000  0.55765  0.44980  0.00000  0.00000  0.99450  1.00000
1.510000000e+00  0.00000  1.00000  0.98158  0.59420  0.00000  0.00000  0.99464  1.00000
1.520000000e+00  0.00000  1.00000  0.98661  0.76431  0.00000  0.00000  0.99478  1.00000
1.530000000e+00  0.00000  1.00000  0.32590  0.84262  0.00000  0.00000  0.99491  1.00000
1.540000000e+00  0.00000  1.00000  0.13451  0.94397  0.00000  0.00000  0.99504  1.00000
1.550000000e+00  0.00000  1.00000  0.65044  0.97034  0.00000  0.00000  0.99517  1.00000
1.560000000e+00  0.00000  1.00000  0.93885  0.99195  0.00000  0.00000  0.99529  1.00000
1.570000000e+00  0.00000  1.00000  0.30850  0.98416  0.00000  0.00000  0.99541  1.00000
1.580000000e+00  0.00000  1.00000  0.00020  0.98735  0.00000  0.00000  0.99553  1.00000
1.590000000e+00  0.00000  1.00000  0.34258  0.98839  0.00000  0.00000  0.99564  1.00000
1.600000000e+00  0.00000  1.00000  0.21615  0.98215  0.00000  0.00000  0.99575  1.00000
1.610000000e+00  0.00000  1.00000  0.00212  0.99349  0.00000  0.00000  0.99585  1.00000
1.620000000e+00  0.00000  1.00000  0.01887  0.99349  0.00000  0.00000  0.99595  1.00000
1.630000000e+00  0.00000  1.00000  0.39683  0.99786  0.00000  0.00000  0.99605  1.00000
1.640000000e+00  0.00000  1.00000  0.30784  0.99328  0.00000  0.00000  0.99614  1.00000
1.650000000e+00  0.00000  1.00000  0.23131  0.98180  0.00000  0.00000  0.99624  1.00000
1.660000000e+00  0.00000  1.00000  0.39373  0.97989  0.00000  0.00000  0.99633  1.00000
1.670000000e+00  0.00000  1.00000  0.56390  0.98093  0.00000  0.00000  0.99641  1.00000
1.680000000e+00  0.00000  1.00000  0.80144  0.97074  0.00000  0.00000  0.99650  1.00000
1.690000000e+00  0.00000  1.00000  0.93787  0.97590  0.00000  0.00000  0.99658  1.00000
1.700000000e+00  0.00000  1.00000  0.98485  0.90901  0.00000  0.00000  0.99666  1.00000
1.710000000e+00  0.00000  1.00000  0.92853  0.91027  0.00000  0.00000  0.99674  1.00000
1.720000000e+00  0.00000  1.00000  0.96327  0.92508  0.00000  0.00000  0.99681  1.00000
1.730000000e+00  0.00000  1.00000  0.99269  0.87927  0.00000  0.00000  0.99688  1.00000
1.740000000e+00  0.00000  1.00000  0.99938  0.77583  0.00000  0.00000  0.99696  1.00000
1.750000000e+00  0.00000  1.00000  0.99894  0.70945  0.00000  0.00000  0.99702  1.00000
1.760000000e+00  0.00000  1.00000  0.89913  0.72496  0.00000  0.00000  0.99709  1.00000
1.770000000e+00  0.00000  1.00000  0.95920  0.56405  0.00000  0.00000  0.99716  1.00000
1.780000000e+00  0.00000  1.00000  0.99534  0.39680  0.00000  0.00000  0.99722  1.00000
1.790000000e+00  0.00000  1.00000  0.88497  0.24423  0.00000  0.00000  0.99728  1.00000
1.800000000e+00  0.00000  1.00000  0.95136  0.11575  0.00000  0.00000  0.99734  1.00000
1.810000000e+00  0.00000  1.00000  0.98800  0.01693  0.00000  0.00000  0.99740  1.00000
1.820000000e+00  0.00000  1.00000  0.99578  0.00126  0.00000  0.00000  0.99746  1.00000
1.830000000e+00  0.00000  1.00000  0.99931  0.00002  0.00000  0.00000  0.99751  1.00000
1.840000000e+00  0.00000  1.00000  0.99973  0.00000  0.00000  0.00000  0.99756  1.00000
1.850000000e+00  0.00000  1.00000  0.99760  0.00000  0.00000  0.00000  0.99762  1.00000
1.860000000e+00  0.00000  1.00000  0.99713  0.00000  0.00000  0.00000  0.99767  1.00000
1.870000000e+00  0.00000  1.00000  0.97888  0.00000  0.00000  0.00000  0.99772  1.00000
1.880000000e+00  0.00000  1.00000  0.10628  0.00000  0.00000  0.00000  0.99777  1.00000
1.890000000e+00  0.00000  1.00000  0.12462  0.00001  0.00000  0.00000  0.99781  1.00000
1.900000000e+00  0.00000  1.00000  0.51945  0.00003  0.00000  0.00000  0.99786  1.00000
1.910000000e+00  0.00000  1.00000  0.64914  0.00000  0.00000  0.00000  0.99790  1.00000
1.920000000e+00  0.00000  1.00000  0.86483  0.00001  0.00000  0.00000  0.99795  1.00000
1.930000000e+00  0.00000  1.00000  0.84435  0.00004  0.00000  0.00000  0.99799  1.00000
1.940000000e+00  0.00000  1.00000  0.19969  0.00089  0.00000  0.00000  0.99803  1.00000
1.950000000e+00  0.00000  1.00000  0.00000  0.01016  0.00000  0.00000  0.99807  1.00000
1.960000000e+00  0.00000  1.00000  0.00000  0.02791  0.00000  0.00000  0.99811  1.00000
1.970000000e+00  0.00000  1.00000  0.00000  0.26620  0.00000  0.00000  0.99815  1.00000
1.980000000e+00  0.00000  1.00000  0.00000  0.39251  0.00000  0.00000  0.99818  1.00000
1.990000000e+00  0.00000  1.00000  0.00423  0.45352  0.00000  0.00000  0.99822  1.00000
2.000000000e+00  0.00000  1.00000  0.00000  0.58115  0.00000  0.00000  0.99825  1.00000
2.010000000e+00  0.00000  1.00000  0.00000  0.48197  0.00000  0.00000  0.99829  1.00000
2.020000000e+00  0.00000  1.00000  0.00000  0.63024  0.00000  0.00000  0.99832  1.00000
2.030000000e+00  0.00000  1.00000  0.00000  0.83044  0.00000  0.00000  0.99836  1.00000
2.040000000e+00  0.00000  1.00000  0.00000  0.85778  0.00000  0.00000  0.99839  1.00000
2.050000000e+00  0.00000  1.00000  0.00000  0.93470  0.00000  0.00000  0.99842  1.00000
2.060000000e+00  0.00000  1.00000  0.00000  0.86245  0.00000  0.00000  0.99845  1.00000
2.070000000e+00  0.00000  1.00000  0.00000  0.88878  0.00000  0.00000  0.99848  1.00000
2.080000000e+00  0.00000  1.00000  0.00000  0.92628  0.00000  0.00000  0.99851  1.00000
2.090000000e+00  0.00000  1.00000  0.00000  0.92404  0.00000  0.00000  0.99854  1.00000
2.100000000e+00  0.00000  1.00000  0.00004  0.95501  0.00000  0.00000  0.99856  1.00000
2.110000000e+00  0.00000  1.00000  0.01991  0.96392  0.00000  0.00000  0.99859  1.00000
2.120000000e+00  0.00000  1.00000  0.06900  0.90443  0.00000  0.00000  0.99862  1.00000
2.130000000e+00  0.00000  1.00000  0.44463  0.86419  0.00000  0.00000  0.99864  1.00000
2.140000000e+00  0.00000  1.00000  0.63648  0.96870  0.00000  0.00000  0.99867  1.00000
2.150000000e+00  0.00000  1.00000  0.27644  0.98549  0.00000  0.00000  0.99869  1.00000
2.160000000e+00  0.00000  1.00000  0.34415  0.94235  0.00000  0.00000  0.99872  1.00000
2.170000000e+00  0.00000  1.00000  0.22849  0.87805  0.00000  0.00000  0.99874  1.00000
2.180000000e+00  0.00000  1.00000  0.54146  0.90046  0.00000  0.00000  0.99876  1.00000
2.190000000e+00  0.00000  1.00000  0.83150  0.79019  0.00000  0.00000  0.99879  1.00000
2.200000000e+00  0.00000  1.00000  0.88720  0.87159  0.00000  0.00000  0.99881  1.00000
2.210000000e+00  0.00000  1.00000  0.96487  0.90894  0.00000  0.00000  0.99883  1.00000
2.220000000e+00  0.00000  1.00000  0.95045  0.93085  0.00000  0.00000  0.99885  1.00000
2.230000000e+00  0.00000  1.00000  0.95411  0.95449  0.00000  0.00000  0.99887  1.00000
2.240000000e+00  0.00000  1.00000  0.98696  0.97872  0.00000  0.00000  0.99889  1.00000
2.250000000e+00  0.00000  1.00000  0.97826  0.98287  0.00000  0.00000  0.99891  1.00000
2.260000000e+00  0.00000  1.00000  0.94813  0.99330  0.00000  0.00000  0.99893  1.00000
2.270000000e+00  0.00000  1.00000  0.98752  0.98618  0.00000  0.00000  0.99895  1.00000
2.280000000e+00  0.00000  1.00000  0.97366  0.99749  0.00000  0.00000  0.99897  1.00000
2.290000000e+00  0.00000  1.00000  0.99200  0.98677  0.00000  0.00000  0.99898  1.00000
2.300000000e+00  0.00000  1.00000  0.99603  0.92099  0.00000  0.00000  0.99900  1.00000
2.310000000e+00  0.00000  1.00000  0.99747  0.97484  0.00000  0.00000  0.99902  1.00000
2.320000000e+00  0.00000  1.00000  0.99907  0.93690  0.00000  0.00000  0.99904  1.00000
2.330000000e+00  0.00000  1.00000  0.99989  0.92989  0.00000  0.00000  0.99905  1.00000
2.340000000e+00  0.00000  1.00000  0.99990  0.94357  0.00000  0.00000  0.99907  1.00000
2.350000000e+00  0.00000  1.00000  0.99987  0.85424  0.00000  0.00000  0.99908  1.00000
2.360000000e+00  0.00000  1.00000  0.99968  0.72483  0.00000  0.00000  0.99910  1.00000
2.370000000e+00  0.00000  1.00000  0.99823  0.74866  0.00000  0.00000  0.99911  1.00000
2.380000000e+00  0.00000  1.00000  0.99715  0.56514  0.00000  0.00000  0.99913  1.00000
2.390000000e+00  0.00000  1.00000  0.99068  0.46170  0.00000  0.00000  0.99914  1.00000
2.400000000e+00  0.00000  1.00000  0.98874  0.54734  0.00000  0.00000  0.99916  1.00000
2.410000000e+00  0.00000  1.00000  0.98695  0.37623  0.00000  0.00000  0.99917  1.00000
2.420000000e+00  0.00000  1.00000  0.99686  0.18844  0.00000  0.00000  0.99918  1.00000
2.430000000e+00  0.00000  1.00000  0.99991  0.38898  0.00000  0.00000  0.99920  1.00000
2.440000000e+00  0.00000  1.00000  0.99986  0.09165  0.00000  0.00000  0.99921  1.00000
2.450000000e+00  0.00000  1.00000  0.99965  0.16135  0.00000  0.00000  0.99922  1.00000
2.460000000e+00  0.00000  1.00000  0.99949  0.25573  0.00000  0.00000  0.99924  1.00000
2.470000000e+00  0.00000  1.00000  0.99265  0.22031  0.00000  0.00000  0.99925  1.00000
2.480000000e+00  0.00000  1.00000  0.97019  0.11220  0.00000  0.00000  0.99926  1.00000
2.490000000e+00  0.00000  1.00000  0.32537  0.00705  0.00000  0.00000  0.99927  1.00000
2.500000000e+00  0.00000  1.00000  0.73682  0.00597  0.00000  0.00000  0.99928  1.00000
2.510000000e+00  0.00000  1.00000  0.70672  0.00183  0.00000  0.00000  0.99930  1.00000
2.520000000e+00  0.00000  1.00000  0.68354  0.00063  0.00000  0.00000  0.99931  1.00000
2.530000000e+00  0.00000  1.00000  0.84013  0.00000  0.00000  0.00000  0.99932  1.00000
2.540000000e+00  0.00000  1.00000  0.90352  0.00000  0.00000  0.00000  0.99933  1.00000
2.550000000e+00  0.00000  1.00000  0.97584  0.00000  0.00000  0.00000  0.99934  1.00000
2.560000000e+00  0.00000  1.00000  0.94473  0.00000  0.00000  0.00000  0.99935  1.00000
2.570000000e+00  0.00000  1.00000  0.96775  0.00000  0.00000  0.00000  0.99936  1.00000
2.580000000e+00  0.00000  1.00000  0.79226  0.00000  0.00000  0.00000  0.99937  1.00000
2.590000000e+00  0.00000  1.00000  0.54604  0.00000  0.00000  0.00000  0.99938  1.00000
2.600000000e+00  0.00000  1.00000  0.65039  0.00000  0.00000  0.00000  0.99939  1.00000
2.610000000e+00  0.00000  1.00000  0.18970  0.00000  0.00000  0.00000  0.99940  1.00000
2.620000000e+00  0.00000  1.00000  0.07357  0.00000  0.00000  0.00000  0.99941  1.00000
2.630000000e+00  0.00000  1.00000  0.25207  0.00000  0.00000  0.00000  0.99942  1.00000
2.640000000e+00  0.00000  1.00000  0.21515  0.00000  0.00000  0.00000  0.99942  1.00000
2.650000000e+00  0.00000  1.00000  0.38222  0.00000  0.00000  0.00000  0.99943  1.00000
2.660000000e+00  0.00000  1.00000  0.00072  0.00000  0.00000  0.00000  0.99944  1.00000
2.670000000e+00  0.00000  1.00000  0.00000  0.00000  0.00000  0.00000  0.99945  1.00000
2.680000000e+00  0.00000  1.00000  0.00000  0.00000  0.00000  0.00000  0.99946  1.00000
2.690000000e+00  0.00000  1.00000  0.00000  0.00000  0.00000  0.00000  0.99947  1.00000
2.700000000e+00  0.00000  1.00000  0.00000  0.00000  0.00000  0.00000  0.99947  1.00000
2.710000000e+00  0.00000  1.00000  0.00000  0.00000  0.00000  0.00000  0.99948  1.00000
2.720000000e+00  0.00000  1.00000  0.00000  0.00000  0.00000  0.00000  0.99949  1.00000
2.730000000e+00  0.00000  1.00000  0.00000  0.00000  0.00000  0.00000  0.99950  1.00000
2.740000000e+00  0.00000  1.00000  0.00000  0.00000  0.00000  0.00000  0.99950  1.00000
2.750000000e+00  0.00000  1.00000  0.00000  0.00000  0.00000  0.00000  0.99951  1.00000
2.760000000e+00  0.00000  1.00000  0.00000  0.00000  0.00000  0.00000  0.99952  1.00000
2.770000000e+00  0.00000  1.00000  0.00000  0.00000  0.00000  0.00000  0.99952  1.00000
2.780000000e+00  0.00000  1.00000  0.00000  0.00000  0.00000  0.00000  0.99953  1.00000
2.790000000e+00  0.00000  1.00000  0.00000  0.00000  0.00000  0.00000  0.99954  1.00000
2.800000000e+00  0.00000  1.00000  0.00000  0.00000  0.00000  0.00000  0.99954  1.00000
2.810000000e+00  0.00000  1.00000  0.00000  0.00000  0.00000  0.00000  0.99955  1.00000
2.820000000e+00  0.00000  1.00000  0.00000  0.00000  0.00000  0.00000  0.99956  1.00000
2.830000000e+00  0.00000  1.00000  0.00000  0.00000  0.00000  0.00000  0.99956  1.00000
2.840000000e+00  0.00000  1.00000  0.00000  0.00000  0.00000  0.00000  0.99957  1.00000
2.850000000e+00  0.00000  1.00000  0.00000  0.00001  0.00000  0.00000  0.99958  1.00000
2.860000000e+00  0.00000  1.00000  0.00000  0.00000  0.00000  0.00000  0.99958  1.00000
2.870000000e+00  0.00000  1.00000  0.00000  0.00004  0.00000  0.00000  0.99959  1.00000
2.880000000e+00  0.00000  1.00000  0.00000  0.00014  0.00000  0.00000  0.99959  1.00000
2.890000000e+00  0.00000  1.00000  0.00003  0.00010  0.00000  0.00000  0.99960  1.00000
2.900000000e+00  0.00000  1.00000  0.00461  0.00550  0.00000  0.00000  0.99960  1.00000
2.910000000e+00  0.00000  1.00000  0.08714  0.00145  0.00000  0.00000  0.99961  1.00000
2.920000000e+00  0.00000  1.00000  0.35961  0.00228  0.00000  0.00000  0.99961  1.00000
2.930000000e+00  0.00000  1.00000  0.56616  0.01267  0.00000  0.00000  0.99962  1.00000
2.940000000e+00  0.00000  1.00000  0.69241  0.04924  0.00000  0.00000  0.99963  1.00000
2.950000000e+00  0.00000  1.00000  0.82760  0.00173  0.00000  0.00000  0.99963  1.00000
2.960000000e+00  0.00000  1.00000  0.42694  0.01609  0.00000  0.00000  0.99964  1.00000
2.970000000e+00  0.00000  1.00000  0.05336  0.04561  0.00000  0.00000  0.99964  1.00000
2.980000000e+00  0.00000  1.00000  0.00375  0.00009  0.00000  0.00000  0.99964  1.00000
2.990000000e+00  0.00000  1.00000  0.01429  0.06516  0.00000  0.00000  0.99965  1.00000
3.000000000e+00  0.00000  1.00000  0.28625  0.09654  0.00000  0.00000  0.99965  1.00000
3.010000000e+00  0.00000  1.00000  0.30363  0.07460  0.00000  0.00000  0.99966  1.00000
3.020000000e+00  0.00000  1.00000  0.05686  0.05163  0.00000  0.00000  0.99966  1.00000
3.030000000e+00  0.00000  1.00000  0.11654  0.04511  0.00000  0.00000  0.99967  1.00000
3.040000000e+00  0.00000  1.00000  0.32090  0.00876  0.00000  0.00000  0.99967  1.00000
3.050000000e+00  0.00000  1.00000  0.63930  0.01089  0.00000  0.00000  0.99968  1.00000
3.060000000e+00  0.00000  1.00000  0.68972  0.01660  0.00000  0.00000  0.99968  1.00000
3.070000000e+00  0.00000  1.00000  0.83663  0.00921  0.00000  0.00000  0.99968  1.00000
3.080000000e+00  0.00000  1.00000  0.87281  0.03553  0.00000  0.00000  0.99969  1.00000
3.090000000e+00  0.00000  1.00000  0.93196  0.00109  0.00000  0.00000  0.99969  1.00000
3.100000000e+00  0.00000  1.00000  0.89974  0.00094  0.00000  0.00000  0.99970  1.00000
3.110000000e+00  0.00000  1.00000  0.71983  0.01353  0.00000  0.00000  0.99970  1.00000
3.120000000e+00  0.00000  1.00000  0.49280  0.00181  0.00000  0.00000  0.99970  1.00000
3.130000000e+00  0.00000  1.00000  0.39756  0.07012  0.00000  0.00000  0.99971  1.00000
3.140000000e+00  0.00000  1.00000  0.55659  0.16274  0.00000  0.00000  0.99971  1.00000
3.150000000e+00  0.00000  1.00000  0.75969  0.03212  0.00000  0.00000  0.99972  1.00000
3.160000000e+00  0.00000  1.00000  0.60772  0.11923  0.00000  0.00000  0.99972  1.00000
3.170000000e+00  0.00000  1.00000  0.43615  0.66901  0.00000  0.00000  0.99972  1.00000
3.180000000e+00  0.00000  1.00000  0.50189  0.52293  0.00000  0.00000  0.99973  1.00000
3.190000000e+00  0.00000  1.00000  0.67213  0.23665  0.00000  0.00000  0.99973  1.00000
3.200000000e+00  0.00000  1.00000  0.83684  0.05510  0.00000  0.00000  0.99973  1.00000
3.210000000e+00  0.00000  1.00000  0.93577  0.00003  0.00000  0.00000  0.99974  1.00000
3.220000000e+00  0.00000  1.00000  0.91268  0.00022  0.00000  0.00000  0.99974  1.00000
3.230000000e+00  0.00000  1.00000  0.90610  0.00307  0.00000  0.00000  0.99974  1.00000
3.240000000e+00  0.00000  1.00000  0.95127  0.12855  0.00000  0.00000  0.99975  1.00000
3.250000000e+00  0.00000  1.00000  0.98830  0.04659  0.00000  0.00000  0.99975  1.00000
3.260000000e+00  0.00000  1.00000  0.99668  0.30534  0.00000  0.00000  0.99975  1.00000
3.270000000e+00  0.00000  1.00000  0.99629  0.02045  0.00000  0.00000  0.99975  1.00000
3.280000000e+00  0.00000  1.00000  0.99692  0.06093  0.00000  0.00000  0.99976  1.00000
3.290000000e+00  0.00000  1.00000  0.99860  0.30523  0.00000  0.00000  0.99976  1.00000
3.300000000e+00  0.00000  1.00000  0.99938  0.14616  0.00000  0.00000  0.99976  1.00000
3.310000000e+00  0.00000  1.00000  0.99950  0.02074  0.00000  0.00000  0.99977  1.00000
3.320000000e+00  0.00000  1.00000  0.99903  0.20978  0.00000  0.00000  0.99977  1.00000
3.330000000e+00  0.00000  1.00000  0.99379  0.06715  0.00000  0.00000  0.99977  1.00000
3.340000000e+00  0.00000  1.00000  0.97877  0.37783  0.00000  0.00000  0.99977  0.99988
3.350000000e+00  0.00000  1.00000  0.96607  0.13793  0.00000  0.00000  0.99978  0.99984
3.360000000e+00  0.00000  1.00000  0.86153  0.14557  0.00000  0.00000  0.99978  0.99989
3.370000000e+00  0.00000  1.00000  0.96012  0.19686  0.00000  0.00000  0.99978  0.99981
3.380000000e+00  0.00000  1.00000  0.97146  0.31631  0.00000  0.00000  0.99978  0.99993
3.390000000e+00  0.00000  1.00000  0.98474  0.44982  0.00000  0.00000  0.99979  0.99990
3.400000000e+00  0.00000  1.00000  0.99449  0.66738  0.00000  0.00000  0.99979  0.99995
3.410000000e+00  0.00000  1.00000  0.99800  0.50356  0.00000  0.00000  0.99979  0.99996
3.420000000e+00  0.00000  1.00000  0.99932  0.63550  0.00000  0.00000  0.99979  1.00000
3.430000000e+00  0.00000  1.00000  0.99912  0.88095  0.00000  0.00000  0.99980  0.99994
3.440000000e+00  0.00000  1.00000  0.99933  0.77711  0.00000  0.00000  0.99980  0.99990
3.450000000e+00  0.00000  1.00000  0.99658  0.77708  0.00000  0.00000  0.99980  0.99978
3.460000000e+00  0.00000  1.00000  0.99741  0.72725  0.00000  0.00000  0.99980  0.99991
3.470000000e+00  0.00000  1.00000  0.99907  0.86433  0.00000  0.00000  0.99981  0.99981
3.480000000e+00  0.00000  1.00000  0.99936  0.81525  0.00000  0.00000  0.99981  0.99987
3.490000000e+00  0.00000  1.00000  0.99959  0.85257  0.00000  0.00000  0.99981  0.99987
3.500000000e+00  0.00000  1.00000  0.99961  0.82293  0.00000  0.00000  0.99981  0.99993
3.510000000e+00  0.00000  1.00000  0.99933  0.83700  0.00000  0.00000  0.99981  0.99998
3.520000000e+00  0.00000  1.00000  0.99819  0.77328  0.00000  0.00000  0.99982  0.99997
3.530000000e+00  0.00000  1.00000  0.99520  0.73810  0.00000  0.00000  0.99982  0.99996
3.540000000e+00  0.00000  1.00000  0.98925  0.71810  0.00000  0.00000  0.99982  0.99992
3.550000000e+00  0.00000  1.00000  0.97695  0.68134  0.00000  0.00000  0.99982  0.99994
3.560000000e+00  0.00000  1.00000  0.94953  0.56602  0.00000  0.00000  0.99983  0.99974
3.570000000e+00  0.00000  1.00000  0.90795  0.70528  0.00000  0.00000  0.99983  0.99974
3.580000000e+00  0.00000  1.00000  0.87664  0.64135  0.00000  0.00000  0.99983  0.99953
3.590000000e+00  0.00000  1.00000  0.82136  0.74084  0.00000  0.00000  0.99983  0.99952
3.600000000e+00  0.00000  1.00000  0.67054  0.63794  0.00000  0.00000  0.99983  0.99957
3.610000000e+00  0.00000  1.00000  0.54008  0.82736  0.00000  0.00000  0.99983  0.99960
3.620000000e+00  0.00000  1.00000  0.48745  0.67245  0.00000  0.00000  0.99984  0.99949
3.630000000e+00  0.00000  1.00000  0.68004  0.81614  0.00000  0.00000  0.99984  0.99937
3.640000000e+00  0.00000  1.00000  0.63940  0.71772  0.00000  0.00000  0.99984  0.99918
3.650000000e+00  0.00000  1.00000  0.51428  0.92397  0.00000  0.00000  0.99984  0.99905
3.660000000e+00  0.00000  1.00000  0.61858  0.77141  0.00000  0.00000  0.99984  0.99896
3.670000000e+00  0.00000  1.00000  0.80846  0.78173  0.00000  0.00000  0.99985  0.99886
3.680000000e+00  0.00000  1.00000  0.93425  0.39300  0.00000  0.00000  0.99985  0.99868
3.690000000e+00  0.00000  1.00000  0.96900  0.54829  0.00000  0.00000  0.99985  0.99840
3.700000000e+00  0.00000  1.00000  0.97980  0.77372  0.00000  0.00000  0.99985  0.99820
3.710000000e+00  0.00000  1.00000  0.98901  0.90960  0.00000  0.00000  0.99985  0.99644
3.720000000e+00  0.00000  1.00000  0.97948  0.70188  0.00000  0.00000  0.99985  0.99531
3.730000000e+00  0.00000  1.00000  0.97826  0.83787  0.00000  0.00000  0.99985  0.99482
3.740000000e+00  0.00000  1.00000  0.97771  0.70725  0.00000  0.00000  0.99986  0.99424
3.750000000e+00  0.00000  1.00000  0.94101  0.80030  0.00000  0.00000  0.99986  0.99347
3.760000000e+00  0.00000  1.00000  0.84635  0.75270  0.00000  0.00000  0.99986  0.99263
3.770000000e+00  0.00000  1.00000  0.72237  0.69999  0.00000  0.00000  0.99986  0.99167
3.780000000e+00  0.00000  1.00000  0.55076  0.71834  0.00000  0.00000  0.99986  0.99042
3.790000000e+00  0.00000  1.00000  0.37779  0.77370  0.00000  0.00000  0.99986  0.98888
3.800000000e+00  0.00000  1.00000  0.14942  0.72137  0.00000  0.00000  0.99987  0.98723
3.810000000e+00  0.00000  1.00000  0.04005  0.87988  0.00000  0.00000  0.99987  0.98528
3.820000000e+00  0.00000  1.00000  0.06275  0.69352  0.00000  0.00000  0.99987  0.98316
3.830000000e+00  0.00000  1.00000  0.26066  0.86200  0.00000  0.00000  0.99987  0.98075
3.840000000e+00  0.00000  1.00000  0.12781  0.74983  0.00000  0.00000  0.99987  0.97794
3.850000000e+00  0.00000  1.00000  0.06614  0.87188  0.00000  0.00000  0.99987  0.97468
3.860000000e+00  0.00000  1.00000  0.12093  0.84620  0.00000  0.00000  0.99987  0.97096
3.870000000e+00  0.00000  1.00000  0.29094  0.88821  0.00000  0.00000  0.99987  0.96685
3.880000000e+00  0.00000  1.00000  0.53813  0.88317  0.00000  0.00000  0.99988  0.96217
3.890000000e+00  0.00000  1.00000  0.75799  0.91082  0.00000  0.00000  0.99988  0.95676
3.900000000e+00  0.00000  1.00000  0.90472  0.94317  0.00000  0.00000  0.99988  0.95066
3.910000000e+00  0.00000  1.00000  0.96022  0.90024  0.00000  0.00000  0.99988  0.94375
3.920000000e+00  0.00000  1.00000  0.96467  0.97798  0.00000  0.00000  0.99988  0.93565
3.930000000e+00  0.00000  1.00000  0.92733  0.95209  0.00000  0.00000  0.99988  0.92639
3.940000000e+00  0.00000  1.00000  0.84493  0.97909  0.00000  0.00000  0.99988  0.91567
3.950000000e+00  0.00000  1.00000  0.71973  0.98233  0.00000  0.00000  0.99988  0.90360
3.960000000e+00  0.00000  1.00000  0.50347  0.97090  0.00000  0.00000  0.99989  0.88928
3.970000000e+00  0.00000  1.00000  0.33146  0.99190  0.00000  0.00000  0.99989  0.87296
3.980000000e+00  0.00000  1.00000  0.17998  0.98210  0.00000  0.00000  0.99989  0.85478
3.990000000e+00  0.00000  1.00000  0.13042  0.99454  0.00000  0.00000  0.99989  0.83400
4.000000000e+00  0.00000  1.00000  0.30736  0.99236  0.00000  0.00000  0.99989  0.81014
4.010000000e+00  0.00000  1.00000  0.38025  0.99236  0.00000  0.00000  0.99989  0.78407
4.020000000e+00  0.00000  1.00000  0.16927  0.99794  0.00000  0.00000  0.99989  0.75571
4.030000000e+00  0.00000  1.00000  0.14815  0.99254  0.00000  0.00000  0.99989  0.72568
4.040000000e+00  0.00000  1.00000  0.20801  0.99621  0.00000  0.00000  0.99989  0.69405
4.050000000e+00  0.00000  1.00000  0.34952  0.99646  0.00000  0.00000  0.99990  0.66061
4.060000000e+00  0.00000  1.00000  0.52279  0.99577  0.00000  0.00000  0.99990  0.62700
4.070000000e+00  0.00000  1.00000  0.57959  0.99552  0.00000  0.00000  0.99990  0.59325
4.080000000e+00  0.00000  1.00000  0.28850  0.99783  0.00000  0.00000  0.99990  0.56120
4.090000000e+00  0.00000  1.00000  0.09146  0.99768  0.00000  0.00000  0.99990  0.53128
4.100000000e+00  0.00000  1.00000  0.04131  0.99799  0.00000  0.00000  0.99990  0.50336
4.110000000e+00  0.00000  1.00000  0.05245  0.99263  0.00000  0.00000  0.99990  0.47838
4.120000000e+00  0.00000  1.00000  0.21677  0.99800  0.00000  0.00000  0.99990  0.45699
4.130000000e+00  0.00000  1.00000  0.26664  0.99499  0.00000  0.00000  0.99990  0.43913
4.140000000e+00  0.00000  1.00000  0.12036  0.99667  0.00000  0.00000  0.99990  0.42501
4.150000000e+00  0.00000  1.00000  0.05162  0.99894  0.00000  0.00000  0.99990  0.41446
4.160000000e+00  0.00000  1.00000  0.00023  0.99437  0.00000  0.00000  0.99991  0.40786
4.170000000e+00  0.00000  1.00000  0.00000  0.99664  0.00000  0.00000  0.99991  0.40408
4.180000000e+00  0.00000  1.00000  0.00000  0.99597  0.00000  0.00000  0.99991  0.40516
4.190000000e+00  0.00000  1.00000  0.00000  0.99612  0.00000  0.00000  0.99991  0.40713
4.200000000e+00  0.00000  1.00000  0.00000  0.99551  0.00000  0.00000  0.99991  0.41231
4.210000000e+00  0.00000  1.00000  0.00000  0.99308  0.00000  0.00000  0.99991  0.41548
4.220000000e+00  0.00000  1.00000  0.00000  0.99355  0.00000  0.00000  0.99991  0.41636
4.230000000e+00  0.00000  1.00000  0.00000  0.99283  0.00000  0.00000  0.99991  0.41374
4.240000000e+00  0.00000  1.00000  0.00000  0.99460  0.00000  0.00000  0.99991  0.40575
4.250000000e+00  0.00000  1.00000  0.00000  0.98653  0.00000  0.00000  0.99991  0.39064
4.260000000e+00  0.00000  1.00000  0.00000  0.98332  0.00000  0.00000  0.99991  0.36188
4.270000000e+00  0.00000  1.00000  0.00000  0.99414  0.00000  0.00000  0.99991  0.31894
4.280000000e+00  0.00000  1.00000  0.00000  0.97588  0.00000  0.00000  0.99992  0.28923
4.290000000e+00  0.00000  1.00000  0.00000  0.97216  0.00000  0.00000  0.99992  0.27112
4.300000000e+00  0.00000  1.00000  0.00000  0.96845  0.00000  0.00000  0.99992  0.27575
4.310000000e+00  0.00000  1.00000  0.00000  0.94528  0.00000  0.00000  0.99992  0.30337
4.320000000e+00  0.00000  1.00000  0.00000  0.95617  0.00000  0.00000  0.99992  0.34349
4.330000000e+00  0.00000  1.00000  0.00000  0.95428  0.00000  0.00000  0.99992  0.39820
4.340000000e+00  0.00000  1.00000  0.00000  0.94377  0.00000  0.00000  0.99992  0.44406
4.350000000e+00  0.00000  1.00000  0.00000  0.94145  0.00000  0.00000  0.99992  0.47876
4.360000000e+00  0.00000  1.00000  0.00000  0.92086  0.00000  0.00000  0.99992  0.50381
4.370000000e+00  0.00000  1.00000  0.00000  0.83656  0.00000  0.00000  0.99992  0.52182
4.380000000e+00  0.00000  1.00000  0.00000  0.94255  0.00000  0.00000  0.99992  0.53532
4.390000000e+00  0.00000  1.00000  0.00000  0.92102  0.00000  0.00000  0.99992  0.54759
4.400000000e+00  0.00000  1.00000  0.00000  0.88371  0.00000  0.00000  0.99992  0.55629
4.410000000e+00  0.00000  1.00000  0.00000  0.76937  0.00000  0.00000  0.99993  0.56759
4.420000000e+00  0.00000  1.00000  0.00000  0.96159  0.00000  0.00000  0.99993  0.57847
4.430000000e+00  0.00000  1.00000  0.00000  0.86303  0.00000  0.00000  0.99993  0.59120
4.440000000e+00  0.00000  1.00000  0.00000  0.71193  0.00000  0.00000  0.99993  0.60482
4.450000000e+00  0.00000  1.00000  0.00000  0.77749  0.00000  0.00000  0.99993  0.62078
4.460000000e+00  0.00000  1.00000  0.00000  0.80430  0.00000  0.00000  0.99993  0.63668
4.470000000e+00  0.00000  1.00000  0.00000  0.82239  0.00000  0.00000  0.99993  0.65597
4.480000000e+00  0.00000  1.00000  0.00000  0.80560  0.00000  0.00000  0.99993  0.67416
4.490000000e+00  0.00000  1.00000  0.00000  0.84283  0.00000  0.00000  0.99993  0.69509
4.500000000e+00  0.00000  1.00000  0.00000  0.86702  0.00000  0.00000  0.99993  0.71443
4.510000000e+00  0.00000  1.00000  0.00000  0.85942  0.00000  0.00000  0.99993  0.73551
4.520000000e+00  0.00000  1.00000  0.00000  0.79214  0.00000  0.00000  0.99993  0.75605
4.530000000e+00  0.00000  1.00000  0.00000  0.66850  0.00000  0.00000  0.99993  0.77606
4.540000000e+00  0.00000  1.00000  0.00003  0.64873  0.00000  0.00000  0.99993  0.79568
4.550000000e+00  0.00000  1.00000  0.00032  0.81697  0.00000  0.00000  0.99993  0.81453
4.560000000e+00  0.00000  1.00000  0.00597  0.90812  0.00000  0.00000  0.99993  0.83251
4.570000000e+00  0.00000  1.00000  0.03851  0.81186  0.00000  0.00000  0.99993  0.84878
4.580000000e+00  0.00000  1.00000  0.12572  0.71640  0.00000  0.00000  0.99994  0.86462
4.590000000e+00  0.00000  1.00000  0.17969  0.77696  0.00000  0.00000  0.99994  0.87902
4.600000000e+00  0.00000  1.00000  0.26000  0.80836  0.00000  0.00000  0.99994  0.89227
4.610000000e+00  0.00000  1.00000  0.31857  0.84526  0.00000  0.00000  0.99994  0.90444
4.620000000e+00  0.00000  1.00000  0.26290  0.80149  0.00000  0.00000  0.99994  0.91554
4.630000000e+00  0.00000  1.00000  0.12015  0.61133  0.00000  0.00000  0.99994  0.92554
4.640000000e+00  0.00000  1.00000  0.09239  0.62044  0.00000  0.00000  0.99994  0.93455
4.650000000e+00  0.00000  1.00000  0.07559  0.63610  0.00000  0.00000  0.99994  0.94265
4.660000000e+00  0.00000  1.00000  0.07663  0.57382  0.00000  0.00000  0.99994  0.94990
4.670000000e+00  0.00000  1.00000  0.08387  0.50179  0.00000  0.00000  0.99994  0.95604
4.680000000e+00  0.00000  1.00000  0.03006  0.51114  0.00000  0.00000  0.99994  0.96096
4.690000000e+00  0.00000  1.00000  0.01322  0.22129  0.00000  0.00000  0.99994  0.96612
4.700000000e+00  0.00000  1.00000  0.00155  0.87133  0.00000  0.00000  0.99994  0.97029
4.710000000e+00  0.00000  1.00000  0.00004  0.77309  0.00000  0.00000  0.99994  0.97380
4.720000000e+00  0.00000  1.00000  0.00002  0.44978  0.00000  0.00000  0.99994  0.97711
4.730000000e+00  0.00000  1.00000  0.00000  0.58791  0.00000  0.00000  0.99994  0.97959
4.740000000e+00  0.00000  1.00000  0.00000  0.43198  0.00000  0.00000  0.99994  0.98245
4.750000000e+00  0.00000  1.00000  0.00000  0.66861  0.00000  0.00000  0.99994  0.98467
4.760000000e+00  0.00000  1.00000  0.00000  0.55470  0.00000  0.00000  0.99994  0.98666
4.770000000e+00  0.00000  1.00000  0.00000  0.56797  0.00000  0.00000  0.99995  0.98840
4.780000000e+00  0.00000  1.00000  0.00000  0.44412  0.00000  0.00000  0.99995  0.98914
4.790000000e+00  0.00000  1.00000  0.00000  0.26970  0.00000  0.00000  0.99995  0.99051
4.800000000e+00  0.00000  1.00000  0.00000  0.31375  0.00000  0.00000  0.99995  0.99240
4.810000000e+00  0.00000  1.00000  0.00000  0.47979  0.00000  0.00000  0.99995  0.99358
4.820000000e+00  0.00000  1.00000  0.00000  0.42425  0.00000  0.00000  0.99995  0.99440
4.830000000e+00  0.00000  1.00000  0.00000  0.25369  0.00000  0.00000  0.99995  0.99536
4.840000000e+00  0.00000  1.00000  0.00000  0.45931  0.00000  0.00000  0.99995  0.99249
4.850000000e+00  0.00000  1.00000  0.00000  0.12461  0.00000  0.00000  0.99995  0.99511
4.860000000e+00  0.00000  1.00000  0.00000  0.08955  0.00000  0.00000  0.99995  0.99703
4.870000000e+00  0.00000  1.00000  0.00000  0.59413  0.00000  0.00000  0.99995  0.99756
4.880000000e+00  0.00000  1.00000  0.00000  0.60079  0.00000  0.00000  0.99995  0.99784
4.890000000e+00  0.00000  1.00000  0.00000  0.53501  0.00000  0.00000  0.99995  0.99747
4.900000000e+00  0.00000  1.00000  0.00000  0.07931  0.00000  0.00000  0.99995  0.99535
4.910000000e+00  0.00000  1.00000  0.00000  0.04836  0.00000  0.00000  0.99995  0.99820
4.920000000e+00  0.00000  1.00000  0.00000  0.27621  0.00000  0.00000  0.99995  0.99852
4.930000000e+00  0.00000  1.00000  0.00000  0.51159  0.00000  0.00000  0.99995  0.99866
4.940000000e+00  0.00000  1.00000  0.00012  0.26496  0.00000  0.00000  0.99995  0.99866
4.950000000e+00  0.00000  1.00000  0.00056  0.07707  0.00000  0.00000  0.99995  0.99692
4.960000000e+00  0.00000  1.00000  0.00134  0.02505  0.00000  0.00000  0.99995  0.98934
4.970000000e+00  0.00000  1.00000  0.01105  0.00904  0.00000  0.00000  0.99995  0.99898
4.980000000e+00  0.00000  1.00000  0.03251  0.16723  0.00000  0.00000  0.99995  0.99905
4.990000000e+00  0.00000  1.00000  0.08316  0.04267  0.00000  0.00000  0.99995  0.99926
5.000000000e+00  0.00000  1.00000  0.07616  0.27695  0.00000  0.00000  0.99995  0.99929
