# ------------------------------------------------------------------------
# NASA-GSFC Planetary Spectrum Generator (PSG, Villanueva et al. 2015)
# Atmospheric transmittance spectrum synthesized with PUMAS (Villanueva et al. 2016, Smith et al. 2009, Edwards 1992)
# Synthesized on Tue Nov 21 15:09:21 2017
# Molecular abundance profile: 
# Molecules considered: N2,CO2,H2O
# Molecular sources: HIT[22],HIT[2],HIT[1]
# Molecular abundances: 1,1,1
# Molecular abundance units: scl,scl,scl
# Collission-Induced-Absorption:  N2-N2(3.33-5.41um)
# Rayleigh scattering included
# ------------------------------------------------------------------------
# Aerosols considered: WaterIce,Cloud
# Aerosols sources: CRISM_Wolff[reff=2.0um 0.31-99.57um],White_GSFC[reff=1.0um 0.10-1000000.00um]
# Aerosols opacities: 1,1
# Aerosols opacity units: scl,scl
# ------------------------------------------------------------------------
# Spectral unit: Wavelength [um]
# Wave/freq Total N2 CO2 H2O WaterIce Cloud Rayleigh CIA
1.000000000e+00  0.00000  1.00000  0.99996  0.97182  0.00000  0.00000  0.97249  1.00000
1.010000000e+00  0.00000  1.00000  0.99999  0.96278  0.00000  0.00000  0.97355  1.00000
1.020000000e+00  0.00000  1.00000  1.00000  0.98246  0.00000  0.00000  0.97456  1.00000
1.030000000e+00  0.00000  1.00000  0.99999  0.98498  0.00000  0.00000  0.97552  1.00000
1.040000000e+00  0.00000  1.00000  0.79666  0.99820  0.00000  0.00000  0.97644  1.00000
1.050000000e+00  0.00000  1.00000  0.98659  0.99928  0.00000  0.00000  0.97731  1.00000
1.060000000e+00  0.00000  1.00000  0.96667  0.99791  0.00000  0.00000  0.97815  1.00000
1.070000000e+00  0.00000  1.00000  0.94064  0.98560  0.00000  0.00000  0.97894  1.00000
1.080000000e+00  0.00000  1.00000  0.99390  0.93359  0.00000  0.00000  0.97970  1.00000
1.090000000e+00  0.00000  1.00000  0.99963  0.87629  0.00000  0.00000  0.98043  1.00000
1.100000000e+00  0.00000  1.00000  0.99829  0.74538  0.00000  0.00000  0.98113  1.00000
1.110000000e+00  0.00000  1.00000  1.00000  0.46462  0.00000  0.00000  0.98179  1.00000
1.120000000e+00  0.00000  1.00000  0.97629  0.06517  0.00000  0.00000  0.98243  1.00000
1.130000000e+00  0.00000  1.00000  0.99654  0.01426  0.00000  0.00000  0.98304  1.00000
1.140000000e+00  0.00000  1.00000  0.99255  0.15371  0.00000  0.00000  0.98362  1.00000
1.150000000e+00  0.00000  1.00000  0.99779  0.07631  0.00000  0.00000  0.98418  1.00000
1.160000000e+00  0.00000  1.00000  0.99753  0.27071  0.00000  0.00000  0.98471  1.00000
1.170000000e+00  0.00000  1.00000  0.99992  0.54068  0.00000  0.00000  0.98522  1.00000
1.180000000e+00  0.00000  1.00000  0.99951  0.69772  0.00000  0.00000  0.98571  1.00000
1.190000000e+00  0.00000  1.00000  0.99995  0.63399  0.00000  0.00000  0.98618  1.00000
1.200000000e+00  0.00000  1.00000  0.99981  0.66195  0.00000  0.00000  0.98664  1.00000
1.210000000e+00  0.00000  1.00000  0.08640  0.77734  0.00000  0.00000  0.98707  1.00000
1.220000000e+00  0.00000  1.00000  0.56745  0.84359  0.00000  0.00000  0.98749  1.00000
1.230000000e+00  0.00000  1.00000  0.39088  0.88369  0.00000  0.00000  0.98789  1.00000
1.240000000e+00  0.00000  1.00000  0.83789  0.97984  0.00000  0.00000  0.98827  1.00000
1.250000000e+00  0.00000  1.00000  0.98850  0.99623  0.00000  0.00000  0.98864  1.00000
1.260000000e+00  0.00000  1.00000  0.95783  0.99641  0.00000  0.00000  0.98899  1.00000
1.270000000e+00  0.00000  1.00000  0.95954  0.98901  0.00000  0.00000  0.98933  1.00000
1.280000000e+00  0.00000  1.00000  0.99902  0.97617  0.00000  0.00000  0.98966  1.00000
1.290000000e+00  0.00000  1.00000  0.88099  0.93481  0.00000  0.00000  0.98998  1.00000
1.300000000e+00  0.00000  1.00000  0.82891  0.83141  0.00000  0.00000  0.99028  1.00000
1.310000000e+00  0.00000  1.00000  0.99204  0.70930  0.00000  0.00000  0.99057  1.00000
1.320000000e+00  0.00000  1.00000  0.41684  0.53659  0.00000  0.00000  0.99085  1.00000
1.330000000e+00  0.00000  1.00000  0.96747  0.38616  0.00000  0.00000  0.99112  1.00000
1.340000000e+00  0.00000  1.00000  0.56977  0.23429  0.00000  0.00000  0.99138  1.00000
1.350000000e+00  0.00000  1.00000  0.85169  0.01414  0.00000  0.00000  0.99164  1.00000
1.360000000e+00  0.00000  1.00000  0.98749  0.00000  0.00000  0.00000  0.99188  1.00000
1.370000000e+00  0.00000  1.00000  0.96991  0.00000  0.00000  0.00000  0.99211  1.00000
1.380000000e+00  0.00000  1.00000  0.96147  0.00000  0.00000  0.00000  0.99234  1.00000
1.390000000e+00  0.00000  1.00000  0.99279  0.00000  0.00000  0.00000  0.99255  1.00000
1.400000000e+00  0.00000  1.00000  0.99612  0.00001  0.00000  0.00000  0.99276  1.00000
1.410000000e+00  0.00000  1.00000  0.99980  0.00000  0.00000  0.00000  0.99297  1.00000
1.420000000e+00  0.00000  1.00000  0.99942  0.00128  0.00000  0.00000  0.99316  1.00000
1.430000000e+00  0.00000  1.00000  0.68641  0.00378  0.00000  0.00000  0.99335  1.00000
1.440000000e+00  0.00000  1.00000  0.00000  0.00417  0.00000  0.00000  0.99353  1.00000
1.450000000e+00  0.00000  1.00000  0.01219  0.03029  0.00000  0.00000  0.99371  1.00000
1.460000000e+00  0.00000  1.00000  0.63040  0.10842  0.00000  0.00000  0.99388  1.00000
1.470000000e+00  0.00000  1.00000  0.97347  0.03439  0.00000  0.00000  0.99404  1.00000
1.480000000e+00  0.00000  1.00000  0.41480  0.08597  0.00000  0.00000  0.99420  1.00000
1.490000000e+00  0.00000  1.00000  0.74683  0.08588  0.00000  0.00000  0.99436  1.00000
1.500000000e+00  0.00000  1.00000  0.55775  0.40337  0.00000  0.00000  0.99450  1.00000
1.510000000e+00  0.00000  1.00000  0.98130  0.55870  0.00000  0.00000  0.99465  1.00000
1.520000000e+00  0.00000  1.00000  0.98589  0.73589  0.00000  0.00000  0.99479  1.00000
1.530000000e+00  0.00000  1.00000  0.32284  0.81747  0.00000  0.00000  0.99492  1.00000
1.540000000e+00  0.00000  1.00000  0.13586  0.93311  0.00000  0.00000  0.99505  1.00000
1.550000000e+00  0.00000  1.00000  0.64822  0.96467  0.00000  0.00000  0.99518  1.00000
1.560000000e+00  0.00000  1.00000  0.93824  0.99012  0.00000  0.00000  0.99530  1.00000
1.570000000e+00  0.00000  1.00000  0.30343  0.98130  0.00000  0.00000  0.99542  1.00000
1.580000000e+00  0.00000  1.00000  0.00020  0.98506  0.00000  0.00000  0.99553  1.00000
1.590000000e+00  0.00000  1.00000  0.33732  0.98644  0.00000  0.00000  0.99564  1.00000
1.600000000e+00  0.00000  1.00000  0.21429  0.97925  0.00000  0.00000  0.99575  1.00000
1.610000000e+00  0.00000  1.00000  0.00217  0.99234  0.00000  0.00000  0.99586  1.00000
1.620000000e+00  0.00000  1.00000  0.01793  0.99243  0.00000  0.00000  0.99596  1.00000
1.630000000e+00  0.00000  1.00000  0.39019  0.99737  0.00000  0.00000  0.99606  1.00000
1.640000000e+00  0.00000  1.00000  0.30711  0.99206  0.00000  0.00000  0.99615  1.00000
1.650000000e+00  0.00000  1.00000  0.23382  0.97865  0.00000  0.00000  0.99624  1.00000
1.660000000e+00  0.00000  1.00000  0.39009  0.97591  0.00000  0.00000  0.99633  1.00000
1.670000000e+00  0.00000  1.00000  0.56024  0.97704  0.00000  0.00000  0.99642  1.00000
1.680000000e+00  0.00000  1.00000  0.80012  0.96461  0.00000  0.00000  0.99650  1.00000
1.690000000e+00  0.00000  1.00000  0.93729  0.97093  0.00000  0.00000  0.99659  1.00000
1.700000000e+00  0.00000  1.00000  0.98467  0.89635  0.00000  0.00000  0.99666  1.00000
1.710000000e+00  0.00000  1.00000  0.92882  0.89484  0.00000  0.00000  0.99674  1.00000
1.720000000e+00  0.00000  1.00000  0.96310  0.91436  0.00000  0.00000  0.99682  1.00000
1.730000000e+00  0.00000  1.00000  0.99257  0.86204  0.00000  0.00000  0.99689  1.00000
1.740000000e+00  0.00000  1.00000  0.99936  0.75039  0.00000  0.00000  0.99696  1.00000
1.750000000e+00  0.00000  1.00000  0.99894  0.68385  0.00000  0.00000  0.99703  1.00000
1.760000000e+00  0.00000  1.00000  0.89532  0.69364  0.00000  0.00000  0.99710  1.00000
1.770000000e+00  0.00000  1.00000  0.95743  0.52253  0.00000  0.00000  0.99716  1.00000
1.780000000e+00  0.00000  1.00000  0.99495  0.34643  0.00000  0.00000  0.99722  1.00000
1.790000000e+00  0.00000  1.00000  0.87991  0.20079  0.00000  0.00000  0.99729  1.00000
1.800000000e+00  0.00000  1.00000  0.94939  0.08132  0.00000  0.00000  0.99735  1.00000
1.810000000e+00  0.00000  1.00000  0.98707  0.00865  0.00000  0.00000  0.99740  1.00000
1.820000000e+00  0.00000  1.00000  0.99543  0.00043  0.00000  0.00000  0.99746  1.00000
1.830000000e+00  0.00000  1.00000  0.99924  0.00000  0.00000  0.00000  0.99751  1.00000
1.840000000e+00  0.00000  1.00000  0.99971  0.00000  0.00000  0.00000  0.99757  1.00000
1.850000000e+00  0.00000  1.00000  0.99751  0.00000  0.00000  0.00000  0.99762  1.00000
1.860000000e+00  0.00000  1.00000  0.99708  0.00000  0.00000  0.00000  0.99767  1.00000
1.870000000e+00  0.00000  1.00000  0.97867  0.00000  0.00000  0.00000  0.99772  1.00000
1.880000000e+00  0.00000  1.00000  0.10694  0.00000  0.00000  0.00000  0.99777  1.00000
1.890000000e+00  0.00000  1.00000  0.12437  0.00000  0.00000  0.00000  0.99782  1.00000
1.900000000e+00  0.00000  1.00000  0.51463  0.00001  0.00000  0.00000  0.99786  1.00000
1.910000000e+00  0.00000  1.00000  0.64258  0.00000  0.00000  0.00000  0.99791  1.00000
1.920000000e+00  0.00000  1.00000  0.86101  0.00000  0.00000  0.00000  0.99795  1.00000
1.930000000e+00  0.00000  1.00000  0.83943  0.00001  0.00000  0.00000  0.99799  1.00000
1.940000000e+00  0.00000  1.00000  0.18729  0.00026  0.00000  0.00000  0.99803  1.00000
1.950000000e+00  0.00000  1.00000  0.00000  0.00525  0.00000  0.00000  0.99807  1.00000
1.960000000e+00  0.00000  1.00000  0.00000  0.01566  0.00000  0.00000  0.99811  1.00000
1.970000000e+00  0.00000  1.00000  0.00000  0.22011  0.00000  0.00000  0.99815  1.00000
1.980000000e+00  0.00000  1.00000  0.00000  0.34200  0.00000  0.00000  0.99819  1.00000
1.990000000e+00  0.00000  1.00000  0.00401  0.40546  0.00000  0.00000  0.99822  1.00000
2.000000000e+00  0.00000  1.00000  0.00000  0.53693  0.00000  0.00000  0.99826  1.00000
2.010000000e+00  0.00000  1.00000  0.00000  0.43504  0.00000  0.00000  0.99829  1.00000
2.020000000e+00  0.00000  1.00000  0.00000  0.58793  0.00000  0.00000  0.99832  1.00000
2.030000000e+00  0.00000  1.00000  0.00000  0.80815  0.00000  0.00000  0.99836  1.00000
2.040000000e+00  0.00000  1.00000  0.00000  0.83821  0.00000  0.00000  0.99839  1.00000
2.050000000e+00  0.00000  1.00000  0.00000  0.92248  0.00000  0.00000  0.99842  1.00000
2.060000000e+00  0.00000  1.00000  0.00000  0.84204  0.00000  0.00000  0.99845  1.00000
2.070000000e+00  0.00000  1.00000  0.00000  0.87113  0.00000  0.00000  0.99848  1.00000
2.080000000e+00  0.00000  1.00000  0.00000  0.91504  0.00000  0.00000  0.99851  1.00000
2.090000000e+00  0.00000  1.00000  0.00000  0.91327  0.00000  0.00000  0.99854  1.00000
2.100000000e+00  0.00000  1.00000  0.00004  0.94752  0.00000  0.00000  0.99857  1.00000
2.110000000e+00  0.00000  1.00000  0.01821  0.95819  0.00000  0.00000  0.99859  1.00000
2.120000000e+00  0.00000  1.00000  0.06601  0.89265  0.00000  0.00000  0.99862  1.00000
2.130000000e+00  0.00000  1.00000  0.43614  0.85161  0.00000  0.00000  0.99864  1.00000
2.140000000e+00  0.00000  1.00000  0.63032  0.96396  0.00000  0.00000  0.99867  1.00000
2.150000000e+00  0.00000  1.00000  0.27478  0.98275  0.00000  0.00000  0.99869  1.00000
2.160000000e+00  0.00000  1.00000  0.34558  0.93434  0.00000  0.00000  0.99872  1.00000
2.170000000e+00  0.00000  1.00000  0.22888  0.86626  0.00000  0.00000  0.99874  1.00000
2.180000000e+00  0.00000  1.00000  0.53938  0.88886  0.00000  0.00000  0.99876  1.00000
2.190000000e+00  0.00000  1.00000  0.83003  0.76835  0.00000  0.00000  0.99879  1.00000
2.200000000e+00  0.00000  1.00000  0.88537  0.85589  0.00000  0.00000  0.99881  1.00000
2.210000000e+00  0.00000  1.00000  0.96443  0.89714  0.00000  0.00000  0.99883  1.00000
2.220000000e+00  0.00000  1.00000  0.95051  0.92125  0.00000  0.00000  0.99885  1.00000
2.230000000e+00  0.00000  1.00000  0.95411  0.94676  0.00000  0.00000  0.99887  1.00000
2.240000000e+00  0.00000  1.00000  0.98684  0.97488  0.00000  0.00000  0.99889  1.00000
2.250000000e+00  0.00000  1.00000  0.97804  0.97870  0.00000  0.00000  0.99891  1.00000
2.260000000e+00  0.00000  1.00000  0.94828  0.99176  0.00000  0.00000  0.99893  1.00000
2.270000000e+00  0.00000  1.00000  0.98751  0.98260  0.00000  0.00000  0.99895  1.00000
2.280000000e+00  0.00000  1.00000  0.97358  0.99674  0.00000  0.00000  0.99897  1.00000
2.290000000e+00  0.00000  1.00000  0.99184  0.98360  0.00000  0.00000  0.99899  1.00000
2.300000000e+00  0.00000  1.00000  0.99598  0.90674  0.00000  0.00000  0.99900  1.00000
2.310000000e+00  0.00000  1.00000  0.99745  0.96914  0.00000  0.00000  0.99902  1.00000
2.320000000e+00  0.00000  1.00000  0.99903  0.92300  0.00000  0.00000  0.99904  1.00000
2.330000000e+00  0.00000  1.00000  0.99988  0.91602  0.00000  0.00000  0.99905  1.00000
2.340000000e+00  0.00000  1.00000  0.99989  0.93361  0.00000  0.00000  0.99907  1.00000
2.350000000e+00  0.00000  1.00000  0.99987  0.82788  0.00000  0.00000  0.99908  1.00000
2.360000000e+00  0.00000  1.00000  0.99967  0.69526  0.00000  0.00000  0.99910  1.00000
2.370000000e+00  0.00000  1.00000  0.99821  0.71508  0.00000  0.00000  0.99912  1.00000
2.380000000e+00  0.00000  1.00000  0.99714  0.52698  0.00000  0.00000  0.99913  1.00000
2.390000000e+00  0.00000  1.00000  0.99067  0.40963  0.00000  0.00000  0.99914  1.00000
2.400000000e+00  0.00000  1.00000  0.98879  0.50537  0.00000  0.00000  0.99916  1.00000
2.410000000e+00  0.00000  1.00000  0.98701  0.33055  0.00000  0.00000  0.99917  1.00000
2.420000000e+00  0.00000  1.00000  0.99684  0.14781  0.00000  0.00000  0.99919  1.00000
2.430000000e+00  0.00000  1.00000  0.99991  0.34218  0.00000  0.00000  0.99920  1.00000
2.440000000e+00  0.00000  1.00000  0.99986  0.06942  0.00000  0.00000  0.99921  1.00000
2.450000000e+00  0.00000  1.00000  0.99965  0.12998  0.00000  0.00000  0.99923  1.00000
2.460000000e+00  0.00000  1.00000  0.99948  0.21194  0.00000  0.00000  0.99924  1.00000
2.470000000e+00  0.00000  1.00000  0.99225  0.17998  0.00000  0.00000  0.99925  1.00000
2.480000000e+00  0.00000  1.00000  0.96948  0.08293  0.00000  0.00000  0.99926  1.00000
2.490000000e+00  0.00000  1.00000  0.31725  0.00311  0.00000  0.00000  0.99927  1.00000
2.500000000e+00  0.00000  1.00000  0.73502  0.00304  0.00000  0.00000  0.99929  1.00000
2.510000000e+00  0.00000  1.00000  0.70314  0.00080  0.00000  0.00000  0.99930  1.00000
2.520000000e+00  0.00000  1.00000  0.68082  0.00017  0.00000  0.00000  0.99931  1.00000
2.530000000e+00  0.00000  1.00000  0.83623  0.00000  0.00000  0.00000  0.99932  1.00000
2.540000000e+00  0.00000  1.00000  0.89859  0.00000  0.00000  0.00000  0.99933  1.00000
2.550000000e+00  0.00000  1.00000  0.97445  0.00000  0.00000  0.00000  0.99934  1.00000
2.560000000e+00  0.00000  1.00000  0.94332  0.00000  0.00000  0.00000  0.99935  1.00000
2.570000000e+00  0.00000  1.00000  0.96614  0.00000  0.00000  0.00000  0.99936  1.00000
2.580000000e+00  0.00000  1.00000  0.78590  0.00000  0.00000  0.00000  0.99937  1.00000
2.590000000e+00  0.00000  1.00000  0.53917  0.00000  0.00000  0.00000  0.99938  1.00000
2.600000000e+00  0.00000  1.00000  0.64259  0.00000  0.00000  0.00000  0.99939  1.00000
2.610000000e+00  0.00000  1.00000  0.17933  0.00000  0.00000  0.00000  0.99940  1.00000
2.620000000e+00  0.00000  1.00000  0.06778  0.00000  0.00000  0.00000  0.99941  1.00000
2.630000000e+00  0.00000  1.00000  0.24260  0.00000  0.00000  0.00000  0.99942  1.00000
2.640000000e+00  0.00000  1.00000  0.20383  0.00000  0.00000  0.00000  0.99942  1.00000
2.650000000e+00  0.00000  1.00000  0.36642  0.00000  0.00000  0.00000  0.99943  1.00000
2.660000000e+00  0.00000  1.00000  0.00059  0.00000  0.00000  0.00000  0.99944  1.00000
2.670000000e+00  0.00000  1.00000  0.00000  0.00000  0.00000  0.00000  0.99945  1.00000
2.680000000e+00  0.00000  1.00000  0.00000  0.00000  0.00000  0.00000  0.99946  1.00000
2.690000000e+00  0.00000  1.00000  0.00000  0.00000  0.00000  0.00000  0.99947  1.00000
2.700000000e+00  0.00000  1.00000  0.00000  0.00000  0.00000  0.00000  0.99947  1.00000
2.710000000e+00  0.00000  1.00000  0.00000  0.00000  0.00000  0.00000  0.99948  1.00000
2.720000000e+00  0.00000  1.00000  0.00000  0.00000  0.00000  0.00000  0.99949  1.00000
2.730000000e+00  0.00000  1.00000  0.00000  0.00000  0.00000  0.00000  0.99950  1.00000
2.740000000e+00  0.00000  1.00000  0.00000  0.00000  0.00000  0.00000  0.99950  1.00000
2.750000000e+00  0.00000  1.00000  0.00000  0.00000  0.00000  0.00000  0.99951  1.00000
2.760000000e+00  0.00000  1.00000  0.00000  0.00000  0.00000  0.00000  0.99952  1.00000
2.770000000e+00  0.00000  1.00000  0.00000  0.00000  0.00000  0.00000  0.99953  1.00000
2.780000000e+00  0.00000  1.00000  0.00000  0.00000  0.00000  0.00000  0.99953  1.00000
2.790000000e+00  0.00000  1.00000  0.00000  0.00000  0.00000  0.00000  0.99954  1.00000
2.800000000e+00  0.00000  1.00000  0.00000  0.00000  0.00000  0.00000  0.99955  1.00000
2.810000000e+00  0.00000  1.00000  0.00000  0.00000  0.00000  0.00000  0.99955  1.00000
2.820000000e+00  0.00000  1.00000  0.00000  0.00000  0.00000  0.00000  0.99956  1.00000
2.830000000e+00  0.00000  1.00000  0.00000  0.00000  0.00000  0.00000  0.99956  1.00000
2.840000000e+00  0.00000  1.00000  0.00000  0.00000  0.00000  0.00000  0.99957  1.00000
2.850000000e+00  0.00000  1.00000  0.00000  0.00000  0.00000  0.00000  0.99958  1.00000
2.860000000e+00  0.00000  1.00000  0.00000  0.00000  0.00000  0.00000  0.99958  1.00000
2.870000000e+00  0.00000  1.00000  0.00000  0.00001  0.00000  0.00000  0.99959  1.00000
2.880000000e+00  0.00000  1.00000  0.00000  0.00003  0.00000  0.00000  0.99959  1.00000
2.890000000e+00  0.00000  1.00000  0.00002  0.00002  0.00000  0.00000  0.99960  1.00000
2.900000000e+00  0.00000  1.00000  0.00387  0.00228  0.00000  0.00000  0.99960  1.00000
2.910000000e+00  0.00000  1.00000  0.07945  0.00068  0.00000  0.00000  0.99961  1.00000
2.920000000e+00  0.00000  1.00000  0.34144  0.00095  0.00000  0.00000  0.99962  1.00000
2.930000000e+00  0.00000  1.00000  0.55276  0.00593  0.00000  0.00000  0.99962  1.00000
2.940000000e+00  0.00000  1.00000  0.68456  0.02963  0.00000  0.00000  0.99963  1.00000
2.950000000e+00  0.00000  1.00000  0.81910  0.00067  0.00000  0.00000  0.99963  1.00000
2.960000000e+00  0.00000  1.00000  0.41584  0.00827  0.00000  0.00000  0.99964  1.00000
2.970000000e+00  0.00000  1.00000  0.05073  0.02984  0.00000  0.00000  0.99964  1.00000
2.980000000e+00  0.00000  1.00000  0.00375  0.00004  0.00000  0.00000  0.99965  1.00000
2.990000000e+00  0.00000  1.00000  0.01462  0.04280  0.00000  0.00000  0.99965  1.00000
3.000000000e+00  0.00000  1.00000  0.28554  0.07169  0.00000  0.00000  0.99965  1.00000
3.010000000e+00  0.00000  1.00000  0.30137  0.04979  0.00000  0.00000  0.99966  1.00000
3.020000000e+00  0.00000  1.00000  0.05657  0.03476  0.00000  0.00000  0.99966  1.00000
3.030000000e+00  0.00000  1.00000  0.11399  0.03022  0.00000  0.00000  0.99967  1.00000
3.040000000e+00  0.00000  1.00000  0.31445  0.00429  0.00000  0.00000  0.99967  1.00000
3.050000000e+00  0.00000  1.00000  0.63410  0.00544  0.00000  0.00000  0.99968  1.00000
3.060000000e+00  0.00000  1.00000  0.68598  0.01133  0.00000  0.00000  0.99968  1.00000
3.070000000e+00  0.00000  1.00000  0.83506  0.00540  0.00000  0.00000  0.99969  1.00000
3.080000000e+00  0.00000  1.00000  0.87073  0.02262  0.00000  0.00000  0.99969  1.00000
3.090000000e+00  0.00000  1.00000  0.92970  0.00043  0.00000  0.00000  0.99969  1.00000
3.100000000e+00  0.00000  1.00000  0.89645  0.00041  0.00000  0.00000  0.99970  1.00000
3.110000000e+00  0.00000  1.00000  0.71682  0.00813  0.00000  0.00000  0.99970  1.00000
3.120000000e+00  0.00000  1.00000  0.49231  0.00119  0.00000  0.00000  0.99970  1.00000
3.130000000e+00  0.00000  1.00000  0.39896  0.05227  0.00000  0.00000  0.99971  1.00000
3.140000000e+00  0.00000  1.00000  0.55755  0.12346  0.00000  0.00000  0.99971  1.00000
3.150000000e+00  0.00000  1.00000  0.75831  0.02219  0.00000  0.00000  0.99972  1.00000
3.160000000e+00  0.00000  1.00000  0.60721  0.08986  0.00000  0.00000  0.99972  1.00000
3.170000000e+00  0.00000  1.00000  0.43597  0.62580  0.00000  0.00000  0.99972  1.00000
3.180000000e+00  0.00000  1.00000  0.49916  0.47116  0.00000  0.00000  0.99973  1.00000
3.190000000e+00  0.00000  1.00000  0.66788  0.19223  0.00000  0.00000  0.99973  1.00000
3.200000000e+00  0.00000  1.00000  0.83334  0.04242  0.00000  0.00000  0.99973  1.00000
3.210000000e+00  0.00000  1.00000  0.93353  0.00001  0.00000  0.00000  0.99974  1.00000
3.220000000e+00  0.00000  1.00000  0.91091  0.00006  0.00000  0.00000  0.99974  1.00000
3.230000000e+00  0.00000  1.00000  0.90401  0.00140  0.00000  0.00000  0.99974  1.00000
3.240000000e+00  0.00000  1.00000  0.94950  0.09930  0.00000  0.00000  0.99975  1.00000
3.250000000e+00  0.00000  1.00000  0.98769  0.03122  0.00000  0.00000  0.99975  1.00000
3.260000000e+00  0.00000  1.00000  0.99652  0.24901  0.00000  0.00000  0.99975  1.00000
3.270000000e+00  0.00000  1.00000  0.99611  0.01352  0.00000  0.00000  0.99976  1.00000
3.280000000e+00  0.00000  1.00000  0.99674  0.04254  0.00000  0.00000  0.99976  1.00000
3.290000000e+00  0.00000  1.00000  0.99851  0.25893  0.00000  0.00000  0.99976  1.00000
3.300000000e+00  0.00000  1.00000  0.99935  0.11927  0.00000  0.00000  0.99976  1.00000
3.310000000e+00  0.00000  1.00000  0.99948  0.01183  0.00000  0.00000  0.99977  1.00000
3.320000000e+00  0.00000  1.00000  0.99900  0.16395  0.00000  0.00000  0.99977  1.00000
3.330000000e+00  0.00000  1.00000  0.99373  0.04827  0.00000  0.00000  0.99977  1.00000
3.340000000e+00  0.00000  1.00000  0.97876  0.32614  0.00000  0.00000  0.99977  0.99985
3.350000000e+00  0.00000  1.00000  0.96616  0.10843  0.00000  0.00000  0.99978  0.99979
3.360000000e+00  0.00000  1.00000  0.86186  0.10877  0.00000  0.00000  0.99978  0.99985
3.370000000e+00  0.00000  1.00000  0.96010  0.15566  0.00000  0.00000  0.99978  0.99974
3.380000000e+00  0.00000  1.00000  0.97145  0.26364  0.00000  0.00000  0.99979  0.99990
3.390000000e+00  0.00000  1.00000  0.98469  0.40723  0.00000  0.00000  0.99979  0.99987
3.400000000e+00  0.00000  1.00000  0.99443  0.61833  0.00000  0.00000  0.99979  0.99994
3.410000000e+00  0.00000  1.00000  0.99795  0.46530  0.00000  0.00000  0.99979  0.99995
3.420000000e+00  0.00000  1.00000  0.99930  0.59189  0.00000  0.00000  0.99980  1.00000
3.430000000e+00  0.00000  1.00000  0.99911  0.85632  0.00000  0.00000  0.99980  0.99992
3.440000000e+00  0.00000  1.00000  0.99932  0.73947  0.00000  0.00000  0.99980  0.99987
3.450000000e+00  0.00000  1.00000  0.99654  0.74488  0.00000  0.00000  0.99980  0.99971
3.460000000e+00  0.00000  1.00000  0.99740  0.69440  0.00000  0.00000  0.99980  0.99989
3.470000000e+00  0.00000  1.00000  0.99906  0.84082  0.00000  0.00000  0.99981  0.99975
3.480000000e+00  0.00000  1.00000  0.99934  0.78881  0.00000  0.00000  0.99981  0.99983
3.490000000e+00  0.00000  1.00000  0.99957  0.83002  0.00000  0.00000  0.99981  0.99983
3.500000000e+00  0.00000  1.00000  0.99959  0.79537  0.00000  0.00000  0.99981  0.99990
3.510000000e+00  0.00000  1.00000  0.99928  0.81458  0.00000  0.00000  0.99982  0.99997
3.520000000e+00  0.00000  1.00000  0.99809  0.74222  0.00000  0.00000  0.99982  0.99996
3.530000000e+00  0.00000  1.00000  0.99499  0.70660  0.00000  0.00000  0.99982  0.99994
3.540000000e+00  0.00000  1.00000  0.98887  0.68579  0.00000  0.00000  0.99982  0.99989
3.550000000e+00  0.00000  1.00000  0.97631  0.64592  0.00000  0.00000  0.99982  0.99991
3.560000000e+00  0.00000  1.00000  0.94849  0.52809  0.00000  0.00000  0.99983  0.99966
3.570000000e+00  0.00000  1.00000  0.90670  0.67715  0.00000  0.00000  0.99983  0.99966
3.580000000e+00  0.00000  1.00000  0.87555  0.60697  0.00000  0.00000  0.99983  0.99937
3.590000000e+00  0.00000  1.00000  0.82064  0.71657  0.00000  0.00000  0.99983  0.99936
3.600000000e+00  0.00000  1.00000  0.67018  0.60717  0.00000  0.00000  0.99983  0.99943
3.610000000e+00  0.00000  1.00000  0.54082  0.81087  0.00000  0.00000  0.99983  0.99946
3.620000000e+00  0.00000  1.00000  0.48938  0.64371  0.00000  0.00000  0.99984  0.99932
3.630000000e+00  0.00000  1.00000  0.68146  0.79864  0.00000  0.00000  0.99984  0.99916
3.640000000e+00  0.00000  1.00000  0.64130  0.69247  0.00000  0.00000  0.99984  0.99891
3.650000000e+00  0.00000  1.00000  0.51638  0.91288  0.00000  0.00000  0.99984  0.99873
3.660000000e+00  0.00000  1.00000  0.61935  0.74742  0.00000  0.00000  0.99984  0.99862
3.670000000e+00  0.00000  1.00000  0.80786  0.75792  0.00000  0.00000  0.99985  0.99848
3.680000000e+00  0.00000  1.00000  0.93364  0.36076  0.00000  0.00000  0.99985  0.99825
3.690000000e+00  0.00000  1.00000  0.96889  0.50248  0.00000  0.00000  0.99985  0.99788
3.700000000e+00  0.00000  1.00000  0.97982  0.74405  0.00000  0.00000  0.99985  0.99760
3.710000000e+00  0.00000  1.00000  0.98903  0.89579  0.00000  0.00000  0.99985  0.99613
3.720000000e+00  0.00000  1.00000  0.97956  0.67392  0.00000  0.00000  0.99985  0.99511
3.730000000e+00  0.00000  1.00000  0.97825  0.82092  0.00000  0.00000  0.99985  0.99463
3.740000000e+00  0.00000  1.00000  0.97746  0.68119  0.00000  0.00000  0.99986  0.99403
3.750000000e+00  0.00000  1.00000  0.94047  0.77858  0.00000  0.00000  0.99986  0.99324
3.760000000e+00  0.00000  1.00000  0.84583  0.73014  0.00000  0.00000  0.99986  0.99233
3.770000000e+00  0.00000  1.00000  0.72172  0.67188  0.00000  0.00000  0.99986  0.99135
3.780000000e+00  0.00000  1.00000  0.54876  0.69285  0.00000  0.00000  0.99986  0.99001
3.790000000e+00  0.00000  1.00000  0.37593  0.75045  0.00000  0.00000  0.99986  0.98842
3.800000000e+00  0.00000  1.00000  0.14921  0.69617  0.00000  0.00000  0.99987  0.98673
3.810000000e+00  0.00000  1.00000  0.04073  0.86497  0.00000  0.00000  0.99987  0.98474
3.820000000e+00  0.00000  1.00000  0.06414  0.66279  0.00000  0.00000  0.99987  0.98263
3.830000000e+00  0.00000  1.00000  0.26217  0.84704  0.00000  0.00000  0.99987  0.98024
3.840000000e+00  0.00000  1.00000  0.12954  0.72317  0.00000  0.00000  0.99987  0.97742
3.850000000e+00  0.00000  1.00000  0.06739  0.85561  0.00000  0.00000  0.99987  0.97411
3.860000000e+00  0.00000  1.00000  0.12157  0.82651  0.00000  0.00000  0.99987  0.97035
3.870000000e+00  0.00000  1.00000  0.29005  0.87027  0.00000  0.00000  0.99987  0.96620
3.880000000e+00  0.00000  1.00000  0.53568  0.86555  0.00000  0.00000  0.99988  0.96145
3.890000000e+00  0.00000  1.00000  0.75541  0.89624  0.00000  0.00000  0.99988  0.95597
3.900000000e+00  0.00000  1.00000  0.90336  0.93242  0.00000  0.00000  0.99988  0.94982
3.910000000e+00  0.00000  1.00000  0.95961  0.88316  0.00000  0.00000  0.99988  0.94283
3.920000000e+00  0.00000  1.00000  0.96426  0.97327  0.00000  0.00000  0.99988  0.93470
3.930000000e+00  0.00000  1.00000  0.92679  0.94213  0.00000  0.00000  0.99988  0.92536
3.940000000e+00  0.00000  1.00000  0.84402  0.97468  0.00000  0.00000  0.99988  0.91457
3.950000000e+00  0.00000  1.00000  0.71856  0.97830  0.00000  0.00000  0.99988  0.90237
3.960000000e+00  0.00000  1.00000  0.50295  0.96417  0.00000  0.00000  0.99989  0.88797
3.970000000e+00  0.00000  1.00000  0.33242  0.98999  0.00000  0.00000  0.99989  0.87151
3.980000000e+00  0.00000  1.00000  0.18195  0.97773  0.00000  0.00000  0.99989  0.85320
3.990000000e+00  0.00000  1.00000  0.13264  0.99284  0.00000  0.00000  0.99989  0.83233
4.000000000e+00  0.00000  1.00000  0.30961  0.99041  0.00000  0.00000  0.99989  0.80855
4.010000000e+00  0.00000  1.00000  0.38222  0.99033  0.00000  0.00000  0.99989  0.78254
4.020000000e+00  0.00000  1.00000  0.17105  0.99736  0.00000  0.00000  0.99989  0.75432
4.030000000e+00  0.00000  1.00000  0.14877  0.99045  0.00000  0.00000  0.99989  0.72451
4.040000000e+00  0.00000  1.00000  0.20592  0.99508  0.00000  0.00000  0.99989  0.69322
4.050000000e+00  0.00000  1.00000  0.34353  0.99558  0.00000  0.00000  0.99990  0.66025
4.060000000e+00  0.00000  1.00000  0.51165  0.99449  0.00000  0.00000  0.99990  0.62720
4.070000000e+00  0.00000  1.00000  0.56407  0.99429  0.00000  0.00000  0.99990  0.59404
4.080000000e+00  0.00000  1.00000  0.27385  0.99729  0.00000  0.00000  0.99990  0.56253
4.090000000e+00  0.00000  1.00000  0.08337  0.99703  0.00000  0.00000  0.99990  0.53316
4.100000000e+00  0.00000  1.00000  0.03672  0.99735  0.00000  0.00000  0.99990  0.50582
4.110000000e+00  0.00000  1.00000  0.04748  0.99047  0.00000  0.00000  0.99990  0.48154
4.120000000e+00  0.00000  1.00000  0.20738  0.99737  0.00000  0.00000  0.99990  0.46069
4.130000000e+00  0.00000  1.00000  0.25685  0.99352  0.00000  0.00000  0.99990  0.44332
4.140000000e+00  0.00000  1.00000  0.11266  0.99569  0.00000  0.00000  0.99990  0.42964
4.150000000e+00  0.00000  1.00000  0.04647  0.99863  0.00000  0.00000  0.99990  0.41947
4.160000000e+00  0.00000  1.00000  0.00020  0.99262  0.00000  0.00000  0.99991  0.41323
4.170000000e+00  0.00000  1.00000  0.00000  0.99559  0.00000  0.00000  0.99991  0.40977
4.180000000e+00  0.00000  1.00000  0.00000  0.99479  0.00000  0.00000  0.99991  0.41111
4.190000000e+00  0.00000  1.00000  0.00000  0.99474  0.00000  0.00000  0.99991  0.41324
4.200000000e+00  0.00000  1.00000  0.00000  0.99413  0.00000  0.00000  0.99991  0.41849
4.210000000e+00  0.00000  1.00000  0.00000  0.99089  0.00000  0.00000  0.99991  0.42163
4.220000000e+00  0.00000  1.00000  0.00000  0.99122  0.00000  0.00000  0.99991  0.42242
4.230000000e+00  0.00000  1.00000  0.00000  0.99036  0.00000  0.00000  0.99991  0.41966
4.240000000e+00  0.00000  1.00000  0.00000  0.99274  0.00000  0.00000  0.99991  0.41141
4.250000000e+00  0.00000  1.00000  0.00000  0.98195  0.00000  0.00000  0.99991  0.39593
4.260000000e+00  0.00000  1.00000  0.00000  0.97746  0.00000  0.00000  0.99991  0.36697
4.270000000e+00  0.00000  1.00000  0.00000  0.99214  0.00000  0.00000  0.99992  0.32413
4.280000000e+00  0.00000  1.00000  0.00000  0.96782  0.00000  0.00000  0.99992  0.29471
4.290000000e+00  0.00000  1.00000  0.00000  0.96290  0.00000  0.00000  0.99992  0.27680
4.300000000e+00  0.00000  1.00000  0.00000  0.95820  0.00000  0.00000  0.99992  0.28157
4.310000000e+00  0.00000  1.00000  0.00000  0.92949  0.00000  0.00000  0.99992  0.30919
4.320000000e+00  0.00000  1.00000  0.00000  0.94299  0.00000  0.00000  0.99992  0.34908
4.330000000e+00  0.00000  1.00000  0.00000  0.94162  0.00000  0.00000  0.99992  0.40346
4.340000000e+00  0.00000  1.00000  0.00000  0.93009  0.00000  0.00000  0.99992  0.44883
4.350000000e+00  0.00000  1.00000  0.00000  0.92373  0.00000  0.00000  0.99992  0.48330
4.360000000e+00  0.00000  1.00000  0.00000  0.89898  0.00000  0.00000  0.99992  0.50824
4.370000000e+00  0.00000  1.00000  0.00000  0.80232  0.00000  0.00000  0.99992  0.52616
4.380000000e+00  0.00000  1.00000  0.00000  0.92930  0.00000  0.00000  0.99992  0.53957
4.390000000e+00  0.00000  1.00000  0.00000  0.90136  0.00000  0.00000  0.99992  0.55178
4.400000000e+00  0.00000  1.00000  0.00000  0.85403  0.00000  0.00000  0.99992  0.56036
4.410000000e+00  0.00000  1.00000  0.00000  0.72544  0.00000  0.00000  0.99993  0.57152
4.420000000e+00  0.00000  1.00000  0.00000  0.95227  0.00000  0.00000  0.99993  0.58219
4.430000000e+00  0.00000  1.00000  0.00000  0.83732  0.00000  0.00000  0.99993  0.59459
4.440000000e+00  0.00000  1.00000  0.00000  0.66596  0.00000  0.00000  0.99993  0.60789
4.450000000e+00  0.00000  1.00000  0.00000  0.73449  0.00000  0.00000  0.99993  0.62352
4.460000000e+00  0.00000  1.00000  0.00000  0.76646  0.00000  0.00000  0.99993  0.63902
4.470000000e+00  0.00000  1.00000  0.00000  0.78888  0.00000  0.00000  0.99993  0.65794
4.480000000e+00  0.00000  1.00000  0.00000  0.76066  0.00000  0.00000  0.99993  0.67563
4.490000000e+00  0.00000  1.00000  0.00000  0.81161  0.00000  0.00000  0.99993  0.69613
4.500000000e+00  0.00000  1.00000  0.00000  0.83878  0.00000  0.00000  0.99993  0.71508
4.510000000e+00  0.00000  1.00000  0.00000  0.82941  0.00000  0.00000  0.99993  0.73578
4.520000000e+00  0.00000  1.00000  0.00000  0.75075  0.00000  0.00000  0.99993  0.75591
4.530000000e+00  0.00000  1.00000  0.00000  0.61576  0.00000  0.00000  0.99993  0.77558
4.540000000e+00  0.00000  1.00000  0.00002  0.59437  0.00000  0.00000  0.99993  0.79492
4.550000000e+00  0.00000  1.00000  0.00018  0.78994  0.00000  0.00000  0.99993  0.81349
4.560000000e+00  0.00000  1.00000  0.00407  0.88774  0.00000  0.00000  0.99993  0.83126
4.570000000e+00  0.00000  1.00000  0.03011  0.77608  0.00000  0.00000  0.99994  0.84735
4.580000000e+00  0.00000  1.00000  0.10778  0.66846  0.00000  0.00000  0.99994  0.86309
4.590000000e+00  0.00000  1.00000  0.15826  0.73982  0.00000  0.00000  0.99994  0.87744
4.600000000e+00  0.00000  1.00000  0.23555  0.78014  0.00000  0.00000  0.99994  0.89063
4.610000000e+00  0.00000  1.00000  0.29578  0.82002  0.00000  0.00000  0.99994  0.90279
4.620000000e+00  0.00000  1.00000  0.24568  0.76849  0.00000  0.00000  0.99994  0.91390
4.630000000e+00  0.00000  1.00000  0.10918  0.56057  0.00000  0.00000  0.99994  0.92391
4.640000000e+00  0.00000  1.00000  0.08374  0.56941  0.00000  0.00000  0.99994  0.93295
4.650000000e+00  0.00000  1.00000  0.06803  0.58519  0.00000  0.00000  0.99994  0.94110
4.660000000e+00  0.00000  1.00000  0.06816  0.51845  0.00000  0.00000  0.99994  0.94842
4.670000000e+00  0.00000  1.00000  0.07477  0.44700  0.00000  0.00000  0.99994  0.95462
4.680000000e+00  0.00000  1.00000  0.02665  0.45450  0.00000  0.00000  0.99994  0.95974
4.690000000e+00  0.00000  1.00000  0.01160  0.18442  0.00000  0.00000  0.99994  0.96475
4.700000000e+00  0.00000  1.00000  0.00129  0.83827  0.00000  0.00000  0.99994  0.96896
4.710000000e+00  0.00000  1.00000  0.00004  0.72938  0.00000  0.00000  0.99994  0.97253
4.720000000e+00  0.00000  1.00000  0.00002  0.39065  0.00000  0.00000  0.99994  0.97592
4.730000000e+00  0.00000  1.00000  0.00000  0.54266  0.00000  0.00000  0.99994  0.97852
4.740000000e+00  0.00000  1.00000  0.00000  0.38349  0.00000  0.00000  0.99994  0.98131
4.750000000e+00  0.00000  1.00000  0.00000  0.61943  0.00000  0.00000  0.99994  0.98357
4.760000000e+00  0.00000  1.00000  0.00000  0.50655  0.00000  0.00000  0.99994  0.98562
4.770000000e+00  0.00000  1.00000  0.00000  0.51636  0.00000  0.00000  0.99995  0.98740
4.780000000e+00  0.00000  1.00000  0.00000  0.37498  0.00000  0.00000  0.99995  0.98840
4.790000000e+00  0.00000  1.00000  0.00000  0.21109  0.00000  0.00000  0.99995  0.98980
4.800000000e+00  0.00000  1.00000  0.00000  0.26177  0.00000  0.00000  0.99995  0.99150
4.810000000e+00  0.00000  1.00000  0.00000  0.41730  0.00000  0.00000  0.99995  0.99268
4.820000000e+00  0.00000  1.00000  0.00000  0.35565  0.00000  0.00000  0.99995  0.99358
4.830000000e+00  0.00000  1.00000  0.00000  0.20302  0.00000  0.00000  0.99995  0.99456
4.840000000e+00  0.00000  1.00000  0.00000  0.39286  0.00000  0.00000  0.99995  0.99272
4.850000000e+00  0.00000  1.00000  0.00000  0.10091  0.00000  0.00000  0.99995  0.99481
4.860000000e+00  0.00000  1.00000  0.00000  0.05710  0.00000  0.00000  0.99995  0.99638
4.870000000e+00  0.00000  1.00000  0.00000  0.53779  0.00000  0.00000  0.99995  0.99694
4.880000000e+00  0.00000  1.00000  0.00000  0.53064  0.00000  0.00000  0.99995  0.99729
4.890000000e+00  0.00000  1.00000  0.00000  0.46478  0.00000  0.00000  0.99995  0.99715
4.900000000e+00  0.00000  1.00000  0.00000  0.05694  0.00000  0.00000  0.99995  0.99571
4.910000000e+00  0.00000  1.00000  0.00000  0.02964  0.00000  0.00000  0.99995  0.99786
4.920000000e+00  0.00000  1.00000  0.00000  0.21496  0.00000  0.00000  0.99995  0.99819
4.930000000e+00  0.00000  1.00000  0.00000  0.44760  0.00000  0.00000  0.99995  0.99838
4.940000000e+00  0.00000  1.00000  0.00011  0.21639  0.00000  0.00000  0.99995  0.99840
4.950000000e+00  0.00000  1.00000  0.00054  0.04724  0.00000  0.00000  0.99995  0.99726
4.960000000e+00  0.00000  1.00000  0.00127  0.01194  0.00000  0.00000  0.99995  0.99184
4.970000000e+00  0.00000  1.00000  0.01067  0.00506  0.00000  0.00000  0.99995  0.99886
4.980000000e+00  0.00000  1.00000  0.03171  0.10916  0.00000  0.00000  0.99995  0.99896
4.990000000e+00  0.00000  1.00000  0.08117  0.02706  0.00000  0.00000  0.99995  0.99918
5.000000000e+00  0.00000  1.00000  0.07442  0.20626  0.00000  0.00000  0.99995  0.99921
