results_atm.txt
# ------------------------------------------------------------------------
# Atmospheric radiances synthesized with PUMAS (Villanueva et al. 2016, Smith et al. 2009, Edwards 1992)
# Molecular abundance profile: 
# Molecules considered: N2,CO2,H2O
# Molecular sources: HIT[22],HIT[2],HIT[1]
# Molecular abundances: 1,1,1
# Molecular abundance units: scl,scl,scl
# Collission-Induced-Absorption:  N2-N2(3.33-5.41um)
# Rayleigh scattering included
# ------------------------------------------------------------------------
# Wave/freq TRAPPIST-1-e
1.000000000e+00  2.94528e-10
1.010000000e+00  2.96288e-10
1.020000000e+00  2.97894e-10
1.030000000e+00  2.99339e-10
1.040000000e+00  2.90819e-10
1.050000000e+00  3.01663e-10
1.060000000e+00  3.02070e-10
1.070000000e+00  3.00689e-10
1.080000000e+00  3.04048e-10
1.090000000e+00  3.04847e-10
1.100000000e+00  3.05182e-10
1.110000000e+00  3.05485e-10
1.120000000e+00  3.03169e-10
1.130000000e+00  3.02416e-10
1.140000000e+00  3.04445e-10
1.150000000e+00  3.03598e-10
1.160000000e+00  3.05018e-10
1.170000000e+00  3.04992e-10
1.180000000e+00  3.04452e-10
1.190000000e+00  3.03859e-10
1.200000000e+00  3.03262e-10
1.210000000e+00  2.50901e-10
1.220000000e+00  2.74715e-10
1.230000000e+00  2.83370e-10
1.240000000e+00  2.94374e-10
1.250000000e+00  2.98607e-10
1.260000000e+00  2.96076e-10
1.270000000e+00  2.94870e-10
1.280000000e+00  2.95377e-10
1.290000000e+00  2.91231e-10
1.300000000e+00  2.87124e-10
1.310000000e+00  2.91050e-10
1.320000000e+00  2.66126e-10
1.330000000e+00  2.87721e-10
1.340000000e+00  2.71789e-10
1.350000000e+00  2.80351e-10
1.360000000e+00  2.74848e-10
1.370000000e+00  2.71337e-10
1.380000000e+00  2.70060e-10
1.390000000e+00  2.70804e-10
1.400000000e+00  2.69475e-10
1.410000000e+00  2.66401e-10
1.420000000e+00  2.71497e-10
1.430000000e+00  2.67337e-10
1.440000000e+00  1.26946e-10
1.450000000e+00  2.16626e-10
1.460000000e+00  2.61763e-10
1.470000000e+00  2.60559e-10
1.480000000e+00  2.40608e-10
1.490000000e+00  2.53244e-10
1.500000000e+00  2.39491e-10
1.510000000e+00  2.53863e-10
1.520000000e+00  2.52312e-10
1.530000000e+00  2.30529e-10
1.540000000e+00  2.11457e-10
1.550000000e+00  2.40019e-10
1.560000000e+00  2.43025e-10
1.570000000e+00  2.14932e-10
1.580000000e+00  1.47534e-10
1.590000000e+00  2.25121e-10
1.600000000e+00  2.06817e-10
1.610000000e+00  1.44743e-10
1.620000000e+00  1.98942e-10
1.630000000e+00  2.17555e-10
1.640000000e+00  2.07051e-10
1.650000000e+00  2.01794e-10
1.660000000e+00  2.13137e-10
1.670000000e+00  2.13711e-10
1.680000000e+00  2.14612e-10
1.690000000e+00  2.17414e-10
1.700000000e+00  2.16546e-10
1.710000000e+00  2.12276e-10
1.720000000e+00  2.12182e-10
1.730000000e+00  2.10917e-10
1.740000000e+00  2.09048e-10
1.750000000e+00  2.07011e-10
1.760000000e+00  2.04666e-10
1.770000000e+00  2.02890e-10
1.780000000e+00  2.01105e-10
1.790000000e+00  1.98914e-10
1.800000000e+00  1.97005e-10
1.810000000e+00  1.94726e-10
1.820000000e+00  1.90901e-10
1.830000000e+00  1.87317e-10
1.840000000e+00  1.82359e-10
1.850000000e+00  1.81226e-10
1.860000000e+00  1.77826e-10
1.870000000e+00  1.78188e-10
1.880000000e+00  1.56644e-10
1.890000000e+00  1.56162e-10
1.900000000e+00  1.69309e-10
1.910000000e+00  1.68429e-10
1.920000000e+00  1.70597e-10
1.930000000e+00  1.69182e-10
1.940000000e+00  1.60854e-10
1.950000000e+00  9.04963e-11
1.960000000e+00  3.77040e-11
1.970000000e+00  4.13539e-11
1.980000000e+00  9.07706e-11
1.990000000e+00  1.22231e-10
2.000000000e+00  7.76018e-11
2.010000000e+00  2.15270e-11
2.020000000e+00  2.82011e-11
2.030000000e+00  6.07620e-11
2.040000000e+00  6.85919e-11
2.050000000e+00  6.38517e-11
2.060000000e+00  3.72076e-11
2.070000000e+00  4.06964e-11
2.080000000e+00  6.18903e-11
2.090000000e+00  7.59615e-11
2.100000000e+00  9.72514e-11
2.110000000e+00  1.16688e-10
2.120000000e+00  1.22337e-10
2.130000000e+00  1.34334e-10
2.140000000e+00  1.36039e-10
2.150000000e+00  1.23043e-10
2.160000000e+00  1.22221e-10
2.170000000e+00  1.20728e-10
2.180000000e+00  1.26804e-10
2.190000000e+00  1.31029e-10
2.200000000e+00  1.31004e-10
2.210000000e+00  1.30110e-10
2.220000000e+00  1.28092e-10
2.230000000e+00  1.27031e-10
2.240000000e+00  1.26550e-10
2.250000000e+00  1.25202e-10
2.260000000e+00  1.23143e-10
2.270000000e+00  1.22590e-10
2.280000000e+00  1.21204e-10
2.290000000e+00  1.20311e-10
2.300000000e+00  1.19069e-10
2.310000000e+00  1.17856e-10
2.320000000e+00  1.16669e-10
2.330000000e+00  1.15464e-10
2.340000000e+00  1.14269e-10
2.350000000e+00  1.13086e-10
2.360000000e+00  1.11909e-10
2.370000000e+00  1.10757e-10
2.380000000e+00  1.09563e-10
2.390000000e+00  1.08326e-10
2.400000000e+00  1.07108e-10
2.410000000e+00  1.05961e-10
2.420000000e+00  1.05038e-10
2.430000000e+00  1.04111e-10
2.440000000e+00  1.02480e-10
2.450000000e+00  1.01719e-10
2.460000000e+00  1.00894e-10
2.470000000e+00  9.97168e-11
2.480000000e+00  9.79435e-11
2.490000000e+00  9.38169e-11
2.500000000e+00  9.35175e-11
2.510000000e+00  9.26697e-11
2.520000000e+00  9.12231e-11
2.530000000e+00  9.23099e-11
2.540000000e+00  9.07305e-11
2.550000000e+00  8.82360e-11
2.560000000e+00  8.84241e-11
2.570000000e+00  8.16160e-11
2.580000000e+00  7.73366e-11
2.590000000e+00  7.37731e-11
2.600000000e+00  6.73491e-11
2.610000000e+00  7.00272e-11
2.620000000e+00  6.87651e-11
2.630000000e+00  7.24764e-11
2.640000000e+00  7.10570e-11
2.650000000e+00  7.58043e-11
2.660000000e+00  5.88217e-11
2.670000000e+00  1.02498e-11
2.680000000e+00  1.53729e-12
2.690000000e+00  5.25338e-13
2.700000000e+00  6.91139e-13
2.710000000e+00  6.96695e-13
2.720000000e+00  1.52240e-12
2.730000000e+00  3.23581e-12
2.740000000e+00  3.24753e-12
2.750000000e+00  1.49014e-12
2.760000000e+00  4.47177e-13
2.770000000e+00  3.52408e-13
2.780000000e+00  2.63250e-13
2.790000000e+00  3.00385e-13
2.800000000e+00  4.69596e-13
2.810000000e+00  7.08203e-13
2.820000000e+00  8.47819e-13
2.830000000e+00  9.10979e-13
2.840000000e+00  1.07730e-12
2.850000000e+00  7.71368e-13
2.860000000e+00  1.28616e-12
2.870000000e+00  3.34340e-12
2.880000000e+00  5.83790e-12
2.890000000e+00  1.00960e-11
2.900000000e+00  1.55555e-11
2.910000000e+00  1.86747e-11
2.920000000e+00  2.05244e-11
2.930000000e+00  2.11387e-11
2.940000000e+00  2.17267e-11
2.950000000e+00  2.25499e-11
2.960000000e+00  2.23447e-11
2.970000000e+00  2.03405e-11
2.980000000e+00  1.76294e-11
2.990000000e+00  1.70516e-11
3.000000000e+00  1.95503e-11
3.010000000e+00  2.18332e-11
3.020000000e+00  2.00386e-11
3.030000000e+00  2.13703e-11
3.040000000e+00  2.28827e-11
3.050000000e+00  2.36421e-11
3.060000000e+00  2.37633e-11
3.070000000e+00  2.43354e-11
3.080000000e+00  2.45928e-11
3.090000000e+00  2.44846e-11
3.100000000e+00  2.44560e-11
3.110000000e+00  2.42034e-11
3.120000000e+00  2.33782e-11
3.130000000e+00  2.27342e-11
3.140000000e+00  2.31238e-11
3.150000000e+00  2.37432e-11
3.160000000e+00  2.36031e-11
3.170000000e+00  2.33447e-11
3.180000000e+00  2.38404e-11
3.190000000e+00  2.43637e-11
3.200000000e+00  2.48357e-11
3.210000000e+00  2.52203e-11
3.220000000e+00  2.57320e-11
3.230000000e+00  2.61128e-11
3.240000000e+00  2.68808e-11
3.250000000e+00  2.72483e-11
3.260000000e+00  2.79380e-11
3.270000000e+00  2.82938e-11
3.280000000e+00  2.89837e-11
3.290000000e+00  2.96961e-11
3.300000000e+00  3.01522e-11
3.310000000e+00  3.06906e-11
3.320000000e+00  3.14774e-11
3.330000000e+00  3.18060e-11
3.340000000e+00  3.24028e-11
3.350000000e+00  3.27445e-11
3.360000000e+00  3.25229e-11
3.370000000e+00  3.37031e-11
3.380000000e+00  3.42394e-11
3.390000000e+00  3.46710e-11
3.400000000e+00  3.49178e-11
3.410000000e+00  3.50980e-11
3.420000000e+00  3.52952e-11
3.430000000e+00  3.54716e-11
3.440000000e+00  3.56402e-11
3.450000000e+00  3.57707e-11
3.460000000e+00  3.57588e-11
3.470000000e+00  3.57099e-11
3.480000000e+00  3.56478e-11
3.490000000e+00  3.55868e-11
3.500000000e+00  3.55232e-11
3.510000000e+00  3.54574e-11
3.520000000e+00  3.53615e-11
3.530000000e+00  3.51805e-11
3.540000000e+00  3.49924e-11
3.550000000e+00  3.47932e-11
3.560000000e+00  3.45566e-11
3.570000000e+00  3.42534e-11
3.580000000e+00  3.39031e-11
3.590000000e+00  3.33990e-11
3.600000000e+00  3.24755e-11
3.610000000e+00  3.16104e-11
3.620000000e+00  3.09121e-11
3.630000000e+00  3.14124e-11
3.640000000e+00  3.10711e-11
3.650000000e+00  3.04468e-11
3.660000000e+00  3.09541e-11
3.670000000e+00  3.15548e-11
3.680000000e+00  3.16772e-11
3.690000000e+00  3.14760e-11
3.700000000e+00  3.12633e-11
3.710000000e+00  3.10746e-11
3.720000000e+00  3.07608e-11
3.730000000e+00  3.05387e-11
3.740000000e+00  3.03387e-11
3.750000000e+00  3.00001e-11
3.760000000e+00  2.93703e-11
3.770000000e+00  2.86321e-11
3.780000000e+00  2.78706e-11
3.790000000e+00  2.69520e-11
3.800000000e+00  2.49430e-11
3.810000000e+00  2.23350e-11
3.820000000e+00  2.25529e-11
3.830000000e+00  2.44196e-11
3.840000000e+00  2.31088e-11
3.850000000e+00  2.22877e-11
3.860000000e+00  2.33430e-11
3.870000000e+00  2.49282e-11
3.880000000e+00  2.58169e-11
3.890000000e+00  2.61284e-11
3.900000000e+00  2.62499e-11
3.910000000e+00  2.61632e-11
3.920000000e+00  2.59368e-11
3.930000000e+00  2.55663e-11
3.940000000e+00  2.50503e-11
3.950000000e+00  2.44432e-11
3.960000000e+00  2.35028e-11
3.970000000e+00  2.26110e-11
3.980000000e+00  2.10803e-11
3.990000000e+00  2.01469e-11
4.000000000e+00  2.10432e-11
4.010000000e+00  2.14120e-11
4.020000000e+00  2.00502e-11
4.030000000e+00  2.00002e-11
4.040000000e+00  2.06148e-11
4.050000000e+00  2.13974e-11
4.060000000e+00  2.20926e-11
4.070000000e+00  2.21699e-11
4.080000000e+00  2.15699e-11
4.090000000e+00  2.08623e-11
4.100000000e+00  2.03456e-11
4.110000000e+00  2.03581e-11
4.120000000e+00  2.05205e-11
4.130000000e+00  2.03911e-11
4.140000000e+00  1.98598e-11
4.150000000e+00  1.99383e-11
4.160000000e+00  1.76136e-11
4.170000000e+00  7.61049e-12
4.180000000e+00  3.74094e-12
4.190000000e+00  1.91450e-12
4.200000000e+00  8.70476e-13
4.210000000e+00  3.30780e-13
4.220000000e+00  1.21314e-13
4.230000000e+00  6.74094e-14
4.240000000e+00  5.08381e-14
4.250000000e+00  4.80640e-14
4.260000000e+00  5.90152e-14
4.270000000e+00  6.41951e-14
4.280000000e+00  5.19521e-14
4.290000000e+00  5.34842e-14
4.300000000e+00  6.19750e-14
4.310000000e+00  7.34895e-14
4.320000000e+00  8.96299e-14
4.330000000e+00  1.26422e-13
4.340000000e+00  1.71325e-13
4.350000000e+00  2.11078e-13
4.360000000e+00  2.13093e-13
4.370000000e+00  2.28124e-13
4.380000000e+00  2.89564e-13
4.390000000e+00  3.81972e-13
4.400000000e+00  2.99009e-13
4.410000000e+00  3.01507e-13
4.420000000e+00  3.47089e-13
4.430000000e+00  4.31374e-13
4.440000000e+00  5.54892e-13
4.450000000e+00  7.86749e-13
4.460000000e+00  1.19024e-12
4.470000000e+00  1.55043e-12
4.480000000e+00  2.25637e-12
4.490000000e+00  2.81576e-12
4.500000000e+00  3.79219e-12
4.510000000e+00  5.74731e-12
4.520000000e+00  8.00704e-12
4.530000000e+00  1.05757e-11
4.540000000e+00  1.21494e-11
4.550000000e+00  1.31836e-11
4.560000000e+00  1.35072e-11
4.570000000e+00  1.37862e-11
4.580000000e+00  1.38773e-11
4.590000000e+00  1.39244e-11
4.600000000e+00  1.39257e-11
4.610000000e+00  1.38586e-11
4.620000000e+00  1.33127e-11
4.630000000e+00  1.30532e-11
4.640000000e+00  1.31281e-11
4.650000000e+00  1.30931e-11
4.660000000e+00  1.31810e-11
4.670000000e+00  1.31509e-11
4.680000000e+00  1.24720e-11
4.690000000e+00  1.20793e-11
4.700000000e+00  1.15433e-11
4.710000000e+00  8.17825e-12
4.720000000e+00  1.00949e-11
4.730000000e+00  8.81842e-12
4.740000000e+00  8.01887e-12
4.750000000e+00  7.48342e-12
4.760000000e+00  7.22826e-12
4.770000000e+00  7.39695e-12
4.780000000e+00  6.25112e-12
4.790000000e+00  5.14119e-12
4.800000000e+00  4.29343e-12
4.810000000e+00  3.24516e-12
4.820000000e+00  2.00727e-12
4.830000000e+00  2.43456e-12
4.840000000e+00  2.57119e-12
4.850000000e+00  2.55415e-12
4.860000000e+00  2.39415e-12
4.870000000e+00  2.53832e-12
4.880000000e+00  2.78858e-12
4.890000000e+00  3.02615e-12
4.900000000e+00  4.16017e-12
4.910000000e+00  5.18737e-12
4.920000000e+00  5.04592e-12
4.930000000e+00  7.31163e-12
4.940000000e+00  7.88479e-12
4.950000000e+00  7.70452e-12
4.960000000e+00  8.45830e-12
4.970000000e+00  9.28030e-12
4.980000000e+00  9.64868e-12
4.990000000e+00  1.03918e-11
5.000000000e+00  9.47977e-12
results_cfg.txt
<OBJECT-SUMMARY>Target: TRAPPIST-1 e for date (2017/05/25 15:22 UT); geometry: Observatory.
<OBJECT>Exoplanet
<OBJECT-NAME>TRAPPIST-1 e
<OBJECT-DATE>2017/05/25 15:22
<OBJECT-DIAMETER>11697
<OBJECT-GRAVITY>3.703632e+24
<OBJECT-GRAVITY-UNIT>kg
<OBJECT-STAR-DISTANCE>0.028170
<OBJECT-STAR-VELOCITY>0
<OBJECT-SOLAR-LONGITUDE>0
<OBJECT-SOLAR-LATITUDE>0
<OBJECT-SEASON>85
<OBJECT-SEASON-YEAR>2016
<OBJECT-STAR-TYPE>M
<OBJECT-STAR-TEMPERATURE>2559.0
<OBJECT-STAR-RADIUS>0.12
<OBJECT-OBS-LONGITUDE>0.0
<OBJECT-OBS-LATITUDE>89.860
<GEOMETRY>Observatory
<GEOMETRY-OFFSET-UNIT>arcsec
<GEOMETRY-OBS-ALTITUDE>12.10
<GEOMETRY-ALTITUDE-UNIT>pc
<GEOMETRY-OBS-ANGLE>48.121
<GEOMETRY-SOLAR-ANGLE>75.990
<GEOMETRY-PLANET-FRACTION>9.985186e-01
<GEOMETRY-STAR-DISTANCE>0.000000e+00
<GEOMETRY-STAR-FRACTION>0.000000e+00
<GEOMETRY-SOLAR-ANGLE>75.990
<GEOMETRY-PHASE>275.000
<ATMOSPHERE-STRUCTURE>Equilibrium
<ATMOSPHERE-WEIGHT>34.150246295
<ATMOSPHERE-PRESSURE>1.4008562012
<ATMOSPHERE-PUNIT>bar
<ATMOSPHERE-NGAS>3
<ATMOSPHERE-GAS>N2,CO2,H2O
<ATMOSPHERE-TYPE>HIT[22],HIT[2],HIT[1]
<ATMOSPHERE-ABUN>1,1,1
<ATMOSPHERE-UNIT>scl,scl,scl
<ATMOSPHERE-NAERO>2
<ATMOSPHERE-AEROS>WaterIce,Cloud
<ATMOSPHERE-ATYPE>CRISM_Wolff[reff=2.0um 0.31-99.57um],White_GSFC[reff=1.0um 0.10-1000000.00um]
<ATMOSPHERE-AABUN>1,1
<ATMOSPHERE-AUNIT>scl,scl
<ATMOSPHERE-NMAX>0
<ATMOSPHERE-LMAX>0
<ATMOSPHERE-ASIZE>155.584225099,14.0
<ATMOSPHERE-LAYERS-MOLECULES>Altitude,N2,CO2,H2O,WaterIce,Cloud
<ATMOSPHERE-LAYERS>47
<ATMOSPHERE-LAYER-1>1.390E+00,2.905E+02,6.350E-02,7.408E-01,2.963E-01,1.485E-02,5.580E-10,1.827E-04
<ATMOSPHERE-LAYER-2>1.359E+00,2.906E+02,2.573E-01,7.409E-01,2.964E-01,1.457E-02,4.963E-15,9.165E-05
<ATMOSPHERE-LAYER-3>1.300E+00,2.912E+02,6.333E-01,7.413E-01,2.966E-01,1.385E-02,2.243E-26,5.439E-05
<ATMOSPHERE-LAYER-4>1.211E+00,2.903E+02,1.241E+00,7.425E-01,2.970E-01,1.190E-02,2.587E-12,3.505E-05
<ATMOSPHERE-LAYER-5>1.097E+00,2.878E+02,2.078E+00,7.443E-01,2.977E-01,8.795E-03,1.491E-08,2.674E-05
<ATMOSPHERE-LAYER-6>9.661E-01,2.834E+02,3.136E+00,7.458E-01,2.983E-01,6.245E-03,1.786E-07,2.524E-05
<ATMOSPHERE-LAYER-7>8.279E-01,2.771E+02,4.401E+00,7.466E-01,2.986E-01,4.872E-03,7.995E-07,3.022E-05
<ATMOSPHERE-LAYER-8>6.986E-01,2.698E+02,5.761E+00,7.474E-01,2.990E-01,3.509E-03,1.546E-06,3.759E-05
<ATMOSPHERE-LAYER-9>5.887E-01,2.627E+02,7.095E+00,7.480E-01,2.992E-01,2.343E-03,3.022E-06,4.743E-05
<ATMOSPHERE-LAYER-10>4.953E-01,2.561E+02,8.407E+00,7.485E-01,2.994E-01,1.494E-03,5.264E-06,5.092E-05
<ATMOSPHERE-LAYER-11>4.159E-01,2.499E+02,9.701E+00,7.489E-01,2.996E-01,9.473E-04,9.607E-06,3.587E-05
<ATMOSPHERE-LAYER-12>3.484E-01,2.438E+02,1.098E+01,7.491E-01,2.996E-01,5.922E-04,1.148E-05,1.525E-05
<ATMOSPHERE-LAYER-13>2.910E-01,2.375E+02,1.225E+01,7.492E-01,2.997E-01,3.595E-04,1.138E-05,5.027E-06
<ATMOSPHERE-LAYER-14>2.422E-01,2.306E+02,1.351E+01,7.493E-01,2.997E-01,1.981E-04,5.513E-06,2.070E-07
<ATMOSPHERE-LAYER-15>2.008E-01,2.234E+02,1.475E+01,7.494E-01,2.998E-01,9.797E-05,4.309E-06,0.000E+00
<ATMOSPHERE-LAYER-16>1.655E-01,2.162E+02,1.600E+01,7.494E-01,2.998E-01,4.351E-05,3.687E-06,0.000E+00
<ATMOSPHERE-LAYER-17>1.356E-01,2.098E+02,1.724E+01,7.494E-01,2.998E-01,1.957E-05,2.871E-06,0.000E+00
<ATMOSPHERE-LAYER-18>1.101E-01,2.060E+02,1.851E+01,7.494E-01,2.998E-01,1.227E-05,1.813E-06,0.000E+00
<ATMOSPHERE-LAYER-19>8.867E-02,2.055E+02,1.981E+01,7.494E-01,2.998E-01,1.105E-05,3.893E-07,0.000E+00
<ATMOSPHERE-LAYER-20>7.287E-02,2.063E+02,2.099E+01,7.494E-01,2.998E-01,1.085E-05,2.407E-08,0.000E+00
<ATMOSPHERE-LAYER-21>6.152E-02,2.067E+02,2.201E+01,7.494E-01,2.998E-01,1.070E-05,1.184E-08,0.000E+00
<ATMOSPHERE-LAYER-22>5.168E-02,2.067E+02,2.307E+01,7.494E-01,2.998E-01,1.054E-05,8.110E-09,0.000E+00
<ATMOSPHERE-LAYER-23>4.319E-02,2.061E+02,2.415E+01,7.494E-01,2.998E-01,1.039E-05,5.573E-09,0.000E+00
<ATMOSPHERE-LAYER-24>3.592E-02,2.050E+02,2.526E+01,7.494E-01,2.998E-01,1.029E-05,4.380E-09,0.000E+00
<ATMOSPHERE-LAYER-25>2.973E-02,2.035E+02,2.639E+01,7.494E-01,2.998E-01,1.030E-05,4.011E-09,0.000E+00
<ATMOSPHERE-LAYER-26>2.448E-02,2.017E+02,2.754E+01,7.494E-01,2.998E-01,1.051E-05,1.564E-08,0.000E+00
<ATMOSPHERE-LAYER-27>2.006E-02,1.995E+02,2.871E+01,7.494E-01,2.998E-01,1.069E-05,7.564E-08,0.000E+00
<ATMOSPHERE-LAYER-28>1.635E-02,1.972E+02,2.990E+01,7.494E-01,2.998E-01,1.062E-05,1.488E-07,0.000E+00
<ATMOSPHERE-LAYER-29>1.326E-02,1.949E+02,3.110E+01,7.494E-01,2.998E-01,1.033E-05,1.987E-07,0.000E+00
<ATMOSPHERE-LAYER-30>1.071E-02,1.929E+02,3.231E+01,7.494E-01,2.998E-01,9.941E-06,2.366E-07,0.000E+00
<ATMOSPHERE-LAYER-31>8.600E-03,1.916E+02,3.355E+01,7.494E-01,2.998E-01,9.624E-06,1.988E-07,0.000E+00
<ATMOSPHERE-LAYER-32>6.873E-03,1.908E+02,3.480E+01,7.494E-01,2.998E-01,9.326E-06,1.275E-07,0.000E+00
<ATMOSPHERE-LAYER-33>5.465E-03,1.900E+02,3.608E+01,7.494E-01,2.998E-01,8.975E-06,9.312E-08,0.000E+00
<ATMOSPHERE-LAYER-34>4.325E-03,1.889E+02,3.738E+01,7.494E-01,2.998E-01,8.612E-06,8.878E-08,0.000E+00
<ATMOSPHERE-LAYER-35>3.405E-03,1.873E+02,3.869E+01,7.494E-01,2.998E-01,8.195E-06,9.887E-08,0.000E+00
<ATMOSPHERE-LAYER-36>2.667E-03,1.853E+02,4.002E+01,7.494E-01,2.998E-01,7.773E-06,1.207E-07,0.000E+00
<ATMOSPHERE-LAYER-37>2.079E-03,1.830E+02,4.136E+01,7.494E-01,2.998E-01,7.546E-06,1.462E-07,0.000E+00
<ATMOSPHERE-LAYER-38>1.613E-03,1.812E+02,4.272E+01,7.494E-01,2.998E-01,7.508E-06,1.547E-07,0.000E+00
<ATMOSPHERE-LAYER-39>1.245E-03,1.804E+02,4.409E+01,7.494E-01,2.998E-01,7.642E-06,1.125E-07,0.000E+00
<ATMOSPHERE-LAYER-40>9.559E-04,1.804E+02,4.548E+01,7.494E-01,2.998E-01,7.827E-06,8.750E-08,0.000E+00
<ATMOSPHERE-LAYER-41>3.776E-04,1.804E+02,6.034E+01,7.494E-01,2.998E-01,7.827E-06,8.750E-08,0.000E+00
<ATMOSPHERE-LAYER-42>2.615E-04,1.804E+02,6.622E+01,7.494E-01,2.998E-01,7.827E-06,8.750E-08,0.000E+00
<ATMOSPHERE-LAYER-43>1.566E-04,1.804E+02,7.442E+01,7.494E-01,2.998E-01,7.827E-06,8.750E-08,0.000E+00
<ATMOSPHERE-LAYER-44>7.656E-05,1.804E+02,8.587E+01,7.494E-01,2.998E-01,7.827E-06,8.750E-08,0.000E+00
<ATMOSPHERE-LAYER-45>2.820E-05,1.804E+02,1.019E+02,7.494E-01,2.998E-01,7.827E-06,8.750E-08,0.000E+00
<ATMOSPHERE-LAYER-46>6.996E-06,1.804E+02,1.242E+02,7.494E-01,2.998E-01,7.827E-06,8.750E-08,0.000E+00
<ATMOSPHERE-LAYER-47>1.000E-06,1.804E+02,1.553E+02,7.494E-01,2.998E-01,7.827E-06,8.750E-08,0.000E+00
<SURFACE-TEMPERATURE>290.2323914
<SURFACE-ALBEDO>0.1459557
<SURFACE-EMISSIVITY>0.8540443
results_lyr.txt
# ----------------------------------------------------------------------------------------------
# NASA-GSFC Planetary Spectrum Generator (PSG, Villanueva et al. 2015)
# Atmospheric layering information considered by PUMAS
# Synthesized on Tue Nov 21 15:10:42 2017
# Radiative transfer method: correlated-k
# Synthesis spectral resolution [cm-1] and resolving power: 8.913678 5.010e+02
# Scattering parameters (nmax, lmax): 0 0
# ----------------------------------------------------------------------------------------------
# Molecular abundance profile: 
# Molecules considered: N2,CO2,H2O
# Molecular sources: HIT[22],HIT[2],HIT[1]
# Molecular abundances: 1,1,1
# Molecular abundance units: scl,scl,scl
# Collission-Induced-Absorption:  N2-N2(3.33-5.41um)
# Rayleigh scattering included
# ----------------------------------------------------------------------------------------------
# Aerosols considered: WaterIce,Cloud
# Aerosols sources: CRISM_Wolff[reff=2.0um 0.31-99.57um],White_GSFC[reff=1.0um 0.10-1000000.00um]
# Aerosols abundances: 1,1
# Aerosols abundance units: scl,scl
# Aerosols sizes [um]: 155.584225099,14.0
# ----------------------------------------------------------------------------------------------
# Input layer-by-layer atmospheric profile
# Molecular abundances in molec/molec and aerosols in kg/kg
# ----------------------------------------------------------------------------------------------
# Alt[km] Pressure[bar] Temp[K]         N2        CO2        H2O   WaterIce      Cloud
# ----------------------------------------------------------------------------------------------
    0.000   1.401e+00   290.232   7.408e-01  2.963e-01  1.485e-02  5.580e-10  1.827e-04
    0.257   1.359e+00   290.600   7.409e-01  2.964e-01  1.457e-02  4.963e-15  9.165e-05
    0.633   1.300e+00   291.200   7.413e-01  2.966e-01  1.385e-02  2.243e-26  5.439e-05
    1.241   1.211e+00   290.300   7.425e-01  2.970e-01  1.190e-02  2.587e-12  3.505e-05
    2.078   1.097e+00   287.800   7.443e-01  2.977e-01  8.795e-03  1.491e-08  2.674e-05
    3.136   9.661e-01   283.400   7.458e-01  2.983e-01  6.245e-03  1.786e-07  2.524e-05
    4.401   8.279e-01   277.100   7.466e-01  2.986e-01  4.872e-03  7.995e-07  3.022e-05
    5.761   6.986e-01   269.800   7.474e-01  2.990e-01  3.509e-03  1.546e-06  3.759e-05
    7.095   5.887e-01   262.700   7.480e-01  2.992e-01  2.343e-03  3.022e-06  4.743e-05
    8.407   4.953e-01   256.100   7.485e-01  2.994e-01  1.494e-03  5.264e-06  5.092e-05
    9.701   4.159e-01   249.900   7.489e-01  2.996e-01  9.473e-04  9.607e-06  3.587e-05
   10.980   3.484e-01   243.800   7.491e-01  2.996e-01  5.922e-04  1.148e-05  1.525e-05
   12.250   2.910e-01   237.500   7.492e-01  2.997e-01  3.595e-04  1.138e-05  5.027e-06
   13.510   2.422e-01   230.600   7.493e-01  2.997e-01  1.981e-04  5.513e-06  2.070e-07
   14.750   2.008e-01   223.400   7.494e-01  2.998e-01  9.797e-05  4.309e-06  0.000e+00
   16.000   1.655e-01   216.200   7.494e-01  2.998e-01  4.351e-05  3.687e-06  0.000e+00
   17.240   1.356e-01   209.800   7.494e-01  2.998e-01  1.957e-05  2.871e-06  0.000e+00
   18.510   1.101e-01   206.000   7.494e-01  2.998e-01  1.227e-05  1.813e-06  0.000e+00
   19.810   8.867e-02   205.500   7.494e-01  2.998e-01  1.105e-05  3.893e-07  0.000e+00
   20.990   7.287e-02   206.300   7.494e-01  2.998e-01  1.085e-05  2.407e-08  0.000e+00
   22.010   6.152e-02   206.700   7.494e-01  2.998e-01  1.070e-05  1.184e-08  0.000e+00
   23.070   5.168e-02   206.700   7.494e-01  2.998e-01  1.054e-05  8.110e-09  0.000e+00
   24.150   4.319e-02   206.100   7.494e-01  2.998e-01  1.039e-05  5.573e-09  0.000e+00
   25.260   3.592e-02   205.000   7.494e-01  2.998e-01  1.029e-05  4.380e-09  0.000e+00
   26.390   2.973e-02   203.500   7.494e-01  2.998e-01  1.030e-05  4.011e-09  0.000e+00
   27.540   2.448e-02   201.700   7.494e-01  2.998e-01  1.051e-05  1.564e-08  0.000e+00
   28.710   2.006e-02   199.500   7.494e-01  2.998e-01  1.069e-05  7.564e-08  0.000e+00
   29.900   1.635e-02   197.200   7.494e-01  2.998e-01  1.062e-05  1.488e-07  0.000e+00
   31.100   1.326e-02   194.900   7.494e-01  2.998e-01  1.033e-05  1.987e-07  0.000e+00
   32.310   1.071e-02   192.900   7.494e-01  2.998e-01  9.941e-06  2.366e-07  0.000e+00
   33.550   8.600e-03   191.600   7.494e-01  2.998e-01  9.624e-06  1.988e-07  0.000e+00
   34.800   6.873e-03   190.800   7.494e-01  2.998e-01  9.326e-06  1.275e-07  0.000e+00
   36.080   5.465e-03   190.000   7.494e-01  2.998e-01  8.975e-06  9.312e-08  0.000e+00
   37.380   4.325e-03   188.900   7.494e-01  2.998e-01  8.612e-06  8.878e-08  0.000e+00
   38.690   3.405e-03   187.300   7.494e-01  2.998e-01  8.195e-06  9.887e-08  0.000e+00
   40.020   2.667e-03   185.300   7.494e-01  2.998e-01  7.773e-06  1.207e-07  0.000e+00
   41.360   2.079e-03   183.000   7.494e-01  2.998e-01  7.546e-06  1.462e-07  0.000e+00
   42.720   1.613e-03   181.200   7.494e-01  2.998e-01  7.508e-06  1.547e-07  0.000e+00
   44.090   1.245e-03   180.400   7.494e-01  2.998e-01  7.642e-06  1.125e-07  0.000e+00
   45.480   9.559e-04   180.400   7.494e-01  2.998e-01  7.827e-06  8.750e-08  0.000e+00
   60.340   3.776e-04   180.400   7.494e-01  2.998e-01  7.827e-06  8.750e-08  0.000e+00
   66.220   2.615e-04   180.400   7.494e-01  2.998e-01  7.827e-06  8.750e-08  0.000e+00
   74.420   1.566e-04   180.400   7.494e-01  2.998e-01  7.827e-06  8.750e-08  0.000e+00
   85.870   7.656e-05   180.400   7.494e-01  2.998e-01  7.827e-06  8.750e-08  0.000e+00
  101.900   2.820e-05   180.400   7.494e-01  2.998e-01  7.827e-06  8.750e-08  0.000e+00
  124.200   6.996e-06   180.400   7.494e-01  2.998e-01  7.827e-06  8.750e-08  0.000e+00
  155.300   1.000e-06   180.400   7.494e-01  2.998e-01  7.827e-06  8.750e-08  0.000e+00
#
# ----------------------------------------------------------------------------------------------
# Curtis-Godson integrated layer information used by the radiative transfer analysis
# Oblique molecular layer columns in molec/m2 and aerosols in kg/m2
# ----------------------------------------------------------------------------------------------
# Low[km]  High[km]  Path[km] Pressure[bar] Temp[K]   Airmass   dcol[m-2]         N2        CO2        H2O   WaterIce      Cloud
# ----------------------------------------------------------------------------------------------
    0.000     0.257     0.385   1.380e+00   290.415    1.4980   1.330e+28  9.852e+27  3.941e+27  1.956e+26  5.245e-08  9.981e-02
    0.257     0.633     0.563   1.330e+00   290.897    1.4979   1.867e+28  1.384e+28  5.537e+27  2.654e+26  6.073e-13  7.581e-02
    0.633     1.241     0.910   1.256e+00   290.756    1.4977   2.849e+28  2.113e+28  8.455e+27  3.664e+26  2.276e-10  7.129e-02
    1.241     2.078     1.253   1.154e+00   289.070    1.4975   3.624e+28  2.694e+28  1.078e+28  3.731e+26  3.508e-06  6.325e-02
    2.078     3.136     1.584   1.031e+00   285.642    1.4972   4.141e+28  3.085e+28  1.234e+28  3.094e+26  1.516e-04  6.104e-02
    3.136     4.401     1.893   8.968e-01   280.321    1.4968   4.382e+28  3.270e+28  1.308e+28  2.430e+26  1.013e-03  6.859e-02
    4.401     5.761     2.035   7.630e-01   273.539    1.4964   4.105e+28  3.067e+28  1.227e+28  1.712e+26  2.615e-03  7.841e-02
    5.761     7.095     1.996   6.434e-01   266.337    1.4960   3.487e+28  2.607e+28  1.043e+28  1.012e+26  4.319e-03  8.344e-02
    7.095     8.407     1.962   5.418e-01   259.483    1.4955   2.963e+28  2.217e+28  8.868e+27  5.622e+25  6.741e-03  8.252e-02
    8.407     9.701     1.935   4.555e-01   253.079    1.4951   2.518e+28  1.885e+28  7.541e+27  3.039e+25  1.023e-02  6.161e-02
    9.701    10.980     1.912   3.820e-01   246.929    1.4947   2.139e+28  1.602e+28  6.407e+27  1.626e+25  1.272e-02  2.956e-02
   10.980    12.250     1.898   3.196e-01   240.733    1.4943   1.822e+28  1.365e+28  5.459e+27  8.549e+24  1.181e-02  9.654e-03
   12.250    13.510     1.882   2.665e-01   234.141    1.4939   1.549e+28  1.161e+28  4.643e+27  4.228e+24  7.179e-03  1.386e-03
   13.510    14.750     1.852   2.214e-01   227.096    1.4935   1.305e+28  9.782e+27  3.913e+27  1.874e+24  3.629e-03  8.930e-08
   14.750    16.000     1.866   1.831e-01   219.898    1.4931   1.123e+28  8.417e+27  3.367e+27  7.620e+23  2.547e-03  0.000e+00
   16.000    17.240     1.851   1.505e-01   213.092    1.4927   9.447e+27  7.080e+27  2.832e+27  2.863e+23  1.754e-03  0.000e+00
   17.240    18.510     1.895   1.228e-01   207.961    1.4924   8.085e+27  6.059e+27  2.424e+27  1.274e+23  1.063e-03  0.000e+00
   18.510    19.810     1.940   9.939e-02   205.759    1.4920   6.763e+27  5.068e+27  2.028e+27  7.893e+22  3.647e-04  0.000e+00
   19.810    20.990     1.760   8.078e-02   205.886    1.4916   4.988e+27  3.738e+27  1.495e+27  5.464e+22  3.889e-05  0.000e+00
   20.990    22.010     1.521   6.720e-02   206.494    1.4912   3.579e+27  2.682e+27  1.073e+27  3.857e+22  3.535e-06  0.000e+00
   22.010    23.070     1.580   5.660e-02   206.700    1.4909   3.129e+27  2.345e+27  9.380e+26  3.323e+22  1.759e-06  0.000e+00
   23.070    24.150     1.610   4.744e-02   206.409    1.4906   2.674e+27  2.004e+27  8.017e+26  2.799e+22  1.031e-06  0.000e+00
   24.150    25.260     1.654   3.955e-02   205.567    1.4902   2.300e+27  1.724e+27  6.897e+26  2.379e+22  6.484e-07  0.000e+00
   25.260    26.390     1.684   3.282e-02   204.273    1.4899   1.955e+27  1.465e+27  5.861e+26  2.013e+22  4.655e-07  0.000e+00
   26.390    27.540     1.713   2.710e-02   202.628    1.4895   1.656e+27  1.241e+27  4.963e+26  1.722e+22  7.858e-07  0.000e+00
   27.540    28.710     1.742   2.227e-02   200.635    1.4892   1.397e+27  1.047e+27  4.188e+26  1.480e+22  2.944e-06  0.000e+00
   28.710    29.900     1.772   1.820e-02   198.388    1.4888   1.174e+27  8.800e+26  3.520e+26  1.251e+22  7.121e-06  0.000e+00
   29.900    31.100     1.786   1.480e-02   196.089    1.4884   9.738e+26  7.298e+26  2.920e+26  1.020e+22  9.483e-06  0.000e+00
   31.100    32.310     1.801   1.198e-02   193.934    1.4881   8.034e+26  6.021e+26  2.409e+26  8.147e+21  9.861e-06  0.000e+00
   32.310    33.550     1.845   9.655e-03   192.273    1.4877   6.687e+26  5.011e+26  2.005e+26  6.545e+21  8.260e-06  0.000e+00
   33.550    34.800     1.859   7.736e-03   191.215    1.4873   5.429e+26  4.068e+26  1.628e+26  5.146e+21  4.983e-06  0.000e+00
   34.800    36.080     1.903   6.169e-03   190.415    1.4869   4.449e+26  3.334e+26  1.334e+26  4.074e+21  2.777e-06  0.000e+00
   36.080    37.380     1.932   4.895e-03   189.471    1.4865   3.602e+26  2.699e+26  1.080e+26  3.169e+21  1.859e-06  0.000e+00
   37.380    38.690     1.947   3.865e-03   188.131    1.4861   2.885e+26  2.162e+26  8.649e+25  2.426e+21  1.530e-06  0.000e+00
   38.690    40.020     1.976   3.036e-03   186.339    1.4857   2.322e+26  1.740e+26  6.960e+25  1.855e+21  1.435e-06  0.000e+00
   40.020    41.360     1.990   2.373e-03   184.196    1.4853   1.849e+26  1.385e+26  5.543e+25  1.417e+21  1.389e-06  0.000e+00
   41.360    42.720     2.019   1.846e-03   182.137    1.4849   1.475e+26  1.106e+26  4.423e+25  1.111e+21  1.257e-06  0.000e+00
   42.720    44.090     2.034   1.429e-03   180.817    1.4845   1.158e+26  8.681e+25  3.473e+25  8.771e+20  8.762e-07  0.000e+00
   44.090    45.480     2.063   1.101e-03   180.400    1.4841   9.067e+25  6.795e+25  2.718e+25  7.009e+20  5.143e-07  0.000e+00
   45.480    60.340    22.017   6.673e-04   180.400    1.4816   5.506e+26  4.126e+26  1.651e+26  4.309e+21  2.732e-06  0.000e+00
   60.340    66.220     8.694   3.196e-04   180.400    1.4785   1.103e+26  8.267e+25  3.307e+25  8.635e+20  5.474e-07  0.000e+00
   66.220    74.420    12.107   2.091e-04   180.400    1.4765   9.946e+25  7.454e+25  2.982e+25  7.785e+20  4.935e-07  0.000e+00
   74.420    85.870    16.873   1.166e-04   180.400    1.4736   7.578e+25  5.679e+25  2.272e+25  5.932e+20  3.760e-07  0.000e+00
   85.870   101.900    23.558   5.244e-05   180.400    1.4696   4.581e+25  3.433e+25  1.374e+25  3.586e+20  2.273e-07  0.000e+00
  101.900   124.200    32.651   1.767e-05   180.400    1.4642   1.995e+25  1.495e+25  5.983e+24  1.562e+20  9.902e-08  0.000e+00
  124.200   155.300    45.306   4.052e-06   180.400    1.4568   5.616e+24  4.209e+24  1.684e+24  4.396e+19  2.787e-08  0.000e+00
# ----------------------------------------------------------------------------------------------
# Integrated atmospheric columns                       1.4955   4.449e+29  3.322e+29  1.329e+29  2.144e+27  6.625e-02  7.864e-01
# ----------------------------------------------------------------------------------------------
results_rad.txt
# ------------------------------------------------------------------------
# Radiance spectrum
# NASA-GSFC Planetary Spectrum Generator (PSG) (Villanueva et al. 2015)
# Synthesized on Tue Nov 21 15:10:42 2017
# ------------------------------------------------------------------------
# Atmospheric radiances synthesized with PUMAS (Villanueva et al. 2016, Smith et al. 2009, Edwards 1992)
# Molecular abundance profile: 
# Molecules considered: N2,CO2,H2O
# Molecular sources: HIT[22],HIT[2],HIT[1]
# Molecular abundances: 1,1,1
# Molecular abundance units: scl,scl,scl
# Collission-Induced-Absorption:  N2-N2(3.33-5.41um)
# Rayleigh scattering included
# ------------------------------------------------------------------------
# Spectral unit: Wavelength [um]
# Radiance unit: Spectral radiance [W/sr/m2/um]
# Wave/freq Total Stellar TRAPPIST-1-e
1.000000000e+00  3.68049e-03  3.68049e-03  2.94528e-10
1.010000000e+00  3.70309e-03  3.70309e-03  2.96288e-10
1.020000000e+00  3.72363e-03  3.72363e-03  2.97894e-10
1.030000000e+00  3.74214e-03  3.74214e-03  2.99339e-10
1.040000000e+00  3.75867e-03  3.75867e-03  2.90819e-10
1.050000000e+00  3.77328e-03  3.77327e-03  3.01663e-10
1.060000000e+00  3.78601e-03  3.78601e-03  3.02070e-10
1.070000000e+00  3.79691e-03  3.79691e-03  3.00689e-10
1.080000000e+00  3.80605e-03  3.80605e-03  3.04048e-10
1.090000000e+00  3.81347e-03  3.81347e-03  3.04847e-10
1.100000000e+00  3.81922e-03  3.81922e-03  3.05182e-10
1.110000000e+00  3.82337e-03  3.82337e-03  3.05485e-10
1.120000000e+00  3.82595e-03  3.82595e-03  3.03169e-10
1.130000000e+00  3.82703e-03  3.82703e-03  3.02416e-10
1.140000000e+00  3.82666e-03  3.82666e-03  3.04445e-10
1.150000000e+00  3.82489e-03  3.82489e-03  3.03598e-10
1.160000000e+00  3.82177e-03  3.82177e-03  3.05018e-10
1.170000000e+00  3.81735e-03  3.81734e-03  3.04992e-10
1.180000000e+00  3.81168e-03  3.81168e-03  3.04452e-10
1.190000000e+00  3.80481e-03  3.80481e-03  3.03859e-10
1.200000000e+00  3.79680e-03  3.79679e-03  3.03262e-10
1.210000000e+00  3.78768e-03  3.78768e-03  2.50901e-10
1.220000000e+00  3.77751e-03  3.77751e-03  2.74715e-10
1.230000000e+00  3.76632e-03  3.76632e-03  2.83370e-10
1.240000000e+00  3.75418e-03  3.75418e-03  2.94374e-10
1.250000000e+00  3.74111e-03  3.74111e-03  2.98607e-10
1.260000000e+00  3.72717e-03  3.72717e-03  2.96076e-10
1.270000000e+00  3.71239e-03  3.71239e-03  2.94870e-10
1.280000000e+00  3.69682e-03  3.69682e-03  2.95377e-10
1.290000000e+00  3.68049e-03  3.68049e-03  2.91231e-10
1.300000000e+00  3.66345e-03  3.66345e-03  2.87124e-10
1.310000000e+00  3.64573e-03  3.64573e-03  2.91050e-10
1.320000000e+00  3.62736e-03  3.62736e-03  2.66126e-10
1.330000000e+00  3.60839e-03  3.60839e-03  2.87721e-10
1.340000000e+00  3.58885e-03  3.58885e-03  2.71789e-10
1.350000000e+00  3.56877e-03  3.56877e-03  2.80351e-10
1.360000000e+00  3.54817e-03  3.54817e-03  2.74848e-10
1.370000000e+00  3.52711e-03  3.52711e-03  2.71337e-10
1.380000000e+00  3.50559e-03  3.50559e-03  2.70060e-10
1.390000000e+00  3.48366e-03  3.48366e-03  2.70804e-10
1.400000000e+00  3.46134e-03  3.46134e-03  2.69475e-10
1.410000000e+00  3.43866e-03  3.43866e-03  2.66401e-10
1.420000000e+00  3.41564e-03  3.41564e-03  2.71497e-10
1.430000000e+00  3.39231e-03  3.39231e-03  2.67337e-10
1.440000000e+00  3.36870e-03  3.36870e-03  1.26946e-10
1.450000000e+00  3.34482e-03  3.34482e-03  2.16626e-10
1.460000000e+00  3.32070e-03  3.32070e-03  2.61763e-10
1.470000000e+00  3.29636e-03  3.29636e-03  2.60559e-10
1.480000000e+00  3.27183e-03  3.27183e-03  2.40608e-10
1.490000000e+00  3.24712e-03  3.24711e-03  2.53244e-10
1.500000000e+00  3.22224e-03  3.22224e-03  2.39491e-10
1.510000000e+00  3.19723e-03  3.19723e-03  2.53863e-10
1.520000000e+00  3.17209e-03  3.17209e-03  2.52312e-10
1.530000000e+00  3.14685e-03  3.14685e-03  2.30529e-10
1.540000000e+00  3.12152e-03  3.12152e-03  2.11457e-10
1.550000000e+00  3.09611e-03  3.09611e-03  2.40019e-10
1.560000000e+00  3.07064e-03  3.07064e-03  2.43025e-10
1.570000000e+00  3.04513e-03  3.04513e-03  2.14932e-10
1.580000000e+00  3.01959e-03  3.01959e-03  1.47534e-10
1.590000000e+00  2.99402e-03  2.99402e-03  2.25121e-10
1.600000000e+00  2.96846e-03  2.96846e-03  2.06817e-10
1.610000000e+00  2.94289e-03  2.94289e-03  1.44743e-10
1.620000000e+00  2.91734e-03  2.91734e-03  1.98942e-10
1.630000000e+00  2.89182e-03  2.89182e-03  2.17555e-10
1.640000000e+00  2.86634e-03  2.86634e-03  2.07051e-10
1.650000000e+00  2.84091e-03  2.84091e-03  2.01794e-10
1.660000000e+00  2.81553e-03  2.81553e-03  2.13137e-10
1.670000000e+00  2.79021e-03  2.79021e-03  2.13711e-10
1.680000000e+00  2.76497e-03  2.76497e-03  2.14612e-10
1.690000000e+00  2.73981e-03  2.73981e-03  2.17414e-10
1.700000000e+00  2.71474e-03  2.71474e-03  2.16546e-10
1.710000000e+00  2.68977e-03  2.68977e-03  2.12276e-10
1.720000000e+00  2.66490e-03  2.66490e-03  2.12182e-10
1.730000000e+00  2.64013e-03  2.64013e-03  2.10917e-10
1.740000000e+00  2.61549e-03  2.61549e-03  2.09048e-10
1.750000000e+00  2.59096e-03  2.59096e-03  2.07011e-10
1.760000000e+00  2.56656e-03  2.56656e-03  2.04666e-10
1.770000000e+00  2.54229e-03  2.54229e-03  2.02890e-10
1.780000000e+00  2.51815e-03  2.51815e-03  2.01105e-10
1.790000000e+00  2.49415e-03  2.49415e-03  1.98914e-10
1.800000000e+00  2.47030e-03  2.47030e-03  1.97005e-10
1.810000000e+00  2.44660e-03  2.44660e-03  1.94726e-10
1.820000000e+00  2.42304e-03  2.42304e-03  1.90901e-10
1.830000000e+00  2.39964e-03  2.39964e-03  1.87317e-10
1.840000000e+00  2.37640e-03  2.37640e-03  1.82359e-10
1.850000000e+00  2.35332e-03  2.35332e-03  1.81226e-10
1.860000000e+00  2.33041e-03  2.33041e-03  1.77826e-10
1.870000000e+00  2.30765e-03  2.30765e-03  1.78188e-10
1.880000000e+00  2.28507e-03  2.28507e-03  1.56644e-10
1.890000000e+00  2.26266e-03  2.26266e-03  1.56162e-10
1.900000000e+00  2.24041e-03  2.24041e-03  1.69309e-10
1.910000000e+00  2.21834e-03  2.21834e-03  1.68429e-10
1.920000000e+00  2.19645e-03  2.19645e-03  1.70597e-10
1.930000000e+00  2.17473e-03  2.17473e-03  1.69182e-10
1.940000000e+00  2.15319e-03  2.15319e-03  1.60854e-10
1.950000000e+00  2.13183e-03  2.13183e-03  9.04963e-11
1.960000000e+00  2.11065e-03  2.11065e-03  3.77040e-11
1.970000000e+00  2.08964e-03  2.08964e-03  4.13539e-11
1.980000000e+00  2.06882e-03  2.06882e-03  9.07706e-11
1.990000000e+00  2.04818e-03  2.04818e-03  1.22231e-10
2.000000000e+00  2.02772e-03  2.02772e-03  7.76018e-11
2.010000000e+00  2.00745e-03  2.00745e-03  2.15270e-11
2.020000000e+00  1.98735e-03  1.98735e-03  2.82011e-11
2.030000000e+00  1.96744e-03  1.96744e-03  6.07620e-11
2.040000000e+00  1.94771e-03  1.94771e-03  6.85919e-11
2.050000000e+00  1.92816e-03  1.92816e-03  6.38517e-11
2.060000000e+00  1.90880e-03  1.90880e-03  3.72076e-11
2.070000000e+00  1.88961e-03  1.88961e-03  4.06964e-11
2.080000000e+00  1.87061e-03  1.87061e-03  6.18903e-11
2.090000000e+00  1.85179e-03  1.85179e-03  7.59615e-11
2.100000000e+00  1.83315e-03  1.83315e-03  9.72514e-11
2.110000000e+00  1.81469e-03  1.81469e-03  1.16688e-10
2.120000000e+00  1.79641e-03  1.79641e-03  1.22337e-10
2.130000000e+00  1.77831e-03  1.77831e-03  1.34334e-10
2.140000000e+00  1.76039e-03  1.76039e-03  1.36039e-10
2.150000000e+00  1.74264e-03  1.74264e-03  1.23043e-10
2.160000000e+00  1.72507e-03  1.72507e-03  1.22221e-10
2.170000000e+00  1.70768e-03  1.70768e-03  1.20728e-10
2.180000000e+00  1.69046e-03  1.69046e-03  1.26804e-10
2.190000000e+00  1.67341e-03  1.67341e-03  1.31029e-10
2.200000000e+00  1.65654e-03  1.65654e-03  1.31004e-10
2.210000000e+00  1.63984e-03  1.63984e-03  1.30110e-10
2.220000000e+00  1.62331e-03  1.62331e-03  1.28092e-10
2.230000000e+00  1.60696e-03  1.60695e-03  1.27031e-10
2.240000000e+00  1.59076e-03  1.59076e-03  1.26550e-10
2.250000000e+00  1.57474e-03  1.57474e-03  1.25202e-10
2.260000000e+00  1.55889e-03  1.55889e-03  1.23143e-10
2.270000000e+00  1.54319e-03  1.54319e-03  1.22590e-10
2.280000000e+00  1.52767e-03  1.52767e-03  1.21204e-10
2.290000000e+00  1.51230e-03  1.51230e-03  1.20311e-10
2.300000000e+00  1.49710e-03  1.49710e-03  1.19069e-10
2.310000000e+00  1.48206e-03  1.48206e-03  1.17856e-10
2.320000000e+00  1.46718e-03  1.46718e-03  1.16669e-10
2.330000000e+00  1.45245e-03  1.45245e-03  1.15464e-10
2.340000000e+00  1.43788e-03  1.43788e-03  1.14269e-10
2.350000000e+00  1.42347e-03  1.42347e-03  1.13086e-10
2.360000000e+00  1.40921e-03  1.40921e-03  1.11909e-10
2.370000000e+00  1.39510e-03  1.39510e-03  1.10757e-10
2.380000000e+00  1.38115e-03  1.38115e-03  1.09563e-10
2.390000000e+00  1.36734e-03  1.36734e-03  1.08326e-10
2.400000000e+00  1.35368e-03  1.35368e-03  1.07108e-10
2.410000000e+00  1.34017e-03  1.34017e-03  1.05961e-10
2.420000000e+00  1.32681e-03  1.32681e-03  1.05038e-10
2.430000000e+00  1.31359e-03  1.31359e-03  1.04111e-10
2.440000000e+00  1.30051e-03  1.30051e-03  1.02480e-10
2.450000000e+00  1.28757e-03  1.28757e-03  1.01719e-10
2.460000000e+00  1.27478e-03  1.27478e-03  1.00894e-10
2.470000000e+00  1.26212e-03  1.26212e-03  9.97168e-11
2.480000000e+00  1.24960e-03  1.24960e-03  9.79435e-11
2.490000000e+00  1.23722e-03  1.23722e-03  9.38169e-11
2.500000000e+00  1.22498e-03  1.22498e-03  9.35175e-11
2.510000000e+00  1.21286e-03  1.21286e-03  9.26697e-11
2.520000000e+00  1.20088e-03  1.20088e-03  9.12231e-11
2.530000000e+00  1.18903e-03  1.18903e-03  9.23099e-11
2.540000000e+00  1.17731e-03  1.17731e-03  9.07305e-11
2.550000000e+00  1.16572e-03  1.16572e-03  8.82360e-11
2.560000000e+00  1.15425e-03  1.15425e-03  8.84241e-11
2.570000000e+00  1.14291e-03  1.14291e-03  8.16160e-11
2.580000000e+00  1.13170e-03  1.13170e-03  7.73366e-11
2.590000000e+00  1.12060e-03  1.12060e-03  7.37731e-11
2.600000000e+00  1.10963e-03  1.10963e-03  6.73491e-11
2.610000000e+00  1.09878e-03  1.09878e-03  7.00272e-11
2.620000000e+00  1.08805e-03  1.08805e-03  6.87651e-11
2.630000000e+00  1.07744e-03  1.07744e-03  7.24764e-11
2.640000000e+00  1.06694e-03  1.06694e-03  7.10570e-11
2.650000000e+00  1.05656e-03  1.05656e-03  7.58043e-11
2.660000000e+00  1.04629e-03  1.04629e-03  5.88217e-11
2.670000000e+00  1.03614e-03  1.03614e-03  1.02498e-11
2.680000000e+00  1.02610e-03  1.02610e-03  1.53729e-12
2.690000000e+00  1.01616e-03  1.01616e-03  5.25338e-13
2.700000000e+00  1.00634e-03  1.00634e-03  6.91139e-13
2.710000000e+00  9.96623e-04  9.96623e-04  6.96695e-13
2.720000000e+00  9.87014e-04  9.87014e-04  1.52240e-12
2.730000000e+00  9.77511e-04  9.77511e-04  3.23581e-12
2.740000000e+00  9.68112e-04  9.68112e-04  3.24753e-12
2.750000000e+00  9.58816e-04  9.58816e-04  1.49014e-12
2.760000000e+00  9.49622e-04  9.49622e-04  4.47177e-13
2.770000000e+00  9.40529e-04  9.40529e-04  3.52408e-13
2.780000000e+00  9.31536e-04  9.31536e-04  2.63250e-13
2.790000000e+00  9.22641e-04  9.22641e-04  3.00385e-13
2.800000000e+00  9.13844e-04  9.13844e-04  4.69596e-13
2.810000000e+00  9.05143e-04  9.05143e-04  7.08203e-13
2.820000000e+00  8.96538e-04  8.96538e-04  8.47819e-13
2.830000000e+00  8.88027e-04  8.88027e-04  9.10979e-13
2.840000000e+00  8.79608e-04  8.79608e-04  1.07730e-12
2.850000000e+00  8.71282e-04  8.71282e-04  7.71368e-13
2.860000000e+00  8.63047e-04  8.63047e-04  1.28616e-12
2.870000000e+00  8.54902e-04  8.54902e-04  3.34340e-12
2.880000000e+00  8.46846e-04  8.46846e-04  5.83790e-12
2.890000000e+00  8.38878e-04  8.38878e-04  1.00960e-11
2.900000000e+00  8.30996e-04  8.30996e-04  1.55555e-11
2.910000000e+00  8.23201e-04  8.23201e-04  1.86747e-11
2.920000000e+00  8.15490e-04  8.15490e-04  2.05244e-11
2.930000000e+00  8.07863e-04  8.07863e-04  2.11387e-11
2.940000000e+00  8.00320e-04  8.00320e-04  2.17267e-11
2.950000000e+00  7.92858e-04  7.92858e-04  2.25499e-11
2.960000000e+00  7.85477e-04  7.85477e-04  2.23447e-11
2.970000000e+00  7.78176e-04  7.78176e-04  2.03405e-11
2.980000000e+00  7.70954e-04  7.70954e-04  1.76294e-11
2.990000000e+00  7.63811e-04  7.63811e-04  1.70516e-11
3.000000000e+00  7.56745e-04  7.56745e-04  1.95503e-11
3.010000000e+00  7.49755e-04  7.49755e-04  2.18332e-11
3.020000000e+00  7.42841e-04  7.42841e-04  2.00386e-11
3.030000000e+00  7.36001e-04  7.36001e-04  2.13703e-11
3.040000000e+00  7.29236e-04  7.29236e-04  2.28827e-11
3.050000000e+00  7.22543e-04  7.22543e-04  2.36421e-11
3.060000000e+00  7.15922e-04  7.15922e-04  2.37633e-11
3.070000000e+00  7.09372e-04  7.09372e-04  2.43354e-11
3.080000000e+00  7.02893e-04  7.02893e-04  2.45928e-11
3.090000000e+00  6.96483e-04  6.96483e-04  2.44846e-11
3.100000000e+00  6.90142e-04  6.90142e-04  2.44560e-11
3.110000000e+00  6.83869e-04  6.83869e-04  2.42034e-11
3.120000000e+00  6.77663e-04  6.77663e-04  2.33782e-11
3.130000000e+00  6.71523e-04  6.71523e-04  2.27342e-11
3.140000000e+00  6.65449e-04  6.65449e-04  2.31238e-11
3.150000000e+00  6.59440e-04  6.59440e-04  2.37432e-11
3.160000000e+00  6.53495e-04  6.53494e-04  2.36031e-11
3.170000000e+00  6.47613e-04  6.47612e-04  2.33447e-11
3.180000000e+00  6.41793e-04  6.41793e-04  2.38404e-11
3.190000000e+00  6.36035e-04  6.36035e-04  2.43637e-11
3.200000000e+00  6.30339e-04  6.30339e-04  2.48357e-11
3.210000000e+00  6.24703e-04  6.24702e-04  2.52203e-11
3.220000000e+00  6.19126e-04  6.19126e-04  2.57320e-11
3.230000000e+00  6.13608e-04  6.13608e-04  2.61128e-11
3.240000000e+00  6.08149e-04  6.08149e-04  2.68808e-11
3.250000000e+00  6.02747e-04  6.02747e-04  2.72483e-11
3.260000000e+00  5.97402e-04  5.97402e-04  2.79380e-11
3.270000000e+00  5.92114e-04  5.92114e-04  2.82938e-11
3.280000000e+00  5.86881e-04  5.86881e-04  2.89837e-11
3.290000000e+00  5.81702e-04  5.81702e-04  2.96961e-11
3.300000000e+00  5.76579e-04  5.76579e-04  3.01522e-11
3.310000000e+00  5.71508e-04  5.71508e-04  3.06906e-11
3.320000000e+00  5.66491e-04  5.66491e-04  3.14774e-11
3.330000000e+00  5.61527e-04  5.61527e-04  3.18060e-11
3.340000000e+00  5.56614e-04  5.56614e-04  3.24028e-11
3.350000000e+00  5.51752e-04  5.51752e-04  3.27445e-11
3.360000000e+00  5.46941e-04  5.46941e-04  3.25229e-11
3.370000000e+00  5.42180e-04  5.42180e-04  3.37031e-11
3.380000000e+00  5.37468e-04  5.37468e-04  3.42394e-11
3.390000000e+00  5.32805e-04  5.32805e-04  3.46710e-11
3.400000000e+00  5.28190e-04  5.28190e-04  3.49178e-11
3.410000000e+00  5.23623e-04  5.23623e-04  3.50980e-11
3.420000000e+00  5.19104e-04  5.19104e-04  3.52952e-11
3.430000000e+00  5.14631e-04  5.14631e-04  3.54716e-11
3.440000000e+00  5.10204e-04  5.10203e-04  3.56402e-11
3.450000000e+00  5.05822e-04  5.05822e-04  3.57707e-11
3.460000000e+00  5.01485e-04  5.01485e-04  3.57588e-11
3.470000000e+00  4.97193e-04  4.97193e-04  3.57099e-11
3.480000000e+00  4.92945e-04  4.92945e-04  3.56478e-11
3.490000000e+00  4.88741e-04  4.88741e-04  3.55868e-11
3.500000000e+00  4.84579e-04  4.84579e-04  3.55232e-11
3.510000000e+00  4.80460e-04  4.80460e-04  3.54574e-11
3.520000000e+00  4.76383e-04  4.76383e-04  3.53615e-11
3.530000000e+00  4.72347e-04  4.72347e-04  3.51805e-11
3.540000000e+00  4.68352e-04  4.68352e-04  3.49924e-11
3.550000000e+00  4.64398e-04  4.64398e-04  3.47932e-11
3.560000000e+00  4.60484e-04  4.60484e-04  3.45566e-11
3.570000000e+00  4.56609e-04  4.56609e-04  3.42534e-11
3.580000000e+00  4.52774e-04  4.52774e-04  3.39031e-11
3.590000000e+00  4.48977e-04  4.48977e-04  3.33990e-11
3.600000000e+00  4.45219e-04  4.45219e-04  3.24755e-11
3.610000000e+00  4.41498e-04  4.41498e-04  3.16104e-11
3.620000000e+00  4.37815e-04  4.37815e-04  3.09121e-11
3.630000000e+00  4.34169e-04  4.34169e-04  3.14124e-11
3.640000000e+00  4.30559e-04  4.30559e-04  3.10711e-11
3.650000000e+00  4.26986e-04  4.26986e-04  3.04468e-11
3.660000000e+00  4.23448e-04  4.23448e-04  3.09541e-11
3.670000000e+00  4.19945e-04  4.19945e-04  3.15548e-11
3.680000000e+00  4.16478e-04  4.16478e-04  3.16772e-11
3.690000000e+00  4.13044e-04  4.13044e-04  3.14760e-11
3.700000000e+00  4.09645e-04  4.09645e-04  3.12633e-11
3.710000000e+00  4.06280e-04  4.06280e-04  3.10746e-11
3.720000000e+00  4.02948e-04  4.02948e-04  3.07608e-11
3.730000000e+00  3.99649e-04  3.99649e-04  3.05387e-11
3.740000000e+00  3.96383e-04  3.96383e-04  3.03387e-11
3.750000000e+00  3.93148e-04  3.93148e-04  3.00001e-11
3.760000000e+00  3.89946e-04  3.89946e-04  2.93703e-11
3.770000000e+00  3.86775e-04  3.86775e-04  2.86321e-11
3.780000000e+00  3.83635e-04  3.83635e-04  2.78706e-11
3.790000000e+00  3.80526e-04  3.80526e-04  2.69520e-11
3.800000000e+00  3.77448e-04  3.77448e-04  2.49430e-11
3.810000000e+00  3.74400e-04  3.74400e-04  2.23350e-11
3.820000000e+00  3.71381e-04  3.71381e-04  2.25529e-11
3.830000000e+00  3.68392e-04  3.68392e-04  2.44196e-11
3.840000000e+00  3.65432e-04  3.65432e-04  2.31088e-11
3.850000000e+00  3.62500e-04  3.62500e-04  2.22877e-11
3.860000000e+00  3.59597e-04  3.59597e-04  2.33430e-11
3.870000000e+00  3.56723e-04  3.56723e-04  2.49282e-11
3.880000000e+00  3.53876e-04  3.53876e-04  2.58169e-11
3.890000000e+00  3.51056e-04  3.51056e-04  2.61284e-11
3.900000000e+00  3.48264e-04  3.48264e-04  2.62499e-11
3.910000000e+00  3.45499e-04  3.45499e-04  2.61632e-11
3.920000000e+00  3.42760e-04  3.42760e-04  2.59368e-11
3.930000000e+00  3.40048e-04  3.40048e-04  2.55663e-11
3.940000000e+00  3.37361e-04  3.37361e-04  2.50503e-11
3.950000000e+00  3.34701e-04  3.34701e-04  2.44432e-11
3.960000000e+00  3.32066e-04  3.32066e-04  2.35028e-11
3.970000000e+00  3.29456e-04  3.29456e-04  2.26110e-11
3.980000000e+00  3.26870e-04  3.26870e-04  2.10803e-11
3.990000000e+00  3.24310e-04  3.24310e-04  2.01469e-11
4.000000000e+00  3.21774e-04  3.21774e-04  2.10432e-11
4.010000000e+00  3.19262e-04  3.19262e-04  2.14120e-11
4.020000000e+00  3.16773e-04  3.16773e-04  2.00502e-11
4.030000000e+00  3.14309e-04  3.14309e-04  2.00002e-11
4.040000000e+00  3.11867e-04  3.11867e-04  2.06148e-11
4.050000000e+00  3.09449e-04  3.09449e-04  2.13974e-11
4.060000000e+00  3.07053e-04  3.07053e-04  2.20926e-11
4.070000000e+00  3.04680e-04  3.04680e-04  2.21699e-11
4.080000000e+00  3.02329e-04  3.02329e-04  2.15699e-11
4.090000000e+00  3.00000e-04  3.00000e-04  2.08623e-11
4.100000000e+00  2.97694e-04  2.97693e-04  2.03456e-11
4.110000000e+00  2.95408e-04  2.95408e-04  2.03581e-11
4.120000000e+00  2.93144e-04  2.93144e-04  2.05205e-11
4.130000000e+00  2.90901e-04  2.90901e-04  2.03911e-11
4.140000000e+00  2.88679e-04  2.88679e-04  1.98598e-11
4.150000000e+00  2.86478e-04  2.86478e-04  1.99383e-11
4.160000000e+00  2.84297e-04  2.84297e-04  1.76136e-11
4.170000000e+00  2.82136e-04  2.82136e-04  7.61049e-12
4.180000000e+00  2.79995e-04  2.79995e-04  3.74094e-12
4.190000000e+00  2.77874e-04  2.77874e-04  1.91450e-12
4.200000000e+00  2.75773e-04  2.75773e-04  8.70476e-13
4.210000000e+00  2.73691e-04  2.73691e-04  3.30780e-13
4.220000000e+00  2.71628e-04  2.71628e-04  1.21314e-13
4.230000000e+00  2.69584e-04  2.69584e-04  6.74094e-14
4.240000000e+00  2.67559e-04  2.67559e-04  5.08381e-14
4.250000000e+00  2.65552e-04  2.65552e-04  4.80640e-14
4.260000000e+00  2.63564e-04  2.63564e-04  5.90152e-14
4.270000000e+00  2.61594e-04  2.61594e-04  6.41951e-14
4.280000000e+00  2.59642e-04  2.59642e-04  5.19521e-14
4.290000000e+00  2.57707e-04  2.57707e-04  5.34842e-14
4.300000000e+00  2.55790e-04  2.55790e-04  6.19750e-14
4.310000000e+00  2.53891e-04  2.53891e-04  7.34895e-14
4.320000000e+00  2.52009e-04  2.52009e-04  8.96299e-14
4.330000000e+00  2.50144e-04  2.50144e-04  1.26422e-13
4.340000000e+00  2.48295e-04  2.48295e-04  1.71325e-13
4.350000000e+00  2.46463e-04  2.46463e-04  2.11078e-13
4.360000000e+00  2.44648e-04  2.44648e-04  2.13093e-13
4.370000000e+00  2.42849e-04  2.42849e-04  2.28124e-13
4.380000000e+00  2.41067e-04  2.41067e-04  2.89564e-13
4.390000000e+00  2.39300e-04  2.39300e-04  3.81972e-13
4.400000000e+00  2.37549e-04  2.37549e-04  2.99009e-13
4.410000000e+00  2.35814e-04  2.35814e-04  3.01507e-13
4.420000000e+00  2.34094e-04  2.34094e-04  3.47089e-13
4.430000000e+00  2.32390e-04  2.32390e-04  4.31374e-13
4.440000000e+00  2.30700e-04  2.30700e-04  5.54892e-13
4.450000000e+00  2.29026e-04  2.29026e-04  7.86749e-13
4.460000000e+00  2.27367e-04  2.27367e-04  1.19024e-12
4.470000000e+00  2.25722e-04  2.25722e-04  1.55043e-12
4.480000000e+00  2.24092e-04  2.24092e-04  2.25637e-12
4.490000000e+00  2.22476e-04  2.22476e-04  2.81576e-12
4.500000000e+00  2.20874e-04  2.20874e-04  3.79219e-12
4.510000000e+00  2.19287e-04  2.19287e-04  5.74731e-12
4.520000000e+00  2.17714e-04  2.17714e-04  8.00704e-12
4.530000000e+00  2.16154e-04  2.16154e-04  1.05757e-11
4.540000000e+00  2.14608e-04  2.14608e-04  1.21494e-11
4.550000000e+00  2.13075e-04  2.13075e-04  1.31836e-11
4.560000000e+00  2.11556e-04  2.11556e-04  1.35072e-11
4.570000000e+00  2.10051e-04  2.10051e-04  1.37862e-11
4.580000000e+00  2.08558e-04  2.08558e-04  1.38773e-11
4.590000000e+00  2.07078e-04  2.07078e-04  1.39244e-11
4.600000000e+00  2.05611e-04  2.05611e-04  1.39257e-11
4.610000000e+00  2.04157e-04  2.04157e-04  1.38586e-11
4.620000000e+00  2.02716e-04  2.02716e-04  1.33127e-11
4.630000000e+00  2.01287e-04  2.01287e-04  1.30532e-11
4.640000000e+00  1.99870e-04  1.99870e-04  1.31281e-11
4.650000000e+00  1.98466e-04  1.98466e-04  1.30931e-11
4.660000000e+00  1.97073e-04  1.97073e-04  1.31810e-11
4.670000000e+00  1.95693e-04  1.95693e-04  1.31509e-11
4.680000000e+00  1.94324e-04  1.94324e-04  1.24720e-11
4.690000000e+00  1.92967e-04  1.92967e-04  1.20793e-11
4.700000000e+00  1.91622e-04  1.91622e-04  1.15433e-11
4.710000000e+00  1.90288e-04  1.90288e-04  8.17825e-12
4.720000000e+00  1.88966e-04  1.88966e-04  1.00949e-11
4.730000000e+00  1.87655e-04  1.87655e-04  8.81842e-12
4.740000000e+00  1.86355e-04  1.86355e-04  8.01887e-12
4.750000000e+00  1.85066e-04  1.85066e-04  7.48342e-12
4.760000000e+00  1.83788e-04  1.83788e-04  7.22826e-12
4.770000000e+00  1.82521e-04  1.82521e-04  7.39695e-12
4.780000000e+00  1.81265e-04  1.81265e-04  6.25112e-12
4.790000000e+00  1.80019e-04  1.80019e-04  5.14119e-12
4.800000000e+00  1.78783e-04  1.78783e-04  4.29343e-12
4.810000000e+00  1.77559e-04  1.77559e-04  3.24516e-12
4.820000000e+00  1.76344e-04  1.76344e-04  2.00727e-12
4.830000000e+00  1.75140e-04  1.75140e-04  2.43456e-12
4.840000000e+00  1.73945e-04  1.73945e-04  2.57119e-12
4.850000000e+00  1.72761e-04  1.72761e-04  2.55415e-12
4.860000000e+00  1.71587e-04  1.71587e-04  2.39415e-12
4.870000000e+00  1.70422e-04  1.70422e-04  2.53832e-12
4.880000000e+00  1.69267e-04  1.69267e-04  2.78858e-12
4.890000000e+00  1.68122e-04  1.68122e-04  3.02615e-12
4.900000000e+00  1.66986e-04  1.66986e-04  4.16017e-12
4.910000000e+00  1.65860e-04  1.65860e-04  5.18737e-12
4.920000000e+00  1.64743e-04  1.64743e-04  5.04592e-12
4.930000000e+00  1.63635e-04  1.63635e-04  7.31163e-12
4.940000000e+00  1.62536e-04  1.62536e-04  7.88479e-12
4.950000000e+00  1.61447e-04  1.61447e-04  7.70452e-12
4.960000000e+00  1.60366e-04  1.60366e-04  8.45830e-12
4.970000000e+00  1.59294e-04  1.59294e-04  9.28030e-12
4.980000000e+00  1.58232e-04  1.58232e-04  9.64868e-12
4.990000000e+00  1.57177e-04  1.57177e-04  1.03918e-11
5.000000000e+00  1.56132e-04  1.56132e-04  9.47977e-12
results_trn.txt
# ------------------------------------------------------------------------
# NASA-GSFC Planetary Spectrum Generator (PSG, Villanueva et al. 2015)
# Atmospheric transmittance spectrum synthesized with PUMAS (Villanueva et al. 2016, Smith et al. 2009, Edwards 1992)
# Synthesized on Tue Nov 21 15:10:42 2017
# Molecular abundance profile: 
# Molecules considered: N2,CO2,H2O
# Molecular sources: HIT[22],HIT[2],HIT[1]
# Molecular abundances: 1,1,1
# Molecular abundance units: scl,scl,scl
# Collission-Induced-Absorption:  N2-N2(3.33-5.41um)
# Rayleigh scattering included
# ------------------------------------------------------------------------
# Aerosols considered: WaterIce,Cloud
# Aerosols sources: CRISM_Wolff[reff=2.0um 0.31-99.57um],White_GSFC[reff=1.0um 0.10-1000000.00um]
# Aerosols opacities: 1,1
# Aerosols opacity units: scl,scl
# ------------------------------------------------------------------------
# Spectral unit: Wavelength [um]
# Wave/freq Total N2 CO2 H2O WaterIce Cloud Rayleigh CIA
1.000000000e+00  0.00000  1.00000  0.99996  0.97303  0.00000  0.00000  0.97250  1.00000
1.010000000e+00  0.00000  1.00000  0.99999  0.96378  0.00000  0.00000  0.97356  1.00000
1.020000000e+00  0.00000  1.00000  1.00000  0.98297  0.00000  0.00000  0.97457  1.00000
1.030000000e+00  0.00000  1.00000  0.99999  0.98554  0.00000  0.00000  0.97553  1.00000
1.040000000e+00  0.00000  1.00000  0.79653  0.99828  0.00000  0.00000  0.97645  1.00000
1.050000000e+00  0.00000  1.00000  0.98663  0.99934  0.00000  0.00000  0.97732  1.00000
1.060000000e+00  0.00000  1.00000  0.96705  0.99806  0.00000  0.00000  0.97815  1.00000
1.070000000e+00  0.00000  1.00000  0.94060  0.98652  0.00000  0.00000  0.97895  1.00000
1.080000000e+00  0.00000  1.00000  0.99394  0.93633  0.00000  0.00000  0.97971  1.00000
1.090000000e+00  0.00000  1.00000  0.99963  0.88022  0.00000  0.00000  0.98044  1.00000
1.100000000e+00  0.00000  1.00000  0.99829  0.75283  0.00000  0.00000  0.98113  1.00000
1.110000000e+00  0.00000  1.00000  1.00000  0.47961  0.00000  0.00000  0.98180  1.00000
1.120000000e+00  0.00000  1.00000  0.97628  0.07098  0.00000  0.00000  0.98243  1.00000
1.130000000e+00  0.00000  1.00000  0.99656  0.01600  0.00000  0.00000  0.98304  1.00000
1.140000000e+00  0.00000  1.00000  0.99260  0.16352  0.00000  0.00000  0.98363  1.00000
1.150000000e+00  0.00000  1.00000  0.99779  0.08176  0.00000  0.00000  0.98418  1.00000
1.160000000e+00  0.00000  1.00000  0.99755  0.28689  0.00000  0.00000  0.98472  1.00000
1.170000000e+00  0.00000  1.00000  0.99992  0.55644  0.00000  0.00000  0.98523  1.00000
1.180000000e+00  0.00000  1.00000  0.99951  0.70601  0.00000  0.00000  0.98572  1.00000
1.190000000e+00  0.00000  1.00000  0.99995  0.64226  0.00000  0.00000  0.98619  1.00000
1.200000000e+00  0.00000  1.00000  0.99982  0.66901  0.00000  0.00000  0.98664  1.00000
1.210000000e+00  0.00000  1.00000  0.08602  0.78406  0.00000  0.00000  0.98708  1.00000
1.220000000e+00  0.00000  1.00000  0.56872  0.84913  0.00000  0.00000  0.98749  1.00000
1.230000000e+00  0.00000  1.00000  0.39352  0.88766  0.00000  0.00000  0.98789  1.00000
1.240000000e+00  0.00000  1.00000  0.83918  0.98113  0.00000  0.00000  0.98827  1.00000
1.250000000e+00  0.00000  1.00000  0.98867  0.99651  0.00000  0.00000  0.98864  1.00000
1.260000000e+00  0.00000  1.00000  0.95791  0.99663  0.00000  0.00000  0.98900  1.00000
1.270000000e+00  0.00000  1.00000  0.95962  0.98968  0.00000  0.00000  0.98934  1.00000
1.280000000e+00  0.00000  1.00000  0.99903  0.97727  0.00000  0.00000  0.98967  1.00000
1.290000000e+00  0.00000  1.00000  0.88188  0.93885  0.00000  0.00000  0.98998  1.00000
1.300000000e+00  0.00000  1.00000  0.82905  0.83843  0.00000  0.00000  0.99028  1.00000
1.310000000e+00  0.00000  1.00000  0.99210  0.72001  0.00000  0.00000  0.99058  1.00000
1.320000000e+00  0.00000  1.00000  0.41639  0.54824  0.00000  0.00000  0.99086  1.00000
1.330000000e+00  0.00000  1.00000  0.96812  0.39848  0.00000  0.00000  0.99113  1.00000
1.340000000e+00  0.00000  1.00000  0.56929  0.24733  0.00000  0.00000  0.99139  1.00000
1.350000000e+00  0.00000  1.00000  0.85253  0.01689  0.00000  0.00000  0.99164  1.00000
1.360000000e+00  0.00000  1.00000  0.98774  0.00000  0.00000  0.00000  0.99188  1.00000
1.370000000e+00  0.00000  1.00000  0.96998  0.00000  0.00000  0.00000  0.99212  1.00000
1.380000000e+00  0.00000  1.00000  0.96150  0.00000  0.00000  0.00000  0.99234  1.00000
1.390000000e+00  0.00000  1.00000  0.99286  0.00000  0.00000  0.00000  0.99256  1.00000
1.400000000e+00  0.00000  1.00000  0.99613  0.00001  0.00000  0.00000  0.99277  1.00000
1.410000000e+00  0.00000  1.00000  0.99980  0.00000  0.00000  0.00000  0.99297  1.00000
1.420000000e+00  0.00000  1.00000  0.99942  0.00171  0.00000  0.00000  0.99316  1.00000
1.430000000e+00  0.00000  1.00000  0.68598  0.00492  0.00000  0.00000  0.99335  1.00000
1.440000000e+00  0.00000  1.00000  0.00000  0.00520  0.00000  0.00000  0.99354  1.00000
1.450000000e+00  0.00000  1.00000  0.01278  0.03396  0.00000  0.00000  0.99371  1.00000
1.460000000e+00  0.00000  1.00000  0.63964  0.11812  0.00000  0.00000  0.99388  1.00000
1.470000000e+00  0.00000  1.00000  0.97461  0.03802  0.00000  0.00000  0.99405  1.00000
1.480000000e+00  0.00000  1.00000  0.41390  0.09375  0.00000  0.00000  0.99420  1.00000
1.490000000e+00  0.00000  1.00000  0.74904  0.09440  0.00000  0.00000  0.99436  1.00000
1.500000000e+00  0.00000  1.00000  0.55819  0.41952  0.00000  0.00000  0.99451  1.00000
1.510000000e+00  0.00000  1.00000  0.98151  0.57152  0.00000  0.00000  0.99465  1.00000
1.520000000e+00  0.00000  1.00000  0.98640  0.74590  0.00000  0.00000  0.99479  1.00000
1.530000000e+00  0.00000  1.00000  0.32541  0.82668  0.00000  0.00000  0.99492  1.00000
1.540000000e+00  0.00000  1.00000  0.13543  0.93710  0.00000  0.00000  0.99505  1.00000
1.550000000e+00  0.00000  1.00000  0.65007  0.96662  0.00000  0.00000  0.99518  1.00000
1.560000000e+00  0.00000  1.00000  0.93873  0.99084  0.00000  0.00000  0.99530  1.00000
1.570000000e+00  0.00000  1.00000  0.30725  0.98219  0.00000  0.00000  0.99542  1.00000
1.580000000e+00  0.00000  1.00000  0.00020  0.98576  0.00000  0.00000  0.99553  1.00000
1.590000000e+00  0.00000  1.00000  0.34140  0.98699  0.00000  0.00000  0.99565  1.00000
1.600000000e+00  0.00000  1.00000  0.21593  0.98002  0.00000  0.00000  0.99575  1.00000
1.610000000e+00  0.00000  1.00000  0.00216  0.99268  0.00000  0.00000  0.99586  1.00000
1.620000000e+00  0.00000  1.00000  0.01866  0.99272  0.00000  0.00000  0.99596  1.00000
1.630000000e+00  0.00000  1.00000  0.39529  0.99756  0.00000  0.00000  0.99606  1.00000
1.640000000e+00  0.00000  1.00000  0.30821  0.99246  0.00000  0.00000  0.99615  1.00000
1.650000000e+00  0.00000  1.00000  0.23281  0.97960  0.00000  0.00000  0.99624  1.00000
1.660000000e+00  0.00000  1.00000  0.39300  0.97734  0.00000  0.00000  0.99633  1.00000
1.670000000e+00  0.00000  1.00000  0.56315  0.97852  0.00000  0.00000  0.99642  1.00000
1.680000000e+00  0.00000  1.00000  0.80137  0.96704  0.00000  0.00000  0.99650  1.00000
1.690000000e+00  0.00000  1.00000  0.93779  0.97300  0.00000  0.00000  0.99659  1.00000
1.700000000e+00  0.00000  1.00000  0.98482  0.90113  0.00000  0.00000  0.99667  1.00000
1.710000000e+00  0.00000  1.00000  0.92876  0.90081  0.00000  0.00000  0.99674  1.00000
1.720000000e+00  0.00000  1.00000  0.96325  0.91853  0.00000  0.00000  0.99682  1.00000
1.730000000e+00  0.00000  1.00000  0.99266  0.86843  0.00000  0.00000  0.99689  1.00000
1.740000000e+00  0.00000  1.00000  0.99938  0.75960  0.00000  0.00000  0.99696  1.00000
1.750000000e+00  0.00000  1.00000  0.99894  0.69282  0.00000  0.00000  0.99703  1.00000
1.760000000e+00  0.00000  1.00000  0.89800  0.70548  0.00000  0.00000  0.99710  1.00000
1.770000000e+00  0.00000  1.00000  0.95867  0.53804  0.00000  0.00000  0.99716  1.00000
1.780000000e+00  0.00000  1.00000  0.99523  0.36570  0.00000  0.00000  0.99723  1.00000
1.790000000e+00  0.00000  1.00000  0.88345  0.21723  0.00000  0.00000  0.99729  1.00000
1.800000000e+00  0.00000  1.00000  0.95077  0.09318  0.00000  0.00000  0.99735  1.00000
1.810000000e+00  0.00000  1.00000  0.98772  0.01123  0.00000  0.00000  0.99740  1.00000
1.820000000e+00  0.00000  1.00000  0.99567  0.00063  0.00000  0.00000  0.99746  1.00000
1.830000000e+00  0.00000  1.00000  0.99929  0.00001  0.00000  0.00000  0.99752  1.00000
1.840000000e+00  0.00000  1.00000  0.99972  0.00000  0.00000  0.00000  0.99757  1.00000
1.850000000e+00  0.00000  1.00000  0.99757  0.00000  0.00000  0.00000  0.99762  1.00000
1.860000000e+00  0.00000  1.00000  0.99712  0.00000  0.00000  0.00000  0.99767  1.00000
1.870000000e+00  0.00000  1.00000  0.97884  0.00000  0.00000  0.00000  0.99772  1.00000
1.880000000e+00  0.00000  1.00000  0.10691  0.00000  0.00000  0.00000  0.99777  1.00000
1.890000000e+00  0.00000  1.00000  0.12498  0.00000  0.00000  0.00000  0.99782  1.00000
1.900000000e+00  0.00000  1.00000  0.51834  0.00001  0.00000  0.00000  0.99786  1.00000
1.910000000e+00  0.00000  1.00000  0.64736  0.00000  0.00000  0.00000  0.99791  1.00000
1.920000000e+00  0.00000  1.00000  0.86374  0.00000  0.00000  0.00000  0.99795  1.00000
1.930000000e+00  0.00000  1.00000  0.84302  0.00002  0.00000  0.00000  0.99799  1.00000
1.940000000e+00  0.00000  1.00000  0.19618  0.00042  0.00000  0.00000  0.99803  1.00000
1.950000000e+00  0.00000  1.00000  0.00000  0.00673  0.00000  0.00000  0.99807  1.00000
1.960000000e+00  0.00000  1.00000  0.00000  0.01959  0.00000  0.00000  0.99811  1.00000
1.970000000e+00  0.00000  1.00000  0.00000  0.23748  0.00000  0.00000  0.99815  1.00000
1.980000000e+00  0.00000  1.00000  0.00000  0.36048  0.00000  0.00000  0.99819  1.00000
1.990000000e+00  0.00000  1.00000  0.00421  0.42247  0.00000  0.00000  0.99822  1.00000
2.000000000e+00  0.00000  1.00000  0.00000  0.55263  0.00000  0.00000  0.99826  1.00000
2.010000000e+00  0.00000  1.00000  0.00000  0.45162  0.00000  0.00000  0.99829  1.00000
2.020000000e+00  0.00000  1.00000  0.00000  0.60301  0.00000  0.00000  0.99833  1.00000
2.030000000e+00  0.00000  1.00000  0.00000  0.81621  0.00000  0.00000  0.99836  1.00000
2.040000000e+00  0.00000  1.00000  0.00000  0.84583  0.00000  0.00000  0.99839  1.00000
2.050000000e+00  0.00000  1.00000  0.00000  0.92723  0.00000  0.00000  0.99842  1.00000
2.060000000e+00  0.00000  1.00000  0.00000  0.84919  0.00000  0.00000  0.99845  1.00000
2.070000000e+00  0.00000  1.00000  0.00000  0.87725  0.00000  0.00000  0.99848  1.00000
2.080000000e+00  0.00000  1.00000  0.00000  0.91858  0.00000  0.00000  0.99851  1.00000
2.090000000e+00  0.00000  1.00000  0.00000  0.91675  0.00000  0.00000  0.99854  1.00000
2.100000000e+00  0.00000  1.00000  0.00004  0.94998  0.00000  0.00000  0.99857  1.00000
2.110000000e+00  0.00000  1.00000  0.01952  0.95988  0.00000  0.00000  0.99859  1.00000
2.120000000e+00  0.00000  1.00000  0.06841  0.89607  0.00000  0.00000  0.99862  1.00000
2.130000000e+00  0.00000  1.00000  0.44261  0.85438  0.00000  0.00000  0.99865  1.00000
2.140000000e+00  0.00000  1.00000  0.63494  0.96536  0.00000  0.00000  0.99867  1.00000
2.150000000e+00  0.00000  1.00000  0.27632  0.98368  0.00000  0.00000  0.99869  1.00000
2.160000000e+00  0.00000  1.00000  0.34535  0.93629  0.00000  0.00000  0.99872  1.00000
2.170000000e+00  0.00000  1.00000  0.22917  0.86938  0.00000  0.00000  0.99874  1.00000
2.180000000e+00  0.00000  1.00000  0.54119  0.89190  0.00000  0.00000  0.99877  1.00000
2.190000000e+00  0.00000  1.00000  0.83127  0.77457  0.00000  0.00000  0.99879  1.00000
2.200000000e+00  0.00000  1.00000  0.88671  0.86062  0.00000  0.00000  0.99881  1.00000
2.210000000e+00  0.00000  1.00000  0.96478  0.90103  0.00000  0.00000  0.99883  1.00000
2.220000000e+00  0.00000  1.00000  0.95057  0.92463  0.00000  0.00000  0.99885  1.00000
2.230000000e+00  0.00000  1.00000  0.95418  0.94976  0.00000  0.00000  0.99887  1.00000
2.240000000e+00  0.00000  1.00000  0.98693  0.97638  0.00000  0.00000  0.99889  1.00000
2.250000000e+00  0.00000  1.00000  0.97820  0.98051  0.00000  0.00000  0.99891  1.00000
2.260000000e+00  0.00000  1.00000  0.94825  0.99238  0.00000  0.00000  0.99893  1.00000
2.270000000e+00  0.00000  1.00000  0.98754  0.98422  0.00000  0.00000  0.99895  1.00000
2.280000000e+00  0.00000  1.00000  0.97366  0.99709  0.00000  0.00000  0.99897  1.00000
2.290000000e+00  0.00000  1.00000  0.99195  0.98495  0.00000  0.00000  0.99899  1.00000
2.300000000e+00  0.00000  1.00000  0.99602  0.91281  0.00000  0.00000  0.99900  1.00000
2.310000000e+00  0.00000  1.00000  0.99747  0.97157  0.00000  0.00000  0.99902  1.00000
2.320000000e+00  0.00000  1.00000  0.99906  0.92904  0.00000  0.00000  0.99904  1.00000
2.330000000e+00  0.00000  1.00000  0.99989  0.92191  0.00000  0.00000  0.99905  1.00000
2.340000000e+00  0.00000  1.00000  0.99989  0.93750  0.00000  0.00000  0.99907  1.00000
2.350000000e+00  0.00000  1.00000  0.99987  0.83895  0.00000  0.00000  0.99909  1.00000
2.360000000e+00  0.00000  1.00000  0.99967  0.70661  0.00000  0.00000  0.99910  1.00000
2.370000000e+00  0.00000  1.00000  0.99823  0.72787  0.00000  0.00000  0.99912  1.00000
2.380000000e+00  0.00000  1.00000  0.99715  0.54053  0.00000  0.00000  0.99913  1.00000
2.390000000e+00  0.00000  1.00000  0.99069  0.42929  0.00000  0.00000  0.99914  1.00000
2.400000000e+00  0.00000  1.00000  0.98878  0.52006  0.00000  0.00000  0.99916  1.00000
2.410000000e+00  0.00000  1.00000  0.98699  0.34706  0.00000  0.00000  0.99917  1.00000
2.420000000e+00  0.00000  1.00000  0.99685  0.16150  0.00000  0.00000  0.99919  1.00000
2.430000000e+00  0.00000  1.00000  0.99991  0.35768  0.00000  0.00000  0.99920  1.00000
2.440000000e+00  0.00000  1.00000  0.99986  0.07638  0.00000  0.00000  0.99921  1.00000
2.450000000e+00  0.00000  1.00000  0.99965  0.14089  0.00000  0.00000  0.99923  1.00000
2.460000000e+00  0.00000  1.00000  0.99949  0.22678  0.00000  0.00000  0.99924  1.00000
2.470000000e+00  0.00000  1.00000  0.99254  0.19372  0.00000  0.00000  0.99925  1.00000
2.480000000e+00  0.00000  1.00000  0.97000  0.09300  0.00000  0.00000  0.99926  1.00000
2.490000000e+00  0.00000  1.00000  0.32317  0.00411  0.00000  0.00000  0.99927  1.00000
2.500000000e+00  0.00000  1.00000  0.73654  0.00400  0.00000  0.00000  0.99929  1.00000
2.510000000e+00  0.00000  1.00000  0.70598  0.00112  0.00000  0.00000  0.99930  1.00000
2.520000000e+00  0.00000  1.00000  0.68312  0.00028  0.00000  0.00000  0.99931  1.00000
2.530000000e+00  0.00000  1.00000  0.83908  0.00000  0.00000  0.00000  0.99932  1.00000
2.540000000e+00  0.00000  1.00000  0.90206  0.00000  0.00000  0.00000  0.99933  1.00000
2.550000000e+00  0.00000  1.00000  0.97545  0.00000  0.00000  0.00000  0.99934  1.00000
2.560000000e+00  0.00000  1.00000  0.94440  0.00000  0.00000  0.00000  0.99935  1.00000
2.570000000e+00  0.00000  1.00000  0.96733  0.00000  0.00000  0.00000  0.99936  1.00000
2.580000000e+00  0.00000  1.00000  0.79074  0.00000  0.00000  0.00000  0.99937  1.00000
2.590000000e+00  0.00000  1.00000  0.54474  0.00000  0.00000  0.00000  0.99938  1.00000
2.600000000e+00  0.00000  1.00000  0.64875  0.00000  0.00000  0.00000  0.99939  1.00000
2.610000000e+00  0.00000  1.00000  0.18691  0.00000  0.00000  0.00000  0.99940  1.00000
2.620000000e+00  0.00000  1.00000  0.07196  0.00000  0.00000  0.00000  0.99941  1.00000
2.630000000e+00  0.00000  1.00000  0.24951  0.00000  0.00000  0.00000  0.99942  1.00000
2.640000000e+00  0.00000  1.00000  0.21196  0.00000  0.00000  0.00000  0.99943  1.00000
2.650000000e+00  0.00000  1.00000  0.37767  0.00000  0.00000  0.00000  0.99943  1.00000
2.660000000e+00  0.00000  1.00000  0.00068  0.00000  0.00000  0.00000  0.99944  1.00000
2.670000000e+00  0.00000  1.00000  0.00000  0.00000  0.00000  0.00000  0.99945  1.00000
2.680000000e+00  0.00000  1.00000  0.00000  0.00000  0.00000  0.00000  0.99946  1.00000
2.690000000e+00  0.00000  1.00000  0.00000  0.00000  0.00000  0.00000  0.99947  1.00000
2.700000000e+00  0.00000  1.00000  0.00000  0.00000  0.00000  0.00000  0.99947  1.00000
2.710000000e+00  0.00000  1.00000  0.00000  0.00000  0.00000  0.00000  0.99948  1.00000
2.720000000e+00  0.00000  1.00000  0.00000  0.00000  0.00000  0.00000  0.99949  1.00000
2.730000000e+00  0.00000  1.00000  0.00000  0.00000  0.00000  0.00000  0.99950  1.00000
2.740000000e+00  0.00000  1.00000  0.00000  0.00000  0.00000  0.00000  0.99950  1.00000
2.750000000e+00  0.00000  1.00000  0.00000  0.00000  0.00000  0.00000  0.99951  1.00000
2.760000000e+00  0.00000  1.00000  0.00000  0.00000  0.00000  0.00000  0.99952  1.00000
2.770000000e+00  0.00000  1.00000  0.00000  0.00000  0.00000  0.00000  0.99953  1.00000
2.780000000e+00  0.00000  1.00000  0.00000  0.00000  0.00000  0.00000  0.99953  1.00000
2.790000000e+00  0.00000  1.00000  0.00000  0.00000  0.00000  0.00000  0.99954  1.00000
2.800000000e+00  0.00000  1.00000  0.00000  0.00000  0.00000  0.00000  0.99955  1.00000
2.810000000e+00  0.00000  1.00000  0.00000  0.00000  0.00000  0.00000  0.99955  1.00000
2.820000000e+00  0.00000  1.00000  0.00000  0.00000  0.00000  0.00000  0.99956  1.00000
2.830000000e+00  0.00000  1.00000  0.00000  0.00000  0.00000  0.00000  0.99956  1.00000
2.840000000e+00  0.00000  1.00000  0.00000  0.00000  0.00000  0.00000  0.99957  1.00000
2.850000000e+00  0.00000  1.00000  0.00000  0.00000  0.00000  0.00000  0.99958  1.00000
2.860000000e+00  0.00000  1.00000  0.00000  0.00000  0.00000  0.00000  0.99958  1.00000
2.870000000e+00  0.00000  1.00000  0.00000  0.00001  0.00000  0.00000  0.99959  1.00000
2.880000000e+00  0.00000  1.00000  0.00000  0.00005  0.00000  0.00000  0.99959  1.00000
2.890000000e+00  0.00000  1.00000  0.00003  0.00003  0.00000  0.00000  0.99960  1.00000
2.900000000e+00  0.00000  1.00000  0.00440  0.00322  0.00000  0.00000  0.99960  1.00000
2.910000000e+00  0.00000  1.00000  0.08495  0.00092  0.00000  0.00000  0.99961  1.00000
2.920000000e+00  0.00000  1.00000  0.35439  0.00133  0.00000  0.00000  0.99962  1.00000
2.930000000e+00  0.00000  1.00000  0.56261  0.00807  0.00000  0.00000  0.99962  1.00000
2.940000000e+00  0.00000  1.00000  0.69053  0.03616  0.00000  0.00000  0.99963  1.00000
2.950000000e+00  0.00000  1.00000  0.82520  0.00096  0.00000  0.00000  0.99963  1.00000
2.960000000e+00  0.00000  1.00000  0.42391  0.01062  0.00000  0.00000  0.99964  1.00000
2.970000000e+00  0.00000  1.00000  0.05273  0.03506  0.00000  0.00000  0.99964  1.00000
2.980000000e+00  0.00000  1.00000  0.00380  0.00005  0.00000  0.00000  0.99965  1.00000
2.990000000e+00  0.00000  1.00000  0.01452  0.05032  0.00000  0.00000  0.99965  1.00000
3.000000000e+00  0.00000  1.00000  0.28663  0.08067  0.00000  0.00000  0.99965  1.00000
3.010000000e+00  0.00000  1.00000  0.30360  0.05858  0.00000  0.00000  0.99966  1.00000
3.020000000e+00  0.00000  1.00000  0.05709  0.04018  0.00000  0.00000  0.99966  1.00000
3.030000000e+00  0.00000  1.00000  0.11611  0.03478  0.00000  0.00000  0.99967  1.00000
3.040000000e+00  0.00000  1.00000  0.31941  0.00547  0.00000  0.00000  0.99967  1.00000
3.050000000e+00  0.00000  1.00000  0.63811  0.00696  0.00000  0.00000  0.99968  1.00000
3.060000000e+00  0.00000  1.00000  0.68884  0.01285  0.00000  0.00000  0.99968  1.00000
3.070000000e+00  0.00000  1.00000  0.83637  0.00642  0.00000  0.00000  0.99969  1.00000
3.080000000e+00  0.00000  1.00000  0.87225  0.02628  0.00000  0.00000  0.99969  1.00000
3.090000000e+00  0.00000  1.00000  0.93130  0.00057  0.00000  0.00000  0.99969  1.00000
3.100000000e+00  0.00000  1.00000  0.89879  0.00052  0.00000  0.00000  0.99970  1.00000
3.110000000e+00  0.00000  1.00000  0.71916  0.00956  0.00000  0.00000  0.99970  1.00000
3.120000000e+00  0.00000  1.00000  0.49317  0.00133  0.00000  0.00000  0.99970  1.00000
3.130000000e+00  0.00000  1.00000  0.39869  0.05723  0.00000  0.00000  0.99971  1.00000
3.140000000e+00  0.00000  1.00000  0.55753  0.13538  0.00000  0.00000  0.99971  1.00000
3.150000000e+00  0.00000  1.00000  0.75956  0.02476  0.00000  0.00000  0.99972  1.00000
3.160000000e+00  0.00000  1.00000  0.60812  0.09836  0.00000  0.00000  0.99972  1.00000
3.170000000e+00  0.00000  1.00000  0.43674  0.64219  0.00000  0.00000  0.99972  1.00000
3.180000000e+00  0.00000  1.00000  0.50147  0.49058  0.00000  0.00000  0.99973  1.00000
3.190000000e+00  0.00000  1.00000  0.67104  0.20595  0.00000  0.00000  0.99973  1.00000
3.200000000e+00  0.00000  1.00000  0.83585  0.04576  0.00000  0.00000  0.99973  1.00000
3.210000000e+00  0.00000  1.00000  0.93512  0.00001  0.00000  0.00000  0.99974  1.00000
3.220000000e+00  0.00000  1.00000  0.91223  0.00009  0.00000  0.00000  0.99974  1.00000
3.230000000e+00  0.00000  1.00000  0.90553  0.00179  0.00000  0.00000  0.99974  1.00000
3.240000000e+00  0.00000  1.00000  0.95075  0.10736  0.00000  0.00000  0.99975  1.00000
3.250000000e+00  0.00000  1.00000  0.98812  0.03581  0.00000  0.00000  0.99975  1.00000
3.260000000e+00  0.00000  1.00000  0.99664  0.26466  0.00000  0.00000  0.99975  1.00000
3.270000000e+00  0.00000  1.00000  0.99624  0.01522  0.00000  0.00000  0.99976  1.00000
3.280000000e+00  0.00000  1.00000  0.99686  0.04764  0.00000  0.00000  0.99976  1.00000
3.290000000e+00  0.00000  1.00000  0.99857  0.27393  0.00000  0.00000  0.99976  1.00000
3.300000000e+00  0.00000  1.00000  0.99937  0.12776  0.00000  0.00000  0.99976  1.00000
3.310000000e+00  0.00000  1.00000  0.99949  0.01424  0.00000  0.00000  0.99977  1.00000
3.320000000e+00  0.00000  1.00000  0.99902  0.17826  0.00000  0.00000  0.99977  1.00000
3.330000000e+00  0.00000  1.00000  0.99378  0.05426  0.00000  0.00000  0.99977  1.00000
3.340000000e+00  0.00000  1.00000  0.97880  0.34427  0.00000  0.00000  0.99977  0.99989
3.350000000e+00  0.00000  1.00000  0.96616  0.11834  0.00000  0.00000  0.99978  0.99984
3.360000000e+00  0.00000  1.00000  0.86182  0.12110  0.00000  0.00000  0.99978  0.99989
3.370000000e+00  0.00000  1.00000  0.96018  0.16974  0.00000  0.00000  0.99978  0.99981
3.380000000e+00  0.00000  1.00000  0.97150  0.28305  0.00000  0.00000  0.99979  0.99993
3.390000000e+00  0.00000  1.00000  0.98474  0.42394  0.00000  0.00000  0.99979  0.99990
3.400000000e+00  0.00000  1.00000  0.99447  0.63830  0.00000  0.00000  0.99979  0.99995
3.410000000e+00  0.00000  1.00000  0.99799  0.48026  0.00000  0.00000  0.99979  0.99996
3.420000000e+00  0.00000  1.00000  0.99931  0.60928  0.00000  0.00000  0.99980  1.00000
3.430000000e+00  0.00000  1.00000  0.99912  0.86655  0.00000  0.00000  0.99980  0.99994
3.440000000e+00  0.00000  1.00000  0.99932  0.75560  0.00000  0.00000  0.99980  0.99990
3.450000000e+00  0.00000  1.00000  0.99657  0.75689  0.00000  0.00000  0.99980  0.99978
3.460000000e+00  0.00000  1.00000  0.99741  0.70677  0.00000  0.00000  0.99980  0.99992
3.470000000e+00  0.00000  1.00000  0.99907  0.84978  0.00000  0.00000  0.99981  0.99981
3.480000000e+00  0.00000  1.00000  0.99935  0.79795  0.00000  0.00000  0.99981  0.99987
3.490000000e+00  0.00000  1.00000  0.99958  0.83735  0.00000  0.00000  0.99981  0.99987
3.500000000e+00  0.00000  1.00000  0.99960  0.80481  0.00000  0.00000  0.99981  0.99993
3.510000000e+00  0.00000  1.00000  0.99931  0.82112  0.00000  0.00000  0.99982  0.99998
3.520000000e+00  0.00000  1.00000  0.99816  0.75163  0.00000  0.00000  0.99982  0.99997
3.530000000e+00  0.00000  1.00000  0.99514  0.71577  0.00000  0.00000  0.99982  0.99996
3.540000000e+00  0.00000  1.00000  0.98914  0.69511  0.00000  0.00000  0.99982  0.99992
3.550000000e+00  0.00000  1.00000  0.97676  0.65647  0.00000  0.00000  0.99982  0.99994
3.560000000e+00  0.00000  1.00000  0.94921  0.53756  0.00000  0.00000  0.99983  0.99975
3.570000000e+00  0.00000  1.00000  0.90760  0.68459  0.00000  0.00000  0.99983  0.99975
3.580000000e+00  0.00000  1.00000  0.87638  0.61527  0.00000  0.00000  0.99983  0.99953
3.590000000e+00  0.00000  1.00000  0.82131  0.72269  0.00000  0.00000  0.99983  0.99953
3.600000000e+00  0.00000  1.00000  0.67078  0.61475  0.00000  0.00000  0.99983  0.99958
3.610000000e+00  0.00000  1.00000  0.54085  0.81476  0.00000  0.00000  0.99983  0.99960
3.620000000e+00  0.00000  1.00000  0.48875  0.65015  0.00000  0.00000  0.99984  0.99949
3.630000000e+00  0.00000  1.00000  0.68100  0.80265  0.00000  0.00000  0.99984  0.99938
3.640000000e+00  0.00000  1.00000  0.64057  0.69789  0.00000  0.00000  0.99984  0.99919
3.650000000e+00  0.00000  1.00000  0.51558  0.91561  0.00000  0.00000  0.99984  0.99906
3.660000000e+00  0.00000  1.00000  0.61928  0.75241  0.00000  0.00000  0.99984  0.99898
3.670000000e+00  0.00000  1.00000  0.80846  0.76402  0.00000  0.00000  0.99985  0.99888
3.680000000e+00  0.00000  1.00000  0.93411  0.36875  0.00000  0.00000  0.99985  0.99870
3.690000000e+00  0.00000  1.00000  0.96902  0.51588  0.00000  0.00000  0.99985  0.99842
3.700000000e+00  0.00000  1.00000  0.97985  0.75252  0.00000  0.00000  0.99985  0.99822
3.710000000e+00  0.00000  1.00000  0.98904  0.89968  0.00000  0.00000  0.99985  0.99647
3.720000000e+00  0.00000  1.00000  0.97955  0.68063  0.00000  0.00000  0.99985  0.99535
3.730000000e+00  0.00000  1.00000  0.97829  0.82516  0.00000  0.00000  0.99985  0.99486
3.740000000e+00  0.00000  1.00000  0.97765  0.68741  0.00000  0.00000  0.99986  0.99429
3.750000000e+00  0.00000  1.00000  0.94088  0.78431  0.00000  0.00000  0.99986  0.99353
3.760000000e+00  0.00000  1.00000  0.84638  0.73573  0.00000  0.00000  0.99986  0.99269
3.770000000e+00  0.00000  1.00000  0.72257  0.67892  0.00000  0.00000  0.99986  0.99174
3.780000000e+00  0.00000  1.00000  0.55064  0.69944  0.00000  0.00000  0.99986  0.99050
3.790000000e+00  0.00000  1.00000  0.37771  0.75686  0.00000  0.00000  0.99986  0.98897
3.800000000e+00  0.00000  1.00000  0.14979  0.70304  0.00000  0.00000  0.99987  0.98734
3.810000000e+00  0.00000  1.00000  0.04053  0.86939  0.00000  0.00000  0.99987  0.98539
3.820000000e+00  0.00000  1.00000  0.06356  0.67163  0.00000  0.00000  0.99987  0.98329
3.830000000e+00  0.00000  1.00000  0.26180  0.85145  0.00000  0.00000  0.99987  0.98090
3.840000000e+00  0.00000  1.00000  0.12891  0.73145  0.00000  0.00000  0.99987  0.97811
3.850000000e+00  0.00000  1.00000  0.06693  0.86062  0.00000  0.00000  0.99987  0.97487
3.860000000e+00  0.00000  1.00000  0.12160  0.83266  0.00000  0.00000  0.99987  0.97118
3.870000000e+00  0.00000  1.00000  0.29123  0.87637  0.00000  0.00000  0.99987  0.96710
3.880000000e+00  0.00000  1.00000  0.53782  0.87127  0.00000  0.00000  0.99988  0.96246
3.890000000e+00  0.00000  1.00000  0.75743  0.90129  0.00000  0.00000  0.99988  0.95709
3.900000000e+00  0.00000  1.00000  0.90441  0.93629  0.00000  0.00000  0.99988  0.95103
3.910000000e+00  0.00000  1.00000  0.96008  0.88918  0.00000  0.00000  0.99988  0.94418
3.920000000e+00  0.00000  1.00000  0.96458  0.97506  0.00000  0.00000  0.99988  0.93614
3.930000000e+00  0.00000  1.00000  0.92725  0.94591  0.00000  0.00000  0.99988  0.92694
3.940000000e+00  0.00000  1.00000  0.84484  0.97637  0.00000  0.00000  0.99988  0.91630
3.950000000e+00  0.00000  1.00000  0.71969  0.97989  0.00000  0.00000  0.99988  0.90430
3.960000000e+00  0.00000  1.00000  0.50380  0.96688  0.00000  0.00000  0.99989  0.89009
3.970000000e+00  0.00000  1.00000  0.33236  0.99075  0.00000  0.00000  0.99989  0.87387
3.980000000e+00  0.00000  1.00000  0.18121  0.97954  0.00000  0.00000  0.99989  0.85581
3.990000000e+00  0.00000  1.00000  0.13170  0.99364  0.00000  0.00000  0.99989  0.83516
4.000000000e+00  0.00000  1.00000  0.30876  0.99123  0.00000  0.00000  0.99989  0.81145
4.010000000e+00  0.00000  1.00000  0.38163  0.99121  0.00000  0.00000  0.99989  0.78552
4.020000000e+00  0.00000  1.00000  0.17049  0.99762  0.00000  0.00000  0.99989  0.75732
4.030000000e+00  0.00000  1.00000  0.14897  0.99138  0.00000  0.00000  0.99989  0.72744
4.040000000e+00  0.00000  1.00000  0.20802  0.99560  0.00000  0.00000  0.99989  0.69596
4.050000000e+00  0.00000  1.00000  0.34832  0.99594  0.00000  0.00000  0.99990  0.66266
4.060000000e+00  0.00000  1.00000  0.51984  0.99509  0.00000  0.00000  0.99990  0.62917
4.070000000e+00  0.00000  1.00000  0.57527  0.99483  0.00000  0.00000  0.99990  0.59554
4.080000000e+00  0.00000  1.00000  0.28434  0.99752  0.00000  0.00000  0.99990  0.56360
4.090000000e+00  0.00000  1.00000  0.08912  0.99732  0.00000  0.00000  0.99990  0.53375
4.100000000e+00  0.00000  1.00000  0.03999  0.99766  0.00000  0.00000  0.99990  0.50589
4.110000000e+00  0.00000  1.00000  0.05106  0.99147  0.00000  0.00000  0.99990  0.48095
4.120000000e+00  0.00000  1.00000  0.21418  0.99767  0.00000  0.00000  0.99990  0.45959
4.130000000e+00  0.00000  1.00000  0.26394  0.99420  0.00000  0.00000  0.99990  0.44174
4.140000000e+00  0.00000  1.00000  0.11824  0.99614  0.00000  0.00000  0.99990  0.42763
4.150000000e+00  0.00000  1.00000  0.05016  0.99877  0.00000  0.00000  0.99990  0.41709
4.160000000e+00  0.00000  1.00000  0.00023  0.99345  0.00000  0.00000  0.99991  0.41048
4.170000000e+00  0.00000  1.00000  0.00000  0.99609  0.00000  0.00000  0.99991  0.40669
4.180000000e+00  0.00000  1.00000  0.00000  0.99533  0.00000  0.00000  0.99991  0.40778
4.190000000e+00  0.00000  1.00000  0.00000  0.99544  0.00000  0.00000  0.99991  0.40974
4.200000000e+00  0.00000  1.00000  0.00000  0.99478  0.00000  0.00000  0.99991  0.41491
4.210000000e+00  0.00000  1.00000  0.00000  0.99194  0.00000  0.00000  0.99991  0.41808
4.220000000e+00  0.00000  1.00000  0.00000  0.99240  0.00000  0.00000  0.99991  0.41896
4.230000000e+00  0.00000  1.00000  0.00000  0.99159  0.00000  0.00000  0.99991  0.41635
4.240000000e+00  0.00000  1.00000  0.00000  0.99366  0.00000  0.00000  0.99991  0.40837
4.250000000e+00  0.00000  1.00000  0.00000  0.98425  0.00000  0.00000  0.99991  0.39327
4.260000000e+00  0.00000  1.00000  0.00000  0.98041  0.00000  0.00000  0.99991  0.36452
4.270000000e+00  0.00000  1.00000  0.00000  0.99314  0.00000  0.00000  0.99992  0.32156
4.280000000e+00  0.00000  1.00000  0.00000  0.97188  0.00000  0.00000  0.99992  0.29180
4.290000000e+00  0.00000  1.00000  0.00000  0.96748  0.00000  0.00000  0.99992  0.27365
4.300000000e+00  0.00000  1.00000  0.00000  0.96322  0.00000  0.00000  0.99992  0.27829
4.310000000e+00  0.00000  1.00000  0.00000  0.93720  0.00000  0.00000  0.99992  0.30596
4.320000000e+00  0.00000  1.00000  0.00000  0.94936  0.00000  0.00000  0.99992  0.34612
4.330000000e+00  0.00000  1.00000  0.00000  0.94761  0.00000  0.00000  0.99992  0.40083
4.340000000e+00  0.00000  1.00000  0.00000  0.93655  0.00000  0.00000  0.99992  0.44665
4.350000000e+00  0.00000  1.00000  0.00000  0.93232  0.00000  0.00000  0.99992  0.48130
4.360000000e+00  0.00000  1.00000  0.00000  0.90945  0.00000  0.00000  0.99992  0.50630
4.370000000e+00  0.00000  1.00000  0.00000  0.81821  0.00000  0.00000  0.99992  0.52426
4.380000000e+00  0.00000  1.00000  0.00000  0.93551  0.00000  0.00000  0.99992  0.53773
4.390000000e+00  0.00000  1.00000  0.00000  0.91047  0.00000  0.00000  0.99992  0.54997
4.400000000e+00  0.00000  1.00000  0.00000  0.86793  0.00000  0.00000  0.99992  0.55864
4.410000000e+00  0.00000  1.00000  0.00000  0.74542  0.00000  0.00000  0.99993  0.56991
4.420000000e+00  0.00000  1.00000  0.00000  0.95653  0.00000  0.00000  0.99993  0.58076
4.430000000e+00  0.00000  1.00000  0.00000  0.84873  0.00000  0.00000  0.99993  0.59345
4.440000000e+00  0.00000  1.00000  0.00000  0.68610  0.00000  0.00000  0.99993  0.60703
4.450000000e+00  0.00000  1.00000  0.00000  0.75389  0.00000  0.00000  0.99993  0.62294
4.460000000e+00  0.00000  1.00000  0.00000  0.78330  0.00000  0.00000  0.99993  0.63877
4.470000000e+00  0.00000  1.00000  0.00000  0.80394  0.00000  0.00000  0.99993  0.65799
4.480000000e+00  0.00000  1.00000  0.00000  0.78145  0.00000  0.00000  0.99993  0.67612
4.490000000e+00  0.00000  1.00000  0.00000  0.82592  0.00000  0.00000  0.99993  0.69695
4.500000000e+00  0.00000  1.00000  0.00000  0.85150  0.00000  0.00000  0.99993  0.71621
4.510000000e+00  0.00000  1.00000  0.00000  0.84287  0.00000  0.00000  0.99993  0.73719
4.520000000e+00  0.00000  1.00000  0.00000  0.76916  0.00000  0.00000  0.99993  0.75763
4.530000000e+00  0.00000  1.00000  0.00000  0.63874  0.00000  0.00000  0.99993  0.77754
4.540000000e+00  0.00000  1.00000  0.00003  0.61853  0.00000  0.00000  0.99993  0.79705
4.550000000e+00  0.00000  1.00000  0.00027  0.80156  0.00000  0.00000  0.99993  0.81580
4.560000000e+00  0.00000  1.00000  0.00535  0.89683  0.00000  0.00000  0.99993  0.83367
4.570000000e+00  0.00000  1.00000  0.03592  0.79174  0.00000  0.00000  0.99994  0.84984
4.580000000e+00  0.00000  1.00000  0.12037  0.69012  0.00000  0.00000  0.99994  0.86559
4.590000000e+00  0.00000  1.00000  0.17329  0.75578  0.00000  0.00000  0.99994  0.87990
4.600000000e+00  0.00000  1.00000  0.25269  0.79219  0.00000  0.00000  0.99994  0.89306
4.610000000e+00  0.00000  1.00000  0.31185  0.83060  0.00000  0.00000  0.99994  0.90515
4.620000000e+00  0.00000  1.00000  0.25794  0.78254  0.00000  0.00000  0.99994  0.91617
4.630000000e+00  0.00000  1.00000  0.11700  0.58318  0.00000  0.00000  0.99994  0.92611
4.640000000e+00  0.00000  1.00000  0.08996  0.59142  0.00000  0.00000  0.99994  0.93505
4.650000000e+00  0.00000  1.00000  0.07347  0.60647  0.00000  0.00000  0.99994  0.94309
4.660000000e+00  0.00000  1.00000  0.07420  0.54186  0.00000  0.00000  0.99994  0.95029
4.670000000e+00  0.00000  1.00000  0.08128  0.46968  0.00000  0.00000  0.99994  0.95639
4.680000000e+00  0.00000  1.00000  0.02914  0.47887  0.00000  0.00000  0.99994  0.96127
4.690000000e+00  0.00000  1.00000  0.01280  0.19883  0.00000  0.00000  0.99994  0.96639
4.700000000e+00  0.00000  1.00000  0.00149  0.85298  0.00000  0.00000  0.99994  0.97053
4.710000000e+00  0.00000  1.00000  0.00004  0.74859  0.00000  0.00000  0.99994  0.97402
4.720000000e+00  0.00000  1.00000  0.00002  0.41485  0.00000  0.00000  0.99994  0.97730
4.730000000e+00  0.00000  1.00000  0.00000  0.56166  0.00000  0.00000  0.99994  0.97976
4.740000000e+00  0.00000  1.00000  0.00000  0.40413  0.00000  0.00000  0.99994  0.98260
4.750000000e+00  0.00000  1.00000  0.00000  0.64023  0.00000  0.00000  0.99994  0.98480
4.760000000e+00  0.00000  1.00000  0.00000  0.52558  0.00000  0.00000  0.99994  0.98677
4.770000000e+00  0.00000  1.00000  0.00000  0.53705  0.00000  0.00000  0.99995  0.98850
4.780000000e+00  0.00000  1.00000  0.00000  0.40340  0.00000  0.00000  0.99995  0.98923
4.790000000e+00  0.00000  1.00000  0.00000  0.23506  0.00000  0.00000  0.99995  0.99059
4.800000000e+00  0.00000  1.00000  0.00000  0.28308  0.00000  0.00000  0.99995  0.99247
4.810000000e+00  0.00000  1.00000  0.00000  0.44310  0.00000  0.00000  0.99995  0.99364
4.820000000e+00  0.00000  1.00000  0.00000  0.38406  0.00000  0.00000  0.99995  0.99445
4.830000000e+00  0.00000  1.00000  0.00000  0.22224  0.00000  0.00000  0.99995  0.99541
4.840000000e+00  0.00000  1.00000  0.00000  0.41904  0.00000  0.00000  0.99995  0.99254
4.850000000e+00  0.00000  1.00000  0.00000  0.10982  0.00000  0.00000  0.99995  0.99515
4.860000000e+00  0.00000  1.00000  0.00000  0.06833  0.00000  0.00000  0.99995  0.99706
4.870000000e+00  0.00000  1.00000  0.00000  0.55990  0.00000  0.00000  0.99995  0.99759
4.880000000e+00  0.00000  1.00000  0.00000  0.56033  0.00000  0.00000  0.99995  0.99786
4.890000000e+00  0.00000  1.00000  0.00000  0.49375  0.00000  0.00000  0.99995  0.99750
4.900000000e+00  0.00000  1.00000  0.00000  0.06481  0.00000  0.00000  0.99995  0.99538
4.910000000e+00  0.00000  1.00000  0.00000  0.03630  0.00000  0.00000  0.99995  0.99821
4.920000000e+00  0.00000  1.00000  0.00000  0.23872  0.00000  0.00000  0.99995  0.99854
4.930000000e+00  0.00000  1.00000  0.00000  0.47372  0.00000  0.00000  0.99995  0.99867
4.940000000e+00  0.00000  1.00000  0.00012  0.23396  0.00000  0.00000  0.99995  0.99867
4.950000000e+00  0.00000  1.00000  0.00057  0.05773  0.00000  0.00000  0.99995  0.99694
4.960000000e+00  0.00000  1.00000  0.00133  0.01624  0.00000  0.00000  0.99995  0.98938
4.970000000e+00  0.00000  1.00000  0.01105  0.00634  0.00000  0.00000  0.99995  0.99899
4.980000000e+00  0.00000  1.00000  0.03249  0.12970  0.00000  0.00000  0.99995  0.99905
4.990000000e+00  0.00000  1.00000  0.08295  0.03239  0.00000  0.00000  0.99995  0.99927
5.000000000e+00  0.00000  1.00000  0.07588  0.23273  0.00000  0.00000  0.99995  0.99929
