# ------------------------------------------------------------------------
# NASA-GSFC Planetary Spectrum Generator (PSG, Villanueva et al. 2015)
# Atmospheric transmittance spectrum synthesized with PUMAS (Villanueva et al. 2016, Smith et al. 2009, Edwards 1992)
# Synthesized on Tue Nov 21 15:11:35 2017
# Molecular abundance profile: 
# Molecules considered: N2,CO2,H2O
# Molecular sources: HIT[22],HIT[2],HIT[1]
# Molecular abundances: 1,1,1
# Molecular abundance units: scl,scl,scl
# Collission-Induced-Absorption:  N2-N2(3.33-5.41um)
# Rayleigh scattering included
# ------------------------------------------------------------------------
# Aerosols considered: WaterIce,Cloud
# Aerosols sources: CRISM_Wolff[reff=2.0um 0.31-99.57um],White_GSFC[reff=1.0um 0.10-1000000.00um]
# Aerosols opacities: 1,1
# Aerosols opacity units: scl,scl
# ------------------------------------------------------------------------
# Spectral unit: Wavelength [um]
# Wave/freq Total N2 CO2 H2O WaterIce Cloud Rayleigh CIA
1.000000000e+00  0.00000  1.00000  0.99996  0.97806  0.00000  0.00000  0.97238  1.00000
1.010000000e+00  0.00000  1.00000  0.99999  0.97029  0.00000  0.00000  0.97344  1.00000
1.020000000e+00  0.00000  1.00000  1.00000  0.98613  0.00000  0.00000  0.97445  1.00000
1.030000000e+00  0.00000  1.00000  0.99999  0.98827  0.00000  0.00000  0.97542  1.00000
1.040000000e+00  0.00000  1.00000  0.79558  0.99862  0.00000  0.00000  0.97634  1.00000
1.050000000e+00  0.00000  1.00000  0.98653  0.99947  0.00000  0.00000  0.97722  1.00000
1.060000000e+00  0.00000  1.00000  0.96703  0.99846  0.00000  0.00000  0.97806  1.00000
1.070000000e+00  0.00000  1.00000  0.94031  0.98911  0.00000  0.00000  0.97886  1.00000
1.080000000e+00  0.00000  1.00000  0.99393  0.94632  0.00000  0.00000  0.97962  1.00000
1.090000000e+00  0.00000  1.00000  0.99963  0.89753  0.00000  0.00000  0.98035  1.00000
1.100000000e+00  0.00000  1.00000  0.99828  0.78472  0.00000  0.00000  0.98105  1.00000
1.110000000e+00  0.00000  1.00000  1.00000  0.53104  0.00000  0.00000  0.98172  1.00000
1.120000000e+00  0.00000  1.00000  0.97616  0.09554  0.00000  0.00000  0.98236  1.00000
1.130000000e+00  0.00000  1.00000  0.99656  0.02855  0.00000  0.00000  0.98297  1.00000
1.140000000e+00  0.00000  1.00000  0.99259  0.21275  0.00000  0.00000  0.98355  1.00000
1.150000000e+00  0.00000  1.00000  0.99779  0.10791  0.00000  0.00000  0.98411  1.00000
1.160000000e+00  0.00000  1.00000  0.99754  0.34074  0.00000  0.00000  0.98465  1.00000
1.170000000e+00  0.00000  1.00000  0.99992  0.60593  0.00000  0.00000  0.98516  1.00000
1.180000000e+00  0.00000  1.00000  0.99951  0.73782  0.00000  0.00000  0.98566  1.00000
1.190000000e+00  0.00000  1.00000  0.99995  0.68208  0.00000  0.00000  0.98613  1.00000
1.200000000e+00  0.00000  1.00000  0.99982  0.70620  0.00000  0.00000  0.98658  1.00000
1.210000000e+00  0.00000  1.00000  0.08462  0.81129  0.00000  0.00000  0.98702  1.00000
1.220000000e+00  0.00000  1.00000  0.56816  0.87120  0.00000  0.00000  0.98744  1.00000
1.230000000e+00  0.00000  1.00000  0.39241  0.90509  0.00000  0.00000  0.98784  1.00000
1.240000000e+00  0.00000  1.00000  0.83874  0.98461  0.00000  0.00000  0.98822  1.00000
1.250000000e+00  0.00000  1.00000  0.98865  0.99723  0.00000  0.00000  0.98859  1.00000
1.260000000e+00  0.00000  1.00000  0.95776  0.99731  0.00000  0.00000  0.98895  1.00000
1.270000000e+00  0.00000  1.00000  0.95947  0.99172  0.00000  0.00000  0.98929  1.00000
1.280000000e+00  0.00000  1.00000  0.99903  0.98121  0.00000  0.00000  0.98962  1.00000
1.290000000e+00  0.00000  1.00000  0.88169  0.94948  0.00000  0.00000  0.98994  1.00000
1.300000000e+00  0.00000  1.00000  0.82834  0.86101  0.00000  0.00000  0.99024  1.00000
1.310000000e+00  0.00000  1.00000  0.99208  0.75464  0.00000  0.00000  0.99053  1.00000
1.320000000e+00  0.00000  1.00000  0.41420  0.59273  0.00000  0.00000  0.99082  1.00000
1.330000000e+00  0.00000  1.00000  0.96813  0.45011  0.00000  0.00000  0.99109  1.00000
1.340000000e+00  0.00000  1.00000  0.56742  0.29678  0.00000  0.00000  0.99135  1.00000
1.350000000e+00  0.00000  1.00000  0.85216  0.02687  0.00000  0.00000  0.99160  1.00000
1.360000000e+00  0.00000  1.00000  0.98774  0.00000  0.00000  0.00000  0.99184  1.00000
1.370000000e+00  0.00000  1.00000  0.96988  0.00000  0.00000  0.00000  0.99208  1.00000
1.380000000e+00  0.00000  1.00000  0.96134  0.00001  0.00000  0.00000  0.99231  1.00000
1.390000000e+00  0.00000  1.00000  0.99285  0.00000  0.00000  0.00000  0.99252  1.00000
1.400000000e+00  0.00000  1.00000  0.99612  0.00007  0.00000  0.00000  0.99273  1.00000
1.410000000e+00  0.00000  1.00000  0.99980  0.00001  0.00000  0.00000  0.99294  1.00000
1.420000000e+00  0.00000  1.00000  0.99942  0.00412  0.00000  0.00000  0.99313  1.00000
1.430000000e+00  0.00000  1.00000  0.68404  0.01025  0.00000  0.00000  0.99332  1.00000
1.440000000e+00  0.00000  1.00000  0.00000  0.01129  0.00000  0.00000  0.99351  1.00000
1.450000000e+00  0.00000  1.00000  0.01264  0.05173  0.00000  0.00000  0.99368  1.00000
1.460000000e+00  0.00000  1.00000  0.63998  0.16110  0.00000  0.00000  0.99385  1.00000
1.470000000e+00  0.00000  1.00000  0.97464  0.05714  0.00000  0.00000  0.99402  1.00000
1.480000000e+00  0.00000  1.00000  0.41153  0.12672  0.00000  0.00000  0.99418  1.00000
1.490000000e+00  0.00000  1.00000  0.74862  0.12863  0.00000  0.00000  0.99433  1.00000
1.500000000e+00  0.00000  1.00000  0.55677  0.47231  0.00000  0.00000  0.99448  1.00000
1.510000000e+00  0.00000  1.00000  0.98149  0.61061  0.00000  0.00000  0.99463  1.00000
1.520000000e+00  0.00000  1.00000  0.98643  0.77760  0.00000  0.00000  0.99477  1.00000
1.530000000e+00  0.00000  1.00000  0.32419  0.85376  0.00000  0.00000  0.99490  1.00000
1.540000000e+00  0.00000  1.00000  0.13389  0.94874  0.00000  0.00000  0.99503  1.00000
1.550000000e+00  0.00000  1.00000  0.64915  0.97312  0.00000  0.00000  0.99516  1.00000
1.560000000e+00  0.00000  1.00000  0.93859  0.99270  0.00000  0.00000  0.99528  1.00000
1.570000000e+00  0.00000  1.00000  0.30686  0.98572  0.00000  0.00000  0.99540  1.00000
1.580000000e+00  0.00000  1.00000  0.00019  0.98859  0.00000  0.00000  0.99551  1.00000
1.590000000e+00  0.00000  1.00000  0.34049  0.98953  0.00000  0.00000  0.99563  1.00000
1.600000000e+00  0.00000  1.00000  0.21515  0.98393  0.00000  0.00000  0.99573  1.00000
1.610000000e+00  0.00000  1.00000  0.00208  0.99414  0.00000  0.00000  0.99584  1.00000
1.620000000e+00  0.00000  1.00000  0.01841  0.99415  0.00000  0.00000  0.99594  1.00000
1.630000000e+00  0.00000  1.00000  0.39453  0.99806  0.00000  0.00000  0.99604  1.00000
1.640000000e+00  0.00000  1.00000  0.30662  0.99393  0.00000  0.00000  0.99613  1.00000
1.650000000e+00  0.00000  1.00000  0.23050  0.98358  0.00000  0.00000  0.99623  1.00000
1.660000000e+00  0.00000  1.00000  0.39185  0.98174  0.00000  0.00000  0.99632  1.00000
1.670000000e+00  0.00000  1.00000  0.56225  0.98255  0.00000  0.00000  0.99640  1.00000
1.680000000e+00  0.00000  1.00000  0.80073  0.97307  0.00000  0.00000  0.99649  1.00000
1.690000000e+00  0.00000  1.00000  0.93764  0.97761  0.00000  0.00000  0.99657  1.00000
1.700000000e+00  0.00000  1.00000  0.98478  0.91434  0.00000  0.00000  0.99665  1.00000
1.710000000e+00  0.00000  1.00000  0.92834  0.91639  0.00000  0.00000  0.99673  1.00000
1.720000000e+00  0.00000  1.00000  0.96315  0.92922  0.00000  0.00000  0.99680  1.00000
1.730000000e+00  0.00000  1.00000  0.99265  0.88663  0.00000  0.00000  0.99688  1.00000
1.740000000e+00  0.00000  1.00000  0.99938  0.78703  0.00000  0.00000  0.99695  1.00000
1.750000000e+00  0.00000  1.00000  0.99894  0.72151  0.00000  0.00000  0.99702  1.00000
1.760000000e+00  0.00000  1.00000  0.89810  0.73802  0.00000  0.00000  0.99708  1.00000
1.770000000e+00  0.00000  1.00000  0.95873  0.58210  0.00000  0.00000  0.99715  1.00000
1.780000000e+00  0.00000  1.00000  0.99525  0.41795  0.00000  0.00000  0.99721  1.00000
1.790000000e+00  0.00000  1.00000  0.88362  0.26221  0.00000  0.00000  0.99727  1.00000
1.800000000e+00  0.00000  1.00000  0.95083  0.13240  0.00000  0.00000  0.99733  1.00000
1.810000000e+00  0.00000  1.00000  0.98777  0.02179  0.00000  0.00000  0.99739  1.00000
1.820000000e+00  0.00000  1.00000  0.99569  0.00197  0.00000  0.00000  0.99745  1.00000
1.830000000e+00  0.00000  1.00000  0.99929  0.00003  0.00000  0.00000  0.99750  1.00000
1.840000000e+00  0.00000  1.00000  0.99972  0.00000  0.00000  0.00000  0.99756  1.00000
1.850000000e+00  0.00000  1.00000  0.99758  0.00000  0.00000  0.00000  0.99761  1.00000
1.860000000e+00  0.00000  1.00000  0.99712  0.00000  0.00000  0.00000  0.99766  1.00000
1.870000000e+00  0.00000  1.00000  0.97879  0.00000  0.00000  0.00000  0.99771  1.00000
1.880000000e+00  0.00000  1.00000  0.10546  0.00000  0.00000  0.00000  0.99776  1.00000
1.890000000e+00  0.00000  1.00000  0.12369  0.00001  0.00000  0.00000  0.99781  1.00000
1.900000000e+00  0.00000  1.00000  0.51758  0.00007  0.00000  0.00000  0.99785  1.00000
1.910000000e+00  0.00000  1.00000  0.64714  0.00000  0.00000  0.00000  0.99790  1.00000
1.920000000e+00  0.00000  1.00000  0.86371  0.00003  0.00000  0.00000  0.99794  1.00000
1.930000000e+00  0.00000  1.00000  0.84300  0.00009  0.00000  0.00000  0.99798  1.00000
1.940000000e+00  0.00000  1.00000  0.19623  0.00141  0.00000  0.00000  0.99802  1.00000
1.950000000e+00  0.00000  1.00000  0.00000  0.01330  0.00000  0.00000  0.99806  1.00000
1.960000000e+00  0.00000  1.00000  0.00000  0.03473  0.00000  0.00000  0.99810  1.00000
1.970000000e+00  0.00000  1.00000  0.00000  0.28627  0.00000  0.00000  0.99814  1.00000
1.980000000e+00  0.00000  1.00000  0.00000  0.41564  0.00000  0.00000  0.99818  1.00000
1.990000000e+00  0.00000  1.00000  0.00411  0.47595  0.00000  0.00000  0.99821  1.00000
2.000000000e+00  0.00000  1.00000  0.00000  0.60167  0.00000  0.00000  0.99825  1.00000
2.010000000e+00  0.00000  1.00000  0.00000  0.50399  0.00000  0.00000  0.99828  1.00000
2.020000000e+00  0.00000  1.00000  0.00000  0.64966  0.00000  0.00000  0.99832  1.00000
2.030000000e+00  0.00000  1.00000  0.00000  0.84056  0.00000  0.00000  0.99835  1.00000
2.040000000e+00  0.00000  1.00000  0.00000  0.86548  0.00000  0.00000  0.99838  1.00000
2.050000000e+00  0.00000  1.00000  0.00000  0.93954  0.00000  0.00000  0.99841  1.00000
2.060000000e+00  0.00000  1.00000  0.00000  0.87227  0.00000  0.00000  0.99844  1.00000
2.070000000e+00  0.00000  1.00000  0.00000  0.89740  0.00000  0.00000  0.99847  1.00000
2.080000000e+00  0.00000  1.00000  0.00000  0.93248  0.00000  0.00000  0.99850  1.00000
2.090000000e+00  0.00000  1.00000  0.00000  0.92979  0.00000  0.00000  0.99853  1.00000
2.100000000e+00  0.00000  1.00000  0.00004  0.95889  0.00000  0.00000  0.99856  1.00000
2.110000000e+00  0.00000  1.00000  0.01933  0.96730  0.00000  0.00000  0.99859  1.00000
2.120000000e+00  0.00000  1.00000  0.06793  0.91146  0.00000  0.00000  0.99861  1.00000
2.130000000e+00  0.00000  1.00000  0.44213  0.87341  0.00000  0.00000  0.99864  1.00000
2.140000000e+00  0.00000  1.00000  0.63460  0.97145  0.00000  0.00000  0.99866  1.00000
2.150000000e+00  0.00000  1.00000  0.27538  0.98683  0.00000  0.00000  0.99869  1.00000
2.160000000e+00  0.00000  1.00000  0.34322  0.94765  0.00000  0.00000  0.99871  1.00000
2.170000000e+00  0.00000  1.00000  0.22742  0.88554  0.00000  0.00000  0.99874  1.00000
2.180000000e+00  0.00000  1.00000  0.54019  0.90794  0.00000  0.00000  0.99876  1.00000
2.190000000e+00  0.00000  1.00000  0.83083  0.80318  0.00000  0.00000  0.99878  1.00000
2.200000000e+00  0.00000  1.00000  0.88660  0.88050  0.00000  0.00000  0.99880  1.00000
2.210000000e+00  0.00000  1.00000  0.96471  0.91488  0.00000  0.00000  0.99883  1.00000
2.220000000e+00  0.00000  1.00000  0.95031  0.93531  0.00000  0.00000  0.99885  1.00000
2.230000000e+00  0.00000  1.00000  0.95398  0.95757  0.00000  0.00000  0.99887  1.00000
2.240000000e+00  0.00000  1.00000  0.98691  0.98025  0.00000  0.00000  0.99889  1.00000
2.250000000e+00  0.00000  1.00000  0.97817  0.98421  0.00000  0.00000  0.99891  1.00000
2.260000000e+00  0.00000  1.00000  0.94800  0.99387  0.00000  0.00000  0.99893  1.00000
2.270000000e+00  0.00000  1.00000  0.98748  0.98721  0.00000  0.00000  0.99894  1.00000
2.280000000e+00  0.00000  1.00000  0.97359  0.99770  0.00000  0.00000  0.99896  1.00000
2.290000000e+00  0.00000  1.00000  0.99196  0.98783  0.00000  0.00000  0.99898  1.00000
2.300000000e+00  0.00000  1.00000  0.99601  0.92563  0.00000  0.00000  0.99900  1.00000
2.310000000e+00  0.00000  1.00000  0.99746  0.97678  0.00000  0.00000  0.99902  1.00000
2.320000000e+00  0.00000  1.00000  0.99906  0.94136  0.00000  0.00000  0.99903  1.00000
2.330000000e+00  0.00000  1.00000  0.99989  0.93453  0.00000  0.00000  0.99905  1.00000
2.340000000e+00  0.00000  1.00000  0.99989  0.94747  0.00000  0.00000  0.99907  1.00000
2.350000000e+00  0.00000  1.00000  0.99987  0.86315  0.00000  0.00000  0.99908  1.00000
2.360000000e+00  0.00000  1.00000  0.99967  0.73674  0.00000  0.00000  0.99910  1.00000
2.370000000e+00  0.00000  1.00000  0.99823  0.76232  0.00000  0.00000  0.99911  1.00000
2.380000000e+00  0.00000  1.00000  0.99714  0.58271  0.00000  0.00000  0.99913  1.00000
2.390000000e+00  0.00000  1.00000  0.99066  0.48319  0.00000  0.00000  0.99914  1.00000
2.400000000e+00  0.00000  1.00000  0.98871  0.56692  0.00000  0.00000  0.99916  1.00000
2.410000000e+00  0.00000  1.00000  0.98691  0.39673  0.00000  0.00000  0.99917  1.00000
2.420000000e+00  0.00000  1.00000  0.99685  0.20877  0.00000  0.00000  0.99918  1.00000
2.430000000e+00  0.00000  1.00000  0.99991  0.41255  0.00000  0.00000  0.99920  1.00000
2.440000000e+00  0.00000  1.00000  0.99986  0.10421  0.00000  0.00000  0.99921  1.00000
2.450000000e+00  0.00000  1.00000  0.99965  0.17657  0.00000  0.00000  0.99922  1.00000
2.460000000e+00  0.00000  1.00000  0.99948  0.27773  0.00000  0.00000  0.99923  1.00000
2.470000000e+00  0.00000  1.00000  0.99255  0.24055  0.00000  0.00000  0.99925  1.00000
2.480000000e+00  0.00000  1.00000  0.96997  0.12700  0.00000  0.00000  0.99926  1.00000
2.490000000e+00  0.00000  1.00000  0.32240  0.01030  0.00000  0.00000  0.99927  1.00000
2.500000000e+00  0.00000  1.00000  0.73589  0.00764  0.00000  0.00000  0.99928  1.00000
2.510000000e+00  0.00000  1.00000  0.70538  0.00246  0.00000  0.00000  0.99929  1.00000
2.520000000e+00  0.00000  1.00000  0.68229  0.00102  0.00000  0.00000  0.99930  1.00000
2.530000000e+00  0.00000  1.00000  0.83896  0.00000  0.00000  0.00000  0.99932  1.00000
2.540000000e+00  0.00000  1.00000  0.90224  0.00000  0.00000  0.00000  0.99933  1.00000
2.550000000e+00  0.00000  1.00000  0.97550  0.00000  0.00000  0.00000  0.99934  1.00000
2.560000000e+00  0.00000  1.00000  0.94437  0.00000  0.00000  0.00000  0.99935  1.00000
2.570000000e+00  0.00000  1.00000  0.96737  0.00000  0.00000  0.00000  0.99936  1.00000
2.580000000e+00  0.00000  1.00000  0.79067  0.00000  0.00000  0.00000  0.99937  1.00000
2.590000000e+00  0.00000  1.00000  0.54389  0.00000  0.00000  0.00000  0.99938  1.00000
2.600000000e+00  0.00000  1.00000  0.64827  0.00000  0.00000  0.00000  0.99939  1.00000
2.610000000e+00  0.00000  1.00000  0.18652  0.00000  0.00000  0.00000  0.99940  1.00000
2.620000000e+00  0.00000  1.00000  0.07151  0.00000  0.00000  0.00000  0.99940  1.00000
2.630000000e+00  0.00000  1.00000  0.24883  0.00000  0.00000  0.00000  0.99941  1.00000
2.640000000e+00  0.00000  1.00000  0.21133  0.00000  0.00000  0.00000  0.99942  1.00000
2.650000000e+00  0.00000  1.00000  0.37733  0.00000  0.00000  0.00000  0.99943  1.00000
2.660000000e+00  0.00000  1.00000  0.00067  0.00000  0.00000  0.00000  0.99944  1.00000
2.670000000e+00  0.00000  1.00000  0.00000  0.00000  0.00000  0.00000  0.99945  1.00000
2.680000000e+00  0.00000  1.00000  0.00000  0.00000  0.00000  0.00000  0.99946  1.00000
2.690000000e+00  0.00000  1.00000  0.00000  0.00000  0.00000  0.00000  0.99946  1.00000
2.700000000e+00  0.00000  1.00000  0.00000  0.00000  0.00000  0.00000  0.99947  1.00000
2.710000000e+00  0.00000  1.00000  0.00000  0.00000  0.00000  0.00000  0.99948  1.00000
2.720000000e+00  0.00000  1.00000  0.00000  0.00000  0.00000  0.00000  0.99949  1.00000
2.730000000e+00  0.00000  1.00000  0.00000  0.00000  0.00000  0.00000  0.99949  1.00000
2.740000000e+00  0.00000  1.00000  0.00000  0.00000  0.00000  0.00000  0.99950  1.00000
2.750000000e+00  0.00000  1.00000  0.00000  0.00000  0.00000  0.00000  0.99951  1.00000
2.760000000e+00  0.00000  1.00000  0.00000  0.00000  0.00000  0.00000  0.99952  1.00000
2.770000000e+00  0.00000  1.00000  0.00000  0.00000  0.00000  0.00000  0.99952  1.00000
2.780000000e+00  0.00000  1.00000  0.00000  0.00000  0.00000  0.00000  0.99953  1.00000
2.790000000e+00  0.00000  1.00000  0.00000  0.00000  0.00001  0.00000  0.99954  1.00000
2.800000000e+00  0.00000  1.00000  0.00000  0.00000  0.00001  0.00000  0.99954  1.00000
2.810000000e+00  0.00000  1.00000  0.00000  0.00000  0.00001  0.00000  0.99955  1.00000
2.820000000e+00  0.00000  1.00000  0.00000  0.00000  0.00001  0.00000  0.99956  1.00000
2.830000000e+00  0.00000  1.00000  0.00000  0.00000  0.00000  0.00000  0.99956  1.00000
2.840000000e+00  0.00000  1.00000  0.00000  0.00000  0.00000  0.00000  0.99957  1.00000
2.850000000e+00  0.00000  1.00000  0.00000  0.00003  0.00000  0.00000  0.99957  1.00000
2.860000000e+00  0.00000  1.00000  0.00000  0.00000  0.00000  0.00000  0.99958  1.00000
2.870000000e+00  0.00000  1.00000  0.00000  0.00009  0.00000  0.00000  0.99959  1.00000
2.880000000e+00  0.00000  1.00000  0.00000  0.00027  0.00000  0.00000  0.99959  1.00000
2.890000000e+00  0.00000  1.00000  0.00003  0.00019  0.00000  0.00000  0.99960  1.00000
2.900000000e+00  0.00000  1.00000  0.00436  0.00768  0.00000  0.00000  0.99960  1.00000
2.910000000e+00  0.00000  1.00000  0.08488  0.00191  0.00000  0.00000  0.99961  1.00000
2.920000000e+00  0.00000  1.00000  0.35482  0.00325  0.00000  0.00000  0.99961  1.00000
2.930000000e+00  0.00000  1.00000  0.56269  0.01668  0.00000  0.00000  0.99962  1.00000
2.940000000e+00  0.00000  1.00000  0.69037  0.05975  0.00000  0.00000  0.99962  1.00000
2.950000000e+00  0.00000  1.00000  0.82548  0.00255  0.00000  0.00000  0.99963  1.00000
2.960000000e+00  0.00000  1.00000  0.42356  0.02105  0.00000  0.00000  0.99963  1.00000
2.970000000e+00  0.00000  1.00000  0.05228  0.05420  0.00000  0.00000  0.99964  1.00000
2.980000000e+00  0.00000  1.00000  0.00365  0.00013  0.00000  0.00000  0.99964  1.00000
2.990000000e+00  0.00000  1.00000  0.01412  0.07692  0.00000  0.00000  0.99965  1.00000
3.000000000e+00  0.00000  1.00000  0.28524  0.10796  0.00000  0.00000  0.99965  1.00000
3.010000000e+00  0.00000  1.00000  0.30213  0.08626  0.00000  0.00000  0.99966  1.00000
3.020000000e+00  0.00000  1.00000  0.05616  0.06123  0.00000  0.00000  0.99966  1.00000
3.030000000e+00  0.00000  1.00000  0.11518  0.05402  0.00000  0.00000  0.99967  1.00000
3.040000000e+00  0.00000  1.00000  0.31843  0.01219  0.00000  0.00000  0.99967  1.00000
3.050000000e+00  0.00000  1.00000  0.63756  0.01476  0.00000  0.00000  0.99968  1.00000
3.060000000e+00  0.00000  1.00000  0.68850  0.02000  0.00000  0.00000  0.99968  1.00000
3.070000000e+00  0.00000  1.00000  0.83599  0.01206  0.00000  0.00000  0.99968  1.00000
3.080000000e+00  0.00000  1.00000  0.87216  0.04425  0.00000  0.00000  0.99969  1.00000
3.090000000e+00  0.00000  1.00000  0.93136  0.00179  0.00000  0.00000  0.99969  1.00000
3.100000000e+00  0.00000  1.00000  0.89880  0.00150  0.00000  0.00000  0.99970  1.00000
3.110000000e+00  0.00000  1.00000  0.71846  0.01747  0.00000  0.00000  0.99970  1.00000
3.120000000e+00  0.00000  1.00000  0.49142  0.00242  0.00000  0.00000  0.99970  1.00000
3.130000000e+00  0.00000  1.00000  0.39647  0.08197  0.00000  0.00000  0.99971  1.00000
3.140000000e+00  0.00000  1.00000  0.55571  0.18635  0.00000  0.00000  0.99971  1.00000
3.150000000e+00  0.00000  1.00000  0.75886  0.03958  0.00000  0.00000  0.99971  1.00000
3.160000000e+00  0.00000  1.00000  0.60669  0.13800  0.00000  0.00000  0.99972  1.00000
3.170000000e+00  0.00000  1.00000  0.43486  0.68780  0.00000  0.00000  0.99972  1.00000
3.180000000e+00  0.00000  1.00000  0.50022  0.54582  0.00000  0.00000  0.99973  1.00000
3.190000000e+00  0.00000  1.00000  0.67056  0.26216  0.00000  0.00000  0.99973  1.00000
3.200000000e+00  0.00000  1.00000  0.83580  0.06416  0.00000  0.00000  0.99973  1.00000
3.210000000e+00  0.00000  1.00000  0.93518  0.00008  0.00000  0.00000  0.99974  1.00000
3.220000000e+00  0.00000  1.00000  0.91217  0.00041  0.00000  0.00000  0.99974  1.00000
3.230000000e+00  0.00000  1.00000  0.90550  0.00459  0.00000  0.00000  0.99974  1.00000
3.240000000e+00  0.00000  1.00000  0.95082  0.14749  0.00000  0.00000  0.99974  1.00000
3.250000000e+00  0.00000  1.00000  0.98815  0.05617  0.00000  0.00000  0.99975  1.00000
3.260000000e+00  0.00000  1.00000  0.99665  0.34017  0.00000  0.00000  0.99975  1.00000
3.270000000e+00  0.00000  1.00000  0.99625  0.02590  0.00000  0.00000  0.99975  1.00000
3.280000000e+00  0.00000  1.00000  0.99687  0.07311  0.00000  0.00000  0.99976  1.00000
3.290000000e+00  0.00000  1.00000  0.99858  0.32996  0.00000  0.00000  0.99976  1.00000
3.300000000e+00  0.00000  1.00000  0.99937  0.16107  0.00000  0.00000  0.99976  1.00000
3.310000000e+00  0.00000  1.00000  0.99949  0.02726  0.00000  0.00000  0.99977  1.00000
3.320000000e+00  0.00000  1.00000  0.99902  0.23527  0.00000  0.00000  0.99977  1.00000
3.330000000e+00  0.00000  1.00000  0.99377  0.07760  0.00000  0.00000  0.99977  1.00000
3.340000000e+00  0.00000  1.00000  0.97871  0.40214  0.00000  0.00000  0.99977  0.99988
3.350000000e+00  0.00000  1.00000  0.96597  0.15274  0.00000  0.00000  0.99978  0.99984
3.360000000e+00  0.00000  1.00000  0.86123  0.16429  0.00000  0.00000  0.99978  0.99989
3.370000000e+00  0.00000  1.00000  0.96000  0.21690  0.00000  0.00000  0.99978  0.99981
3.380000000e+00  0.00000  1.00000  0.97138  0.33909  0.00000  0.00000  0.99978  0.99993
3.390000000e+00  0.00000  1.00000  0.98470  0.46595  0.00000  0.00000  0.99979  0.99990
3.400000000e+00  0.00000  1.00000  0.99447  0.68523  0.00000  0.00000  0.99979  0.99995
3.410000000e+00  0.00000  1.00000  0.99799  0.51894  0.00000  0.00000  0.99979  0.99996
3.420000000e+00  0.00000  1.00000  0.99931  0.65174  0.00000  0.00000  0.99979  1.00000
3.430000000e+00  0.00000  1.00000  0.99912  0.88988  0.00000  0.00000  0.99980  0.99994
3.440000000e+00  0.00000  1.00000  0.99932  0.78930  0.00000  0.00000  0.99980  0.99990
3.450000000e+00  0.00000  1.00000  0.99657  0.79124  0.00000  0.00000  0.99980  0.99978
3.460000000e+00  0.00000  1.00000  0.99740  0.74114  0.00000  0.00000  0.99980  0.99991
3.470000000e+00  0.00000  1.00000  0.99906  0.87445  0.00000  0.00000  0.99981  0.99981
3.480000000e+00  0.00000  1.00000  0.99935  0.82832  0.00000  0.00000  0.99981  0.99987
3.490000000e+00  0.00000  1.00000  0.99958  0.86445  0.00000  0.00000  0.99981  0.99987
3.500000000e+00  0.00000  1.00000  0.99960  0.83653  0.00000  0.00000  0.99981  0.99993
3.510000000e+00  0.00000  1.00000  0.99932  0.85023  0.00000  0.00000  0.99981  0.99998
3.520000000e+00  0.00000  1.00000  0.99817  0.79093  0.00000  0.00000  0.99982  0.99997
3.530000000e+00  0.00000  1.00000  0.99515  0.75671  0.00000  0.00000  0.99982  0.99996
3.540000000e+00  0.00000  1.00000  0.98916  0.73715  0.00000  0.00000  0.99982  0.99992
3.550000000e+00  0.00000  1.00000  0.97678  0.70186  0.00000  0.00000  0.99982  0.99994
3.560000000e+00  0.00000  1.00000  0.94923  0.59168  0.00000  0.00000  0.99982  0.99974
3.570000000e+00  0.00000  1.00000  0.90752  0.72320  0.00000  0.00000  0.99983  0.99974
3.580000000e+00  0.00000  1.00000  0.87618  0.66488  0.00000  0.00000  0.99983  0.99952
3.590000000e+00  0.00000  1.00000  0.82080  0.75679  0.00000  0.00000  0.99983  0.99952
3.600000000e+00  0.00000  1.00000  0.66968  0.65884  0.00000  0.00000  0.99983  0.99957
3.610000000e+00  0.00000  1.00000  0.53914  0.83856  0.00000  0.00000  0.99983  0.99959
3.620000000e+00  0.00000  1.00000  0.48652  0.69316  0.00000  0.00000  0.99984  0.99948
3.630000000e+00  0.00000  1.00000  0.67937  0.82850  0.00000  0.00000  0.99984  0.99937
3.640000000e+00  0.00000  1.00000  0.63869  0.73633  0.00000  0.00000  0.99984  0.99918
3.650000000e+00  0.00000  1.00000  0.51342  0.93119  0.00000  0.00000  0.99984  0.99904
3.660000000e+00  0.00000  1.00000  0.61771  0.78926  0.00000  0.00000  0.99984  0.99896
3.670000000e+00  0.00000  1.00000  0.80785  0.79744  0.00000  0.00000  0.99984  0.99886
3.680000000e+00  0.00000  1.00000  0.93398  0.41561  0.00000  0.00000  0.99985  0.99868
3.690000000e+00  0.00000  1.00000  0.96890  0.57544  0.00000  0.00000  0.99985  0.99840
3.700000000e+00  0.00000  1.00000  0.97974  0.79156  0.00000  0.00000  0.99985  0.99819
3.710000000e+00  0.00000  1.00000  0.98898  0.91784  0.00000  0.00000  0.99985  0.99643
3.720000000e+00  0.00000  1.00000  0.97942  0.72122  0.00000  0.00000  0.99985  0.99529
3.730000000e+00  0.00000  1.00000  0.97819  0.84911  0.00000  0.00000  0.99985  0.99479
3.740000000e+00  0.00000  1.00000  0.97761  0.72529  0.00000  0.00000  0.99986  0.99422
3.750000000e+00  0.00000  1.00000  0.94078  0.81398  0.00000  0.00000  0.99986  0.99344
3.760000000e+00  0.00000  1.00000  0.84588  0.76780  0.00000  0.00000  0.99986  0.99260
3.770000000e+00  0.00000  1.00000  0.72157  0.71860  0.00000  0.00000  0.99986  0.99163
3.780000000e+00  0.00000  1.00000  0.54943  0.73470  0.00000  0.00000  0.99986  0.99037
3.790000000e+00  0.00000  1.00000  0.37629  0.78790  0.00000  0.00000  0.99986  0.98882
3.800000000e+00  0.00000  1.00000  0.14842  0.73706  0.00000  0.00000  0.99986  0.98717
3.810000000e+00  0.00000  1.00000  0.03965  0.88835  0.00000  0.00000  0.99987  0.98521
3.820000000e+00  0.00000  1.00000  0.06230  0.71188  0.00000  0.00000  0.99987  0.98308
3.830000000e+00  0.00000  1.00000  0.25978  0.87071  0.00000  0.00000  0.99987  0.98066
3.840000000e+00  0.00000  1.00000  0.12713  0.76457  0.00000  0.00000  0.99987  0.97783
3.850000000e+00  0.00000  1.00000  0.06562  0.88084  0.00000  0.00000  0.99987  0.97456
3.860000000e+00  0.00000  1.00000  0.12010  0.85692  0.00000  0.00000  0.99987  0.97082
3.870000000e+00  0.00000  1.00000  0.28954  0.89689  0.00000  0.00000  0.99987  0.96669
3.880000000e+00  0.00000  1.00000  0.53659  0.89228  0.00000  0.00000  0.99988  0.96199
3.890000000e+00  0.00000  1.00000  0.75693  0.91773  0.00000  0.00000  0.99988  0.95655
3.900000000e+00  0.00000  1.00000  0.90424  0.94799  0.00000  0.00000  0.99988  0.95042
3.910000000e+00  0.00000  1.00000  0.96003  0.90807  0.00000  0.00000  0.99988  0.94349
3.920000000e+00  0.00000  1.00000  0.96453  0.97991  0.00000  0.00000  0.99988  0.93535
3.930000000e+00  0.00000  1.00000  0.92706  0.95615  0.00000  0.00000  0.99988  0.92605
3.940000000e+00  0.00000  1.00000  0.84436  0.98089  0.00000  0.00000  0.99988  0.91528
3.950000000e+00  0.00000  1.00000  0.71880  0.98391  0.00000  0.00000  0.99988  0.90315
3.960000000e+00  0.00000  1.00000  0.50222  0.97337  0.00000  0.00000  0.99989  0.88877
3.970000000e+00  0.00000  1.00000  0.33028  0.99263  0.00000  0.00000  0.99989  0.87238
3.980000000e+00  0.00000  1.00000  0.17910  0.98364  0.00000  0.00000  0.99989  0.85413
3.990000000e+00  0.00000  1.00000  0.12972  0.99498  0.00000  0.00000  0.99989  0.83326
4.000000000e+00  0.00000  1.00000  0.30654  0.99303  0.00000  0.00000  0.99989  0.80931
4.010000000e+00  0.00000  1.00000  0.37934  0.99302  0.00000  0.00000  0.99989  0.78313
4.020000000e+00  0.00000  1.00000  0.16847  0.99812  0.00000  0.00000  0.99989  0.75468
4.030000000e+00  0.00000  1.00000  0.14724  0.99317  0.00000  0.00000  0.99989  0.72454
4.040000000e+00  0.00000  1.00000  0.20660  0.99652  0.00000  0.00000  0.99989  0.69281
4.050000000e+00  0.00000  1.00000  0.34733  0.99678  0.00000  0.00000  0.99989  0.65926
4.060000000e+00  0.00000  1.00000  0.51969  0.99612  0.00000  0.00000  0.99990  0.62555
4.070000000e+00  0.00000  1.00000  0.57553  0.99591  0.00000  0.00000  0.99990  0.59171
4.080000000e+00  0.00000  1.00000  0.28421  0.99803  0.00000  0.00000  0.99990  0.55960
4.090000000e+00  0.00000  1.00000  0.08886  0.99788  0.00000  0.00000  0.99990  0.52961
4.100000000e+00  0.00000  1.00000  0.03973  0.99815  0.00000  0.00000  0.99990  0.50164
4.110000000e+00  0.00000  1.00000  0.05070  0.99323  0.00000  0.00000  0.99990  0.47662
4.120000000e+00  0.00000  1.00000  0.21356  0.99816  0.00000  0.00000  0.99990  0.45521
4.130000000e+00  0.00000  1.00000  0.26332  0.99540  0.00000  0.00000  0.99990  0.43732
4.140000000e+00  0.00000  1.00000  0.11763  0.99695  0.00000  0.00000  0.99990  0.42319
4.150000000e+00  0.00000  1.00000  0.04989  0.99903  0.00000  0.00000  0.99990  0.41263
4.160000000e+00  0.00000  1.00000  0.00022  0.99482  0.00000  0.00000  0.99991  0.40603
4.170000000e+00  0.00000  1.00000  0.00000  0.99692  0.00000  0.00000  0.99991  0.40224
4.180000000e+00  0.00000  1.00000  0.00000  0.99631  0.00000  0.00000  0.99991  0.40332
4.190000000e+00  0.00000  1.00000  0.00000  0.99641  0.00000  0.00000  0.99991  0.40529
4.200000000e+00  0.00000  1.00000  0.00000  0.99588  0.00000  0.00000  0.99991  0.41047
4.210000000e+00  0.00000  1.00000  0.00000  0.99363  0.00000  0.00000  0.99991  0.41364
4.220000000e+00  0.00000  1.00000  0.00000  0.99401  0.00000  0.00000  0.99991  0.41452
4.230000000e+00  0.00000  1.00000  0.00000  0.99338  0.00000  0.00000  0.99991  0.41191
4.240000000e+00  0.00000  1.00000  0.00000  0.99501  0.00000  0.00000  0.99991  0.40391
4.250000000e+00  0.00000  1.00000  0.00000  0.98749  0.00000  0.00000  0.99991  0.38880
4.260000000e+00  0.00000  1.00000  0.00000  0.98454  0.00000  0.00000  0.99991  0.36003
4.270000000e+00  0.00000  1.00000  0.00000  0.99457  0.00000  0.00000  0.99991  0.31711
4.280000000e+00  0.00000  1.00000  0.00000  0.97743  0.00000  0.00000  0.99992  0.28743
4.290000000e+00  0.00000  1.00000  0.00000  0.97414  0.00000  0.00000  0.99992  0.26934
4.300000000e+00  0.00000  1.00000  0.00000  0.97071  0.00000  0.00000  0.99992  0.27396
4.310000000e+00  0.00000  1.00000  0.00000  0.94868  0.00000  0.00000  0.99992  0.30156
4.320000000e+00  0.00000  1.00000  0.00000  0.95921  0.00000  0.00000  0.99992  0.34165
4.330000000e+00  0.00000  1.00000  0.00000  0.95746  0.00000  0.00000  0.99992  0.39636
4.340000000e+00  0.00000  1.00000  0.00000  0.94706  0.00000  0.00000  0.99992  0.44225
4.350000000e+00  0.00000  1.00000  0.00000  0.94543  0.00000  0.00000  0.99992  0.47699
4.360000000e+00  0.00000  1.00000  0.00000  0.92596  0.00000  0.00000  0.99992  0.50208
4.370000000e+00  0.00000  1.00000  0.00000  0.84510  0.00000  0.00000  0.99992  0.52012
4.380000000e+00  0.00000  1.00000  0.00000  0.94582  0.00000  0.00000  0.99992  0.53364
4.390000000e+00  0.00000  1.00000  0.00000  0.92630  0.00000  0.00000  0.99992  0.54594
4.400000000e+00  0.00000  1.00000  0.00000  0.89103  0.00000  0.00000  0.99992  0.55465
4.410000000e+00  0.00000  1.00000  0.00000  0.78107  0.00000  0.00000  0.99992  0.56598
4.420000000e+00  0.00000  1.00000  0.00000  0.96419  0.00000  0.00000  0.99993  0.57689
4.430000000e+00  0.00000  1.00000  0.00000  0.87071  0.00000  0.00000  0.99993  0.58964
4.440000000e+00  0.00000  1.00000  0.00000  0.72602  0.00000  0.00000  0.99993  0.60331
4.450000000e+00  0.00000  1.00000  0.00000  0.78944  0.00000  0.00000  0.99993  0.61931
4.460000000e+00  0.00000  1.00000  0.00000  0.81518  0.00000  0.00000  0.99993  0.63524
4.470000000e+00  0.00000  1.00000  0.00000  0.83163  0.00000  0.00000  0.99993  0.65459
4.480000000e+00  0.00000  1.00000  0.00000  0.81712  0.00000  0.00000  0.99993  0.67284
4.490000000e+00  0.00000  1.00000  0.00000  0.85094  0.00000  0.00000  0.99993  0.69383
4.500000000e+00  0.00000  1.00000  0.00000  0.87515  0.00000  0.00000  0.99993  0.71324
4.510000000e+00  0.00000  1.00000  0.00000  0.86798  0.00000  0.00000  0.99993  0.73440
4.520000000e+00  0.00000  1.00000  0.00000  0.80400  0.00000  0.00000  0.99993  0.75501
4.530000000e+00  0.00000  1.00000  0.00000  0.68465  0.00000  0.00000  0.99993  0.77510
4.540000000e+00  0.00000  1.00000  0.00003  0.66413  0.00000  0.00000  0.99993  0.79479
4.550000000e+00  0.00000  1.00000  0.00028  0.82538  0.00000  0.00000  0.99993  0.81371
4.560000000e+00  0.00000  1.00000  0.00539  0.91399  0.00000  0.00000  0.99993  0.83176
4.570000000e+00  0.00000  1.00000  0.03613  0.82256  0.00000  0.00000  0.99993  0.84810
4.580000000e+00  0.00000  1.00000  0.12082  0.72914  0.00000  0.00000  0.99994  0.86401
4.590000000e+00  0.00000  1.00000  0.17391  0.78874  0.00000  0.00000  0.99994  0.87847
4.600000000e+00  0.00000  1.00000  0.25343  0.81735  0.00000  0.00000  0.99994  0.89178
4.610000000e+00  0.00000  1.00000  0.31249  0.85394  0.00000  0.00000  0.99994  0.90400
4.620000000e+00  0.00000  1.00000  0.25823  0.81237  0.00000  0.00000  0.99994  0.91515
4.630000000e+00  0.00000  1.00000  0.11703  0.62507  0.00000  0.00000  0.99994  0.92520
4.640000000e+00  0.00000  1.00000  0.08980  0.63594  0.00000  0.00000  0.99994  0.93425
4.650000000e+00  0.00000  1.00000  0.07330  0.65315  0.00000  0.00000  0.99994  0.94238
4.660000000e+00  0.00000  1.00000  0.07412  0.59183  0.00000  0.00000  0.99994  0.94966
4.670000000e+00  0.00000  1.00000  0.08115  0.52016  0.00000  0.00000  0.99994  0.95584
4.680000000e+00  0.00000  1.00000  0.02898  0.52818  0.00000  0.00000  0.99994  0.96078
4.690000000e+00  0.00000  1.00000  0.01268  0.23549  0.00000  0.00000  0.99994  0.96596
4.700000000e+00  0.00000  1.00000  0.00146  0.88083  0.00000  0.00000  0.99994  0.97015
4.710000000e+00  0.00000  1.00000  0.00004  0.78668  0.00000  0.00000  0.99994  0.97368
4.720000000e+00  0.00000  1.00000  0.00002  0.47109  0.00000  0.00000  0.99994  0.97701
4.730000000e+00  0.00000  1.00000  0.00000  0.60312  0.00000  0.00000  0.99994  0.97950
4.740000000e+00  0.00000  1.00000  0.00000  0.44696  0.00000  0.00000  0.99994  0.98237
4.750000000e+00  0.00000  1.00000  0.00000  0.68485  0.00000  0.00000  0.99994  0.98459
4.760000000e+00  0.00000  1.00000  0.00000  0.57338  0.00000  0.00000  0.99994  0.98660
4.770000000e+00  0.00000  1.00000  0.00000  0.58716  0.00000  0.00000  0.99994  0.98834
4.780000000e+00  0.00000  1.00000  0.00000  0.46813  0.00000  0.00000  0.99995  0.98909
4.790000000e+00  0.00000  1.00000  0.00000  0.28984  0.00000  0.00000  0.99995  0.99047
4.800000000e+00  0.00000  1.00000  0.00000  0.33126  0.00000  0.00000  0.99995  0.99236
4.810000000e+00  0.00000  1.00000  0.00000  0.50072  0.00000  0.00000  0.99995  0.99355
4.820000000e+00  0.00000  1.00000  0.00000  0.44719  0.00000  0.00000  0.99995  0.99437
4.830000000e+00  0.00000  1.00000  0.00000  0.27486  0.00000  0.00000  0.99995  0.99534
4.840000000e+00  0.00000  1.00000  0.00000  0.48413  0.00000  0.00000  0.99995  0.99245
4.850000000e+00  0.00000  1.00000  0.00000  0.13433  0.00000  0.00000  0.99995  0.99509
4.860000000e+00  0.00000  1.00000  0.00000  0.10518  0.00000  0.00000  0.99995  0.99702
4.870000000e+00  0.00000  1.00000  0.00000  0.61565  0.00000  0.00000  0.99995  0.99755
4.880000000e+00  0.00000  1.00000  0.00000  0.62392  0.00000  0.00000  0.99995  0.99783
4.890000000e+00  0.00000  1.00000  0.00000  0.55916  0.00000  0.00000  0.99995  0.99746
4.900000000e+00  0.00000  1.00000  0.00000  0.08994  0.00000  0.00000  0.99995  0.99533
4.910000000e+00  0.00000  1.00000  0.00000  0.05679  0.00000  0.00000  0.99995  0.99819
4.920000000e+00  0.00000  1.00000  0.00000  0.29970  0.00000  0.00000  0.99995  0.99852
4.930000000e+00  0.00000  1.00000  0.00000  0.53388  0.00000  0.00000  0.99995  0.99865
4.940000000e+00  0.00000  1.00000  0.00011  0.28687  0.00000  0.00000  0.99995  0.99865
4.950000000e+00  0.00000  1.00000  0.00054  0.09123  0.00000  0.00000  0.99995  0.99691
4.960000000e+00  0.00000  1.00000  0.00129  0.03194  0.00000  0.00000  0.99995  0.98929
4.970000000e+00  0.00000  1.00000  0.01079  0.01128  0.00000  0.00000  0.99995  0.99897
4.980000000e+00  0.00000  1.00000  0.03194  0.19416  0.00000  0.00000  0.99995  0.99904
4.990000000e+00  0.00000  1.00000  0.08201  0.05049  0.00000  0.00000  0.99995  0.99926
5.000000000e+00  0.00000  1.00000  0.07525  0.30686  0.00000  0.00000  0.99995  0.99928
