# ------------------------------------------------------------------------
# NASA-GSFC Planetary Spectrum Generator (PSG, Villanueva et al. 2015)
# Atmospheric transmittance spectrum synthesized with PUMAS (Villanueva et al. 2016, Smith et al. 2009, Edwards 1992)
# Synthesized on Tue Nov 21 15:10:14 2017
# Molecular abundance profile: 
# Molecules considered: N2,CO2,H2O
# Molecular sources: HIT[22],HIT[2],HIT[1]
# Molecular abundances: 1,1,1
# Molecular abundance units: scl,scl,scl
# Collission-Induced-Absorption:  N2-N2(3.33-5.41um)
# Rayleigh scattering included
# ------------------------------------------------------------------------
# Aerosols considered: WaterIce,Cloud
# Aerosols sources: CRISM_Wolff[reff=2.0um 0.31-99.57um],White_GSFC[reff=1.0um 0.10-1000000.00um]
# Aerosols opacities: 1,1
# Aerosols opacity units: scl,scl
# ------------------------------------------------------------------------
# Spectral unit: Wavelength [um]
# Wave/freq Total N2 CO2 H2O WaterIce Cloud Rayleigh CIA
1.000000000e+00  0.00000  1.00000  0.99996  0.97142  0.00000  0.00000  0.97252  1.00000
1.010000000e+00  0.00000  1.00000  0.99999  0.96194  0.00000  0.00000  0.97358  1.00000
1.020000000e+00  0.00000  1.00000  1.00000  0.98206  0.00000  0.00000  0.97459  1.00000
1.030000000e+00  0.00000  1.00000  0.99999  0.98470  0.00000  0.00000  0.97555  1.00000
1.040000000e+00  0.00000  1.00000  0.79680  0.99817  0.00000  0.00000  0.97647  1.00000
1.050000000e+00  0.00000  1.00000  0.98663  0.99928  0.00000  0.00000  0.97734  1.00000
1.060000000e+00  0.00000  1.00000  0.96690  0.99791  0.00000  0.00000  0.97817  1.00000
1.070000000e+00  0.00000  1.00000  0.94068  0.98557  0.00000  0.00000  0.97897  1.00000
1.080000000e+00  0.00000  1.00000  0.99393  0.93311  0.00000  0.00000  0.97973  1.00000
1.090000000e+00  0.00000  1.00000  0.99963  0.87498  0.00000  0.00000  0.98046  1.00000
1.100000000e+00  0.00000  1.00000  0.99829  0.74330  0.00000  0.00000  0.98115  1.00000
1.110000000e+00  0.00000  1.00000  1.00000  0.46349  0.00000  0.00000  0.98181  1.00000
1.120000000e+00  0.00000  1.00000  0.97631  0.06448  0.00000  0.00000  0.98245  1.00000
1.130000000e+00  0.00000  1.00000  0.99656  0.01352  0.00000  0.00000  0.98306  1.00000
1.140000000e+00  0.00000  1.00000  0.99258  0.15078  0.00000  0.00000  0.98364  1.00000
1.150000000e+00  0.00000  1.00000  0.99779  0.07507  0.00000  0.00000  0.98420  1.00000
1.160000000e+00  0.00000  1.00000  0.99754  0.27022  0.00000  0.00000  0.98473  1.00000
1.170000000e+00  0.00000  1.00000  0.99992  0.54019  0.00000  0.00000  0.98524  1.00000
1.180000000e+00  0.00000  1.00000  0.99951  0.69623  0.00000  0.00000  0.98573  1.00000
1.190000000e+00  0.00000  1.00000  0.99995  0.63084  0.00000  0.00000  0.98620  1.00000
1.200000000e+00  0.00000  1.00000  0.99981  0.65862  0.00000  0.00000  0.98665  1.00000
1.210000000e+00  0.00000  1.00000  0.08649  0.77572  0.00000  0.00000  0.98709  1.00000
1.220000000e+00  0.00000  1.00000  0.56832  0.84227  0.00000  0.00000  0.98750  1.00000
1.230000000e+00  0.00000  1.00000  0.39267  0.88234  0.00000  0.00000  0.98790  1.00000
1.240000000e+00  0.00000  1.00000  0.83875  0.97985  0.00000  0.00000  0.98828  1.00000
1.250000000e+00  0.00000  1.00000  0.98860  0.99623  0.00000  0.00000  0.98865  1.00000
1.260000000e+00  0.00000  1.00000  0.95791  0.99639  0.00000  0.00000  0.98901  1.00000
1.270000000e+00  0.00000  1.00000  0.95962  0.98895  0.00000  0.00000  0.98935  1.00000
1.280000000e+00  0.00000  1.00000  0.99903  0.97598  0.00000  0.00000  0.98967  1.00000
1.290000000e+00  0.00000  1.00000  0.88156  0.93494  0.00000  0.00000  0.98999  1.00000
1.300000000e+00  0.00000  1.00000  0.82916  0.83092  0.00000  0.00000  0.99029  1.00000
1.310000000e+00  0.00000  1.00000  0.99208  0.70859  0.00000  0.00000  0.99058  1.00000
1.320000000e+00  0.00000  1.00000  0.41707  0.53472  0.00000  0.00000  0.99086  1.00000
1.330000000e+00  0.00000  1.00000  0.96785  0.38348  0.00000  0.00000  0.99113  1.00000
1.340000000e+00  0.00000  1.00000  0.56992  0.23286  0.00000  0.00000  0.99140  1.00000
1.350000000e+00  0.00000  1.00000  0.85226  0.01430  0.00000  0.00000  0.99165  1.00000
1.360000000e+00  0.00000  1.00000  0.98764  0.00000  0.00000  0.00000  0.99189  1.00000
1.370000000e+00  0.00000  1.00000  0.96997  0.00000  0.00000  0.00000  0.99212  1.00000
1.380000000e+00  0.00000  1.00000  0.96152  0.00000  0.00000  0.00000  0.99235  1.00000
1.390000000e+00  0.00000  1.00000  0.99283  0.00000  0.00000  0.00000  0.99256  1.00000
1.400000000e+00  0.00000  1.00000  0.99613  0.00001  0.00000  0.00000  0.99277  1.00000
1.410000000e+00  0.00000  1.00000  0.99980  0.00000  0.00000  0.00000  0.99298  1.00000
1.420000000e+00  0.00000  1.00000  0.99942  0.00126  0.00000  0.00000  0.99317  1.00000
1.430000000e+00  0.00000  1.00000  0.68660  0.00378  0.00000  0.00000  0.99336  1.00000
1.440000000e+00  0.00000  1.00000  0.00000  0.00402  0.00000  0.00000  0.99354  1.00000
1.450000000e+00  0.00000  1.00000  0.01256  0.02968  0.00000  0.00000  0.99372  1.00000
1.460000000e+00  0.00000  1.00000  0.63578  0.10685  0.00000  0.00000  0.99389  1.00000
1.470000000e+00  0.00000  1.00000  0.97415  0.03354  0.00000  0.00000  0.99405  1.00000
1.480000000e+00  0.00000  1.00000  0.41482  0.08502  0.00000  0.00000  0.99421  1.00000
1.490000000e+00  0.00000  1.00000  0.74822  0.08525  0.00000  0.00000  0.99436  1.00000
1.500000000e+00  0.00000  1.00000  0.55833  0.40272  0.00000  0.00000  0.99451  1.00000
1.510000000e+00  0.00000  1.00000  0.98143  0.55869  0.00000  0.00000  0.99465  1.00000
1.520000000e+00  0.00000  1.00000  0.98618  0.73538  0.00000  0.00000  0.99479  1.00000
1.530000000e+00  0.00000  1.00000  0.32462  0.81726  0.00000  0.00000  0.99493  1.00000
1.540000000e+00  0.00000  1.00000  0.13597  0.93293  0.00000  0.00000  0.99506  1.00000
1.550000000e+00  0.00000  1.00000  0.64951  0.96437  0.00000  0.00000  0.99518  1.00000
1.560000000e+00  0.00000  1.00000  0.93856  0.99013  0.00000  0.00000  0.99531  1.00000
1.570000000e+00  0.00000  1.00000  0.30576  0.98103  0.00000  0.00000  0.99542  1.00000
1.580000000e+00  0.00000  1.00000  0.00020  0.98484  0.00000  0.00000  0.99554  1.00000
1.590000000e+00  0.00000  1.00000  0.33993  0.98620  0.00000  0.00000  0.99565  1.00000
1.600000000e+00  0.00000  1.00000  0.21543  0.97883  0.00000  0.00000  0.99576  1.00000
1.610000000e+00  0.00000  1.00000  0.00218  0.99221  0.00000  0.00000  0.99586  1.00000
1.620000000e+00  0.00000  1.00000  0.01841  0.99228  0.00000  0.00000  0.99596  1.00000
1.630000000e+00  0.00000  1.00000  0.39336  0.99737  0.00000  0.00000  0.99606  1.00000
1.640000000e+00  0.00000  1.00000  0.30812  0.99197  0.00000  0.00000  0.99616  1.00000
1.650000000e+00  0.00000  1.00000  0.23375  0.97832  0.00000  0.00000  0.99625  1.00000
1.660000000e+00  0.00000  1.00000  0.39205  0.97578  0.00000  0.00000  0.99634  1.00000
1.670000000e+00  0.00000  1.00000  0.56215  0.97703  0.00000  0.00000  0.99642  1.00000
1.680000000e+00  0.00000  1.00000  0.80100  0.96475  0.00000  0.00000  0.99651  1.00000
1.690000000e+00  0.00000  1.00000  0.93762  0.97118  0.00000  0.00000  0.99659  1.00000
1.700000000e+00  0.00000  1.00000  0.98477  0.89653  0.00000  0.00000  0.99667  1.00000
1.710000000e+00  0.00000  1.00000  0.92888  0.89513  0.00000  0.00000  0.99675  1.00000
1.720000000e+00  0.00000  1.00000  0.96321  0.91462  0.00000  0.00000  0.99682  1.00000
1.730000000e+00  0.00000  1.00000  0.99262  0.86208  0.00000  0.00000  0.99689  1.00000
1.740000000e+00  0.00000  1.00000  0.99937  0.75031  0.00000  0.00000  0.99696  1.00000
1.750000000e+00  0.00000  1.00000  0.99894  0.68344  0.00000  0.00000  0.99703  1.00000
1.760000000e+00  0.00000  1.00000  0.89687  0.69413  0.00000  0.00000  0.99710  1.00000
1.770000000e+00  0.00000  1.00000  0.95815  0.52305  0.00000  0.00000  0.99716  1.00000
1.780000000e+00  0.00000  1.00000  0.99511  0.34794  0.00000  0.00000  0.99723  1.00000
1.790000000e+00  0.00000  1.00000  0.88195  0.20249  0.00000  0.00000  0.99729  1.00000
1.800000000e+00  0.00000  1.00000  0.95019  0.08185  0.00000  0.00000  0.99735  1.00000
1.810000000e+00  0.00000  1.00000  0.98745  0.00877  0.00000  0.00000  0.99741  1.00000
1.820000000e+00  0.00000  1.00000  0.99557  0.00043  0.00000  0.00000  0.99746  1.00000
1.830000000e+00  0.00000  1.00000  0.99927  0.00000  0.00000  0.00000  0.99752  1.00000
1.840000000e+00  0.00000  1.00000  0.99972  0.00000  0.00000  0.00000  0.99757  1.00000
1.850000000e+00  0.00000  1.00000  0.99755  0.00000  0.00000  0.00000  0.99762  1.00000
1.860000000e+00  0.00000  1.00000  0.99710  0.00000  0.00000  0.00000  0.99767  1.00000
1.870000000e+00  0.00000  1.00000  0.97878  0.00000  0.00000  0.00000  0.99772  1.00000
1.880000000e+00  0.00000  1.00000  0.10725  0.00000  0.00000  0.00000  0.99777  1.00000
1.890000000e+00  0.00000  1.00000  0.12502  0.00000  0.00000  0.00000  0.99782  1.00000
1.900000000e+00  0.00000  1.00000  0.51697  0.00001  0.00000  0.00000  0.99786  1.00000
1.910000000e+00  0.00000  1.00000  0.64544  0.00000  0.00000  0.00000  0.99791  1.00000
1.920000000e+00  0.00000  1.00000  0.86262  0.00000  0.00000  0.00000  0.99795  1.00000
1.930000000e+00  0.00000  1.00000  0.84156  0.00001  0.00000  0.00000  0.99799  1.00000
1.940000000e+00  0.00000  1.00000  0.19251  0.00027  0.00000  0.00000  0.99803  1.00000
1.950000000e+00  0.00000  1.00000  0.00000  0.00526  0.00000  0.00000  0.99807  1.00000
1.960000000e+00  0.00000  1.00000  0.00000  0.01587  0.00000  0.00000  0.99811  1.00000
1.970000000e+00  0.00000  1.00000  0.00000  0.22154  0.00000  0.00000  0.99815  1.00000
1.980000000e+00  0.00000  1.00000  0.00000  0.34240  0.00000  0.00000  0.99819  1.00000
1.990000000e+00  0.00000  1.00000  0.00415  0.40513  0.00000  0.00000  0.99822  1.00000
2.000000000e+00  0.00000  1.00000  0.00000  0.53645  0.00000  0.00000  0.99826  1.00000
2.010000000e+00  0.00000  1.00000  0.00000  0.43480  0.00000  0.00000  0.99829  1.00000
2.020000000e+00  0.00000  1.00000  0.00000  0.58751  0.00000  0.00000  0.99833  1.00000
2.030000000e+00  0.00000  1.00000  0.00000  0.80792  0.00000  0.00000  0.99836  1.00000
2.040000000e+00  0.00000  1.00000  0.00000  0.83875  0.00000  0.00000  0.99839  1.00000
2.050000000e+00  0.00000  1.00000  0.00000  0.92270  0.00000  0.00000  0.99842  1.00000
2.060000000e+00  0.00000  1.00000  0.00000  0.84145  0.00000  0.00000  0.99845  1.00000
2.070000000e+00  0.00000  1.00000  0.00000  0.87048  0.00000  0.00000  0.99848  1.00000
2.080000000e+00  0.00000  1.00000  0.00000  0.91415  0.00000  0.00000  0.99851  1.00000
2.090000000e+00  0.00000  1.00000  0.00000  0.91256  0.00000  0.00000  0.99854  1.00000
2.100000000e+00  0.00000  1.00000  0.00004  0.94705  0.00000  0.00000  0.99857  1.00000
2.110000000e+00  0.00000  1.00000  0.01902  0.95755  0.00000  0.00000  0.99859  1.00000
2.120000000e+00  0.00000  1.00000  0.06752  0.89141  0.00000  0.00000  0.99862  1.00000
2.130000000e+00  0.00000  1.00000  0.44007  0.84932  0.00000  0.00000  0.99865  1.00000
2.140000000e+00  0.00000  1.00000  0.63312  0.96347  0.00000  0.00000  0.99867  1.00000
2.150000000e+00  0.00000  1.00000  0.27590  0.98260  0.00000  0.00000  0.99870  1.00000
2.160000000e+00  0.00000  1.00000  0.34595  0.93302  0.00000  0.00000  0.99872  1.00000
2.170000000e+00  0.00000  1.00000  0.22945  0.86477  0.00000  0.00000  0.99874  1.00000
2.180000000e+00  0.00000  1.00000  0.54067  0.88730  0.00000  0.00000  0.99877  1.00000
2.190000000e+00  0.00000  1.00000  0.83086  0.76619  0.00000  0.00000  0.99879  1.00000
2.200000000e+00  0.00000  1.00000  0.88618  0.85456  0.00000  0.00000  0.99881  1.00000
2.210000000e+00  0.00000  1.00000  0.96465  0.89656  0.00000  0.00000  0.99883  1.00000
2.220000000e+00  0.00000  1.00000  0.95061  0.92104  0.00000  0.00000  0.99885  1.00000
2.230000000e+00  0.00000  1.00000  0.95420  0.94689  0.00000  0.00000  0.99887  1.00000
2.240000000e+00  0.00000  1.00000  0.98690  0.97495  0.00000  0.00000  0.99889  1.00000
2.250000000e+00  0.00000  1.00000  0.97814  0.97898  0.00000  0.00000  0.99891  1.00000
2.260000000e+00  0.00000  1.00000  0.94832  0.99180  0.00000  0.00000  0.99893  1.00000
2.270000000e+00  0.00000  1.00000  0.98754  0.98292  0.00000  0.00000  0.99895  1.00000
2.280000000e+00  0.00000  1.00000  0.97365  0.99681  0.00000  0.00000  0.99897  1.00000
2.290000000e+00  0.00000  1.00000  0.99191  0.98378  0.00000  0.00000  0.99899  1.00000
2.300000000e+00  0.00000  1.00000  0.99601  0.90770  0.00000  0.00000  0.99900  1.00000
2.310000000e+00  0.00000  1.00000  0.99746  0.96946  0.00000  0.00000  0.99902  1.00000
2.320000000e+00  0.00000  1.00000  0.99905  0.92398  0.00000  0.00000  0.99904  1.00000
2.330000000e+00  0.00000  1.00000  0.99989  0.91685  0.00000  0.00000  0.99905  1.00000
2.340000000e+00  0.00000  1.00000  0.99989  0.93382  0.00000  0.00000  0.99907  1.00000
2.350000000e+00  0.00000  1.00000  0.99987  0.82942  0.00000  0.00000  0.99909  1.00000
2.360000000e+00  0.00000  1.00000  0.99967  0.69595  0.00000  0.00000  0.99910  1.00000
2.370000000e+00  0.00000  1.00000  0.99822  0.71564  0.00000  0.00000  0.99912  1.00000
2.380000000e+00  0.00000  1.00000  0.99715  0.52681  0.00000  0.00000  0.99913  1.00000
2.390000000e+00  0.00000  1.00000  0.99069  0.41087  0.00000  0.00000  0.99915  1.00000
2.400000000e+00  0.00000  1.00000  0.98880  0.50485  0.00000  0.00000  0.99916  1.00000
2.410000000e+00  0.00000  1.00000  0.98702  0.33099  0.00000  0.00000  0.99917  1.00000
2.420000000e+00  0.00000  1.00000  0.99685  0.14766  0.00000  0.00000  0.99919  1.00000
2.430000000e+00  0.00000  1.00000  0.99991  0.34083  0.00000  0.00000  0.99920  1.00000
2.440000000e+00  0.00000  1.00000  0.99986  0.06891  0.00000  0.00000  0.99921  1.00000
2.450000000e+00  0.00000  1.00000  0.99965  0.13004  0.00000  0.00000  0.99923  1.00000
2.460000000e+00  0.00000  1.00000  0.99948  0.21151  0.00000  0.00000  0.99924  1.00000
2.470000000e+00  0.00000  1.00000  0.99242  0.17960  0.00000  0.00000  0.99925  1.00000
2.480000000e+00  0.00000  1.00000  0.96980  0.08315  0.00000  0.00000  0.99926  1.00000
2.490000000e+00  0.00000  1.00000  0.32089  0.00300  0.00000  0.00000  0.99927  1.00000
2.500000000e+00  0.00000  1.00000  0.73606  0.00313  0.00000  0.00000  0.99929  1.00000
2.510000000e+00  0.00000  1.00000  0.70495  0.00083  0.00000  0.00000  0.99930  1.00000
2.520000000e+00  0.00000  1.00000  0.68237  0.00017  0.00000  0.00000  0.99931  1.00000
2.530000000e+00  0.00000  1.00000  0.83794  0.00000  0.00000  0.00000  0.99932  1.00000
2.540000000e+00  0.00000  1.00000  0.90060  0.00000  0.00000  0.00000  0.99933  1.00000
2.550000000e+00  0.00000  1.00000  0.97503  0.00000  0.00000  0.00000  0.99934  1.00000
2.560000000e+00  0.00000  1.00000  0.94397  0.00000  0.00000  0.00000  0.99935  1.00000
2.570000000e+00  0.00000  1.00000  0.96684  0.00000  0.00000  0.00000  0.99936  1.00000
2.580000000e+00  0.00000  1.00000  0.78879  0.00000  0.00000  0.00000  0.99937  1.00000
2.590000000e+00  0.00000  1.00000  0.54267  0.00000  0.00000  0.00000  0.99938  1.00000
2.600000000e+00  0.00000  1.00000  0.64636  0.00000  0.00000  0.00000  0.99939  1.00000
2.610000000e+00  0.00000  1.00000  0.18388  0.00000  0.00000  0.00000  0.99940  1.00000
2.620000000e+00  0.00000  1.00000  0.07033  0.00000  0.00000  0.00000  0.99941  1.00000
2.630000000e+00  0.00000  1.00000  0.24683  0.00000  0.00000  0.00000  0.99942  1.00000
2.640000000e+00  0.00000  1.00000  0.20876  0.00000  0.00000  0.00000  0.99943  1.00000
2.650000000e+00  0.00000  1.00000  0.37315  0.00000  0.00000  0.00000  0.99943  1.00000
2.660000000e+00  0.00000  1.00000  0.00065  0.00000  0.00000  0.00000  0.99944  1.00000
2.670000000e+00  0.00000  1.00000  0.00000  0.00000  0.00000  0.00000  0.99945  1.00000
2.680000000e+00  0.00000  1.00000  0.00000  0.00000  0.00000  0.00000  0.99946  1.00000
2.690000000e+00  0.00000  1.00000  0.00000  0.00000  0.00000  0.00000  0.99947  1.00000
2.700000000e+00  0.00000  1.00000  0.00000  0.00000  0.00000  0.00000  0.99947  1.00000
2.710000000e+00  0.00000  1.00000  0.00000  0.00000  0.00000  0.00000  0.99948  1.00000
2.720000000e+00  0.00000  1.00000  0.00000  0.00000  0.00000  0.00000  0.99949  1.00000
2.730000000e+00  0.00000  1.00000  0.00000  0.00000  0.00000  0.00000  0.99950  1.00000
2.740000000e+00  0.00000  1.00000  0.00000  0.00000  0.00000  0.00000  0.99950  1.00000
2.750000000e+00  0.00000  1.00000  0.00000  0.00000  0.00000  0.00000  0.99951  1.00000
2.760000000e+00  0.00000  1.00000  0.00000  0.00000  0.00000  0.00000  0.99952  1.00000
2.770000000e+00  0.00000  1.00000  0.00000  0.00000  0.00000  0.00000  0.99953  1.00000
2.780000000e+00  0.00000  1.00000  0.00000  0.00000  0.00000  0.00000  0.99953  1.00000
2.790000000e+00  0.00000  1.00000  0.00000  0.00000  0.00000  0.00000  0.99954  1.00000
2.800000000e+00  0.00000  1.00000  0.00000  0.00000  0.00000  0.00000  0.99955  1.00000
2.810000000e+00  0.00000  1.00000  0.00000  0.00000  0.00000  0.00000  0.99955  1.00000
2.820000000e+00  0.00000  1.00000  0.00000  0.00000  0.00000  0.00000  0.99956  1.00000
2.830000000e+00  0.00000  1.00000  0.00000  0.00000  0.00000  0.00000  0.99956  1.00000
2.840000000e+00  0.00000  1.00000  0.00000  0.00000  0.00000  0.00000  0.99957  1.00000
2.850000000e+00  0.00000  1.00000  0.00000  0.00000  0.00000  0.00000  0.99958  1.00000
2.860000000e+00  0.00000  1.00000  0.00000  0.00000  0.00000  0.00000  0.99958  1.00000
2.870000000e+00  0.00000  1.00000  0.00000  0.00001  0.00000  0.00000  0.99959  1.00000
2.880000000e+00  0.00000  1.00000  0.00000  0.00003  0.00000  0.00000  0.99959  1.00000
2.890000000e+00  0.00000  1.00000  0.00003  0.00002  0.00000  0.00000  0.99960  1.00000
2.900000000e+00  0.00000  1.00000  0.00418  0.00232  0.00000  0.00000  0.99961  1.00000
2.910000000e+00  0.00000  1.00000  0.08268  0.00069  0.00000  0.00000  0.99961  1.00000
2.920000000e+00  0.00000  1.00000  0.34897  0.00096  0.00000  0.00000  0.99962  1.00000
2.930000000e+00  0.00000  1.00000  0.55858  0.00610  0.00000  0.00000  0.99962  1.00000
2.940000000e+00  0.00000  1.00000  0.68814  0.02996  0.00000  0.00000  0.99963  1.00000
2.950000000e+00  0.00000  1.00000  0.82265  0.00068  0.00000  0.00000  0.99963  1.00000
2.960000000e+00  0.00000  1.00000  0.42067  0.00829  0.00000  0.00000  0.99964  1.00000
2.970000000e+00  0.00000  1.00000  0.05200  0.02996  0.00000  0.00000  0.99964  1.00000
2.980000000e+00  0.00000  1.00000  0.00381  0.00004  0.00000  0.00000  0.99965  1.00000
2.990000000e+00  0.00000  1.00000  0.01465  0.04306  0.00000  0.00000  0.99965  1.00000
3.000000000e+00  0.00000  1.00000  0.28650  0.07248  0.00000  0.00000  0.99966  1.00000
3.010000000e+00  0.00000  1.00000  0.30302  0.05051  0.00000  0.00000  0.99966  1.00000
3.020000000e+00  0.00000  1.00000  0.05709  0.03466  0.00000  0.00000  0.99966  1.00000
3.030000000e+00  0.00000  1.00000  0.11544  0.02989  0.00000  0.00000  0.99967  1.00000
3.040000000e+00  0.00000  1.00000  0.31759  0.00417  0.00000  0.00000  0.99967  1.00000
3.050000000e+00  0.00000  1.00000  0.63659  0.00536  0.00000  0.00000  0.99968  1.00000
3.060000000e+00  0.00000  1.00000  0.68774  0.01111  0.00000  0.00000  0.99968  1.00000
3.070000000e+00  0.00000  1.00000  0.83592  0.00525  0.00000  0.00000  0.99969  1.00000
3.080000000e+00  0.00000  1.00000  0.87165  0.02213  0.00000  0.00000  0.99969  1.00000
3.090000000e+00  0.00000  1.00000  0.93062  0.00040  0.00000  0.00000  0.99969  1.00000
3.100000000e+00  0.00000  1.00000  0.89782  0.00038  0.00000  0.00000  0.99970  1.00000
3.110000000e+00  0.00000  1.00000  0.71835  0.00786  0.00000  0.00000  0.99970  1.00000
3.120000000e+00  0.00000  1.00000  0.49320  0.00115  0.00000  0.00000  0.99971  1.00000
3.130000000e+00  0.00000  1.00000  0.39931  0.05108  0.00000  0.00000  0.99971  1.00000
3.140000000e+00  0.00000  1.00000  0.55796  0.12176  0.00000  0.00000  0.99971  1.00000
3.150000000e+00  0.00000  1.00000  0.75921  0.02149  0.00000  0.00000  0.99972  1.00000
3.160000000e+00  0.00000  1.00000  0.60807  0.08825  0.00000  0.00000  0.99972  1.00000
3.170000000e+00  0.00000  1.00000  0.43685  0.62627  0.00000  0.00000  0.99972  1.00000
3.180000000e+00  0.00000  1.00000  0.50080  0.47176  0.00000  0.00000  0.99973  1.00000
3.190000000e+00  0.00000  1.00000  0.66984  0.19015  0.00000  0.00000  0.99973  1.00000
3.200000000e+00  0.00000  1.00000  0.83483  0.04147  0.00000  0.00000  0.99973  1.00000
3.210000000e+00  0.00000  1.00000  0.93445  0.00001  0.00000  0.00000  0.99974  1.00000
3.220000000e+00  0.00000  1.00000  0.91170  0.00005  0.00000  0.00000  0.99974  1.00000
3.230000000e+00  0.00000  1.00000  0.90491  0.00132  0.00000  0.00000  0.99974  1.00000
3.240000000e+00  0.00000  1.00000  0.95022  0.09710  0.00000  0.00000  0.99975  1.00000
3.250000000e+00  0.00000  1.00000  0.98794  0.03075  0.00000  0.00000  0.99975  1.00000
3.260000000e+00  0.00000  1.00000  0.99659  0.24444  0.00000  0.00000  0.99975  1.00000
3.270000000e+00  0.00000  1.00000  0.99619  0.01301  0.00000  0.00000  0.99976  1.00000
3.280000000e+00  0.00000  1.00000  0.99681  0.04150  0.00000  0.00000  0.99976  1.00000
3.290000000e+00  0.00000  1.00000  0.99855  0.25729  0.00000  0.00000  0.99976  1.00000
3.300000000e+00  0.00000  1.00000  0.99936  0.11833  0.00000  0.00000  0.99976  1.00000
3.310000000e+00  0.00000  1.00000  0.99949  0.01148  0.00000  0.00000  0.99977  1.00000
3.320000000e+00  0.00000  1.00000  0.99901  0.16229  0.00000  0.00000  0.99977  1.00000
3.330000000e+00  0.00000  1.00000  0.99376  0.04791  0.00000  0.00000  0.99977  1.00000
3.340000000e+00  0.00000  1.00000  0.97881  0.32584  0.00000  0.00000  0.99978  0.99989
3.350000000e+00  0.00000  1.00000  0.96621  0.10826  0.00000  0.00000  0.99978  0.99984
3.360000000e+00  0.00000  1.00000  0.86198  0.10865  0.00000  0.00000  0.99978  0.99989
3.370000000e+00  0.00000  1.00000  0.96018  0.15561  0.00000  0.00000  0.99978  0.99981
3.380000000e+00  0.00000  1.00000  0.97151  0.26482  0.00000  0.00000  0.99979  0.99993
3.390000000e+00  0.00000  1.00000  0.98473  0.40918  0.00000  0.00000  0.99979  0.99991
3.400000000e+00  0.00000  1.00000  0.99445  0.62067  0.00000  0.00000  0.99979  0.99995
3.410000000e+00  0.00000  1.00000  0.99797  0.46679  0.00000  0.00000  0.99979  0.99996
3.420000000e+00  0.00000  1.00000  0.99931  0.59379  0.00000  0.00000  0.99980  1.00000
3.430000000e+00  0.00000  1.00000  0.99911  0.85743  0.00000  0.00000  0.99980  0.99994
3.440000000e+00  0.00000  1.00000  0.99932  0.74219  0.00000  0.00000  0.99980  0.99991
3.450000000e+00  0.00000  1.00000  0.99656  0.74490  0.00000  0.00000  0.99980  0.99979
3.460000000e+00  0.00000  1.00000  0.99741  0.69479  0.00000  0.00000  0.99980  0.99992
3.470000000e+00  0.00000  1.00000  0.99906  0.84088  0.00000  0.00000  0.99981  0.99981
3.480000000e+00  0.00000  1.00000  0.99935  0.78783  0.00000  0.00000  0.99981  0.99988
3.490000000e+00  0.00000  1.00000  0.99958  0.82858  0.00000  0.00000  0.99981  0.99987
3.500000000e+00  0.00000  1.00000  0.99960  0.79424  0.00000  0.00000  0.99981  0.99993
3.510000000e+00  0.00000  1.00000  0.99930  0.81229  0.00000  0.00000  0.99982  0.99998
3.520000000e+00  0.00000  1.00000  0.99813  0.73953  0.00000  0.00000  0.99982  0.99997
3.530000000e+00  0.00000  1.00000  0.99508  0.70360  0.00000  0.00000  0.99982  0.99996
3.540000000e+00  0.00000  1.00000  0.98903  0.68268  0.00000  0.00000  0.99982  0.99992
3.550000000e+00  0.00000  1.00000  0.97657  0.64294  0.00000  0.00000  0.99982  0.99994
3.560000000e+00  0.00000  1.00000  0.94891  0.52286  0.00000  0.00000  0.99983  0.99975
3.570000000e+00  0.00000  1.00000  0.90724  0.67366  0.00000  0.00000  0.99983  0.99975
3.580000000e+00  0.00000  1.00000  0.87608  0.60177  0.00000  0.00000  0.99983  0.99954
3.590000000e+00  0.00000  1.00000  0.82115  0.71322  0.00000  0.00000  0.99983  0.99953
3.600000000e+00  0.00000  1.00000  0.67078  0.60279  0.00000  0.00000  0.99983  0.99958
3.610000000e+00  0.00000  1.00000  0.54123  0.80822  0.00000  0.00000  0.99983  0.99961
3.620000000e+00  0.00000  1.00000  0.48953  0.63873  0.00000  0.00000  0.99984  0.99950
3.630000000e+00  0.00000  1.00000  0.68157  0.79561  0.00000  0.00000  0.99984  0.99939
3.640000000e+00  0.00000  1.00000  0.64131  0.68776  0.00000  0.00000  0.99984  0.99920
3.650000000e+00  0.00000  1.00000  0.51641  0.91107  0.00000  0.00000  0.99984  0.99907
3.660000000e+00  0.00000  1.00000  0.61967  0.74263  0.00000  0.00000  0.99984  0.99898
3.670000000e+00  0.00000  1.00000  0.80835  0.75458  0.00000  0.00000  0.99985  0.99888
3.680000000e+00  0.00000  1.00000  0.93394  0.35665  0.00000  0.00000  0.99985  0.99871
3.690000000e+00  0.00000  1.00000  0.96900  0.49859  0.00000  0.00000  0.99985  0.99844
3.700000000e+00  0.00000  1.00000  0.97986  0.74082  0.00000  0.00000  0.99985  0.99824
3.710000000e+00  0.00000  1.00000  0.98905  0.89413  0.00000  0.00000  0.99985  0.99650
3.720000000e+00  0.00000  1.00000  0.97958  0.66956  0.00000  0.00000  0.99985  0.99538
3.730000000e+00  0.00000  1.00000  0.97830  0.81840  0.00000  0.00000  0.99986  0.99489
3.740000000e+00  0.00000  1.00000  0.97758  0.67716  0.00000  0.00000  0.99986  0.99432
3.750000000e+00  0.00000  1.00000  0.94073  0.77577  0.00000  0.00000  0.99986  0.99356
3.760000000e+00  0.00000  1.00000  0.84627  0.72690  0.00000  0.00000  0.99986  0.99273
3.770000000e+00  0.00000  1.00000  0.72245  0.66794  0.00000  0.00000  0.99986  0.99178
3.780000000e+00  0.00000  1.00000  0.55014  0.68955  0.00000  0.00000  0.99986  0.99055
3.790000000e+00  0.00000  1.00000  0.37729  0.74787  0.00000  0.00000  0.99986  0.98903
3.800000000e+00  0.00000  1.00000  0.14986  0.69339  0.00000  0.00000  0.99987  0.98741
3.810000000e+00  0.00000  1.00000  0.04082  0.86362  0.00000  0.00000  0.99987  0.98547
3.820000000e+00  0.00000  1.00000  0.06409  0.65997  0.00000  0.00000  0.99987  0.98338
3.830000000e+00  0.00000  1.00000  0.26242  0.84571  0.00000  0.00000  0.99987  0.98100
3.840000000e+00  0.00000  1.00000  0.12959  0.72147  0.00000  0.00000  0.99987  0.97822
3.850000000e+00  0.00000  1.00000  0.06742  0.85438  0.00000  0.00000  0.99987  0.97500
3.860000000e+00  0.00000  1.00000  0.12193  0.82515  0.00000  0.00000  0.99987  0.97133
3.870000000e+00  0.00000  1.00000  0.29112  0.86953  0.00000  0.00000  0.99987  0.96727
3.880000000e+00  0.00000  1.00000  0.53722  0.86449  0.00000  0.00000  0.99988  0.96265
3.890000000e+00  0.00000  1.00000  0.75671  0.89574  0.00000  0.00000  0.99988  0.95730
3.900000000e+00  0.00000  1.00000  0.90402  0.93216  0.00000  0.00000  0.99988  0.95127
3.910000000e+00  0.00000  1.00000  0.95990  0.88271  0.00000  0.00000  0.99988  0.94445
3.920000000e+00  0.00000  1.00000  0.96446  0.97326  0.00000  0.00000  0.99988  0.93644
3.930000000e+00  0.00000  1.00000  0.92710  0.94213  0.00000  0.00000  0.99988  0.92729
3.940000000e+00  0.00000  1.00000  0.84461  0.97468  0.00000  0.00000  0.99988  0.91669
3.950000000e+00  0.00000  1.00000  0.71942  0.97835  0.00000  0.00000  0.99988  0.90475
3.960000000e+00  0.00000  1.00000  0.50380  0.96434  0.00000  0.00000  0.99989  0.89060
3.970000000e+00  0.00000  1.00000  0.33286  0.99002  0.00000  0.00000  0.99989  0.87445
3.980000000e+00  0.00000  1.00000  0.18200  0.97789  0.00000  0.00000  0.99989  0.85647
3.990000000e+00  0.00000  1.00000  0.13255  0.99302  0.00000  0.00000  0.99989  0.83589
4.000000000e+00  0.00000  1.00000  0.30963  0.99050  0.00000  0.00000  0.99989  0.81227
4.010000000e+00  0.00000  1.00000  0.38241  0.99044  0.00000  0.00000  0.99989  0.78644
4.020000000e+00  0.00000  1.00000  0.17120  0.99741  0.00000  0.00000  0.99989  0.75834
4.030000000e+00  0.00000  1.00000  0.14929  0.99060  0.00000  0.00000  0.99989  0.72855
4.040000000e+00  0.00000  1.00000  0.20749  0.99518  0.00000  0.00000  0.99989  0.69717
4.050000000e+00  0.00000  1.00000  0.34657  0.99561  0.00000  0.00000  0.99990  0.66395
4.060000000e+00  0.00000  1.00000  0.51652  0.99462  0.00000  0.00000  0.99990  0.63055
4.070000000e+00  0.00000  1.00000  0.57064  0.99437  0.00000  0.00000  0.99990  0.59699
4.080000000e+00  0.00000  1.00000  0.28007  0.99731  0.00000  0.00000  0.99990  0.56511
4.090000000e+00  0.00000  1.00000  0.08679  0.99708  0.00000  0.00000  0.99990  0.53530
4.100000000e+00  0.00000  1.00000  0.03868  0.99742  0.00000  0.00000  0.99990  0.50748
4.110000000e+00  0.00000  1.00000  0.04965  0.99067  0.00000  0.00000  0.99990  0.48256
4.120000000e+00  0.00000  1.00000  0.21152  0.99744  0.00000  0.00000  0.99990  0.46122
4.130000000e+00  0.00000  1.00000  0.26116  0.99366  0.00000  0.00000  0.99990  0.44338
4.140000000e+00  0.00000  1.00000  0.11607  0.99578  0.00000  0.00000  0.99990  0.42927
4.150000000e+00  0.00000  1.00000  0.04869  0.99866  0.00000  0.00000  0.99991  0.41873
4.160000000e+00  0.00000  1.00000  0.00022  0.99281  0.00000  0.00000  0.99991  0.41212
4.170000000e+00  0.00000  1.00000  0.00000  0.99571  0.00000  0.00000  0.99991  0.40833
4.180000000e+00  0.00000  1.00000  0.00000  0.99490  0.00000  0.00000  0.99991  0.40941
4.190000000e+00  0.00000  1.00000  0.00000  0.99494  0.00000  0.00000  0.99991  0.41137
4.200000000e+00  0.00000  1.00000  0.00000  0.99427  0.00000  0.00000  0.99991  0.41653
4.210000000e+00  0.00000  1.00000  0.00000  0.99114  0.00000  0.00000  0.99991  0.41970
4.220000000e+00  0.00000  1.00000  0.00000  0.99157  0.00000  0.00000  0.99991  0.42058
4.230000000e+00  0.00000  1.00000  0.00000  0.99070  0.00000  0.00000  0.99991  0.41798
4.240000000e+00  0.00000  1.00000  0.00000  0.99299  0.00000  0.00000  0.99991  0.41000
4.250000000e+00  0.00000  1.00000  0.00000  0.98261  0.00000  0.00000  0.99991  0.39492
4.260000000e+00  0.00000  1.00000  0.00000  0.97831  0.00000  0.00000  0.99991  0.36617
4.270000000e+00  0.00000  1.00000  0.00000  0.99243  0.00000  0.00000  0.99992  0.32320
4.280000000e+00  0.00000  1.00000  0.00000  0.96905  0.00000  0.00000  0.99992  0.29340
4.290000000e+00  0.00000  1.00000  0.00000  0.96417  0.00000  0.00000  0.99992  0.27523
4.300000000e+00  0.00000  1.00000  0.00000  0.95955  0.00000  0.00000  0.99992  0.27987
4.310000000e+00  0.00000  1.00000  0.00000  0.93166  0.00000  0.00000  0.99992  0.30758
4.320000000e+00  0.00000  1.00000  0.00000  0.94466  0.00000  0.00000  0.99992  0.34777
4.330000000e+00  0.00000  1.00000  0.00000  0.94308  0.00000  0.00000  0.99992  0.40248
4.340000000e+00  0.00000  1.00000  0.00000  0.93176  0.00000  0.00000  0.99992  0.44828
4.350000000e+00  0.00000  1.00000  0.00000  0.92604  0.00000  0.00000  0.99992  0.48289
4.360000000e+00  0.00000  1.00000  0.00000  0.90172  0.00000  0.00000  0.99992  0.50785
4.370000000e+00  0.00000  1.00000  0.00000  0.80636  0.00000  0.00000  0.99992  0.52579
4.380000000e+00  0.00000  1.00000  0.00000  0.93087  0.00000  0.00000  0.99992  0.53923
4.390000000e+00  0.00000  1.00000  0.00000  0.90345  0.00000  0.00000  0.99992  0.55145
4.400000000e+00  0.00000  1.00000  0.00000  0.85747  0.00000  0.00000  0.99992  0.56011
4.410000000e+00  0.00000  1.00000  0.00000  0.73018  0.00000  0.00000  0.99993  0.57136
4.420000000e+00  0.00000  1.00000  0.00000  0.95317  0.00000  0.00000  0.99993  0.58219
4.430000000e+00  0.00000  1.00000  0.00000  0.83965  0.00000  0.00000  0.99993  0.59486
4.440000000e+00  0.00000  1.00000  0.00000  0.66997  0.00000  0.00000  0.99993  0.60842
4.450000000e+00  0.00000  1.00000  0.00000  0.73881  0.00000  0.00000  0.99993  0.62429
4.460000000e+00  0.00000  1.00000  0.00000  0.76997  0.00000  0.00000  0.99993  0.64009
4.470000000e+00  0.00000  1.00000  0.00000  0.79220  0.00000  0.00000  0.99993  0.65927
4.480000000e+00  0.00000  1.00000  0.00000  0.76568  0.00000  0.00000  0.99993  0.67735
4.490000000e+00  0.00000  1.00000  0.00000  0.81501  0.00000  0.00000  0.99993  0.69813
4.500000000e+00  0.00000  1.00000  0.00000  0.84145  0.00000  0.00000  0.99993  0.71733
4.510000000e+00  0.00000  1.00000  0.00000  0.83220  0.00000  0.00000  0.99993  0.73826
4.520000000e+00  0.00000  1.00000  0.00000  0.75459  0.00000  0.00000  0.99993  0.75863
4.530000000e+00  0.00000  1.00000  0.00000  0.62026  0.00000  0.00000  0.99993  0.77848
4.540000000e+00  0.00000  1.00000  0.00002  0.59973  0.00000  0.00000  0.99993  0.79792
4.550000000e+00  0.00000  1.00000  0.00023  0.79204  0.00000  0.00000  0.99993  0.81660
4.560000000e+00  0.00000  1.00000  0.00478  0.88957  0.00000  0.00000  0.99993  0.83441
4.570000000e+00  0.00000  1.00000  0.03341  0.77903  0.00000  0.00000  0.99994  0.85052
4.580000000e+00  0.00000  1.00000  0.11503  0.67352  0.00000  0.00000  0.99994  0.86621
4.590000000e+00  0.00000  1.00000  0.16692  0.74259  0.00000  0.00000  0.99994  0.88045
4.600000000e+00  0.00000  1.00000  0.24545  0.78221  0.00000  0.00000  0.99994  0.89357
4.610000000e+00  0.00000  1.00000  0.30510  0.82153  0.00000  0.00000  0.99994  0.90560
4.620000000e+00  0.00000  1.00000  0.25284  0.77074  0.00000  0.00000  0.99994  0.91657
4.630000000e+00  0.00000  1.00000  0.11376  0.56593  0.00000  0.00000  0.99994  0.92647
4.640000000e+00  0.00000  1.00000  0.08741  0.57373  0.00000  0.00000  0.99994  0.93537
4.650000000e+00  0.00000  1.00000  0.07124  0.58849  0.00000  0.00000  0.99994  0.94338
4.660000000e+00  0.00000  1.00000  0.07170  0.52260  0.00000  0.00000  0.99994  0.95054
4.670000000e+00  0.00000  1.00000  0.07860  0.45080  0.00000  0.00000  0.99994  0.95661
4.680000000e+00  0.00000  1.00000  0.02814  0.45939  0.00000  0.00000  0.99994  0.96146
4.690000000e+00  0.00000  1.00000  0.01233  0.18655  0.00000  0.00000  0.99994  0.96656
4.700000000e+00  0.00000  1.00000  0.00141  0.84111  0.00000  0.00000  0.99994  0.97068
4.710000000e+00  0.00000  1.00000  0.00004  0.73291  0.00000  0.00000  0.99994  0.97415
4.720000000e+00  0.00000  1.00000  0.00002  0.39430  0.00000  0.00000  0.99994  0.97742
4.730000000e+00  0.00000  1.00000  0.00000  0.54579  0.00000  0.00000  0.99994  0.97987
4.740000000e+00  0.00000  1.00000  0.00000  0.38766  0.00000  0.00000  0.99994  0.98270
4.750000000e+00  0.00000  1.00000  0.00000  0.62277  0.00000  0.00000  0.99994  0.98488
4.760000000e+00  0.00000  1.00000  0.00000  0.50846  0.00000  0.00000  0.99994  0.98685
4.770000000e+00  0.00000  1.00000  0.00000  0.51873  0.00000  0.00000  0.99995  0.98856
4.780000000e+00  0.00000  1.00000  0.00000  0.37945  0.00000  0.00000  0.99995  0.98929
4.790000000e+00  0.00000  1.00000  0.00000  0.21547  0.00000  0.00000  0.99995  0.99064
4.800000000e+00  0.00000  1.00000  0.00000  0.26557  0.00000  0.00000  0.99995  0.99251
4.810000000e+00  0.00000  1.00000  0.00000  0.42140  0.00000  0.00000  0.99995  0.99367
4.820000000e+00  0.00000  1.00000  0.00000  0.36042  0.00000  0.00000  0.99995  0.99448
4.830000000e+00  0.00000  1.00000  0.00000  0.20489  0.00000  0.00000  0.99995  0.99544
4.840000000e+00  0.00000  1.00000  0.00000  0.39595  0.00000  0.00000  0.99995  0.99257
4.850000000e+00  0.00000  1.00000  0.00000  0.10203  0.00000  0.00000  0.99995  0.99518
4.860000000e+00  0.00000  1.00000  0.00000  0.05790  0.00000  0.00000  0.99995  0.99708
4.870000000e+00  0.00000  1.00000  0.00000  0.53987  0.00000  0.00000  0.99995  0.99761
4.880000000e+00  0.00000  1.00000  0.00000  0.53560  0.00000  0.00000  0.99995  0.99787
4.890000000e+00  0.00000  1.00000  0.00000  0.46915  0.00000  0.00000  0.99995  0.99751
4.900000000e+00  0.00000  1.00000  0.00000  0.05763  0.00000  0.00000  0.99995  0.99540
4.910000000e+00  0.00000  1.00000  0.00000  0.03040  0.00000  0.00000  0.99995  0.99822
4.920000000e+00  0.00000  1.00000  0.00000  0.21796  0.00000  0.00000  0.99995  0.99855
4.930000000e+00  0.00000  1.00000  0.00000  0.45125  0.00000  0.00000  0.99995  0.99868
4.940000000e+00  0.00000  1.00000  0.00012  0.21700  0.00000  0.00000  0.99995  0.99868
4.950000000e+00  0.00000  1.00000  0.00056  0.04823  0.00000  0.00000  0.99995  0.99695
4.960000000e+00  0.00000  1.00000  0.00132  0.01239  0.00000  0.00000  0.99995  0.98941
4.970000000e+00  0.00000  1.00000  0.01095  0.00516  0.00000  0.00000  0.99995  0.99899
4.980000000e+00  0.00000  1.00000  0.03229  0.11078  0.00000  0.00000  0.99995  0.99906
4.990000000e+00  0.00000  1.00000  0.08243  0.02747  0.00000  0.00000  0.99995  0.99927
5.000000000e+00  0.00000  1.00000  0.07542  0.20868  0.00000  0.00000  0.99995  0.99929
