# ------------------------------------------------------------------------
# NASA-GSFC Planetary Spectrum Generator (PSG, Villanueva et al. 2015)
# Atmospheric transmittance spectrum synthesized with PUMAS (Villanueva et al. 2016, Smith et al. 2009, Edwards 1992)
# Synthesized on Tue Nov 21 15:09:14 2017
# Molecular abundance profile: 
# Molecules considered: N2,CO2,H2O
# Molecular sources: HIT[22],HIT[2],HIT[1]
# Molecular abundances: 1,1,1
# Molecular abundance units: scl,scl,scl
# Collission-Induced-Absorption:  N2-N2(3.71-5.00um)
# Rayleigh scattering included
# ------------------------------------------------------------------------
# Aerosols considered: WaterIce,Cloud
# Aerosols sources: CRISM_Wolff[reff=2.0um 0.31-99.57um],White_GSFC[reff=1.0um 0.10-1000000.00um]
# Aerosols opacities: 1,1
# Aerosols opacity units: scl,scl
# ------------------------------------------------------------------------
# Spectral unit: Wavelength [um]
# Wave/freq Total N2 CO2 H2O WaterIce Cloud Rayleigh CIA
1.000000000e+00  0.00000  1.00000  0.99996  0.97827  0.00000  0.00000  0.97238  1.00000
1.010000000e+00  0.00000  1.00000  0.99999  0.97047  0.00000  0.00000  0.97344  1.00000
1.020000000e+00  0.00000  1.00000  1.00000  0.98622  0.00000  0.00000  0.97446  1.00000
1.030000000e+00  0.00000  1.00000  0.99999  0.98837  0.00000  0.00000  0.97542  1.00000
1.040000000e+00  0.00000  1.00000  0.79555  0.99864  0.00000  0.00000  0.97634  1.00000
1.050000000e+00  0.00000  1.00000  0.98654  0.99948  0.00000  0.00000  0.97722  1.00000
1.060000000e+00  0.00000  1.00000  0.96712  0.99848  0.00000  0.00000  0.97806  1.00000
1.070000000e+00  0.00000  1.00000  0.94030  0.98928  0.00000  0.00000  0.97886  1.00000
1.080000000e+00  0.00000  1.00000  0.99394  0.94688  0.00000  0.00000  0.97962  1.00000
1.090000000e+00  0.00000  1.00000  0.99963  0.89837  0.00000  0.00000  0.98035  1.00000
1.100000000e+00  0.00000  1.00000  0.99828  0.78633  0.00000  0.00000  0.98105  1.00000
1.110000000e+00  0.00000  1.00000  1.00000  0.53465  0.00000  0.00000  0.98172  1.00000
1.120000000e+00  0.00000  1.00000  0.97616  0.09749  0.00000  0.00000  0.98236  1.00000
1.130000000e+00  0.00000  1.00000  0.99656  0.02939  0.00000  0.00000  0.98297  1.00000
1.140000000e+00  0.00000  1.00000  0.99261  0.21573  0.00000  0.00000  0.98355  1.00000
1.150000000e+00  0.00000  1.00000  0.99779  0.10973  0.00000  0.00000  0.98411  1.00000
1.160000000e+00  0.00000  1.00000  0.99754  0.34514  0.00000  0.00000  0.98465  1.00000
1.170000000e+00  0.00000  1.00000  0.99992  0.60953  0.00000  0.00000  0.98516  1.00000
1.180000000e+00  0.00000  1.00000  0.99951  0.73969  0.00000  0.00000  0.98566  1.00000
1.190000000e+00  0.00000  1.00000  0.99995  0.68403  0.00000  0.00000  0.98613  1.00000
1.200000000e+00  0.00000  1.00000  0.99982  0.70785  0.00000  0.00000  0.98658  1.00000
1.210000000e+00  0.00000  1.00000  0.08455  0.81281  0.00000  0.00000  0.98702  1.00000
1.220000000e+00  0.00000  1.00000  0.56841  0.87236  0.00000  0.00000  0.98744  1.00000
1.230000000e+00  0.00000  1.00000  0.39308  0.90592  0.00000  0.00000  0.98784  1.00000
1.240000000e+00  0.00000  1.00000  0.83898  0.98485  0.00000  0.00000  0.98822  1.00000
1.250000000e+00  0.00000  1.00000  0.98869  0.99727  0.00000  0.00000  0.98859  1.00000
1.260000000e+00  0.00000  1.00000  0.95778  0.99735  0.00000  0.00000  0.98895  1.00000
1.270000000e+00  0.00000  1.00000  0.95949  0.99184  0.00000  0.00000  0.98929  1.00000
1.280000000e+00  0.00000  1.00000  0.99903  0.98141  0.00000  0.00000  0.98962  1.00000
1.290000000e+00  0.00000  1.00000  0.88191  0.95024  0.00000  0.00000  0.98994  1.00000
1.300000000e+00  0.00000  1.00000  0.82838  0.86252  0.00000  0.00000  0.99024  1.00000
1.310000000e+00  0.00000  1.00000  0.99209  0.75708  0.00000  0.00000  0.99053  1.00000
1.320000000e+00  0.00000  1.00000  0.41408  0.59566  0.00000  0.00000  0.99082  1.00000
1.330000000e+00  0.00000  1.00000  0.96828  0.45332  0.00000  0.00000  0.99109  1.00000
1.340000000e+00  0.00000  1.00000  0.56735  0.30024  0.00000  0.00000  0.99135  1.00000
1.350000000e+00  0.00000  1.00000  0.85237  0.02796  0.00000  0.00000  0.99160  1.00000
1.360000000e+00  0.00000  1.00000  0.98779  0.00000  0.00000  0.00000  0.99185  1.00000
1.370000000e+00  0.00000  1.00000  0.96989  0.00000  0.00000  0.00000  0.99208  1.00000
1.380000000e+00  0.00000  1.00000  0.96135  0.00002  0.00000  0.00000  0.99231  1.00000
1.390000000e+00  0.00000  1.00000  0.99287  0.00000  0.00000  0.00000  0.99252  1.00000
1.400000000e+00  0.00000  1.00000  0.99612  0.00008  0.00000  0.00000  0.99274  1.00000
1.410000000e+00  0.00000  1.00000  0.99980  0.00001  0.00000  0.00000  0.99294  1.00000
1.420000000e+00  0.00000  1.00000  0.99942  0.00440  0.00000  0.00000  0.99313  1.00000
1.430000000e+00  0.00000  1.00000  0.68397  0.01084  0.00000  0.00000  0.99332  1.00000
1.440000000e+00  0.00000  1.00000  0.00000  0.01185  0.00000  0.00000  0.99351  1.00000
1.450000000e+00  0.00000  1.00000  0.01279  0.05309  0.00000  0.00000  0.99368  1.00000
1.460000000e+00  0.00000  1.00000  0.64213  0.16417  0.00000  0.00000  0.99385  1.00000
1.470000000e+00  0.00000  1.00000  0.97487  0.05850  0.00000  0.00000  0.99402  1.00000
1.480000000e+00  0.00000  1.00000  0.41134  0.12932  0.00000  0.00000  0.99418  1.00000
1.490000000e+00  0.00000  1.00000  0.74915  0.13144  0.00000  0.00000  0.99433  1.00000
1.500000000e+00  0.00000  1.00000  0.55684  0.47622  0.00000  0.00000  0.99448  1.00000
1.510000000e+00  0.00000  1.00000  0.98153  0.61360  0.00000  0.00000  0.99463  1.00000
1.520000000e+00  0.00000  1.00000  0.98654  0.77982  0.00000  0.00000  0.99477  1.00000
1.530000000e+00  0.00000  1.00000  0.32481  0.85561  0.00000  0.00000  0.99490  1.00000
1.540000000e+00  0.00000  1.00000  0.13377  0.94947  0.00000  0.00000  0.99503  1.00000
1.550000000e+00  0.00000  1.00000  0.64962  0.97345  0.00000  0.00000  0.99516  1.00000
1.560000000e+00  0.00000  1.00000  0.93869  0.99282  0.00000  0.00000  0.99528  1.00000
1.570000000e+00  0.00000  1.00000  0.30769  0.98587  0.00000  0.00000  0.99540  1.00000
1.580000000e+00  0.00000  1.00000  0.00019  0.98871  0.00000  0.00000  0.99551  1.00000
1.590000000e+00  0.00000  1.00000  0.34143  0.98963  0.00000  0.00000  0.99563  1.00000
1.600000000e+00  0.00000  1.00000  0.21548  0.98407  0.00000  0.00000  0.99573  1.00000
1.610000000e+00  0.00000  1.00000  0.00208  0.99420  0.00000  0.00000  0.99584  1.00000
1.620000000e+00  0.00000  1.00000  0.01860  0.99419  0.00000  0.00000  0.99594  1.00000
1.630000000e+00  0.00000  1.00000  0.39562  0.99809  0.00000  0.00000  0.99604  1.00000
1.640000000e+00  0.00000  1.00000  0.30683  0.99399  0.00000  0.00000  0.99613  1.00000
1.650000000e+00  0.00000  1.00000  0.23026  0.98373  0.00000  0.00000  0.99623  1.00000
1.660000000e+00  0.00000  1.00000  0.39260  0.98199  0.00000  0.00000  0.99632  1.00000
1.670000000e+00  0.00000  1.00000  0.56293  0.98282  0.00000  0.00000  0.99640  1.00000
1.680000000e+00  0.00000  1.00000  0.80094  0.97353  0.00000  0.00000  0.99649  1.00000
1.690000000e+00  0.00000  1.00000  0.93772  0.97801  0.00000  0.00000  0.99657  1.00000
1.700000000e+00  0.00000  1.00000  0.98480  0.91539  0.00000  0.00000  0.99665  1.00000
1.710000000e+00  0.00000  1.00000  0.92832  0.91762  0.00000  0.00000  0.99673  1.00000
1.720000000e+00  0.00000  1.00000  0.96319  0.93012  0.00000  0.00000  0.99680  1.00000
1.730000000e+00  0.00000  1.00000  0.99267  0.88801  0.00000  0.00000  0.99688  1.00000
1.740000000e+00  0.00000  1.00000  0.99938  0.78916  0.00000  0.00000  0.99695  1.00000
1.750000000e+00  0.00000  1.00000  0.99894  0.72361  0.00000  0.00000  0.99702  1.00000
1.760000000e+00  0.00000  1.00000  0.89873  0.74069  0.00000  0.00000  0.99708  1.00000
1.770000000e+00  0.00000  1.00000  0.95902  0.58565  0.00000  0.00000  0.99715  1.00000
1.780000000e+00  0.00000  1.00000  0.99531  0.42263  0.00000  0.00000  0.99721  1.00000
1.790000000e+00  0.00000  1.00000  0.88446  0.26687  0.00000  0.00000  0.99727  1.00000
1.800000000e+00  0.00000  1.00000  0.95116  0.13642  0.00000  0.00000  0.99733  1.00000
1.810000000e+00  0.00000  1.00000  0.98791  0.02305  0.00000  0.00000  0.99739  1.00000
1.820000000e+00  0.00000  1.00000  0.99575  0.00214  0.00000  0.00000  0.99745  1.00000
1.830000000e+00  0.00000  1.00000  0.99930  0.00004  0.00000  0.00000  0.99750  1.00000
1.840000000e+00  0.00000  1.00000  0.99973  0.00000  0.00000  0.00000  0.99756  1.00000
1.850000000e+00  0.00000  1.00000  0.99759  0.00000  0.00000  0.00000  0.99761  1.00000
1.860000000e+00  0.00000  1.00000  0.99712  0.00000  0.00000  0.00000  0.99766  1.00000
1.870000000e+00  0.00000  1.00000  0.97883  0.00000  0.00000  0.00000  0.99771  1.00000
1.880000000e+00  0.00000  1.00000  0.10550  0.00000  0.00000  0.00000  0.99776  1.00000
1.890000000e+00  0.00000  1.00000  0.12383  0.00002  0.00000  0.00000  0.99781  1.00000
1.900000000e+00  0.00000  1.00000  0.51843  0.00008  0.00000  0.00000  0.99785  1.00000
1.910000000e+00  0.00000  1.00000  0.64823  0.00000  0.00000  0.00000  0.99790  1.00000
1.920000000e+00  0.00000  1.00000  0.86436  0.00003  0.00000  0.00000  0.99794  1.00000
1.930000000e+00  0.00000  1.00000  0.84378  0.00010  0.00000  0.00000  0.99798  1.00000
1.940000000e+00  0.00000  1.00000  0.19827  0.00155  0.00000  0.00000  0.99802  1.00000
1.950000000e+00  0.00000  1.00000  0.00000  0.01403  0.00000  0.00000  0.99806  1.00000
1.960000000e+00  0.00000  1.00000  0.00000  0.03651  0.00000  0.00000  0.99810  1.00000
1.970000000e+00  0.00000  1.00000  0.00000  0.29082  0.00000  0.00000  0.99814  1.00000
1.980000000e+00  0.00000  1.00000  0.00000  0.42002  0.00000  0.00000  0.99818  1.00000
1.990000000e+00  0.00000  1.00000  0.00415  0.48007  0.00000  0.00000  0.99821  1.00000
2.000000000e+00  0.00000  1.00000  0.00000  0.60527  0.00000  0.00000  0.99825  1.00000
2.010000000e+00  0.00000  1.00000  0.00000  0.50809  0.00000  0.00000  0.99828  1.00000
2.020000000e+00  0.00000  1.00000  0.00000  0.65310  0.00000  0.00000  0.99832  1.00000
2.030000000e+00  0.00000  1.00000  0.00000  0.84226  0.00000  0.00000  0.99835  1.00000
2.040000000e+00  0.00000  1.00000  0.00000  0.86716  0.00000  0.00000  0.99838  1.00000
2.050000000e+00  0.00000  1.00000  0.00000  0.94049  0.00000  0.00000  0.99841  1.00000
2.060000000e+00  0.00000  1.00000  0.00000  0.87367  0.00000  0.00000  0.99844  1.00000
2.070000000e+00  0.00000  1.00000  0.00000  0.89855  0.00000  0.00000  0.99847  1.00000
2.080000000e+00  0.00000  1.00000  0.00000  0.93312  0.00000  0.00000  0.99850  1.00000
2.090000000e+00  0.00000  1.00000  0.00000  0.93045  0.00000  0.00000  0.99853  1.00000
2.100000000e+00  0.00000  1.00000  0.00004  0.95935  0.00000  0.00000  0.99856  1.00000
2.110000000e+00  0.00000  1.00000  0.01961  0.96757  0.00000  0.00000  0.99859  1.00000
2.120000000e+00  0.00000  1.00000  0.06840  0.91212  0.00000  0.00000  0.99861  1.00000
2.130000000e+00  0.00000  1.00000  0.44342  0.87401  0.00000  0.00000  0.99864  1.00000
2.140000000e+00  0.00000  1.00000  0.63557  0.97170  0.00000  0.00000  0.99866  1.00000
2.150000000e+00  0.00000  1.00000  0.27570  0.98700  0.00000  0.00000  0.99869  1.00000
2.160000000e+00  0.00000  1.00000  0.34310  0.94803  0.00000  0.00000  0.99871  1.00000
2.170000000e+00  0.00000  1.00000  0.22750  0.88624  0.00000  0.00000  0.99874  1.00000
2.180000000e+00  0.00000  1.00000  0.54061  0.90856  0.00000  0.00000  0.99876  1.00000
2.190000000e+00  0.00000  1.00000  0.83107  0.80462  0.00000  0.00000  0.99878  1.00000
2.200000000e+00  0.00000  1.00000  0.88691  0.88150  0.00000  0.00000  0.99880  1.00000
2.210000000e+00  0.00000  1.00000  0.96478  0.91573  0.00000  0.00000  0.99883  1.00000
2.220000000e+00  0.00000  1.00000  0.95031  0.93603  0.00000  0.00000  0.99885  1.00000
2.230000000e+00  0.00000  1.00000  0.95399  0.95818  0.00000  0.00000  0.99887  1.00000
2.240000000e+00  0.00000  1.00000  0.98693  0.98054  0.00000  0.00000  0.99889  1.00000
2.250000000e+00  0.00000  1.00000  0.97821  0.98453  0.00000  0.00000  0.99891  1.00000
2.260000000e+00  0.00000  1.00000  0.94800  0.99398  0.00000  0.00000  0.99893  1.00000
2.270000000e+00  0.00000  1.00000  0.98749  0.98750  0.00000  0.00000  0.99894  1.00000
2.280000000e+00  0.00000  1.00000  0.97361  0.99775  0.00000  0.00000  0.99896  1.00000
2.290000000e+00  0.00000  1.00000  0.99198  0.98807  0.00000  0.00000  0.99898  1.00000
2.300000000e+00  0.00000  1.00000  0.99602  0.92688  0.00000  0.00000  0.99900  1.00000
2.310000000e+00  0.00000  1.00000  0.99747  0.97722  0.00000  0.00000  0.99902  1.00000
2.320000000e+00  0.00000  1.00000  0.99906  0.94250  0.00000  0.00000  0.99903  1.00000
2.330000000e+00  0.00000  1.00000  0.99989  0.93567  0.00000  0.00000  0.99905  1.00000
2.340000000e+00  0.00000  1.00000  0.99990  0.94825  0.00000  0.00000  0.99907  1.00000
2.350000000e+00  0.00000  1.00000  0.99987  0.86541  0.00000  0.00000  0.99908  1.00000
2.360000000e+00  0.00000  1.00000  0.99967  0.73932  0.00000  0.00000  0.99910  1.00000
2.370000000e+00  0.00000  1.00000  0.99823  0.76514  0.00000  0.00000  0.99911  1.00000
2.380000000e+00  0.00000  1.00000  0.99714  0.58605  0.00000  0.00000  0.99913  1.00000
2.390000000e+00  0.00000  1.00000  0.99066  0.48804  0.00000  0.00000  0.99914  1.00000
2.400000000e+00  0.00000  1.00000  0.98870  0.57052  0.00000  0.00000  0.99916  1.00000
2.410000000e+00  0.00000  1.00000  0.98691  0.40104  0.00000  0.00000  0.99917  1.00000
2.420000000e+00  0.00000  1.00000  0.99685  0.21301  0.00000  0.00000  0.99918  1.00000
2.430000000e+00  0.00000  1.00000  0.99991  0.41663  0.00000  0.00000  0.99920  1.00000
2.440000000e+00  0.00000  1.00000  0.99986  0.10657  0.00000  0.00000  0.99921  1.00000
2.450000000e+00  0.00000  1.00000  0.99965  0.17969  0.00000  0.00000  0.99922  1.00000
2.460000000e+00  0.00000  1.00000  0.99948  0.28195  0.00000  0.00000  0.99923  1.00000
2.470000000e+00  0.00000  1.00000  0.99262  0.24437  0.00000  0.00000  0.99925  1.00000
2.480000000e+00  0.00000  1.00000  0.97008  0.13014  0.00000  0.00000  0.99926  1.00000
2.490000000e+00  0.00000  1.00000  0.32391  0.01094  0.00000  0.00000  0.99927  1.00000
2.500000000e+00  0.00000  1.00000  0.73622  0.00809  0.00000  0.00000  0.99928  1.00000
2.510000000e+00  0.00000  1.00000  0.70597  0.00264  0.00000  0.00000  0.99929  1.00000
2.520000000e+00  0.00000  1.00000  0.68276  0.00113  0.00000  0.00000  0.99930  1.00000
2.530000000e+00  0.00000  1.00000  0.83961  0.00000  0.00000  0.00000  0.99932  1.00000
2.540000000e+00  0.00000  1.00000  0.90304  0.00000  0.00000  0.00000  0.99933  1.00000
2.550000000e+00  0.00000  1.00000  0.97571  0.00000  0.00000  0.00000  0.99934  1.00000
2.560000000e+00  0.00000  1.00000  0.94456  0.00000  0.00000  0.00000  0.99935  1.00000
2.570000000e+00  0.00000  1.00000  0.96760  0.00000  0.00000  0.00000  0.99936  1.00000
2.580000000e+00  0.00000  1.00000  0.79156  0.00000  0.00000  0.00000  0.99937  1.00000
2.590000000e+00  0.00000  1.00000  0.54485  0.00000  0.00000  0.00000  0.99938  1.00000
2.600000000e+00  0.00000  1.00000  0.64933  0.00000  0.00000  0.00000  0.99939  1.00000
2.610000000e+00  0.00000  1.00000  0.18826  0.00000  0.00000  0.00000  0.99940  1.00000
2.620000000e+00  0.00000  1.00000  0.07258  0.00000  0.00000  0.00000  0.99940  1.00000
2.630000000e+00  0.00000  1.00000  0.25053  0.00000  0.00000  0.00000  0.99941  1.00000
2.640000000e+00  0.00000  1.00000  0.21340  0.00000  0.00000  0.00000  0.99942  1.00000
2.650000000e+00  0.00000  1.00000  0.38012  0.00000  0.00000  0.00000  0.99943  1.00000
2.660000000e+00  0.00000  1.00000  0.00069  0.00000  0.00000  0.00000  0.99944  1.00000
2.670000000e+00  0.00000  1.00000  0.00000  0.00000  0.00000  0.00000  0.99945  1.00000
2.680000000e+00  0.00000  1.00000  0.00000  0.00000  0.00000  0.00000  0.99946  1.00000
2.690000000e+00  0.00000  1.00000  0.00000  0.00000  0.00000  0.00000  0.99946  1.00000
2.700000000e+00  0.00000  1.00000  0.00000  0.00000  0.00000  0.00000  0.99947  1.00000
2.710000000e+00  0.00000  1.00000  0.00000  0.00000  0.00000  0.00000  0.99948  1.00000
2.720000000e+00  0.00000  1.00000  0.00000  0.00000  0.00000  0.00000  0.99949  1.00000
2.730000000e+00  0.00000  1.00000  0.00000  0.00000  0.00000  0.00000  0.99949  1.00000
2.740000000e+00  0.00000  1.00000  0.00000  0.00000  0.00000  0.00000  0.99950  1.00000
2.750000000e+00  0.00000  1.00000  0.00000  0.00000  0.00000  0.00000  0.99951  1.00000
2.760000000e+00  0.00000  1.00000  0.00000  0.00000  0.00000  0.00000  0.99952  1.00000
2.770000000e+00  0.00000  1.00000  0.00000  0.00000  0.00000  0.00000  0.99952  1.00000
2.780000000e+00  0.00000  1.00000  0.00000  0.00000  0.00000  0.00000  0.99953  1.00000
2.790000000e+00  0.00000  1.00000  0.00000  0.00000  0.00000  0.00000  0.99954  1.00000
2.800000000e+00  0.00000  1.00000  0.00000  0.00000  0.00001  0.00000  0.99954  1.00000
2.810000000e+00  0.00000  1.00000  0.00000  0.00000  0.00000  0.00000  0.99955  1.00000
2.820000000e+00  0.00000  1.00000  0.00000  0.00000  0.00000  0.00000  0.99956  1.00000
2.830000000e+00  0.00000  1.00000  0.00000  0.00000  0.00000  0.00000  0.99956  1.00000
2.840000000e+00  0.00000  1.00000  0.00000  0.00000  0.00000  0.00000  0.99957  1.00000
2.850000000e+00  0.00000  1.00000  0.00000  0.00003  0.00000  0.00000  0.99957  1.00000
2.860000000e+00  0.00000  1.00000  0.00000  0.00000  0.00000  0.00000  0.99958  1.00000
2.870000000e+00  0.00000  1.00000  0.00000  0.00010  0.00000  0.00000  0.99959  1.00000
2.880000000e+00  0.00000  1.00000  0.00000  0.00030  0.00000  0.00000  0.99959  1.00000
2.890000000e+00  0.00000  1.00000  0.00003  0.00022  0.00000  0.00000  0.99960  1.00000
2.900000000e+00  0.00000  1.00000  0.00449  0.00824  0.00000  0.00000  0.99960  1.00000
2.910000000e+00  0.00000  1.00000  0.08618  0.00203  0.00000  0.00000  0.99961  1.00000
2.920000000e+00  0.00000  1.00000  0.35774  0.00350  0.00000  0.00000  0.99961  1.00000
2.930000000e+00  0.00000  1.00000  0.56472  0.01774  0.00000  0.00000  0.99962  1.00000
2.940000000e+00  0.00000  1.00000  0.69149  0.06224  0.00000  0.00000  0.99962  1.00000
2.950000000e+00  0.00000  1.00000  0.82680  0.00278  0.00000  0.00000  0.99963  1.00000
2.960000000e+00  0.00000  1.00000  0.42544  0.02219  0.00000  0.00000  0.99963  1.00000
2.970000000e+00  0.00000  1.00000  0.05277  0.05610  0.00000  0.00000  0.99964  1.00000
2.980000000e+00  0.00000  1.00000  0.00366  0.00014  0.00000  0.00000  0.99964  1.00000
2.990000000e+00  0.00000  1.00000  0.01409  0.07955  0.00000  0.00000  0.99965  1.00000
3.000000000e+00  0.00000  1.00000  0.28539  0.11087  0.00000  0.00000  0.99965  1.00000
3.010000000e+00  0.00000  1.00000  0.30253  0.08925  0.00000  0.00000  0.99966  1.00000
3.020000000e+00  0.00000  1.00000  0.05628  0.06316  0.00000  0.00000  0.99966  1.00000
3.030000000e+00  0.00000  1.00000  0.11569  0.05568  0.00000  0.00000  0.99967  1.00000
3.040000000e+00  0.00000  1.00000  0.31957  0.01285  0.00000  0.00000  0.99967  1.00000
3.050000000e+00  0.00000  1.00000  0.63839  0.01556  0.00000  0.00000  0.99968  1.00000
3.060000000e+00  0.00000  1.00000  0.68909  0.02057  0.00000  0.00000  0.99968  1.00000
3.070000000e+00  0.00000  1.00000  0.83624  0.01257  0.00000  0.00000  0.99968  1.00000
3.080000000e+00  0.00000  1.00000  0.87250  0.04574  0.00000  0.00000  0.99969  1.00000
3.090000000e+00  0.00000  1.00000  0.93173  0.00191  0.00000  0.00000  0.99969  1.00000
3.100000000e+00  0.00000  1.00000  0.89936  0.00160  0.00000  0.00000  0.99970  1.00000
3.110000000e+00  0.00000  1.00000  0.71905  0.01813  0.00000  0.00000  0.99970  1.00000
3.120000000e+00  0.00000  1.00000  0.49170  0.00250  0.00000  0.00000  0.99970  1.00000
3.130000000e+00  0.00000  1.00000  0.39642  0.08365  0.00000  0.00000  0.99971  1.00000
3.140000000e+00  0.00000  1.00000  0.55565  0.19001  0.00000  0.00000  0.99971  1.00000
3.150000000e+00  0.00000  1.00000  0.75912  0.04061  0.00000  0.00000  0.99971  1.00000
3.160000000e+00  0.00000  1.00000  0.60685  0.14078  0.00000  0.00000  0.99972  1.00000
3.170000000e+00  0.00000  1.00000  0.43503  0.69119  0.00000  0.00000  0.99972  1.00000
3.180000000e+00  0.00000  1.00000  0.50082  0.55012  0.00000  0.00000  0.99973  1.00000
3.190000000e+00  0.00000  1.00000  0.67133  0.26604  0.00000  0.00000  0.99973  1.00000
3.200000000e+00  0.00000  1.00000  0.83638  0.06541  0.00000  0.00000  0.99973  1.00000
3.210000000e+00  0.00000  1.00000  0.93554  0.00009  0.00000  0.00000  0.99974  1.00000
3.220000000e+00  0.00000  1.00000  0.91244  0.00046  0.00000  0.00000  0.99974  1.00000
3.230000000e+00  0.00000  1.00000  0.90583  0.00485  0.00000  0.00000  0.99974  1.00000
3.240000000e+00  0.00000  1.00000  0.95110  0.15010  0.00000  0.00000  0.99974  1.00000
3.250000000e+00  0.00000  1.00000  0.98824  0.05786  0.00000  0.00000  0.99975  1.00000
3.260000000e+00  0.00000  1.00000  0.99667  0.34497  0.00000  0.00000  0.99975  1.00000
3.270000000e+00  0.00000  1.00000  0.99628  0.02670  0.00000  0.00000  0.99975  1.00000
3.280000000e+00  0.00000  1.00000  0.99690  0.07504  0.00000  0.00000  0.99976  1.00000
3.290000000e+00  0.00000  1.00000  0.99859  0.33395  0.00000  0.00000  0.99976  1.00000
3.300000000e+00  0.00000  1.00000  0.99938  0.16360  0.00000  0.00000  0.99976  1.00000
3.310000000e+00  0.00000  1.00000  0.99950  0.02837  0.00000  0.00000  0.99977  1.00000
3.320000000e+00  0.00000  1.00000  0.99902  0.23962  0.00000  0.00000  0.99977  1.00000
3.330000000e+00  0.00000  1.00000  0.99378  0.07962  0.00000  0.00000  0.99977  1.00000
3.340000000e+00  0.00000  1.00000  0.97872  0.40679  0.00000  0.00000  0.99977  0.99990
3.350000000e+00  0.00000  1.00000  0.96597  0.15580  0.00000  0.00000  0.99978  0.99986
3.360000000e+00  0.00000  1.00000  0.86122  0.16819  0.00000  0.00000  0.99978  0.99991
3.370000000e+00  0.00000  1.00000  0.96002  0.22113  0.00000  0.00000  0.99978  0.99983
3.380000000e+00  0.00000  1.00000  0.97139  0.34435  0.00000  0.00000  0.99978  0.99994
3.390000000e+00  0.00000  1.00000  0.98471  0.47025  0.00000  0.00000  0.99979  0.99992
3.400000000e+00  0.00000  1.00000  0.99448  0.68949  0.00000  0.00000  0.99979  0.99996
3.410000000e+00  0.00000  1.00000  0.99799  0.52251  0.00000  0.00000  0.99979  0.99997
3.420000000e+00  0.00000  1.00000  0.99932  0.65575  0.00000  0.00000  0.99979  1.00000
3.430000000e+00  0.00000  1.00000  0.99912  0.89177  0.00000  0.00000  0.99980  0.99995
3.440000000e+00  0.00000  1.00000  0.99932  0.79267  0.00000  0.00000  0.99980  0.99992
3.450000000e+00  0.00000  1.00000  0.99657  0.79366  0.00000  0.00000  0.99980  0.99981
3.460000000e+00  0.00000  1.00000  0.99740  0.74386  0.00000  0.00000  0.99980  0.99993
3.470000000e+00  0.00000  1.00000  0.99907  0.87608  0.00000  0.00000  0.99981  0.99984
3.480000000e+00  0.00000  1.00000  0.99935  0.83006  0.00000  0.00000  0.99981  0.99989
3.490000000e+00  0.00000  1.00000  0.99958  0.86583  0.00000  0.00000  0.99981  0.99989
3.500000000e+00  0.00000  1.00000  0.99961  0.83835  0.00000  0.00000  0.99981  0.99994
3.510000000e+00  0.00000  1.00000  0.99932  0.85149  0.00000  0.00000  0.99981  0.99998
3.520000000e+00  0.00000  1.00000  0.99818  0.79279  0.00000  0.00000  0.99982  0.99998
3.530000000e+00  0.00000  1.00000  0.99518  0.75865  0.00000  0.00000  0.99982  0.99996
3.540000000e+00  0.00000  1.00000  0.98922  0.73924  0.00000  0.00000  0.99982  0.99993
3.550000000e+00  0.00000  1.00000  0.97688  0.70418  0.00000  0.00000  0.99982  0.99995
3.560000000e+00  0.00000  1.00000  0.94940  0.59392  0.00000  0.00000  0.99982  0.99978
3.570000000e+00  0.00000  1.00000  0.90774  0.72492  0.00000  0.00000  0.99983  0.99978
3.580000000e+00  0.00000  1.00000  0.87638  0.66679  0.00000  0.00000  0.99983  0.99960
3.590000000e+00  0.00000  1.00000  0.82096  0.75826  0.00000  0.00000  0.99983  0.99959
3.600000000e+00  0.00000  1.00000  0.66984  0.66067  0.00000  0.00000  0.99983  0.99964
3.610000000e+00  0.00000  1.00000  0.53916  0.83949  0.00000  0.00000  0.99983  0.99966
3.620000000e+00  0.00000  1.00000  0.48638  0.69466  0.00000  0.00000  0.99984  0.99956
3.630000000e+00  0.00000  1.00000  0.67926  0.82936  0.00000  0.00000  0.99984  0.99947
3.640000000e+00  0.00000  1.00000  0.63853  0.73757  0.00000  0.00000  0.99984  0.99930
3.650000000e+00  0.00000  1.00000  0.51326  0.93172  0.00000  0.00000  0.99984  0.99919
3.660000000e+00  0.00000  1.00000  0.61773  0.79030  0.00000  0.00000  0.99984  0.99912
3.670000000e+00  0.00000  1.00000  0.80801  0.79871  0.00000  0.00000  0.99984  0.99903
3.680000000e+00  0.00000  1.00000  0.93410  0.41776  0.00000  0.00000  0.99985  0.99888
3.690000000e+00  0.00000  1.00000  0.96892  0.57856  0.00000  0.00000  0.99985  0.99864
3.700000000e+00  0.00000  1.00000  0.97974  0.79322  0.00000  0.00000  0.99985  0.99846
3.710000000e+00  0.00000  1.00000  0.98898  0.91856  0.00000  0.00000  0.99985  0.99658
3.720000000e+00  0.00000  1.00000  0.97942  0.72271  0.00000  0.00000  0.99985  0.99540
3.730000000e+00  0.00000  1.00000  0.97820  0.85001  0.00000  0.00000  0.99985  0.99490
3.740000000e+00  0.00000  1.00000  0.97766  0.72674  0.00000  0.00000  0.99986  0.99434
3.750000000e+00  0.00000  1.00000  0.94088  0.81526  0.00000  0.00000  0.99986  0.99358
3.760000000e+00  0.00000  1.00000  0.84599  0.76912  0.00000  0.00000  0.99986  0.99277
3.770000000e+00  0.00000  1.00000  0.72172  0.72027  0.00000  0.00000  0.99986  0.99181
3.780000000e+00  0.00000  1.00000  0.54981  0.73630  0.00000  0.00000  0.99986  0.99060
3.790000000e+00  0.00000  1.00000  0.37672  0.78937  0.00000  0.00000  0.99986  0.98908
3.800000000e+00  0.00000  1.00000  0.14858  0.73872  0.00000  0.00000  0.99986  0.98746
3.810000000e+00  0.00000  1.00000  0.03961  0.88930  0.00000  0.00000  0.99987  0.98551
3.820000000e+00  0.00000  1.00000  0.06218  0.71395  0.00000  0.00000  0.99987  0.98339
3.830000000e+00  0.00000  1.00000  0.25967  0.87169  0.00000  0.00000  0.99987  0.98097
3.840000000e+00  0.00000  1.00000  0.12698  0.76650  0.00000  0.00000  0.99987  0.97817
3.850000000e+00  0.00000  1.00000  0.06552  0.88192  0.00000  0.00000  0.99987  0.97492
3.860000000e+00  0.00000  1.00000  0.12012  0.85824  0.00000  0.00000  0.99987  0.97122
3.870000000e+00  0.00000  1.00000  0.28983  0.89814  0.00000  0.00000  0.99987  0.96712
3.880000000e+00  0.00000  1.00000  0.53711  0.89344  0.00000  0.00000  0.99988  0.96248
3.890000000e+00  0.00000  1.00000  0.75738  0.91875  0.00000  0.00000  0.99988  0.95709
3.900000000e+00  0.00000  1.00000  0.90446  0.94872  0.00000  0.00000  0.99988  0.95101
3.910000000e+00  0.00000  1.00000  0.96013  0.90929  0.00000  0.00000  0.99988  0.94414
3.920000000e+00  0.00000  1.00000  0.96459  0.98024  0.00000  0.00000  0.99988  0.93606
3.930000000e+00  0.00000  1.00000  0.92715  0.95686  0.00000  0.00000  0.99988  0.92683
3.940000000e+00  0.00000  1.00000  0.84454  0.98120  0.00000  0.00000  0.99988  0.91613
3.950000000e+00  0.00000  1.00000  0.71907  0.98418  0.00000  0.00000  0.99988  0.90410
3.960000000e+00  0.00000  1.00000  0.50246  0.97387  0.00000  0.00000  0.99989  0.88982
3.970000000e+00  0.00000  1.00000  0.33033  0.99276  0.00000  0.00000  0.99989  0.87356
3.980000000e+00  0.00000  1.00000  0.17897  0.98396  0.00000  0.00000  0.99989  0.85543
3.990000000e+00  0.00000  1.00000  0.12952  0.99512  0.00000  0.00000  0.99989  0.83467
4.000000000e+00  0.00000  1.00000  0.30633  0.99317  0.00000  0.00000  0.99989  0.81078
4.010000000e+00  0.00000  1.00000  0.37916  0.99317  0.00000  0.00000  0.99989  0.78466
4.020000000e+00  0.00000  1.00000  0.16831  0.99816  0.00000  0.00000  0.99989  0.75623
4.030000000e+00  0.00000  1.00000  0.14723  0.99333  0.00000  0.00000  0.99989  0.72609
4.040000000e+00  0.00000  1.00000  0.20697  0.99661  0.00000  0.00000  0.99989  0.69430
4.050000000e+00  0.00000  1.00000  0.34829  0.99684  0.00000  0.00000  0.99989  0.66063
4.060000000e+00  0.00000  1.00000  0.52143  0.99622  0.00000  0.00000  0.99990  0.62675
4.070000000e+00  0.00000  1.00000  0.57797  0.99600  0.00000  0.00000  0.99990  0.59272
4.080000000e+00  0.00000  1.00000  0.28668  0.99806  0.00000  0.00000  0.99990  0.56043
4.090000000e+00  0.00000  1.00000  0.09031  0.99793  0.00000  0.00000  0.99990  0.53024
4.100000000e+00  0.00000  1.00000  0.04058  0.99820  0.00000  0.00000  0.99990  0.50206
4.110000000e+00  0.00000  1.00000  0.05162  0.99340  0.00000  0.00000  0.99990  0.47676
4.120000000e+00  0.00000  1.00000  0.21526  0.99821  0.00000  0.00000  0.99990  0.45513
4.130000000e+00  0.00000  1.00000  0.26509  0.99552  0.00000  0.00000  0.99990  0.43704
4.140000000e+00  0.00000  1.00000  0.11905  0.99702  0.00000  0.00000  0.99990  0.42272
4.150000000e+00  0.00000  1.00000  0.05083  0.99905  0.00000  0.00000  0.99990  0.41200
4.160000000e+00  0.00000  1.00000  0.00023  0.99496  0.00000  0.00000  0.99991  0.40524
4.170000000e+00  0.00000  1.00000  0.00000  0.99700  0.00000  0.00000  0.99991  0.40131
4.180000000e+00  0.00000  1.00000  0.00000  0.99639  0.00000  0.00000  0.99991  0.40228
4.190000000e+00  0.00000  1.00000  0.00000  0.99652  0.00000  0.00000  0.99991  0.40418
4.200000000e+00  0.00000  1.00000  0.00000  0.99598  0.00000  0.00000  0.99991  0.40932
4.210000000e+00  0.00000  1.00000  0.00000  0.99380  0.00000  0.00000  0.99991  0.41251
4.220000000e+00  0.00000  1.00000  0.00000  0.99421  0.00000  0.00000  0.99991  0.41343
4.230000000e+00  0.00000  1.00000  0.00000  0.99357  0.00000  0.00000  0.99991  0.41087
4.240000000e+00  0.00000  1.00000  0.00000  0.99516  0.00000  0.00000  0.99991  0.40300
4.250000000e+00  0.00000  1.00000  0.00000  0.98788  0.00000  0.00000  0.99991  0.38805
4.260000000e+00  0.00000  1.00000  0.00000  0.98502  0.00000  0.00000  0.99991  0.35938
4.270000000e+00  0.00000  1.00000  0.00000  0.99473  0.00000  0.00000  0.99991  0.31640
4.280000000e+00  0.00000  1.00000  0.00000  0.97816  0.00000  0.00000  0.99992  0.28657
4.290000000e+00  0.00000  1.00000  0.00000  0.97493  0.00000  0.00000  0.99992  0.26837
4.300000000e+00  0.00000  1.00000  0.00000  0.97158  0.00000  0.00000  0.99992  0.27294
4.310000000e+00  0.00000  1.00000  0.00000  0.95013  0.00000  0.00000  0.99992  0.30056
4.320000000e+00  0.00000  1.00000  0.00000  0.96035  0.00000  0.00000  0.99992  0.34078
4.330000000e+00  0.00000  1.00000  0.00000  0.95854  0.00000  0.00000  0.99992  0.39563
4.340000000e+00  0.00000  1.00000  0.00000  0.94833  0.00000  0.00000  0.99992  0.44171
4.350000000e+00  0.00000  1.00000  0.00000  0.94700  0.00000  0.00000  0.99992  0.47651
4.360000000e+00  0.00000  1.00000  0.00000  0.92793  0.00000  0.00000  0.99992  0.50162
4.370000000e+00  0.00000  1.00000  0.00000  0.84844  0.00000  0.00000  0.99992  0.51967
4.380000000e+00  0.00000  1.00000  0.00000  0.94706  0.00000  0.00000  0.99992  0.53321
4.390000000e+00  0.00000  1.00000  0.00000  0.92800  0.00000  0.00000  0.99992  0.54552
4.400000000e+00  0.00000  1.00000  0.00000  0.89374  0.00000  0.00000  0.99992  0.55426
4.410000000e+00  0.00000  1.00000  0.00000  0.78534  0.00000  0.00000  0.99992  0.56564
4.420000000e+00  0.00000  1.00000  0.00000  0.96498  0.00000  0.00000  0.99993  0.57662
4.430000000e+00  0.00000  1.00000  0.00000  0.87306  0.00000  0.00000  0.99993  0.58949
4.440000000e+00  0.00000  1.00000  0.00000  0.73033  0.00000  0.00000  0.99993  0.60327
4.450000000e+00  0.00000  1.00000  0.00000  0.79347  0.00000  0.00000  0.99993  0.61939
4.460000000e+00  0.00000  1.00000  0.00000  0.81869  0.00000  0.00000  0.99993  0.63546
4.470000000e+00  0.00000  1.00000  0.00000  0.83480  0.00000  0.00000  0.99993  0.65493
4.480000000e+00  0.00000  1.00000  0.00000  0.82131  0.00000  0.00000  0.99993  0.67336
4.490000000e+00  0.00000  1.00000  0.00000  0.85391  0.00000  0.00000  0.99993  0.69448
4.500000000e+00  0.00000  1.00000  0.00000  0.87765  0.00000  0.00000  0.99993  0.71401
4.510000000e+00  0.00000  1.00000  0.00000  0.87066  0.00000  0.00000  0.99993  0.73527
4.520000000e+00  0.00000  1.00000  0.00000  0.80784  0.00000  0.00000  0.99993  0.75600
4.530000000e+00  0.00000  1.00000  0.00000  0.68964  0.00000  0.00000  0.99993  0.77618
4.540000000e+00  0.00000  1.00000  0.00003  0.66954  0.00000  0.00000  0.99993  0.79593
4.550000000e+00  0.00000  1.00000  0.00030  0.82793  0.00000  0.00000  0.99993  0.81492
4.560000000e+00  0.00000  1.00000  0.00574  0.91581  0.00000  0.00000  0.99993  0.83300
4.570000000e+00  0.00000  1.00000  0.03757  0.82581  0.00000  0.00000  0.99993  0.84935
4.580000000e+00  0.00000  1.00000  0.12381  0.73389  0.00000  0.00000  0.99994  0.86525
4.590000000e+00  0.00000  1.00000  0.17747  0.79211  0.00000  0.00000  0.99994  0.87968
4.600000000e+00  0.00000  1.00000  0.25749  0.81997  0.00000  0.00000  0.99994  0.89297
4.610000000e+00  0.00000  1.00000  0.31624  0.85612  0.00000  0.00000  0.99994  0.90515
4.620000000e+00  0.00000  1.00000  0.26105  0.81527  0.00000  0.00000  0.99994  0.91624
4.630000000e+00  0.00000  1.00000  0.11886  0.63047  0.00000  0.00000  0.99994  0.92625
4.640000000e+00  0.00000  1.00000  0.09127  0.64102  0.00000  0.00000  0.99994  0.93524
4.650000000e+00  0.00000  1.00000  0.07458  0.65791  0.00000  0.00000  0.99994  0.94332
4.660000000e+00  0.00000  1.00000  0.07556  0.59726  0.00000  0.00000  0.99994  0.95054
4.670000000e+00  0.00000  1.00000  0.08270  0.52576  0.00000  0.00000  0.99994  0.95666
4.680000000e+00  0.00000  1.00000  0.02956  0.53401  0.00000  0.00000  0.99994  0.96149
4.690000000e+00  0.00000  1.00000  0.01295  0.23969  0.00000  0.00000  0.99994  0.96671
4.700000000e+00  0.00000  1.00000  0.00151  0.88372  0.00000  0.00000  0.99994  0.97087
4.710000000e+00  0.00000  1.00000  0.00004  0.79048  0.00000  0.00000  0.99994  0.97436
4.720000000e+00  0.00000  1.00000  0.00002  0.47686  0.00000  0.00000  0.99994  0.97764
4.730000000e+00  0.00000  1.00000  0.00000  0.60744  0.00000  0.00000  0.99994  0.98007
4.740000000e+00  0.00000  1.00000  0.00000  0.45218  0.00000  0.00000  0.99994  0.98296
4.750000000e+00  0.00000  1.00000  0.00000  0.68932  0.00000  0.00000  0.99994  0.98515
4.760000000e+00  0.00000  1.00000  0.00000  0.57774  0.00000  0.00000  0.99994  0.98711
4.770000000e+00  0.00000  1.00000  0.00000  0.59189  0.00000  0.00000  0.99994  0.98884
4.780000000e+00  0.00000  1.00000  0.00000  0.47500  0.00000  0.00000  0.99995  0.98947
4.790000000e+00  0.00000  1.00000  0.00000  0.29642  0.00000  0.00000  0.99995  0.99083
4.800000000e+00  0.00000  1.00000  0.00000  0.33701  0.00000  0.00000  0.99995  0.99280
4.810000000e+00  0.00000  1.00000  0.00000  0.50696  0.00000  0.00000  0.99995  0.99397
4.820000000e+00  0.00000  1.00000  0.00000  0.45419  0.00000  0.00000  0.99995  0.99476
4.830000000e+00  0.00000  1.00000  0.00000  0.28006  0.00000  0.00000  0.99995  0.99572
4.840000000e+00  0.00000  1.00000  0.00000  0.49073  0.00000  0.00000  0.99995  0.99238
4.850000000e+00  0.00000  1.00000  0.00000  0.13720  0.00000  0.00000  0.99995  0.99525
4.860000000e+00  0.00000  1.00000  0.00000  0.10920  0.00000  0.00000  0.99995  0.99732
4.870000000e+00  0.00000  1.00000  0.00000  0.62084  0.00000  0.00000  0.99995  0.99784
4.880000000e+00  0.00000  1.00000  0.00000  0.63046  0.00000  0.00000  0.99995  0.99808
4.890000000e+00  0.00000  1.00000  0.00000  0.56592  0.00000  0.00000  0.99995  0.99761
4.900000000e+00  0.00000  1.00000  0.00000  0.09275  0.00000  0.00000  0.99995  0.99519
4.910000000e+00  0.00000  1.00000  0.00000  0.05929  0.00000  0.00000  0.99995  0.99835
4.920000000e+00  0.00000  1.00000  0.00000  0.30629  0.00000  0.00000  0.99995  0.99867
4.930000000e+00  0.00000  1.00000  0.00000  0.54005  0.00000  0.00000  0.99995  0.99878
4.940000000e+00  0.00000  1.00000  0.00011  0.29153  0.00000  0.00000  0.99995  0.99877
4.950000000e+00  0.00000  1.00000  0.00055  0.09503  0.00000  0.00000  0.99995  0.99677
4.960000000e+00  0.00000  1.00000  0.00130  0.03403  0.00000  0.00000  0.99995  0.98823
4.970000000e+00  0.00000  1.00000  0.01086  0.01191  0.00000  0.00000  0.99995  0.99903
4.980000000e+00  0.00000  1.00000  0.03210  0.20105  0.00000  0.00000  0.99995  0.99908
4.990000000e+00  0.00000  1.00000  0.08239  0.05256  0.00000  0.00000  0.99995  0.99930
5.000000000e+00  0.00000  1.00000  0.07558  0.31424  0.00000  0.00000  0.99995  0.99932
