# ------------------------------------------------------------------------
# Radiance spectrum
# NASA-GSFC Planetary Spectrum Generator (PSG) (Villanueva et al. 2015)
# Synthesized on Tue Nov 21 15:08:48 2017
# ------------------------------------------------------------------------
# Atmospheric radiances synthesized with PUMAS (Villanueva et al. 2016, Smith et al. 2009, Edwards 1992)
# Molecular abundance profile: 
# Molecules considered: N2,CO2,H2O
# Molecular sources: HIT[22],HIT[2],HIT[1]
# Molecular abundances: 1,1,1
# Molecular abundance units: scl,scl,scl
# Collission-Induced-Absorption:  N2-N2(3.33-5.41um)
# Rayleigh scattering included
# ------------------------------------------------------------------------
# Spectral unit: Wavelength [um]
# Radiance unit: Spectral radiance [W/sr/m2/um]
# Wave/freq Total Stellar TRAPPIST-1-e
1.000000000e+00  3.68049e-03  3.68049e-03  4.57495e-10
1.010000000e+00  3.70309e-03  3.70309e-03  4.60357e-10
1.020000000e+00  3.72363e-03  3.72363e-03  4.62977e-10
1.030000000e+00  3.74214e-03  3.74214e-03  4.65353e-10
1.040000000e+00  3.75867e-03  3.75867e-03  4.55777e-10
1.050000000e+00  3.77328e-03  3.77327e-03  4.69274e-10
1.060000000e+00  3.78601e-03  3.78601e-03  4.70316e-10
1.070000000e+00  3.79691e-03  3.79691e-03  4.69129e-10
1.080000000e+00  3.80605e-03  3.80605e-03  4.73477e-10
1.090000000e+00  3.81347e-03  3.81347e-03  4.74752e-10
1.100000000e+00  3.81922e-03  3.81922e-03  4.75465e-10
1.110000000e+00  3.82337e-03  3.82337e-03  4.76082e-10
1.120000000e+00  3.82595e-03  3.82595e-03  4.73684e-10
1.130000000e+00  3.82703e-03  3.82703e-03  4.72805e-10
1.140000000e+00  3.82666e-03  3.82666e-03  4.75374e-10
1.150000000e+00  3.82489e-03  3.82489e-03  4.74497e-10
1.160000000e+00  3.82177e-03  3.82177e-03  4.76206e-10
1.170000000e+00  3.81735e-03  3.81734e-03  4.76161e-10
1.180000000e+00  3.81168e-03  3.81168e-03  4.75504e-10
1.190000000e+00  3.80481e-03  3.80481e-03  4.74743e-10
1.200000000e+00  3.79680e-03  3.79679e-03  4.73935e-10
1.210000000e+00  3.78768e-03  3.78768e-03  4.10766e-10
1.220000000e+00  3.77751e-03  3.77751e-03  4.38966e-10
1.230000000e+00  3.76632e-03  3.76632e-03  4.50352e-10
1.240000000e+00  3.75418e-03  3.75418e-03  4.62910e-10
1.250000000e+00  3.74111e-03  3.74111e-03  4.67487e-10
1.260000000e+00  3.72717e-03  3.72717e-03  4.64333e-10
1.270000000e+00  3.71239e-03  3.71239e-03  4.62643e-10
1.280000000e+00  3.69682e-03  3.69682e-03  4.62722e-10
1.290000000e+00  3.68049e-03  3.68049e-03  4.57779e-10
1.300000000e+00  3.66345e-03  3.66345e-03  4.52226e-10
1.310000000e+00  3.64573e-03  3.64573e-03  4.56498e-10
1.320000000e+00  3.62737e-03  3.62736e-03  4.26148e-10
1.330000000e+00  3.60839e-03  3.60839e-03  4.51732e-10
1.340000000e+00  3.58885e-03  3.58885e-03  4.32136e-10
1.350000000e+00  3.56877e-03  3.56877e-03  4.42206e-10
1.360000000e+00  3.54817e-03  3.54817e-03  4.34960e-10
1.370000000e+00  3.52711e-03  3.52711e-03  4.30122e-10
1.380000000e+00  3.50559e-03  3.50559e-03  4.28165e-10
1.390000000e+00  3.48366e-03  3.48366e-03  4.28501e-10
1.400000000e+00  3.46134e-03  3.46134e-03  4.26347e-10
1.410000000e+00  3.43866e-03  3.43866e-03  4.22301e-10
1.420000000e+00  3.41564e-03  3.41564e-03  4.27676e-10
1.430000000e+00  3.39231e-03  3.39231e-03  4.22205e-10
1.440000000e+00  3.36870e-03  3.36870e-03  2.55464e-10
1.450000000e+00  3.34482e-03  3.34482e-03  3.60577e-10
1.460000000e+00  3.32070e-03  3.32070e-03  4.13582e-10
1.470000000e+00  3.29636e-03  3.29636e-03  4.11141e-10
1.480000000e+00  3.27183e-03  3.27183e-03  3.86432e-10
1.490000000e+00  3.24712e-03  3.24711e-03  4.01298e-10
1.500000000e+00  3.22224e-03  3.22224e-03  3.83995e-10
1.510000000e+00  3.19723e-03  3.19723e-03  4.00244e-10
1.520000000e+00  3.17209e-03  3.17209e-03  3.97673e-10
1.530000000e+00  3.14685e-03  3.14685e-03  3.71837e-10
1.540000000e+00  3.12152e-03  3.12152e-03  3.48281e-10
1.550000000e+00  3.09611e-03  3.09611e-03  3.81297e-10
1.560000000e+00  3.07064e-03  3.07064e-03  3.84126e-10
1.570000000e+00  3.04513e-03  3.04513e-03  3.50595e-10
1.580000000e+00  3.01959e-03  3.01959e-03  2.70275e-10
1.590000000e+00  2.99402e-03  2.99402e-03  3.61114e-10
1.600000000e+00  2.96846e-03  2.96846e-03  3.38778e-10
1.610000000e+00  2.94289e-03  2.94289e-03  2.65032e-10
1.620000000e+00  2.91734e-03  2.91734e-03  3.28114e-10
1.630000000e+00  2.89182e-03  2.89182e-03  3.49569e-10
1.640000000e+00  2.86634e-03  2.86634e-03  3.35870e-10
1.650000000e+00  2.84091e-03  2.84091e-03  3.28687e-10
1.660000000e+00  2.81553e-03  2.81553e-03  3.41792e-10
1.670000000e+00  2.79021e-03  2.79021e-03  3.41821e-10
1.680000000e+00  2.76497e-03  2.76497e-03  3.42020e-10
1.690000000e+00  2.73981e-03  2.73981e-03  3.44088e-10
1.700000000e+00  2.71474e-03  2.71474e-03  3.42154e-10
1.710000000e+00  2.68977e-03  2.68977e-03  3.36556e-10
1.720000000e+00  2.66490e-03  2.66490e-03  3.35498e-10
1.730000000e+00  2.64013e-03  2.64013e-03  3.33131e-10
1.740000000e+00  2.61549e-03  2.61549e-03  3.30130e-10
1.750000000e+00  2.59096e-03  2.59096e-03  3.26954e-10
1.760000000e+00  2.56656e-03  2.56656e-03  3.23470e-10
1.770000000e+00  2.54229e-03  2.54229e-03  3.20564e-10
1.780000000e+00  2.51815e-03  2.51815e-03  3.17657e-10
1.790000000e+00  2.49415e-03  2.49415e-03  3.14342e-10
1.800000000e+00  2.47030e-03  2.47030e-03  3.11304e-10
1.810000000e+00  2.44660e-03  2.44660e-03  3.07865e-10
1.820000000e+00  2.42304e-03  2.42304e-03  3.02594e-10
1.830000000e+00  2.39964e-03  2.39964e-03  2.97512e-10
1.840000000e+00  2.37640e-03  2.37640e-03  2.90797e-10
1.850000000e+00  2.35332e-03  2.35332e-03  2.88713e-10
1.860000000e+00  2.33041e-03  2.33041e-03  2.83893e-10
1.870000000e+00  2.30765e-03  2.30765e-03  2.83636e-10
1.880000000e+00  2.28507e-03  2.28507e-03  2.57471e-10
1.890000000e+00  2.26266e-03  2.26266e-03  2.56429e-10
1.900000000e+00  2.24041e-03  2.24041e-03  2.71224e-10
1.910000000e+00  2.21834e-03  2.21834e-03  2.68977e-10
1.920000000e+00  2.19645e-03  2.19645e-03  2.70765e-10
1.930000000e+00  2.17473e-03  2.17473e-03  2.68232e-10
1.940000000e+00  2.15319e-03  2.15319e-03  2.57997e-10
1.950000000e+00  2.13183e-03  2.13183e-03  1.73294e-10
1.960000000e+00  2.11065e-03  2.11065e-03  1.01342e-10
1.970000000e+00  2.08964e-03  2.08964e-03  1.06680e-10
1.980000000e+00  2.06882e-03  2.06882e-03  1.71250e-10
1.990000000e+00  2.04818e-03  2.04818e-03  2.08121e-10
2.000000000e+00  2.02772e-03  2.02772e-03  1.52583e-10
2.010000000e+00  2.00745e-03  2.00745e-03  7.14817e-11
2.020000000e+00  1.98735e-03  1.98735e-03  8.25646e-11
2.030000000e+00  1.96744e-03  1.96744e-03  1.30806e-10
2.040000000e+00  1.94771e-03  1.94771e-03  1.39557e-10
2.050000000e+00  1.92816e-03  1.92816e-03  1.33190e-10
2.060000000e+00  1.90880e-03  1.90880e-03  9.58549e-11
2.070000000e+00  1.88961e-03  1.88961e-03  1.01372e-10
2.080000000e+00  1.87061e-03  1.87061e-03  1.28803e-10
2.090000000e+00  1.85179e-03  1.85179e-03  1.45513e-10
2.100000000e+00  1.83315e-03  1.83315e-03  1.71113e-10
2.110000000e+00  1.81469e-03  1.81469e-03  1.94470e-10
2.120000000e+00  1.79641e-03  1.79641e-03  2.00449e-10
2.130000000e+00  1.77831e-03  1.77831e-03  2.14229e-10
2.140000000e+00  1.76039e-03  1.76039e-03  2.15471e-10
2.150000000e+00  1.74264e-03  1.74264e-03  1.99206e-10
2.160000000e+00  1.72507e-03  1.72507e-03  1.97428e-10
2.170000000e+00  1.70768e-03  1.70768e-03  1.95070e-10
2.180000000e+00  1.69046e-03  1.69046e-03  2.02112e-10
2.190000000e+00  1.67341e-03  1.67341e-03  2.06295e-10
2.200000000e+00  1.65654e-03  1.65654e-03  2.05693e-10
2.210000000e+00  1.63984e-03  1.63984e-03  2.04034e-10
2.220000000e+00  1.62331e-03  1.62331e-03  2.01130e-10
2.230000000e+00  1.60696e-03  1.60695e-03  1.99275e-10
2.240000000e+00  1.59076e-03  1.59076e-03  1.98066e-10
2.250000000e+00  1.57474e-03  1.57474e-03  1.95911e-10
2.260000000e+00  1.55889e-03  1.55889e-03  1.92947e-10
2.270000000e+00  1.54320e-03  1.54319e-03  1.91715e-10
2.280000000e+00  1.52767e-03  1.52767e-03  1.89527e-10
2.290000000e+00  1.51230e-03  1.51230e-03  1.87886e-10
2.300000000e+00  1.49710e-03  1.49710e-03  1.85873e-10
2.310000000e+00  1.48206e-03  1.48206e-03  1.83898e-10
2.320000000e+00  1.46718e-03  1.46718e-03  1.81951e-10
2.330000000e+00  1.45245e-03  1.45245e-03  1.79991e-10
2.340000000e+00  1.43788e-03  1.43788e-03  1.78051e-10
2.350000000e+00  1.42347e-03  1.42347e-03  1.76132e-10
2.360000000e+00  1.40921e-03  1.40921e-03  1.74228e-10
2.370000000e+00  1.39510e-03  1.39510e-03  1.72358e-10
2.380000000e+00  1.38115e-03  1.38115e-03  1.70449e-10
2.390000000e+00  1.36734e-03  1.36734e-03  1.68501e-10
2.400000000e+00  1.35368e-03  1.35368e-03  1.66578e-10
2.410000000e+00  1.34017e-03  1.34017e-03  1.64737e-10
2.420000000e+00  1.32681e-03  1.32681e-03  1.63149e-10
2.430000000e+00  1.31359e-03  1.31359e-03  1.61576e-10
2.440000000e+00  1.30051e-03  1.30051e-03  1.59167e-10
2.450000000e+00  1.28757e-03  1.28757e-03  1.57811e-10
2.460000000e+00  1.27478e-03  1.27478e-03  1.56373e-10
2.470000000e+00  1.26212e-03  1.26212e-03  1.54519e-10
2.480000000e+00  1.24960e-03  1.24960e-03  1.51913e-10
2.490000000e+00  1.23722e-03  1.23722e-03  1.46429e-10
2.500000000e+00  1.22498e-03  1.22498e-03  1.45724e-10
2.510000000e+00  1.21286e-03  1.21286e-03  1.44272e-10
2.520000000e+00  1.20088e-03  1.20088e-03  1.42016e-10
2.530000000e+00  1.18903e-03  1.18903e-03  1.42986e-10
2.540000000e+00  1.17731e-03  1.17731e-03  1.40490e-10
2.550000000e+00  1.16572e-03  1.16572e-03  1.36832e-10
2.560000000e+00  1.15425e-03  1.15425e-03  1.36811e-10
2.570000000e+00  1.14291e-03  1.14291e-03  1.27292e-10
2.580000000e+00  1.13170e-03  1.13170e-03  1.21164e-10
2.590000000e+00  1.12060e-03  1.12060e-03  1.16059e-10
2.600000000e+00  1.10963e-03  1.10963e-03  1.07068e-10
2.610000000e+00  1.09878e-03  1.09878e-03  1.10114e-10
2.620000000e+00  1.08805e-03  1.08805e-03  1.07925e-10
2.630000000e+00  1.07744e-03  1.07744e-03  1.12522e-10
2.640000000e+00  1.06694e-03  1.06694e-03  1.10271e-10
2.650000000e+00  1.05656e-03  1.05656e-03  1.16322e-10
2.660000000e+00  1.04629e-03  1.04629e-03  9.26372e-11
2.670000000e+00  1.03614e-03  1.03614e-03  2.69682e-11
2.680000000e+00  1.02610e-03  1.02610e-03  7.20645e-12
2.690000000e+00  1.01616e-03  1.01616e-03  2.45352e-12
2.700000000e+00  1.00634e-03  1.00634e-03  3.34559e-12
2.710000000e+00  9.96623e-04  9.96623e-04  3.43397e-12
2.720000000e+00  9.87014e-04  9.87014e-04  6.86038e-12
2.730000000e+00  9.77511e-04  9.77511e-04  1.08686e-11
2.740000000e+00  9.68112e-04  9.68112e-04  1.04549e-11
2.750000000e+00  9.58816e-04  9.58816e-04  6.14744e-12
2.760000000e+00  9.49622e-04  9.49622e-04  2.21266e-12
2.770000000e+00  9.40529e-04  9.40529e-04  1.72636e-12
2.780000000e+00  9.31536e-04  9.31536e-04  1.29677e-12
2.790000000e+00  9.22641e-04  9.22641e-04  1.51549e-12
2.800000000e+00  9.13844e-04  9.13844e-04  2.13804e-12
2.810000000e+00  9.05143e-04  9.05143e-04  2.70523e-12
2.820000000e+00  8.96538e-04  8.96538e-04  2.85195e-12
2.830000000e+00  8.88027e-04  8.88027e-04  2.82473e-12
2.840000000e+00  8.79608e-04  8.79608e-04  2.93058e-12
2.850000000e+00  8.71282e-04  8.71282e-04  2.19548e-12
2.860000000e+00  8.63047e-04  8.63047e-04  3.20194e-12
2.870000000e+00  8.54902e-04  8.54902e-04  6.38940e-12
2.880000000e+00  8.46846e-04  8.46846e-04  1.01020e-11
2.890000000e+00  8.38878e-04  8.38878e-04  1.63814e-11
2.900000000e+00  8.30996e-04  8.30996e-04  2.42769e-11
2.910000000e+00  8.23201e-04  8.23201e-04  2.87913e-11
2.920000000e+00  8.15490e-04  8.15490e-04  3.14673e-11
2.930000000e+00  8.07863e-04  8.07863e-04  3.24167e-11
2.940000000e+00  8.00320e-04  8.00320e-04  3.33744e-11
2.950000000e+00  7.92858e-04  7.92858e-04  3.46066e-11
2.960000000e+00  7.85477e-04  7.85477e-04  3.45197e-11
2.970000000e+00  7.78176e-04  7.78176e-04  3.20114e-11
2.980000000e+00  7.70954e-04  7.70954e-04  2.85890e-11
2.990000000e+00  7.63811e-04  7.63811e-04  2.79955e-11
3.000000000e+00  7.56745e-04  7.56745e-04  3.12874e-11
3.010000000e+00  7.49755e-04  7.49755e-04  3.43838e-11
3.020000000e+00  7.42841e-04  7.42841e-04  3.21987e-11
3.030000000e+00  7.36002e-04  7.36001e-04  3.39949e-11
3.040000000e+00  7.29236e-04  7.29236e-04  3.60097e-11
3.050000000e+00  7.22543e-04  7.22543e-04  3.70396e-11
3.060000000e+00  7.15922e-04  7.15922e-04  3.72433e-11
3.070000000e+00  7.09372e-04  7.09372e-04  3.80177e-11
3.080000000e+00  7.02893e-04  7.02893e-04  3.83788e-11
3.090000000e+00  6.96483e-04  6.96483e-04  3.82281e-11
3.100000000e+00  6.90142e-04  6.90142e-04  3.81913e-11
3.110000000e+00  6.83869e-04  6.83869e-04  3.78768e-11
3.120000000e+00  6.77663e-04  6.77663e-04  3.68491e-11
3.130000000e+00  6.71523e-04  6.71523e-04  3.60645e-11
3.140000000e+00  6.65449e-04  6.65449e-04  3.65690e-11
3.150000000e+00  6.59440e-04  6.59440e-04  3.74150e-11
3.160000000e+00  6.53495e-04  6.53494e-04  3.72819e-11
3.170000000e+00  6.47613e-04  6.47612e-04  3.70190e-11
3.180000000e+00  6.41793e-04  6.41793e-04  3.77017e-11
3.190000000e+00  6.36035e-04  6.36035e-04  3.84170e-11
3.200000000e+00  6.30339e-04  6.30339e-04  3.90502e-11
3.210000000e+00  6.24703e-04  6.24702e-04  3.96978e-11
3.220000000e+00  6.19126e-04  6.19126e-04  4.05301e-11
3.230000000e+00  6.13608e-04  6.13608e-04  4.11720e-11
3.240000000e+00  6.08149e-04  6.08149e-04  4.22796e-11
3.250000000e+00  6.02747e-04  6.02747e-04  4.29163e-11
3.260000000e+00  5.97402e-04  5.97402e-04  4.39281e-11
3.270000000e+00  5.92114e-04  5.92114e-04  4.46164e-11
3.280000000e+00  5.86881e-04  5.86881e-04  4.56965e-11
3.290000000e+00  5.81703e-04  5.81702e-04  4.67988e-11
3.300000000e+00  5.76579e-04  5.76579e-04  4.75975e-11
3.310000000e+00  5.71509e-04  5.71508e-04  4.84872e-11
3.320000000e+00  5.66491e-04  5.66491e-04  4.96560e-11
3.330000000e+00  5.61527e-04  5.61527e-04  5.02779e-11
3.340000000e+00  5.56614e-04  5.56614e-04  5.11888e-11
3.350000000e+00  5.51752e-04  5.51752e-04  5.18087e-11
3.360000000e+00  5.46941e-04  5.46941e-04  5.18216e-11
3.370000000e+00  5.42180e-04  5.42180e-04  5.33351e-11
3.380000000e+00  5.37468e-04  5.37468e-04  5.41524e-11
3.390000000e+00  5.32805e-04  5.32805e-04  5.47940e-11
3.400000000e+00  5.28190e-04  5.28190e-04  5.51465e-11
3.410000000e+00  5.23623e-04  5.23623e-04  5.54257e-11
3.420000000e+00  5.19104e-04  5.19104e-04  5.57206e-11
3.430000000e+00  5.14631e-04  5.14631e-04  5.59906e-11
3.440000000e+00  5.10204e-04  5.10203e-04  5.62497e-11
3.450000000e+00  5.05822e-04  5.05822e-04  5.64518e-11
3.460000000e+00  5.01485e-04  5.01485e-04  5.64179e-11
3.470000000e+00  4.97193e-04  4.97193e-04  5.63139e-11
3.480000000e+00  4.92945e-04  4.92945e-04  5.61956e-11
3.490000000e+00  4.88741e-04  4.88741e-04  5.60781e-11
3.500000000e+00  4.84579e-04  4.84579e-04  5.59575e-11
3.510000000e+00  4.80460e-04  4.80460e-04  5.58341e-11
3.520000000e+00  4.76383e-04  4.76383e-04  5.56627e-11
3.530000000e+00  4.72347e-04  4.72347e-04  5.53556e-11
3.540000000e+00  4.68352e-04  4.68352e-04  5.50399e-11
3.550000000e+00  4.64398e-04  4.64398e-04  5.47135e-11
3.560000000e+00  4.60484e-04  4.60484e-04  5.43486e-11
3.570000000e+00  4.56609e-04  4.56609e-04  5.39137e-11
3.580000000e+00  4.52774e-04  4.52774e-04  5.34266e-11
3.590000000e+00  4.48977e-04  4.48977e-04  5.27393e-11
3.600000000e+00  4.45219e-04  4.45219e-04  5.15284e-11
3.610000000e+00  4.41498e-04  4.41498e-04  5.03333e-11
3.620000000e+00  4.37815e-04  4.37815e-04  4.93809e-11
3.630000000e+00  4.34169e-04  4.34169e-04  4.98829e-11
3.640000000e+00  4.30559e-04  4.30559e-04  4.93398e-11
3.650000000e+00  4.26986e-04  4.26986e-04  4.84602e-11
3.660000000e+00  4.23448e-04  4.23448e-04  4.89720e-11
3.670000000e+00  4.19945e-04  4.19945e-04  4.95982e-11
3.680000000e+00  4.16478e-04  4.16478e-04  4.96195e-11
3.690000000e+00  4.13045e-04  4.13044e-04  4.92607e-11
3.700000000e+00  4.09645e-04  4.09645e-04  4.88918e-11
3.710000000e+00  4.06280e-04  4.06280e-04  4.85507e-11
3.720000000e+00  4.02948e-04  4.02948e-04  4.80729e-11
3.730000000e+00  3.99649e-04  3.99649e-04  4.76974e-11
3.740000000e+00  3.96383e-04  3.96383e-04  4.73449e-11
3.750000000e+00  3.93148e-04  3.93148e-04  4.68405e-11
3.760000000e+00  3.89946e-04  3.89946e-04  4.59880e-11
3.770000000e+00  3.86775e-04  3.86775e-04  4.49883e-11
3.780000000e+00  3.83635e-04  3.83635e-04  4.39800e-11
3.790000000e+00  3.80526e-04  3.80526e-04  4.27602e-11
3.800000000e+00  3.77448e-04  3.77448e-04  4.01793e-11
3.810000000e+00  3.74400e-04  3.74400e-04  3.68507e-11
3.820000000e+00  3.71381e-04  3.71381e-04  3.69910e-11
3.830000000e+00  3.68392e-04  3.68392e-04  3.92148e-11
3.840000000e+00  3.65432e-04  3.65432e-04  3.74792e-11
3.850000000e+00  3.62500e-04  3.62500e-04  3.63708e-11
3.860000000e+00  3.59597e-04  3.59597e-04  3.75719e-11
3.870000000e+00  3.56723e-04  3.56723e-04  3.94447e-11
3.880000000e+00  3.53876e-04  3.53876e-04  4.04872e-11
3.890000000e+00  3.51056e-04  3.51056e-04  4.07890e-11
3.900000000e+00  3.48264e-04  3.48264e-04  4.08283e-11
3.910000000e+00  3.45499e-04  3.45499e-04  4.06198e-11
3.920000000e+00  3.42760e-04  3.42760e-04  4.02515e-11
3.930000000e+00  3.40048e-04  3.40048e-04  3.97172e-11
3.940000000e+00  3.37361e-04  3.37361e-04  3.90049e-11
3.950000000e+00  3.34701e-04  3.34701e-04  3.81776e-11
3.960000000e+00  3.32066e-04  3.32066e-04  3.69150e-11
3.970000000e+00  3.29456e-04  3.29456e-04  3.56847e-11
3.980000000e+00  3.26870e-04  3.26870e-04  3.36726e-11
3.990000000e+00  3.24310e-04  3.24310e-04  3.24152e-11
4.000000000e+00  3.21774e-04  3.21774e-04  3.34835e-11
4.010000000e+00  3.19262e-04  3.19262e-04  3.38738e-11
4.020000000e+00  3.16773e-04  3.16773e-04  3.20569e-11
4.030000000e+00  3.14309e-04  3.14309e-04  3.19249e-11
4.040000000e+00  3.11867e-04  3.11867e-04  3.26596e-11
4.050000000e+00  3.09449e-04  3.09449e-04  3.36102e-11
4.060000000e+00  3.07053e-04  3.07053e-04  3.44280e-11
4.070000000e+00  3.04680e-04  3.04680e-04  3.44545e-11
4.080000000e+00  3.02329e-04  3.02329e-04  3.36407e-11
4.090000000e+00  3.00000e-04  3.00000e-04  3.26551e-11
4.100000000e+00  2.97694e-04  2.97693e-04  3.18976e-11
4.110000000e+00  2.95408e-04  2.95408e-04  3.18378e-11
4.120000000e+00  2.93144e-04  2.93144e-04  3.19901e-11
4.130000000e+00  2.90901e-04  2.90901e-04  3.17629e-11
4.140000000e+00  2.88679e-04  2.88679e-04  3.10073e-11
4.150000000e+00  2.86478e-04  2.86478e-04  3.10446e-11
4.160000000e+00  2.84297e-04  2.84297e-04  2.79551e-11
4.170000000e+00  2.82136e-04  2.82136e-04  1.52383e-11
4.180000000e+00  2.79995e-04  2.79995e-04  9.84397e-12
4.190000000e+00  2.77874e-04  2.77874e-04  6.76682e-12
4.200000000e+00  2.75773e-04  2.75773e-04  3.91805e-12
4.210000000e+00  2.73691e-04  2.73691e-04  1.44879e-12
4.220000000e+00  2.71628e-04  2.71628e-04  4.42895e-13
4.230000000e+00  2.69584e-04  2.69584e-04  2.10524e-13
4.240000000e+00  2.67559e-04  2.67559e-04  1.37897e-13
4.250000000e+00  2.65552e-04  2.65552e-04  1.22961e-13
4.260000000e+00  2.63564e-04  2.63564e-04  1.66748e-13
4.270000000e+00  2.61594e-04  2.61594e-04  1.85328e-13
4.280000000e+00  2.59642e-04  2.59642e-04  1.31062e-13
4.290000000e+00  2.57707e-04  2.57707e-04  1.34632e-13
4.300000000e+00  2.55790e-04  2.55790e-04  1.67863e-13
4.310000000e+00  2.53891e-04  2.53891e-04  2.11818e-13
4.320000000e+00  2.52009e-04  2.52009e-04  2.75854e-13
4.330000000e+00  2.50144e-04  2.50144e-04  4.34852e-13
4.340000000e+00  2.48295e-04  2.48295e-04  6.39798e-13
4.350000000e+00  2.46463e-04  2.46463e-04  8.22213e-13
4.360000000e+00  2.44648e-04  2.44648e-04  8.18327e-13
4.370000000e+00  2.42849e-04  2.42849e-04  8.76929e-13
4.380000000e+00  2.41067e-04  2.41067e-04  1.16452e-12
4.390000000e+00  2.39300e-04  2.39300e-04  1.59242e-12
4.400000000e+00  2.37549e-04  2.37549e-04  1.18814e-12
4.410000000e+00  2.35814e-04  2.35814e-04  1.19266e-12
4.420000000e+00  2.34094e-04  2.34094e-04  1.39975e-12
4.430000000e+00  2.32390e-04  2.32390e-04  1.78129e-12
4.440000000e+00  2.30700e-04  2.30700e-04  2.24705e-12
4.450000000e+00  2.29026e-04  2.29026e-04  2.97114e-12
4.460000000e+00  2.27367e-04  2.27367e-04  3.90112e-12
4.470000000e+00  2.25722e-04  2.25722e-04  4.56846e-12
4.480000000e+00  2.24092e-04  2.24092e-04  5.75316e-12
4.490000000e+00  2.22476e-04  2.22476e-04  6.67397e-12
4.500000000e+00  2.20874e-04  2.20874e-04  8.07906e-12
4.510000000e+00  2.19287e-04  2.19287e-04  1.07162e-11
4.520000000e+00  2.17714e-04  2.17714e-04  1.37025e-11
4.530000000e+00  2.16154e-04  2.16154e-04  1.70709e-11
4.540000000e+00  2.14608e-04  2.14608e-04  1.91197e-11
4.550000000e+00  2.13075e-04  2.13075e-04  2.04600e-11
4.560000000e+00  2.11556e-04  2.11556e-04  2.08573e-11
4.570000000e+00  2.10051e-04  2.10051e-04  2.12115e-11
4.580000000e+00  2.08558e-04  2.08558e-04  2.13152e-11
4.590000000e+00  2.07078e-04  2.07078e-04  2.13592e-11
4.600000000e+00  2.05611e-04  2.05611e-04  2.13438e-11
4.610000000e+00  2.04157e-04  2.04157e-04  2.12475e-11
4.620000000e+00  2.02716e-04  2.02716e-04  2.05339e-11
4.630000000e+00  2.01287e-04  2.01287e-04  2.01858e-11
4.640000000e+00  1.99870e-04  1.99870e-04  2.02584e-11
4.650000000e+00  1.98466e-04  1.98466e-04  2.01958e-11
4.660000000e+00  1.97073e-04  1.97073e-04  2.03035e-11
4.670000000e+00  1.95693e-04  1.95693e-04  2.02504e-11
4.680000000e+00  1.94324e-04  1.94324e-04  1.93304e-11
4.690000000e+00  1.92967e-04  1.92967e-04  1.87905e-11
4.700000000e+00  1.91622e-04  1.91622e-04  1.80399e-11
4.710000000e+00  1.90288e-04  1.90288e-04  1.34537e-11
4.720000000e+00  1.88966e-04  1.88966e-04  1.60435e-11
4.730000000e+00  1.87655e-04  1.87655e-04  1.43294e-11
4.740000000e+00  1.86355e-04  1.86355e-04  1.32424e-11
4.750000000e+00  1.85066e-04  1.85066e-04  1.25225e-11
4.760000000e+00  1.83788e-04  1.83788e-04  1.21422e-11
4.770000000e+00  1.82521e-04  1.82521e-04  1.23505e-11
4.780000000e+00  1.81265e-04  1.81265e-04  1.07106e-11
4.790000000e+00  1.80019e-04  1.80019e-04  9.22140e-12
4.800000000e+00  1.78783e-04  1.78783e-04  8.10072e-12
4.810000000e+00  1.77559e-04  1.77559e-04  6.61332e-12
4.820000000e+00  1.76344e-04  1.76344e-04  4.45575e-12
4.830000000e+00  1.75140e-04  1.75140e-04  5.22555e-12
4.840000000e+00  1.73945e-04  1.73945e-04  5.46413e-12
4.850000000e+00  1.72761e-04  1.72761e-04  5.40173e-12
4.860000000e+00  1.71587e-04  1.71587e-04  5.08940e-12
4.870000000e+00  1.70422e-04  1.70422e-04  5.32364e-12
4.880000000e+00  1.69267e-04  1.69267e-04  5.72684e-12
4.890000000e+00  1.68122e-04  1.68122e-04  5.94343e-12
4.900000000e+00  1.66986e-04  1.66986e-04  7.60722e-12
4.910000000e+00  1.65860e-04  1.65860e-04  9.03330e-12
4.920000000e+00  1.64743e-04  1.64743e-04  8.65538e-12
4.930000000e+00  1.63635e-04  1.63635e-04  1.18332e-11
4.940000000e+00  1.62536e-04  1.62536e-04  1.26217e-11
4.950000000e+00  1.61447e-04  1.61447e-04  1.23514e-11
4.960000000e+00  1.60366e-04  1.60366e-04  1.33678e-11
4.970000000e+00  1.59294e-04  1.59294e-04  1.44553e-11
4.980000000e+00  1.58232e-04  1.58232e-04  1.49344e-11
4.990000000e+00  1.57177e-04  1.57177e-04  1.59531e-11
5.000000000e+00  1.56132e-04  1.56132e-04  1.47496e-11
