# ------------------------------------------------------------------------
# NASA-GSFC Planetary Spectrum Generator (PSG, Villanueva et al. 2015)
# Atmospheric transmittance spectrum synthesized with PUMAS (Villanueva et al. 2016, Smith et al. 2009, Edwards 1992)
# Synthesized on Tue Nov 21 15:09:00 2017
# Molecular abundance profile: 
# Molecules considered: N2,CO2,H2O
# Molecular sources: HIT[22],HIT[2],HIT[1]
# Molecular abundances: 1,1,1
# Molecular abundance units: scl,scl,scl
# Collission-Induced-Absorption:  N2-N2(3.33-5.41um)
# Rayleigh scattering included
# ------------------------------------------------------------------------
# Aerosols considered: WaterIce,Cloud
# Aerosols sources: CRISM_Wolff[reff=2.0um 0.31-99.57um],White_GSFC[reff=1.0um 0.10-1000000.00um]
# Aerosols opacities: 1,1
# Aerosols opacity units: scl,scl
# ------------------------------------------------------------------------
# Spectral unit: Wavelength [um]
# Wave/freq Total N2 CO2 H2O WaterIce Cloud Rayleigh CIA
1.000000000e+00  0.00000  1.00000  0.99996  0.97301  0.00000  0.00000  0.97245  1.00000
1.010000000e+00  0.00000  1.00000  0.99999  0.96426  0.00000  0.00000  0.97351  1.00000
1.020000000e+00  0.00000  1.00000  1.00000  0.98318  0.00000  0.00000  0.97452  1.00000
1.030000000e+00  0.00000  1.00000  0.99999  0.98562  0.00000  0.00000  0.97548  1.00000
1.040000000e+00  0.00000  1.00000  0.79636  0.99828  0.00000  0.00000  0.97640  1.00000
1.050000000e+00  0.00000  1.00000  0.98656  0.99932  0.00000  0.00000  0.97728  1.00000
1.060000000e+00  0.00000  1.00000  0.96667  0.99801  0.00000  0.00000  0.97811  1.00000
1.070000000e+00  0.00000  1.00000  0.94055  0.98624  0.00000  0.00000  0.97891  1.00000
1.080000000e+00  0.00000  1.00000  0.99390  0.93590  0.00000  0.00000  0.97967  1.00000
1.090000000e+00  0.00000  1.00000  0.99963  0.88018  0.00000  0.00000  0.98040  1.00000
1.100000000e+00  0.00000  1.00000  0.99828  0.75242  0.00000  0.00000  0.98110  1.00000
1.110000000e+00  0.00000  1.00000  1.00000  0.47575  0.00000  0.00000  0.98177  1.00000
1.120000000e+00  0.00000  1.00000  0.97625  0.06970  0.00000  0.00000  0.98240  1.00000
1.130000000e+00  0.00000  1.00000  0.99654  0.01619  0.00000  0.00000  0.98301  1.00000
1.140000000e+00  0.00000  1.00000  0.99255  0.16315  0.00000  0.00000  0.98359  1.00000
1.150000000e+00  0.00000  1.00000  0.99779  0.08116  0.00000  0.00000  0.98415  1.00000
1.160000000e+00  0.00000  1.00000  0.99753  0.28190  0.00000  0.00000  0.98469  1.00000
1.170000000e+00  0.00000  1.00000  0.99992  0.55172  0.00000  0.00000  0.98520  1.00000
1.180000000e+00  0.00000  1.00000  0.99951  0.70474  0.00000  0.00000  0.98569  1.00000
1.190000000e+00  0.00000  1.00000  0.99995  0.64260  0.00000  0.00000  0.98616  1.00000
1.200000000e+00  0.00000  1.00000  0.99981  0.66994  0.00000  0.00000  0.98662  1.00000
1.210000000e+00  0.00000  1.00000  0.08594  0.78340  0.00000  0.00000  0.98705  1.00000
1.220000000e+00  0.00000  1.00000  0.56733  0.84860  0.00000  0.00000  0.98747  1.00000
1.230000000e+00  0.00000  1.00000  0.39060  0.88765  0.00000  0.00000  0.98787  1.00000
1.240000000e+00  0.00000  1.00000  0.83781  0.98071  0.00000  0.00000  0.98825  1.00000
1.250000000e+00  0.00000  1.00000  0.98850  0.99641  0.00000  0.00000  0.98862  1.00000
1.260000000e+00  0.00000  1.00000  0.95778  0.99658  0.00000  0.00000  0.98898  1.00000
1.270000000e+00  0.00000  1.00000  0.95949  0.98951  0.00000  0.00000  0.98932  1.00000
1.280000000e+00  0.00000  1.00000  0.99902  0.97710  0.00000  0.00000  0.98965  1.00000
1.290000000e+00  0.00000  1.00000  0.88095  0.93743  0.00000  0.00000  0.98996  1.00000
1.300000000e+00  0.00000  1.00000  0.82869  0.83660  0.00000  0.00000  0.99027  1.00000
1.310000000e+00  0.00000  1.00000  0.99204  0.71715  0.00000  0.00000  0.99056  1.00000
1.320000000e+00  0.00000  1.00000  0.41614  0.54616  0.00000  0.00000  0.99084  1.00000
1.330000000e+00  0.00000  1.00000  0.96750  0.39699  0.00000  0.00000  0.99111  1.00000
1.340000000e+00  0.00000  1.00000  0.56916  0.24439  0.00000  0.00000  0.99137  1.00000
1.350000000e+00  0.00000  1.00000  0.85159  0.01577  0.00000  0.00000  0.99162  1.00000
1.360000000e+00  0.00000  1.00000  0.98750  0.00000  0.00000  0.00000  0.99187  1.00000
1.370000000e+00  0.00000  1.00000  0.96987  0.00000  0.00000  0.00000  0.99210  1.00000
1.380000000e+00  0.00000  1.00000  0.96141  0.00000  0.00000  0.00000  0.99233  1.00000
1.390000000e+00  0.00000  1.00000  0.99279  0.00000  0.00000  0.00000  0.99254  1.00000
1.400000000e+00  0.00000  1.00000  0.99612  0.00001  0.00000  0.00000  0.99275  1.00000
1.410000000e+00  0.00000  1.00000  0.99980  0.00000  0.00000  0.00000  0.99296  1.00000
1.420000000e+00  0.00000  1.00000  0.99942  0.00157  0.00000  0.00000  0.99315  1.00000
1.430000000e+00  0.00000  1.00000  0.68579  0.00451  0.00000  0.00000  0.99334  1.00000
1.440000000e+00  0.00000  1.00000  0.00000  0.00499  0.00000  0.00000  0.99352  1.00000
1.450000000e+00  0.00000  1.00000  0.01216  0.03333  0.00000  0.00000  0.99370  1.00000
1.460000000e+00  0.00000  1.00000  0.63087  0.11642  0.00000  0.00000  0.99387  1.00000
1.470000000e+00  0.00000  1.00000  0.97354  0.03766  0.00000  0.00000  0.99403  1.00000
1.480000000e+00  0.00000  1.00000  0.41403  0.09204  0.00000  0.00000  0.99419  1.00000
1.490000000e+00  0.00000  1.00000  0.74676  0.09214  0.00000  0.00000  0.99435  1.00000
1.500000000e+00  0.00000  1.00000  0.55732  0.41481  0.00000  0.00000  0.99450  1.00000
1.510000000e+00  0.00000  1.00000  0.98130  0.56733  0.00000  0.00000  0.99464  1.00000
1.520000000e+00  0.00000  1.00000  0.98592  0.74311  0.00000  0.00000  0.99478  1.00000
1.530000000e+00  0.00000  1.00000  0.32254  0.82389  0.00000  0.00000  0.99491  1.00000
1.540000000e+00  0.00000  1.00000  0.13537  0.93598  0.00000  0.00000  0.99504  1.00000
1.550000000e+00  0.00000  1.00000  0.64798  0.96627  0.00000  0.00000  0.99517  1.00000
1.560000000e+00  0.00000  1.00000  0.93821  0.99060  0.00000  0.00000  0.99529  1.00000
1.570000000e+00  0.00000  1.00000  0.30347  0.98215  0.00000  0.00000  0.99541  1.00000
1.580000000e+00  0.00000  1.00000  0.00020  0.98574  0.00000  0.00000  0.99553  1.00000
1.590000000e+00  0.00000  1.00000  0.33719  0.98704  0.00000  0.00000  0.99564  1.00000
1.600000000e+00  0.00000  1.00000  0.21411  0.98017  0.00000  0.00000  0.99575  1.00000
1.610000000e+00  0.00000  1.00000  0.00214  0.99269  0.00000  0.00000  0.99585  1.00000
1.620000000e+00  0.00000  1.00000  0.01787  0.99277  0.00000  0.00000  0.99595  1.00000
1.630000000e+00  0.00000  1.00000  0.39015  0.99750  0.00000  0.00000  0.99605  1.00000
1.640000000e+00  0.00000  1.00000  0.30666  0.99242  0.00000  0.00000  0.99614  1.00000
1.650000000e+00  0.00000  1.00000  0.23307  0.97961  0.00000  0.00000  0.99624  1.00000
1.660000000e+00  0.00000  1.00000  0.38982  0.97701  0.00000  0.00000  0.99633  1.00000
1.670000000e+00  0.00000  1.00000  0.56006  0.97804  0.00000  0.00000  0.99641  1.00000
1.680000000e+00  0.00000  1.00000  0.79998  0.96612  0.00000  0.00000  0.99650  1.00000
1.690000000e+00  0.00000  1.00000  0.93726  0.97209  0.00000  0.00000  0.99658  1.00000
1.700000000e+00  0.00000  1.00000  0.98467  0.89939  0.00000  0.00000  0.99666  1.00000
1.710000000e+00  0.00000  1.00000  0.92868  0.89859  0.00000  0.00000  0.99674  1.00000
1.720000000e+00  0.00000  1.00000  0.96307  0.91691  0.00000  0.00000  0.99681  1.00000
1.730000000e+00  0.00000  1.00000  0.99257  0.86629  0.00000  0.00000  0.99689  1.00000
1.740000000e+00  0.00000  1.00000  0.99936  0.75662  0.00000  0.00000  0.99696  1.00000
1.750000000e+00  0.00000  1.00000  0.99894  0.69026  0.00000  0.00000  0.99702  1.00000
1.760000000e+00  0.00000  1.00000  0.89545  0.70110  0.00000  0.00000  0.99709  1.00000
1.770000000e+00  0.00000  1.00000  0.95750  0.53241  0.00000  0.00000  0.99716  1.00000
1.780000000e+00  0.00000  1.00000  0.99497  0.35782  0.00000  0.00000  0.99722  1.00000
1.790000000e+00  0.00000  1.00000  0.88009  0.20992  0.00000  0.00000  0.99728  1.00000
1.800000000e+00  0.00000  1.00000  0.94946  0.08850  0.00000  0.00000  0.99734  1.00000
1.810000000e+00  0.00000  1.00000  0.98711  0.01017  0.00000  0.00000  0.99740  1.00000
1.820000000e+00  0.00000  1.00000  0.99544  0.00057  0.00000  0.00000  0.99746  1.00000
1.830000000e+00  0.00000  1.00000  0.99924  0.00001  0.00000  0.00000  0.99751  1.00000
1.840000000e+00  0.00000  1.00000  0.99971  0.00000  0.00000  0.00000  0.99756  1.00000
1.850000000e+00  0.00000  1.00000  0.99751  0.00000  0.00000  0.00000  0.99762  1.00000
1.860000000e+00  0.00000  1.00000  0.99708  0.00000  0.00000  0.00000  0.99767  1.00000
1.870000000e+00  0.00000  1.00000  0.97865  0.00000  0.00000  0.00000  0.99772  1.00000
1.880000000e+00  0.00000  1.00000  0.10648  0.00000  0.00000  0.00000  0.99777  1.00000
1.890000000e+00  0.00000  1.00000  0.12399  0.00000  0.00000  0.00000  0.99781  1.00000
1.900000000e+00  0.00000  1.00000  0.51451  0.00001  0.00000  0.00000  0.99786  1.00000
1.910000000e+00  0.00000  1.00000  0.64268  0.00000  0.00000  0.00000  0.99790  1.00000
1.920000000e+00  0.00000  1.00000  0.86110  0.00000  0.00000  0.00000  0.99795  1.00000
1.930000000e+00  0.00000  1.00000  0.83957  0.00001  0.00000  0.00000  0.99799  1.00000
1.940000000e+00  0.00000  1.00000  0.18770  0.00035  0.00000  0.00000  0.99803  1.00000
1.950000000e+00  0.00000  1.00000  0.00000  0.00619  0.00000  0.00000  0.99807  1.00000
1.960000000e+00  0.00000  1.00000  0.00000  0.01793  0.00000  0.00000  0.99811  1.00000
1.970000000e+00  0.00000  1.00000  0.00000  0.23023  0.00000  0.00000  0.99815  1.00000
1.980000000e+00  0.00000  1.00000  0.00000  0.35397  0.00000  0.00000  0.99818  1.00000
1.990000000e+00  0.00000  1.00000  0.00399  0.41712  0.00000  0.00000  0.99822  1.00000
2.000000000e+00  0.00000  1.00000  0.00000  0.54790  0.00000  0.00000  0.99825  1.00000
2.010000000e+00  0.00000  1.00000  0.00000  0.44633  0.00000  0.00000  0.99829  1.00000
2.020000000e+00  0.00000  1.00000  0.00000  0.59843  0.00000  0.00000  0.99832  1.00000
2.030000000e+00  0.00000  1.00000  0.00000  0.81380  0.00000  0.00000  0.99836  1.00000
2.040000000e+00  0.00000  1.00000  0.00000  0.84280  0.00000  0.00000  0.99839  1.00000
2.050000000e+00  0.00000  1.00000  0.00000  0.92548  0.00000  0.00000  0.99842  1.00000
2.060000000e+00  0.00000  1.00000  0.00000  0.84744  0.00000  0.00000  0.99845  1.00000
2.070000000e+00  0.00000  1.00000  0.00000  0.87590  0.00000  0.00000  0.99848  1.00000
2.080000000e+00  0.00000  1.00000  0.00000  0.91829  0.00000  0.00000  0.99851  1.00000
2.090000000e+00  0.00000  1.00000  0.00000  0.91631  0.00000  0.00000  0.99854  1.00000
2.100000000e+00  0.00000  1.00000  0.00004  0.94964  0.00000  0.00000  0.99856  1.00000
2.110000000e+00  0.00000  1.00000  0.01822  0.95994  0.00000  0.00000  0.99859  1.00000
2.120000000e+00  0.00000  1.00000  0.06598  0.89615  0.00000  0.00000  0.99862  1.00000
2.130000000e+00  0.00000  1.00000  0.43628  0.85570  0.00000  0.00000  0.99864  1.00000
2.140000000e+00  0.00000  1.00000  0.63039  0.96539  0.00000  0.00000  0.99867  1.00000
2.150000000e+00  0.00000  1.00000  0.27454  0.98352  0.00000  0.00000  0.99869  1.00000
2.160000000e+00  0.00000  1.00000  0.34493  0.93692  0.00000  0.00000  0.99872  1.00000
2.170000000e+00  0.00000  1.00000  0.22834  0.86980  0.00000  0.00000  0.99874  1.00000
2.180000000e+00  0.00000  1.00000  0.53911  0.89242  0.00000  0.00000  0.99876  1.00000
2.190000000e+00  0.00000  1.00000  0.82994  0.77461  0.00000  0.00000  0.99879  1.00000
2.200000000e+00  0.00000  1.00000  0.88537  0.86036  0.00000  0.00000  0.99881  1.00000
2.210000000e+00  0.00000  1.00000  0.96443  0.90030  0.00000  0.00000  0.99883  1.00000
2.220000000e+00  0.00000  1.00000  0.95044  0.92373  0.00000  0.00000  0.99885  1.00000
2.230000000e+00  0.00000  1.00000  0.95405  0.94866  0.00000  0.00000  0.99887  1.00000
2.240000000e+00  0.00000  1.00000  0.98683  0.97583  0.00000  0.00000  0.99889  1.00000
2.250000000e+00  0.00000  1.00000  0.97803  0.97967  0.00000  0.00000  0.99891  1.00000
2.260000000e+00  0.00000  1.00000  0.94819  0.99214  0.00000  0.00000  0.99893  1.00000
2.270000000e+00  0.00000  1.00000  0.98749  0.98340  0.00000  0.00000  0.99895  1.00000
2.280000000e+00  0.00000  1.00000  0.97355  0.99692  0.00000  0.00000  0.99897  1.00000
2.290000000e+00  0.00000  1.00000  0.99184  0.98435  0.00000  0.00000  0.99898  1.00000
2.300000000e+00  0.00000  1.00000  0.99598  0.90992  0.00000  0.00000  0.99900  1.00000
2.310000000e+00  0.00000  1.00000  0.99744  0.97049  0.00000  0.00000  0.99902  1.00000
2.320000000e+00  0.00000  1.00000  0.99903  0.92618  0.00000  0.00000  0.99904  1.00000
2.330000000e+00  0.00000  1.00000  0.99988  0.91921  0.00000  0.00000  0.99905  1.00000
2.340000000e+00  0.00000  1.00000  0.99989  0.93604  0.00000  0.00000  0.99907  1.00000
2.350000000e+00  0.00000  1.00000  0.99987  0.83386  0.00000  0.00000  0.99908  1.00000
2.360000000e+00  0.00000  1.00000  0.99967  0.70217  0.00000  0.00000  0.99910  1.00000
2.370000000e+00  0.00000  1.00000  0.99821  0.72310  0.00000  0.00000  0.99911  1.00000
2.380000000e+00  0.00000  1.00000  0.99714  0.53618  0.00000  0.00000  0.99913  1.00000
2.390000000e+00  0.00000  1.00000  0.99066  0.42149  0.00000  0.00000  0.99914  1.00000
2.400000000e+00  0.00000  1.00000  0.98877  0.51566  0.00000  0.00000  0.99916  1.00000
2.410000000e+00  0.00000  1.00000  0.98698  0.34108  0.00000  0.00000  0.99917  1.00000
2.420000000e+00  0.00000  1.00000  0.99684  0.15695  0.00000  0.00000  0.99918  1.00000
2.430000000e+00  0.00000  1.00000  0.99991  0.35379  0.00000  0.00000  0.99920  1.00000
2.440000000e+00  0.00000  1.00000  0.99986  0.07451  0.00000  0.00000  0.99921  1.00000
2.450000000e+00  0.00000  1.00000  0.99965  0.13713  0.00000  0.00000  0.99922  1.00000
2.460000000e+00  0.00000  1.00000  0.99948  0.22217  0.00000  0.00000  0.99924  1.00000
2.470000000e+00  0.00000  1.00000  0.99227  0.18944  0.00000  0.00000  0.99925  1.00000
2.480000000e+00  0.00000  1.00000  0.96949  0.08932  0.00000  0.00000  0.99926  1.00000
2.490000000e+00  0.00000  1.00000  0.31720  0.00387  0.00000  0.00000  0.99927  1.00000
2.500000000e+00  0.00000  1.00000  0.73486  0.00355  0.00000  0.00000  0.99928  1.00000
2.510000000e+00  0.00000  1.00000  0.70306  0.00097  0.00000  0.00000  0.99930  1.00000
2.520000000e+00  0.00000  1.00000  0.68066  0.00023  0.00000  0.00000  0.99931  1.00000
2.530000000e+00  0.00000  1.00000  0.83630  0.00000  0.00000  0.00000  0.99932  1.00000
2.540000000e+00  0.00000  1.00000  0.89878  0.00000  0.00000  0.00000  0.99933  1.00000
2.550000000e+00  0.00000  1.00000  0.97451  0.00000  0.00000  0.00000  0.99934  1.00000
2.560000000e+00  0.00000  1.00000  0.94336  0.00000  0.00000  0.00000  0.99935  1.00000
2.570000000e+00  0.00000  1.00000  0.96621  0.00000  0.00000  0.00000  0.99936  1.00000
2.580000000e+00  0.00000  1.00000  0.78613  0.00000  0.00000  0.00000  0.99937  1.00000
2.590000000e+00  0.00000  1.00000  0.53921  0.00000  0.00000  0.00000  0.99938  1.00000
2.600000000e+00  0.00000  1.00000  0.64278  0.00000  0.00000  0.00000  0.99939  1.00000
2.610000000e+00  0.00000  1.00000  0.17953  0.00000  0.00000  0.00000  0.99940  1.00000
2.620000000e+00  0.00000  1.00000  0.06778  0.00000  0.00000  0.00000  0.99941  1.00000
2.630000000e+00  0.00000  1.00000  0.24264  0.00000  0.00000  0.00000  0.99942  1.00000
2.640000000e+00  0.00000  1.00000  0.20392  0.00000  0.00000  0.00000  0.99942  1.00000
2.650000000e+00  0.00000  1.00000  0.36674  0.00000  0.00000  0.00000  0.99943  1.00000
2.660000000e+00  0.00000  1.00000  0.00059  0.00000  0.00000  0.00000  0.99944  1.00000
2.670000000e+00  0.00000  1.00000  0.00000  0.00000  0.00000  0.00000  0.99945  1.00000
2.680000000e+00  0.00000  1.00000  0.00000  0.00000  0.00000  0.00000  0.99946  1.00000
2.690000000e+00  0.00000  1.00000  0.00000  0.00000  0.00000  0.00000  0.99947  1.00000
2.700000000e+00  0.00000  1.00000  0.00000  0.00000  0.00000  0.00000  0.99947  1.00000
2.710000000e+00  0.00000  1.00000  0.00000  0.00000  0.00000  0.00000  0.99948  1.00000
2.720000000e+00  0.00000  1.00000  0.00000  0.00000  0.00000  0.00000  0.99949  1.00000
2.730000000e+00  0.00000  1.00000  0.00000  0.00000  0.00000  0.00000  0.99950  1.00000
2.740000000e+00  0.00000  1.00000  0.00000  0.00000  0.00000  0.00000  0.99950  1.00000
2.750000000e+00  0.00000  1.00000  0.00000  0.00000  0.00000  0.00000  0.99951  1.00000
2.760000000e+00  0.00000  1.00000  0.00000  0.00000  0.00000  0.00000  0.99952  1.00000
2.770000000e+00  0.00000  1.00000  0.00000  0.00000  0.00000  0.00000  0.99952  1.00000
2.780000000e+00  0.00000  1.00000  0.00000  0.00000  0.00000  0.00000  0.99953  1.00000
2.790000000e+00  0.00000  1.00000  0.00000  0.00000  0.00000  0.00000  0.99954  1.00000
2.800000000e+00  0.00000  1.00000  0.00000  0.00000  0.00000  0.00000  0.99954  1.00000
2.810000000e+00  0.00000  1.00000  0.00000  0.00000  0.00000  0.00000  0.99955  1.00000
2.820000000e+00  0.00000  1.00000  0.00000  0.00000  0.00000  0.00000  0.99956  1.00000
2.830000000e+00  0.00000  1.00000  0.00000  0.00000  0.00000  0.00000  0.99956  1.00000
2.840000000e+00  0.00000  1.00000  0.00000  0.00000  0.00000  0.00000  0.99957  1.00000
2.850000000e+00  0.00000  1.00000  0.00000  0.00000  0.00000  0.00000  0.99958  1.00000
2.860000000e+00  0.00000  1.00000  0.00000  0.00000  0.00000  0.00000  0.99958  1.00000
2.870000000e+00  0.00000  1.00000  0.00000  0.00001  0.00000  0.00000  0.99959  1.00000
2.880000000e+00  0.00000  1.00000  0.00000  0.00004  0.00000  0.00000  0.99959  1.00000
2.890000000e+00  0.00000  1.00000  0.00002  0.00002  0.00000  0.00000  0.99960  1.00000
2.900000000e+00  0.00000  1.00000  0.00388  0.00283  0.00000  0.00000  0.99960  1.00000
2.910000000e+00  0.00000  1.00000  0.07966  0.00081  0.00000  0.00000  0.99961  1.00000
2.920000000e+00  0.00000  1.00000  0.34212  0.00117  0.00000  0.00000  0.99961  1.00000
2.930000000e+00  0.00000  1.00000  0.55325  0.00711  0.00000  0.00000  0.99962  1.00000
2.940000000e+00  0.00000  1.00000  0.68481  0.03352  0.00000  0.00000  0.99963  1.00000
2.950000000e+00  0.00000  1.00000  0.81946  0.00084  0.00000  0.00000  0.99963  1.00000
2.960000000e+00  0.00000  1.00000  0.41605  0.00976  0.00000  0.00000  0.99964  1.00000
2.970000000e+00  0.00000  1.00000  0.05066  0.03312  0.00000  0.00000  0.99964  1.00000
2.980000000e+00  0.00000  1.00000  0.00370  0.00004  0.00000  0.00000  0.99964  1.00000
2.990000000e+00  0.00000  1.00000  0.01449  0.04745  0.00000  0.00000  0.99965  1.00000
3.000000000e+00  0.00000  1.00000  0.28517  0.07678  0.00000  0.00000  0.99965  1.00000
3.010000000e+00  0.00000  1.00000  0.30102  0.05477  0.00000  0.00000  0.99966  1.00000
3.020000000e+00  0.00000  1.00000  0.05630  0.03841  0.00000  0.00000  0.99966  1.00000
3.030000000e+00  0.00000  1.00000  0.11378  0.03354  0.00000  0.00000  0.99967  1.00000
3.040000000e+00  0.00000  1.00000  0.31433  0.00519  0.00000  0.00000  0.99967  1.00000
3.050000000e+00  0.00000  1.00000  0.63409  0.00651  0.00000  0.00000  0.99968  1.00000
3.060000000e+00  0.00000  1.00000  0.68598  0.01256  0.00000  0.00000  0.99968  1.00000
3.070000000e+00  0.00000  1.00000  0.83499  0.00622  0.00000  0.00000  0.99968  1.00000
3.080000000e+00  0.00000  1.00000  0.87074  0.02553  0.00000  0.00000  0.99969  1.00000
3.090000000e+00  0.00000  1.00000  0.92978  0.00056  0.00000  0.00000  0.99969  1.00000
3.100000000e+00  0.00000  1.00000  0.89654  0.00052  0.00000  0.00000  0.99970  1.00000
3.110000000e+00  0.00000  1.00000  0.71667  0.00935  0.00000  0.00000  0.99970  1.00000
3.120000000e+00  0.00000  1.00000  0.49177  0.00133  0.00000  0.00000  0.99970  1.00000
3.130000000e+00  0.00000  1.00000  0.39826  0.05675  0.00000  0.00000  0.99971  1.00000
3.140000000e+00  0.00000  1.00000  0.55700  0.13306  0.00000  0.00000  0.99971  1.00000
3.150000000e+00  0.00000  1.00000  0.75814  0.02461  0.00000  0.00000  0.99972  1.00000
3.160000000e+00  0.00000  1.00000  0.60681  0.09711  0.00000  0.00000  0.99972  1.00000
3.170000000e+00  0.00000  1.00000  0.43541  0.63640  0.00000  0.00000  0.99972  1.00000
3.180000000e+00  0.00000  1.00000  0.49884  0.48360  0.00000  0.00000  0.99973  1.00000
3.190000000e+00  0.00000  1.00000  0.66782  0.20338  0.00000  0.00000  0.99973  1.00000
3.200000000e+00  0.00000  1.00000  0.83341  0.04561  0.00000  0.00000  0.99973  1.00000
3.210000000e+00  0.00000  1.00000  0.93360  0.00001  0.00000  0.00000  0.99974  1.00000
3.220000000e+00  0.00000  1.00000  0.91094  0.00008  0.00000  0.00000  0.99974  1.00000
3.230000000e+00  0.00000  1.00000  0.90405  0.00174  0.00000  0.00000  0.99974  1.00000
3.240000000e+00  0.00000  1.00000  0.94957  0.10683  0.00000  0.00000  0.99975  1.00000
3.250000000e+00  0.00000  1.00000  0.98772  0.03472  0.00000  0.00000  0.99975  1.00000
3.260000000e+00  0.00000  1.00000  0.99653  0.26385  0.00000  0.00000  0.99975  1.00000
3.270000000e+00  0.00000  1.00000  0.99612  0.01518  0.00000  0.00000  0.99975  1.00000
3.280000000e+00  0.00000  1.00000  0.99675  0.04695  0.00000  0.00000  0.99976  1.00000
3.290000000e+00  0.00000  1.00000  0.99852  0.27050  0.00000  0.00000  0.99976  1.00000
3.300000000e+00  0.00000  1.00000  0.99935  0.12580  0.00000  0.00000  0.99976  1.00000
3.310000000e+00  0.00000  1.00000  0.99948  0.01378  0.00000  0.00000  0.99977  1.00000
3.320000000e+00  0.00000  1.00000  0.99900  0.17503  0.00000  0.00000  0.99977  1.00000
3.330000000e+00  0.00000  1.00000  0.99373  0.05255  0.00000  0.00000  0.99977  1.00000
3.340000000e+00  0.00000  1.00000  0.97874  0.33848  0.00000  0.00000  0.99977  0.99984
3.350000000e+00  0.00000  1.00000  0.96610  0.11510  0.00000  0.00000  0.99978  0.99979
3.360000000e+00  0.00000  1.00000  0.86167  0.11698  0.00000  0.00000  0.99978  0.99985
3.370000000e+00  0.00000  1.00000  0.96004  0.16496  0.00000  0.00000  0.99978  0.99974
3.380000000e+00  0.00000  1.00000  0.97141  0.27532  0.00000  0.00000  0.99978  0.99990
3.390000000e+00  0.00000  1.00000  0.98467  0.41639  0.00000  0.00000  0.99979  0.99987
3.400000000e+00  0.00000  1.00000  0.99442  0.62948  0.00000  0.00000  0.99979  0.99994
3.410000000e+00  0.00000  1.00000  0.99795  0.47387  0.00000  0.00000  0.99979  0.99995
3.420000000e+00  0.00000  1.00000  0.99930  0.60168  0.00000  0.00000  0.99979  1.00000
3.430000000e+00  0.00000  1.00000  0.99911  0.86220  0.00000  0.00000  0.99980  0.99992
3.440000000e+00  0.00000  1.00000  0.99932  0.74770  0.00000  0.00000  0.99980  0.99987
3.450000000e+00  0.00000  1.00000  0.99654  0.75298  0.00000  0.00000  0.99980  0.99971
3.460000000e+00  0.00000  1.00000  0.99739  0.70231  0.00000  0.00000  0.99980  0.99989
3.470000000e+00  0.00000  1.00000  0.99906  0.84685  0.00000  0.00000  0.99981  0.99974
3.480000000e+00  0.00000  1.00000  0.99934  0.79594  0.00000  0.00000  0.99981  0.99983
3.490000000e+00  0.00000  1.00000  0.99957  0.83636  0.00000  0.00000  0.99981  0.99983
3.500000000e+00  0.00000  1.00000  0.99959  0.80283  0.00000  0.00000  0.99981  0.99990
3.510000000e+00  0.00000  1.00000  0.99928  0.82121  0.00000  0.00000  0.99981  0.99997
3.520000000e+00  0.00000  1.00000  0.99810  0.75116  0.00000  0.00000  0.99982  0.99996
3.530000000e+00  0.00000  1.00000  0.99500  0.71567  0.00000  0.00000  0.99982  0.99994
3.540000000e+00  0.00000  1.00000  0.98889  0.69505  0.00000  0.00000  0.99982  0.99989
3.550000000e+00  0.00000  1.00000  0.97633  0.65591  0.00000  0.00000  0.99982  0.99991
3.560000000e+00  0.00000  1.00000  0.94851  0.53955  0.00000  0.00000  0.99983  0.99966
3.570000000e+00  0.00000  1.00000  0.90669  0.68550  0.00000  0.00000  0.99983  0.99966
3.580000000e+00  0.00000  1.00000  0.87550  0.61758  0.00000  0.00000  0.99983  0.99937
3.590000000e+00  0.00000  1.00000  0.82049  0.72391  0.00000  0.00000  0.99983  0.99936
3.600000000e+00  0.00000  1.00000  0.66983  0.61651  0.00000  0.00000  0.99983  0.99943
3.610000000e+00  0.00000  1.00000  0.54028  0.81602  0.00000  0.00000  0.99983  0.99946
3.620000000e+00  0.00000  1.00000  0.48867  0.65287  0.00000  0.00000  0.99984  0.99931
3.630000000e+00  0.00000  1.00000  0.68094  0.80426  0.00000  0.00000  0.99984  0.99916
3.640000000e+00  0.00000  1.00000  0.64070  0.70067  0.00000  0.00000  0.99984  0.99890
3.650000000e+00  0.00000  1.00000  0.51568  0.91642  0.00000  0.00000  0.99984  0.99872
3.660000000e+00  0.00000  1.00000  0.61885  0.75540  0.00000  0.00000  0.99984  0.99861
3.670000000e+00  0.00000  1.00000  0.80767  0.76526  0.00000  0.00000  0.99985  0.99848
3.680000000e+00  0.00000  1.00000  0.93360  0.37017  0.00000  0.00000  0.99985  0.99824
3.690000000e+00  0.00000  1.00000  0.96885  0.51526  0.00000  0.00000  0.99985  0.99787
3.700000000e+00  0.00000  1.00000  0.97979  0.75288  0.00000  0.00000  0.99985  0.99759
3.710000000e+00  0.00000  1.00000  0.98901  0.90000  0.00000  0.00000  0.99985  0.99611
3.720000000e+00  0.00000  1.00000  0.97952  0.68267  0.00000  0.00000  0.99985  0.99509
3.730000000e+00  0.00000  1.00000  0.97822  0.82620  0.00000  0.00000  0.99985  0.99461
3.740000000e+00  0.00000  1.00000  0.97746  0.68928  0.00000  0.00000  0.99986  0.99400
3.750000000e+00  0.00000  1.00000  0.94045  0.78513  0.00000  0.00000  0.99986  0.99321
3.760000000e+00  0.00000  1.00000  0.84569  0.73703  0.00000  0.00000  0.99986  0.99230
3.770000000e+00  0.00000  1.00000  0.72144  0.68041  0.00000  0.00000  0.99986  0.99131
3.780000000e+00  0.00000  1.00000  0.54844  0.70044  0.00000  0.00000  0.99986  0.98998
3.790000000e+00  0.00000  1.00000  0.37554  0.75723  0.00000  0.00000  0.99986  0.98837
3.800000000e+00  0.00000  1.00000  0.14879  0.70347  0.00000  0.00000  0.99987  0.98668
3.810000000e+00  0.00000  1.00000  0.04044  0.86924  0.00000  0.00000  0.99987  0.98468
3.820000000e+00  0.00000  1.00000  0.06372  0.67147  0.00000  0.00000  0.99987  0.98257
3.830000000e+00  0.00000  1.00000  0.26153  0.85129  0.00000  0.00000  0.99987  0.98016
3.840000000e+00  0.00000  1.00000  0.12896  0.73038  0.00000  0.00000  0.99987  0.97733
3.850000000e+00  0.00000  1.00000  0.06696  0.86016  0.00000  0.00000  0.99987  0.97401
3.860000000e+00  0.00000  1.00000  0.12110  0.83196  0.00000  0.00000  0.99987  0.97024
3.870000000e+00  0.00000  1.00000  0.28956  0.87508  0.00000  0.00000  0.99987  0.96608
3.880000000e+00  0.00000  1.00000  0.53536  0.87042  0.00000  0.00000  0.99988  0.96131
3.890000000e+00  0.00000  1.00000  0.75531  0.90012  0.00000  0.00000  0.99988  0.95581
3.900000000e+00  0.00000  1.00000  0.90334  0.93527  0.00000  0.00000  0.99988  0.94963
3.910000000e+00  0.00000  1.00000  0.95961  0.88764  0.00000  0.00000  0.99988  0.94262
3.920000000e+00  0.00000  1.00000  0.96426  0.97449  0.00000  0.00000  0.99988  0.93445
3.930000000e+00  0.00000  1.00000  0.92674  0.94468  0.00000  0.00000  0.99988  0.92508
3.940000000e+00  0.00000  1.00000  0.84389  0.97582  0.00000  0.00000  0.99988  0.91425
3.950000000e+00  0.00000  1.00000  0.71831  0.97934  0.00000  0.00000  0.99988  0.90201
3.960000000e+00  0.00000  1.00000  0.50247  0.96584  0.00000  0.00000  0.99989  0.88756
3.970000000e+00  0.00000  1.00000  0.33175  0.99047  0.00000  0.00000  0.99989  0.87105
3.980000000e+00  0.00000  1.00000  0.18125  0.97881  0.00000  0.00000  0.99989  0.85268
3.990000000e+00  0.00000  1.00000  0.13198  0.99322  0.00000  0.00000  0.99989  0.83174
4.000000000e+00  0.00000  1.00000  0.30889  0.99089  0.00000  0.00000  0.99989  0.80789
4.010000000e+00  0.00000  1.00000  0.38150  0.99082  0.00000  0.00000  0.99989  0.78180
4.020000000e+00  0.00000  1.00000  0.17041  0.99750  0.00000  0.00000  0.99989  0.75351
4.030000000e+00  0.00000  1.00000  0.14825  0.99094  0.00000  0.00000  0.99989  0.72362
4.040000000e+00  0.00000  1.00000  0.20558  0.99534  0.00000  0.00000  0.99989  0.69225
4.050000000e+00  0.00000  1.00000  0.34344  0.99580  0.00000  0.00000  0.99990  0.65920
4.060000000e+00  0.00000  1.00000  0.51195  0.99478  0.00000  0.00000  0.99990  0.62608
4.070000000e+00  0.00000  1.00000  0.56464  0.99458  0.00000  0.00000  0.99990  0.59286
4.080000000e+00  0.00000  1.00000  0.27423  0.99743  0.00000  0.00000  0.99990  0.56130
4.090000000e+00  0.00000  1.00000  0.08350  0.99718  0.00000  0.00000  0.99990  0.53189
4.100000000e+00  0.00000  1.00000  0.03675  0.99749  0.00000  0.00000  0.99990  0.50452
4.110000000e+00  0.00000  1.00000  0.04750  0.99096  0.00000  0.00000  0.99990  0.48021
4.120000000e+00  0.00000  1.00000  0.20744  0.99751  0.00000  0.00000  0.99990  0.45935
4.130000000e+00  0.00000  1.00000  0.25691  0.99386  0.00000  0.00000  0.99990  0.44196
4.140000000e+00  0.00000  1.00000  0.11266  0.99592  0.00000  0.00000  0.99990  0.42828
4.150000000e+00  0.00000  1.00000  0.04652  0.99870  0.00000  0.00000  0.99990  0.41810
4.160000000e+00  0.00000  1.00000  0.00021  0.99301  0.00000  0.00000  0.99991  0.41186
4.170000000e+00  0.00000  1.00000  0.00000  0.99583  0.00000  0.00000  0.99991  0.40839
4.180000000e+00  0.00000  1.00000  0.00000  0.99506  0.00000  0.00000  0.99991  0.40975
4.190000000e+00  0.00000  1.00000  0.00000  0.99503  0.00000  0.00000  0.99991  0.41187
4.200000000e+00  0.00000  1.00000  0.00000  0.99444  0.00000  0.00000  0.99991  0.41712
4.210000000e+00  0.00000  1.00000  0.00000  0.99138  0.00000  0.00000  0.99991  0.42026
4.220000000e+00  0.00000  1.00000  0.00000  0.99170  0.00000  0.00000  0.99991  0.42106
4.230000000e+00  0.00000  1.00000  0.00000  0.99089  0.00000  0.00000  0.99991  0.41830
4.240000000e+00  0.00000  1.00000  0.00000  0.99314  0.00000  0.00000  0.99991  0.41004
4.250000000e+00  0.00000  1.00000  0.00000  0.98291  0.00000  0.00000  0.99991  0.39455
4.260000000e+00  0.00000  1.00000  0.00000  0.97869  0.00000  0.00000  0.99991  0.36559
4.270000000e+00  0.00000  1.00000  0.00000  0.99256  0.00000  0.00000  0.99991  0.32276
4.280000000e+00  0.00000  1.00000  0.00000  0.96943  0.00000  0.00000  0.99992  0.29337
4.290000000e+00  0.00000  1.00000  0.00000  0.96483  0.00000  0.00000  0.99992  0.27547
4.300000000e+00  0.00000  1.00000  0.00000  0.96035  0.00000  0.00000  0.99992  0.28024
4.310000000e+00  0.00000  1.00000  0.00000  0.93266  0.00000  0.00000  0.99992  0.30783
4.320000000e+00  0.00000  1.00000  0.00000  0.94576  0.00000  0.00000  0.99992  0.34770
4.330000000e+00  0.00000  1.00000  0.00000  0.94431  0.00000  0.00000  0.99992  0.40209
4.340000000e+00  0.00000  1.00000  0.00000  0.93287  0.00000  0.00000  0.99992  0.44748
4.350000000e+00  0.00000  1.00000  0.00000  0.92739  0.00000  0.00000  0.99992  0.48198
4.360000000e+00  0.00000  1.00000  0.00000  0.90349  0.00000  0.00000  0.99992  0.50695
4.370000000e+00  0.00000  1.00000  0.00000  0.80912  0.00000  0.00000  0.99992  0.52488
4.380000000e+00  0.00000  1.00000  0.00000  0.93200  0.00000  0.00000  0.99992  0.53832
4.390000000e+00  0.00000  1.00000  0.00000  0.90556  0.00000  0.00000  0.99992  0.55055
4.400000000e+00  0.00000  1.00000  0.00000  0.86015  0.00000  0.00000  0.99992  0.55914
4.410000000e+00  0.00000  1.00000  0.00000  0.73429  0.00000  0.00000  0.99993  0.57032
4.420000000e+00  0.00000  1.00000  0.00000  0.95433  0.00000  0.00000  0.99993  0.58100
4.430000000e+00  0.00000  1.00000  0.00000  0.84278  0.00000  0.00000  0.99993  0.59342
4.440000000e+00  0.00000  1.00000  0.00000  0.67565  0.00000  0.00000  0.99993  0.60675
4.450000000e+00  0.00000  1.00000  0.00000  0.74341  0.00000  0.00000  0.99993  0.62241
4.460000000e+00  0.00000  1.00000  0.00000  0.77443  0.00000  0.00000  0.99993  0.63794
4.470000000e+00  0.00000  1.00000  0.00000  0.79583  0.00000  0.00000  0.99993  0.65689
4.480000000e+00  0.00000  1.00000  0.00000  0.76988  0.00000  0.00000  0.99993  0.67463
4.490000000e+00  0.00000  1.00000  0.00000  0.81799  0.00000  0.00000  0.99993  0.69517
4.500000000e+00  0.00000  1.00000  0.00000  0.84483  0.00000  0.00000  0.99993  0.71417
4.510000000e+00  0.00000  1.00000  0.00000  0.83584  0.00000  0.00000  0.99993  0.73492
4.520000000e+00  0.00000  1.00000  0.00000  0.75947  0.00000  0.00000  0.99993  0.75510
4.530000000e+00  0.00000  1.00000  0.00000  0.62686  0.00000  0.00000  0.99993  0.77482
4.540000000e+00  0.00000  1.00000  0.00002  0.60537  0.00000  0.00000  0.99993  0.79422
4.550000000e+00  0.00000  1.00000  0.00018  0.79573  0.00000  0.00000  0.99993  0.81284
4.560000000e+00  0.00000  1.00000  0.00413  0.89212  0.00000  0.00000  0.99993  0.83067
4.570000000e+00  0.00000  1.00000  0.03041  0.78380  0.00000  0.00000  0.99993  0.84681
4.580000000e+00  0.00000  1.00000  0.10846  0.67810  0.00000  0.00000  0.99994  0.86260
4.590000000e+00  0.00000  1.00000  0.15910  0.74789  0.00000  0.00000  0.99994  0.87700
4.600000000e+00  0.00000  1.00000  0.23651  0.78624  0.00000  0.00000  0.99994  0.89023
4.610000000e+00  0.00000  1.00000  0.29666  0.82571  0.00000  0.00000  0.99994  0.90243
4.620000000e+00  0.00000  1.00000  0.24630  0.77582  0.00000  0.00000  0.99994  0.91358
4.630000000e+00  0.00000  1.00000  0.10952  0.57041  0.00000  0.00000  0.99994  0.92363
4.640000000e+00  0.00000  1.00000  0.08395  0.57991  0.00000  0.00000  0.99994  0.93269
4.650000000e+00  0.00000  1.00000  0.06820  0.59625  0.00000  0.00000  0.99994  0.94088
4.660000000e+00  0.00000  1.00000  0.06839  0.53005  0.00000  0.00000  0.99994  0.94823
4.670000000e+00  0.00000  1.00000  0.07500  0.45836  0.00000  0.00000  0.99994  0.95445
4.680000000e+00  0.00000  1.00000  0.02670  0.46595  0.00000  0.00000  0.99994  0.95958
4.690000000e+00  0.00000  1.00000  0.01162  0.19180  0.00000  0.00000  0.99994  0.96461
4.700000000e+00  0.00000  1.00000  0.00129  0.84550  0.00000  0.00000  0.99994  0.96884
4.710000000e+00  0.00000  1.00000  0.00004  0.73897  0.00000  0.00000  0.99994  0.97243
4.720000000e+00  0.00000  1.00000  0.00002  0.40322  0.00000  0.00000  0.99994  0.97583
4.730000000e+00  0.00000  1.00000  0.00000  0.55235  0.00000  0.00000  0.99994  0.97843
4.740000000e+00  0.00000  1.00000  0.00000  0.39309  0.00000  0.00000  0.99994  0.98124
4.750000000e+00  0.00000  1.00000  0.00000  0.63021  0.00000  0.00000  0.99994  0.98351
4.760000000e+00  0.00000  1.00000  0.00000  0.51745  0.00000  0.00000  0.99994  0.98557
4.770000000e+00  0.00000  1.00000  0.00000  0.52791  0.00000  0.00000  0.99995  0.98735
4.780000000e+00  0.00000  1.00000  0.00000  0.38948  0.00000  0.00000  0.99995  0.98835
4.790000000e+00  0.00000  1.00000  0.00000  0.22252  0.00000  0.00000  0.99995  0.98976
4.800000000e+00  0.00000  1.00000  0.00000  0.27207  0.00000  0.00000  0.99995  0.99146
4.810000000e+00  0.00000  1.00000  0.00000  0.43045  0.00000  0.00000  0.99995  0.99265
4.820000000e+00  0.00000  1.00000  0.00000  0.36983  0.00000  0.00000  0.99995  0.99355
4.830000000e+00  0.00000  1.00000  0.00000  0.21391  0.00000  0.00000  0.99995  0.99454
4.840000000e+00  0.00000  1.00000  0.00000  0.40718  0.00000  0.00000  0.99995  0.99270
4.850000000e+00  0.00000  1.00000  0.00000  0.10560  0.00000  0.00000  0.99995  0.99479
4.860000000e+00  0.00000  1.00000  0.00000  0.06356  0.00000  0.00000  0.99995  0.99637
4.870000000e+00  0.00000  1.00000  0.00000  0.55052  0.00000  0.00000  0.99995  0.99693
4.880000000e+00  0.00000  1.00000  0.00000  0.54570  0.00000  0.00000  0.99995  0.99728
4.890000000e+00  0.00000  1.00000  0.00000  0.47981  0.00000  0.00000  0.99995  0.99714
4.900000000e+00  0.00000  1.00000  0.00000  0.06136  0.00000  0.00000  0.99995  0.99570
4.910000000e+00  0.00000  1.00000  0.00000  0.03315  0.00000  0.00000  0.99995  0.99785
4.920000000e+00  0.00000  1.00000  0.00000  0.22762  0.00000  0.00000  0.99995  0.99819
4.930000000e+00  0.00000  1.00000  0.00000  0.46142  0.00000  0.00000  0.99995  0.99837
4.940000000e+00  0.00000  1.00000  0.00011  0.22743  0.00000  0.00000  0.99995  0.99839
4.950000000e+00  0.00000  1.00000  0.00053  0.05301  0.00000  0.00000  0.99995  0.99725
4.960000000e+00  0.00000  1.00000  0.00126  0.01417  0.00000  0.00000  0.99995  0.99182
4.970000000e+00  0.00000  1.00000  0.01061  0.00577  0.00000  0.00000  0.99995  0.99886
4.980000000e+00  0.00000  1.00000  0.03157  0.12085  0.00000  0.00000  0.99995  0.99895
4.990000000e+00  0.00000  1.00000  0.08095  0.03008  0.00000  0.00000  0.99995  0.99918
5.000000000e+00  0.00000  1.00000  0.07427  0.22127  0.00000  0.00000  0.99995  0.99921
