# ------------------------------------------------------------------------
# NASA-GSFC Planetary Spectrum Generator (PSG, Villanueva et al. 2015)
# Atmospheric transmittance spectrum synthesized with PUMAS (Villanueva et al. 2016, Smith et al. 2009, Edwards 1992)
# Synthesized on Tue Nov 21 15:11:02 2017
# Molecular abundance profile: 
# Molecules considered: N2,CO2,H2O
# Molecular sources: HIT[22],HIT[2],HIT[1]
# Molecular abundances: 1,1,1
# Molecular abundance units: scl,scl,scl
# Collission-Induced-Absorption:  N2-N2(3.33-5.41um)
# Rayleigh scattering included
# ------------------------------------------------------------------------
# Aerosols considered: WaterIce,Cloud
# Aerosols sources: CRISM_Wolff[reff=2.0um 0.31-99.57um],White_GSFC[reff=1.0um 0.10-1000000.00um]
# Aerosols opacities: 1,1
# Aerosols opacity units: scl,scl
# ------------------------------------------------------------------------
# Spectral unit: Wavelength [um]
# Wave/freq Total N2 CO2 H2O WaterIce Cloud Rayleigh CIA
1.000000000e+00  0.00000  1.00000  0.99996  0.97479  0.00000  0.00000  0.97247  1.00000
1.010000000e+00  0.00000  1.00000  0.99999  0.96592  0.00000  0.00000  0.97353  1.00000
1.020000000e+00  0.00000  1.00000  1.00000  0.98402  0.00000  0.00000  0.97454  1.00000
1.030000000e+00  0.00000  1.00000  0.99999  0.98648  0.00000  0.00000  0.97550  1.00000
1.040000000e+00  0.00000  1.00000  0.79621  0.99840  0.00000  0.00000  0.97642  1.00000
1.050000000e+00  0.00000  1.00000  0.98661  0.99939  0.00000  0.00000  0.97729  1.00000
1.060000000e+00  0.00000  1.00000  0.96716  0.99821  0.00000  0.00000  0.97813  1.00000
1.070000000e+00  0.00000  1.00000  0.94050  0.98751  0.00000  0.00000  0.97893  1.00000
1.080000000e+00  0.00000  1.00000  0.99395  0.93990  0.00000  0.00000  0.97969  1.00000
1.090000000e+00  0.00000  1.00000  0.99963  0.88617  0.00000  0.00000  0.98042  1.00000
1.100000000e+00  0.00000  1.00000  0.99829  0.76371  0.00000  0.00000  0.98111  1.00000
1.110000000e+00  0.00000  1.00000  1.00000  0.49788  0.00000  0.00000  0.98178  1.00000
1.120000000e+00  0.00000  1.00000  0.97624  0.07905  0.00000  0.00000  0.98241  1.00000
1.130000000e+00  0.00000  1.00000  0.99657  0.01948  0.00000  0.00000  0.98302  1.00000
1.140000000e+00  0.00000  1.00000  0.99262  0.17926  0.00000  0.00000  0.98361  1.00000
1.150000000e+00  0.00000  1.00000  0.99779  0.09013  0.00000  0.00000  0.98416  1.00000
1.160000000e+00  0.00000  1.00000  0.99755  0.30618  0.00000  0.00000  0.98470  1.00000
1.170000000e+00  0.00000  1.00000  0.99992  0.57448  0.00000  0.00000  0.98521  1.00000
1.180000000e+00  0.00000  1.00000  0.99951  0.71707  0.00000  0.00000  0.98570  1.00000
1.190000000e+00  0.00000  1.00000  0.99995  0.65559  0.00000  0.00000  0.98617  1.00000
1.200000000e+00  0.00000  1.00000  0.99982  0.68125  0.00000  0.00000  0.98663  1.00000
1.210000000e+00  0.00000  1.00000  0.08549  0.79354  0.00000  0.00000  0.98706  1.00000
1.220000000e+00  0.00000  1.00000  0.56888  0.85685  0.00000  0.00000  0.98748  1.00000
1.230000000e+00  0.00000  1.00000  0.39402  0.89369  0.00000  0.00000  0.98788  1.00000
1.240000000e+00  0.00000  1.00000  0.83938  0.98247  0.00000  0.00000  0.98826  1.00000
1.250000000e+00  0.00000  1.00000  0.98871  0.99679  0.00000  0.00000  0.98863  1.00000
1.260000000e+00  0.00000  1.00000  0.95789  0.99689  0.00000  0.00000  0.98898  1.00000
1.270000000e+00  0.00000  1.00000  0.95960  0.99045  0.00000  0.00000  0.98933  1.00000
1.280000000e+00  0.00000  1.00000  0.99904  0.97869  0.00000  0.00000  0.98965  1.00000
1.290000000e+00  0.00000  1.00000  0.88210  0.94294  0.00000  0.00000  0.98997  1.00000
1.300000000e+00  0.00000  1.00000  0.82889  0.84669  0.00000  0.00000  0.99027  1.00000
1.310000000e+00  0.00000  1.00000  0.99211  0.73267  0.00000  0.00000  0.99056  1.00000
1.320000000e+00  0.00000  1.00000  0.41558  0.56381  0.00000  0.00000  0.99085  1.00000
1.330000000e+00  0.00000  1.00000  0.96831  0.41608  0.00000  0.00000  0.99112  1.00000
1.340000000e+00  0.00000  1.00000  0.56862  0.26423  0.00000  0.00000  0.99138  1.00000
1.350000000e+00  0.00000  1.00000  0.85268  0.02021  0.00000  0.00000  0.99163  1.00000
1.360000000e+00  0.00000  1.00000  0.98781  0.00000  0.00000  0.00000  0.99187  1.00000
1.370000000e+00  0.00000  1.00000  0.96997  0.00000  0.00000  0.00000  0.99211  1.00000
1.380000000e+00  0.00000  1.00000  0.96146  0.00000  0.00000  0.00000  0.99233  1.00000
1.390000000e+00  0.00000  1.00000  0.99288  0.00000  0.00000  0.00000  0.99255  1.00000
1.400000000e+00  0.00000  1.00000  0.99613  0.00002  0.00000  0.00000  0.99276  1.00000
1.410000000e+00  0.00000  1.00000  0.99980  0.00000  0.00000  0.00000  0.99296  1.00000
1.420000000e+00  0.00000  1.00000  0.99942  0.00238  0.00000  0.00000  0.99316  1.00000
1.430000000e+00  0.00000  1.00000  0.68529  0.00652  0.00000  0.00000  0.99335  1.00000
1.440000000e+00  0.00000  1.00000  0.00000  0.00689  0.00000  0.00000  0.99353  1.00000
1.450000000e+00  0.00000  1.00000  0.01292  0.03948  0.00000  0.00000  0.99370  1.00000
1.460000000e+00  0.00000  1.00000  0.64247  0.13203  0.00000  0.00000  0.99387  1.00000
1.470000000e+00  0.00000  1.00000  0.97492  0.04384  0.00000  0.00000  0.99404  1.00000
1.480000000e+00  0.00000  1.00000  0.41293  0.10459  0.00000  0.00000  0.99420  1.00000
1.490000000e+00  0.00000  1.00000  0.74958  0.10573  0.00000  0.00000  0.99435  1.00000
1.500000000e+00  0.00000  1.00000  0.55787  0.43845  0.00000  0.00000  0.99450  1.00000
1.510000000e+00  0.00000  1.00000  0.98156  0.58576  0.00000  0.00000  0.99464  1.00000
1.520000000e+00  0.00000  1.00000  0.98655  0.75750  0.00000  0.00000  0.99478  1.00000
1.530000000e+00  0.00000  1.00000  0.32582  0.83681  0.00000  0.00000  0.99492  1.00000
1.540000000e+00  0.00000  1.00000  0.13482  0.94149  0.00000  0.00000  0.99505  1.00000
1.550000000e+00  0.00000  1.00000  0.65037  0.96899  0.00000  0.00000  0.99517  1.00000
1.560000000e+00  0.00000  1.00000  0.93883  0.99156  0.00000  0.00000  0.99530  1.00000
1.570000000e+00  0.00000  1.00000  0.30820  0.98344  0.00000  0.00000  0.99541  1.00000
1.580000000e+00  0.00000  1.00000  0.00020  0.98677  0.00000  0.00000  0.99553  1.00000
1.590000000e+00  0.00000  1.00000  0.34230  0.98788  0.00000  0.00000  0.99564  1.00000
1.600000000e+00  0.00000  1.00000  0.21614  0.98136  0.00000  0.00000  0.99575  1.00000
1.610000000e+00  0.00000  1.00000  0.00213  0.99319  0.00000  0.00000  0.99585  1.00000
1.620000000e+00  0.00000  1.00000  0.01882  0.99321  0.00000  0.00000  0.99595  1.00000
1.630000000e+00  0.00000  1.00000  0.39649  0.99775  0.00000  0.00000  0.99605  1.00000
1.640000000e+00  0.00000  1.00000  0.30802  0.99298  0.00000  0.00000  0.99615  1.00000
1.650000000e+00  0.00000  1.00000  0.23180  0.98099  0.00000  0.00000  0.99624  1.00000
1.660000000e+00  0.00000  1.00000  0.39357  0.97897  0.00000  0.00000  0.99633  1.00000
1.670000000e+00  0.00000  1.00000  0.56374  0.98007  0.00000  0.00000  0.99642  1.00000
1.680000000e+00  0.00000  1.00000  0.80147  0.96942  0.00000  0.00000  0.99650  1.00000
1.690000000e+00  0.00000  1.00000  0.93787  0.97487  0.00000  0.00000  0.99658  1.00000
1.700000000e+00  0.00000  1.00000  0.98484  0.90613  0.00000  0.00000  0.99666  1.00000
1.710000000e+00  0.00000  1.00000  0.92861  0.90685  0.00000  0.00000  0.99674  1.00000
1.720000000e+00  0.00000  1.00000  0.96327  0.92270  0.00000  0.00000  0.99681  1.00000
1.730000000e+00  0.00000  1.00000  0.99268  0.87530  0.00000  0.00000  0.99689  1.00000
1.740000000e+00  0.00000  1.00000  0.99938  0.76984  0.00000  0.00000  0.99696  1.00000
1.750000000e+00  0.00000  1.00000  0.99894  0.70325  0.00000  0.00000  0.99703  1.00000
1.760000000e+00  0.00000  1.00000  0.89883  0.71780  0.00000  0.00000  0.99709  1.00000
1.770000000e+00  0.00000  1.00000  0.95906  0.55444  0.00000  0.00000  0.99716  1.00000
1.780000000e+00  0.00000  1.00000  0.99531  0.38526  0.00000  0.00000  0.99722  1.00000
1.790000000e+00  0.00000  1.00000  0.88456  0.23406  0.00000  0.00000  0.99728  1.00000
1.800000000e+00  0.00000  1.00000  0.95120  0.10699  0.00000  0.00000  0.99734  1.00000
1.810000000e+00  0.00000  1.00000  0.98792  0.01459  0.00000  0.00000  0.99740  1.00000
1.820000000e+00  0.00000  1.00000  0.99575  0.00098  0.00000  0.00000  0.99746  1.00000
1.830000000e+00  0.00000  1.00000  0.99930  0.00001  0.00000  0.00000  0.99751  1.00000
1.840000000e+00  0.00000  1.00000  0.99973  0.00000  0.00000  0.00000  0.99757  1.00000
1.850000000e+00  0.00000  1.00000  0.99759  0.00000  0.00000  0.00000  0.99762  1.00000
1.860000000e+00  0.00000  1.00000  0.99713  0.00000  0.00000  0.00000  0.99767  1.00000
1.870000000e+00  0.00000  1.00000  0.97887  0.00000  0.00000  0.00000  0.99772  1.00000
1.880000000e+00  0.00000  1.00000  0.10650  0.00000  0.00000  0.00000  0.99777  1.00000
1.890000000e+00  0.00000  1.00000  0.12477  0.00000  0.00000  0.00000  0.99781  1.00000
1.900000000e+00  0.00000  1.00000  0.51919  0.00002  0.00000  0.00000  0.99786  1.00000
1.910000000e+00  0.00000  1.00000  0.64869  0.00000  0.00000  0.00000  0.99790  1.00000
1.920000000e+00  0.00000  1.00000  0.86454  0.00001  0.00000  0.00000  0.99795  1.00000
1.930000000e+00  0.00000  1.00000  0.84402  0.00003  0.00000  0.00000  0.99799  1.00000
1.940000000e+00  0.00000  1.00000  0.19880  0.00068  0.00000  0.00000  0.99803  1.00000
1.950000000e+00  0.00000  1.00000  0.00000  0.00875  0.00000  0.00000  0.99807  1.00000
1.960000000e+00  0.00000  1.00000  0.00000  0.02454  0.00000  0.00000  0.99811  1.00000
1.970000000e+00  0.00000  1.00000  0.00000  0.25542  0.00000  0.00000  0.99815  1.00000
1.980000000e+00  0.00000  1.00000  0.00000  0.38056  0.00000  0.00000  0.99818  1.00000
1.990000000e+00  0.00000  1.00000  0.00423  0.44192  0.00000  0.00000  0.99822  1.00000
2.000000000e+00  0.00000  1.00000  0.00000  0.57057  0.00000  0.00000  0.99826  1.00000
2.010000000e+00  0.00000  1.00000  0.00000  0.47061  0.00000  0.00000  0.99829  1.00000
2.020000000e+00  0.00000  1.00000  0.00000  0.62016  0.00000  0.00000  0.99832  1.00000
2.030000000e+00  0.00000  1.00000  0.00000  0.82521  0.00000  0.00000  0.99836  1.00000
2.040000000e+00  0.00000  1.00000  0.00000  0.85343  0.00000  0.00000  0.99839  1.00000
2.050000000e+00  0.00000  1.00000  0.00000  0.93201  0.00000  0.00000  0.99842  1.00000
2.060000000e+00  0.00000  1.00000  0.00000  0.85758  0.00000  0.00000  0.99845  1.00000
2.070000000e+00  0.00000  1.00000  0.00000  0.88456  0.00000  0.00000  0.99848  1.00000
2.080000000e+00  0.00000  1.00000  0.00000  0.92343  0.00000  0.00000  0.99851  1.00000
2.090000000e+00  0.00000  1.00000  0.00000  0.92134  0.00000  0.00000  0.99854  1.00000
2.100000000e+00  0.00000  1.00000  0.00004  0.95316  0.00000  0.00000  0.99856  1.00000
2.110000000e+00  0.00000  1.00000  0.01983  0.96243  0.00000  0.00000  0.99859  1.00000
2.120000000e+00  0.00000  1.00000  0.06889  0.90130  0.00000  0.00000  0.99862  1.00000
2.130000000e+00  0.00000  1.00000  0.44418  0.86043  0.00000  0.00000  0.99864  1.00000
2.140000000e+00  0.00000  1.00000  0.63611  0.96746  0.00000  0.00000  0.99867  1.00000
2.150000000e+00  0.00000  1.00000  0.27646  0.98483  0.00000  0.00000  0.99869  1.00000
2.160000000e+00  0.00000  1.00000  0.34458  0.94008  0.00000  0.00000  0.99872  1.00000
2.170000000e+00  0.00000  1.00000  0.22874  0.87476  0.00000  0.00000  0.99874  1.00000
2.180000000e+00  0.00000  1.00000  0.54143  0.89723  0.00000  0.00000  0.99876  1.00000
2.190000000e+00  0.00000  1.00000  0.83147  0.78428  0.00000  0.00000  0.99879  1.00000
2.200000000e+00  0.00000  1.00000  0.88707  0.86748  0.00000  0.00000  0.99881  1.00000
2.210000000e+00  0.00000  1.00000  0.96485  0.90600  0.00000  0.00000  0.99883  1.00000
2.220000000e+00  0.00000  1.00000  0.95050  0.92856  0.00000  0.00000  0.99885  1.00000
2.230000000e+00  0.00000  1.00000  0.95414  0.95278  0.00000  0.00000  0.99887  1.00000
2.240000000e+00  0.00000  1.00000  0.98695  0.97788  0.00000  0.00000  0.99889  1.00000
2.250000000e+00  0.00000  1.00000  0.97825  0.98204  0.00000  0.00000  0.99891  1.00000
2.260000000e+00  0.00000  1.00000  0.94818  0.99297  0.00000  0.00000  0.99893  1.00000
2.270000000e+00  0.00000  1.00000  0.98753  0.98550  0.00000  0.00000  0.99895  1.00000
2.280000000e+00  0.00000  1.00000  0.97367  0.99735  0.00000  0.00000  0.99897  1.00000
2.290000000e+00  0.00000  1.00000  0.99199  0.98613  0.00000  0.00000  0.99898  1.00000
2.300000000e+00  0.00000  1.00000  0.99603  0.91808  0.00000  0.00000  0.99900  1.00000
2.310000000e+00  0.00000  1.00000  0.99747  0.97369  0.00000  0.00000  0.99902  1.00000
2.320000000e+00  0.00000  1.00000  0.99907  0.93413  0.00000  0.00000  0.99904  1.00000
2.330000000e+00  0.00000  1.00000  0.99989  0.92706  0.00000  0.00000  0.99905  1.00000
2.340000000e+00  0.00000  1.00000  0.99990  0.94138  0.00000  0.00000  0.99907  1.00000
2.350000000e+00  0.00000  1.00000  0.99987  0.84878  0.00000  0.00000  0.99908  1.00000
2.360000000e+00  0.00000  1.00000  0.99967  0.71816  0.00000  0.00000  0.99910  1.00000
2.370000000e+00  0.00000  1.00000  0.99823  0.74106  0.00000  0.00000  0.99911  1.00000
2.380000000e+00  0.00000  1.00000  0.99715  0.55596  0.00000  0.00000  0.99913  1.00000
2.390000000e+00  0.00000  1.00000  0.99069  0.44970  0.00000  0.00000  0.99914  1.00000
2.400000000e+00  0.00000  1.00000  0.98875  0.53716  0.00000  0.00000  0.99916  1.00000
2.410000000e+00  0.00000  1.00000  0.98696  0.36528  0.00000  0.00000  0.99917  1.00000
2.420000000e+00  0.00000  1.00000  0.99686  0.17806  0.00000  0.00000  0.99919  1.00000
2.430000000e+00  0.00000  1.00000  0.99991  0.37714  0.00000  0.00000  0.99920  1.00000
2.440000000e+00  0.00000  1.00000  0.99986  0.08565  0.00000  0.00000  0.99921  1.00000
2.450000000e+00  0.00000  1.00000  0.99965  0.15355  0.00000  0.00000  0.99922  1.00000
2.460000000e+00  0.00000  1.00000  0.99949  0.24467  0.00000  0.00000  0.99924  1.00000
2.470000000e+00  0.00000  1.00000  0.99262  0.21016  0.00000  0.00000  0.99925  1.00000
2.480000000e+00  0.00000  1.00000  0.97014  0.10477  0.00000  0.00000  0.99926  1.00000
2.490000000e+00  0.00000  1.00000  0.32479  0.00578  0.00000  0.00000  0.99927  1.00000
2.500000000e+00  0.00000  1.00000  0.73678  0.00517  0.00000  0.00000  0.99928  1.00000
2.510000000e+00  0.00000  1.00000  0.70657  0.00153  0.00000  0.00000  0.99930  1.00000
2.520000000e+00  0.00000  1.00000  0.68348  0.00047  0.00000  0.00000  0.99931  1.00000
2.530000000e+00  0.00000  1.00000  0.83987  0.00000  0.00000  0.00000  0.99932  1.00000
2.540000000e+00  0.00000  1.00000  0.90313  0.00000  0.00000  0.00000  0.99933  1.00000
2.550000000e+00  0.00000  1.00000  0.97574  0.00000  0.00000  0.00000  0.99934  1.00000
2.560000000e+00  0.00000  1.00000  0.94466  0.00000  0.00000  0.00000  0.99935  1.00000
2.570000000e+00  0.00000  1.00000  0.96765  0.00000  0.00000  0.00000  0.99936  1.00000
2.580000000e+00  0.00000  1.00000  0.79193  0.00000  0.00000  0.00000  0.99937  1.00000
2.590000000e+00  0.00000  1.00000  0.54583  0.00000  0.00000  0.00000  0.99938  1.00000
2.600000000e+00  0.00000  1.00000  0.65008  0.00000  0.00000  0.00000  0.99939  1.00000
2.610000000e+00  0.00000  1.00000  0.18900  0.00000  0.00000  0.00000  0.99940  1.00000
2.620000000e+00  0.00000  1.00000  0.07314  0.00000  0.00000  0.00000  0.99941  1.00000
2.630000000e+00  0.00000  1.00000  0.25141  0.00000  0.00000  0.00000  0.99942  1.00000
2.640000000e+00  0.00000  1.00000  0.21430  0.00000  0.00000  0.00000  0.99942  1.00000
2.650000000e+00  0.00000  1.00000  0.38100  0.00000  0.00000  0.00000  0.99943  1.00000
2.660000000e+00  0.00000  1.00000  0.00071  0.00000  0.00000  0.00000  0.99944  1.00000
2.670000000e+00  0.00000  1.00000  0.00000  0.00000  0.00000  0.00000  0.99945  1.00000
2.680000000e+00  0.00000  1.00000  0.00000  0.00000  0.00000  0.00000  0.99946  1.00000
2.690000000e+00  0.00000  1.00000  0.00000  0.00000  0.00000  0.00000  0.99947  1.00000
2.700000000e+00  0.00000  1.00000  0.00000  0.00000  0.00000  0.00000  0.99947  1.00000
2.710000000e+00  0.00000  1.00000  0.00000  0.00000  0.00000  0.00000  0.99948  1.00000
2.720000000e+00  0.00000  1.00000  0.00000  0.00000  0.00000  0.00000  0.99949  1.00000
2.730000000e+00  0.00000  1.00000  0.00000  0.00000  0.00000  0.00000  0.99950  1.00000
2.740000000e+00  0.00000  1.00000  0.00000  0.00000  0.00000  0.00000  0.99950  1.00000
2.750000000e+00  0.00000  1.00000  0.00000  0.00000  0.00000  0.00000  0.99951  1.00000
2.760000000e+00  0.00000  1.00000  0.00000  0.00000  0.00000  0.00000  0.99952  1.00000
2.770000000e+00  0.00000  1.00000  0.00000  0.00000  0.00000  0.00000  0.99952  1.00000
2.780000000e+00  0.00000  1.00000  0.00000  0.00000  0.00000  0.00000  0.99953  1.00000
2.790000000e+00  0.00000  1.00000  0.00000  0.00000  0.00000  0.00000  0.99954  1.00000
2.800000000e+00  0.00000  1.00000  0.00000  0.00000  0.00000  0.00000  0.99954  1.00000
2.810000000e+00  0.00000  1.00000  0.00000  0.00000  0.00000  0.00000  0.99955  1.00000
2.820000000e+00  0.00000  1.00000  0.00000  0.00000  0.00000  0.00000  0.99956  1.00000
2.830000000e+00  0.00000  1.00000  0.00000  0.00000  0.00000  0.00000  0.99956  1.00000
2.840000000e+00  0.00000  1.00000  0.00000  0.00000  0.00000  0.00000  0.99957  1.00000
2.850000000e+00  0.00000  1.00000  0.00000  0.00001  0.00000  0.00000  0.99958  1.00000
2.860000000e+00  0.00000  1.00000  0.00000  0.00000  0.00000  0.00000  0.99958  1.00000
2.870000000e+00  0.00000  1.00000  0.00000  0.00003  0.00000  0.00000  0.99959  1.00000
2.880000000e+00  0.00000  1.00000  0.00000  0.00009  0.00000  0.00000  0.99959  1.00000
2.890000000e+00  0.00000  1.00000  0.00003  0.00007  0.00000  0.00000  0.99960  1.00000
2.900000000e+00  0.00000  1.00000  0.00455  0.00453  0.00000  0.00000  0.99960  1.00000
2.910000000e+00  0.00000  1.00000  0.08657  0.00123  0.00000  0.00000  0.99961  1.00000
2.920000000e+00  0.00000  1.00000  0.35827  0.00187  0.00000  0.00000  0.99962  1.00000
2.930000000e+00  0.00000  1.00000  0.56530  0.01078  0.00000  0.00000  0.99962  1.00000
2.940000000e+00  0.00000  1.00000  0.69199  0.04405  0.00000  0.00000  0.99963  1.00000
2.950000000e+00  0.00000  1.00000  0.82698  0.00139  0.00000  0.00000  0.99963  1.00000
2.960000000e+00  0.00000  1.00000  0.42616  0.01384  0.00000  0.00000  0.99964  1.00000
2.970000000e+00  0.00000  1.00000  0.05320  0.04144  0.00000  0.00000  0.99964  1.00000
2.980000000e+00  0.00000  1.00000  0.00376  0.00007  0.00000  0.00000  0.99965  1.00000
2.990000000e+00  0.00000  1.00000  0.01436  0.05933  0.00000  0.00000  0.99965  1.00000
3.000000000e+00  0.00000  1.00000  0.28644  0.09042  0.00000  0.00000  0.99965  1.00000
3.010000000e+00  0.00000  1.00000  0.30371  0.06838  0.00000  0.00000  0.99966  1.00000
3.020000000e+00  0.00000  1.00000  0.05696  0.04710  0.00000  0.00000  0.99966  1.00000
3.030000000e+00  0.00000  1.00000  0.11646  0.04100  0.00000  0.00000  0.99967  1.00000
3.040000000e+00  0.00000  1.00000  0.32055  0.00737  0.00000  0.00000  0.99967  1.00000
3.050000000e+00  0.00000  1.00000  0.63904  0.00924  0.00000  0.00000  0.99968  1.00000
3.060000000e+00  0.00000  1.00000  0.68952  0.01510  0.00000  0.00000  0.99968  1.00000
3.070000000e+00  0.00000  1.00000  0.83660  0.00805  0.00000  0.00000  0.99968  1.00000
3.080000000e+00  0.00000  1.00000  0.87267  0.03177  0.00000  0.00000  0.99969  1.00000
3.090000000e+00  0.00000  1.00000  0.93179  0.00085  0.00000  0.00000  0.99969  1.00000
3.100000000e+00  0.00000  1.00000  0.89949  0.00075  0.00000  0.00000  0.99970  1.00000
3.110000000e+00  0.00000  1.00000  0.71967  0.01189  0.00000  0.00000  0.99970  1.00000
3.120000000e+00  0.00000  1.00000  0.49294  0.00161  0.00000  0.00000  0.99970  1.00000
3.130000000e+00  0.00000  1.00000  0.39794  0.06500  0.00000  0.00000  0.99971  1.00000
3.140000000e+00  0.00000  1.00000  0.55692  0.15204  0.00000  0.00000  0.99971  1.00000
3.150000000e+00  0.00000  1.00000  0.75970  0.02911  0.00000  0.00000  0.99972  1.00000
3.160000000e+00  0.00000  1.00000  0.60790  0.11099  0.00000  0.00000  0.99972  1.00000
3.170000000e+00  0.00000  1.00000  0.43638  0.65917  0.00000  0.00000  0.99972  1.00000
3.180000000e+00  0.00000  1.00000  0.50182  0.51097  0.00000  0.00000  0.99973  1.00000
3.190000000e+00  0.00000  1.00000  0.67186  0.22480  0.00000  0.00000  0.99973  1.00000
3.200000000e+00  0.00000  1.00000  0.83658  0.05133  0.00000  0.00000  0.99973  1.00000
3.210000000e+00  0.00000  1.00000  0.93560  0.00002  0.00000  0.00000  0.99974  1.00000
3.220000000e+00  0.00000  1.00000  0.91257  0.00016  0.00000  0.00000  0.99974  1.00000
3.230000000e+00  0.00000  1.00000  0.90595  0.00251  0.00000  0.00000  0.99974  1.00000
3.240000000e+00  0.00000  1.00000  0.95114  0.12019  0.00000  0.00000  0.99975  1.00000
3.250000000e+00  0.00000  1.00000  0.98825  0.04228  0.00000  0.00000  0.99975  1.00000
3.260000000e+00  0.00000  1.00000  0.99667  0.28948  0.00000  0.00000  0.99975  1.00000
3.270000000e+00  0.00000  1.00000  0.99628  0.01828  0.00000  0.00000  0.99975  1.00000
3.280000000e+00  0.00000  1.00000  0.99690  0.05560  0.00000  0.00000  0.99976  1.00000
3.290000000e+00  0.00000  1.00000  0.99859  0.29329  0.00000  0.00000  0.99976  1.00000
3.300000000e+00  0.00000  1.00000  0.99938  0.13905  0.00000  0.00000  0.99976  1.00000
3.310000000e+00  0.00000  1.00000  0.99950  0.01805  0.00000  0.00000  0.99977  1.00000
3.320000000e+00  0.00000  1.00000  0.99902  0.19757  0.00000  0.00000  0.99977  1.00000
3.330000000e+00  0.00000  1.00000  0.99379  0.06210  0.00000  0.00000  0.99977  1.00000
3.340000000e+00  0.00000  1.00000  0.97879  0.36521  0.00000  0.00000  0.99977  0.99988
3.350000000e+00  0.00000  1.00000  0.96610  0.13039  0.00000  0.00000  0.99978  0.99984
3.360000000e+00  0.00000  1.00000  0.86164  0.13611  0.00000  0.00000  0.99978  0.99989
3.370000000e+00  0.00000  1.00000  0.96015  0.18647  0.00000  0.00000  0.99978  0.99981
3.380000000e+00  0.00000  1.00000  0.97148  0.30381  0.00000  0.00000  0.99979  0.99993
3.390000000e+00  0.00000  1.00000  0.98475  0.44025  0.00000  0.00000  0.99979  0.99990
3.400000000e+00  0.00000  1.00000  0.99448  0.65687  0.00000  0.00000  0.99979  0.99995
3.410000000e+00  0.00000  1.00000  0.99800  0.49495  0.00000  0.00000  0.99979  0.99996
3.420000000e+00  0.00000  1.00000  0.99932  0.62593  0.00000  0.00000  0.99979  1.00000
3.430000000e+00  0.00000  1.00000  0.99912  0.87583  0.00000  0.00000  0.99980  0.99994
3.440000000e+00  0.00000  1.00000  0.99933  0.76943  0.00000  0.00000  0.99980  0.99990
3.450000000e+00  0.00000  1.00000  0.99658  0.76971  0.00000  0.00000  0.99980  0.99978
3.460000000e+00  0.00000  1.00000  0.99741  0.71973  0.00000  0.00000  0.99980  0.99991
3.470000000e+00  0.00000  1.00000  0.99907  0.85907  0.00000  0.00000  0.99981  0.99981
3.480000000e+00  0.00000  1.00000  0.99935  0.80890  0.00000  0.00000  0.99981  0.99987
3.490000000e+00  0.00000  1.00000  0.99958  0.84696  0.00000  0.00000  0.99981  0.99987
3.500000000e+00  0.00000  1.00000  0.99961  0.81629  0.00000  0.00000  0.99981  0.99993
3.510000000e+00  0.00000  1.00000  0.99932  0.83108  0.00000  0.00000  0.99982  0.99998
3.520000000e+00  0.00000  1.00000  0.99818  0.76523  0.00000  0.00000  0.99982  0.99997
3.530000000e+00  0.00000  1.00000  0.99519  0.72972  0.00000  0.00000  0.99982  0.99996
3.540000000e+00  0.00000  1.00000  0.98922  0.70944  0.00000  0.00000  0.99982  0.99992
3.550000000e+00  0.00000  1.00000  0.97690  0.67198  0.00000  0.00000  0.99982  0.99994
3.560000000e+00  0.00000  1.00000  0.94944  0.55512  0.00000  0.00000  0.99983  0.99974
3.570000000e+00  0.00000  1.00000  0.90785  0.69741  0.00000  0.00000  0.99983  0.99974
3.580000000e+00  0.00000  1.00000  0.87658  0.63138  0.00000  0.00000  0.99983  0.99953
3.590000000e+00  0.00000  1.00000  0.82137  0.73391  0.00000  0.00000  0.99983  0.99952
3.600000000e+00  0.00000  1.00000  0.67065  0.62904  0.00000  0.00000  0.99983  0.99958
3.610000000e+00  0.00000  1.00000  0.54036  0.82254  0.00000  0.00000  0.99983  0.99960
3.620000000e+00  0.00000  1.00000  0.48789  0.66388  0.00000  0.00000  0.99984  0.99949
3.630000000e+00  0.00000  1.00000  0.68037  0.81099  0.00000  0.00000  0.99984  0.99938
3.640000000e+00  0.00000  1.00000  0.63980  0.71010  0.00000  0.00000  0.99984  0.99918
3.650000000e+00  0.00000  1.00000  0.51471  0.92083  0.00000  0.00000  0.99984  0.99905
3.660000000e+00  0.00000  1.00000  0.61882  0.76415  0.00000  0.00000  0.99984  0.99897
3.670000000e+00  0.00000  1.00000  0.80848  0.77502  0.00000  0.00000  0.99985  0.99887
3.680000000e+00  0.00000  1.00000  0.93422  0.38357  0.00000  0.00000  0.99985  0.99869
3.690000000e+00  0.00000  1.00000  0.96902  0.53601  0.00000  0.00000  0.99985  0.99841
3.700000000e+00  0.00000  1.00000  0.97982  0.76579  0.00000  0.00000  0.99985  0.99821
3.710000000e+00  0.00000  1.00000  0.98902  0.90591  0.00000  0.00000  0.99985  0.99645
3.720000000e+00  0.00000  1.00000  0.97950  0.69376  0.00000  0.00000  0.99985  0.99532
3.730000000e+00  0.00000  1.00000  0.97827  0.83305  0.00000  0.00000  0.99985  0.99483
3.740000000e+00  0.00000  1.00000  0.97770  0.69965  0.00000  0.00000  0.99986  0.99426
3.750000000e+00  0.00000  1.00000  0.94098  0.79425  0.00000  0.00000  0.99986  0.99349
3.760000000e+00  0.00000  1.00000  0.84638  0.74621  0.00000  0.00000  0.99986  0.99265
3.770000000e+00  0.00000  1.00000  0.72248  0.69194  0.00000  0.00000  0.99986  0.99169
3.780000000e+00  0.00000  1.00000  0.55079  0.71113  0.00000  0.00000  0.99986  0.99044
3.790000000e+00  0.00000  1.00000  0.37782  0.76732  0.00000  0.00000  0.99986  0.98891
3.800000000e+00  0.00000  1.00000  0.14957  0.71438  0.00000  0.00000  0.99987  0.98727
3.810000000e+00  0.00000  1.00000  0.04021  0.87595  0.00000  0.00000  0.99987  0.98531
3.820000000e+00  0.00000  1.00000  0.06301  0.68522  0.00000  0.00000  0.99987  0.98320
3.830000000e+00  0.00000  1.00000  0.26106  0.85803  0.00000  0.00000  0.99987  0.98080
3.840000000e+00  0.00000  1.00000  0.12818  0.74291  0.00000  0.00000  0.99987  0.97800
3.850000000e+00  0.00000  1.00000  0.06640  0.86767  0.00000  0.00000  0.99987  0.97474
3.860000000e+00  0.00000  1.00000  0.12116  0.84115  0.00000  0.00000  0.99987  0.97103
3.870000000e+00  0.00000  1.00000  0.29107  0.88386  0.00000  0.00000  0.99987  0.96693
3.880000000e+00  0.00000  1.00000  0.53810  0.87878  0.00000  0.00000  0.99988  0.96226
3.890000000e+00  0.00000  1.00000  0.75787  0.90733  0.00000  0.00000  0.99988  0.95686
3.900000000e+00  0.00000  1.00000  0.90465  0.94068  0.00000  0.00000  0.99988  0.95078
3.910000000e+00  0.00000  1.00000  0.96019  0.89620  0.00000  0.00000  0.99988  0.94389
3.920000000e+00  0.00000  1.00000  0.96465  0.97694  0.00000  0.00000  0.99988  0.93581
3.930000000e+00  0.00000  1.00000  0.92732  0.94988  0.00000  0.00000  0.99988  0.92657
3.940000000e+00  0.00000  1.00000  0.84493  0.97811  0.00000  0.00000  0.99988  0.91587
3.950000000e+00  0.00000  1.00000  0.71976  0.98147  0.00000  0.00000  0.99988  0.90382
3.960000000e+00  0.00000  1.00000  0.50361  0.96948  0.00000  0.00000  0.99989  0.88954
3.970000000e+00  0.00000  1.00000  0.33176  0.99149  0.00000  0.00000  0.99989  0.87326
3.980000000e+00  0.00000  1.00000  0.18038  0.98120  0.00000  0.00000  0.99989  0.85511
3.990000000e+00  0.00000  1.00000  0.13084  0.99424  0.00000  0.00000  0.99989  0.83437
4.000000000e+00  0.00000  1.00000  0.30783  0.99197  0.00000  0.00000  0.99989  0.81056
4.010000000e+00  0.00000  1.00000  0.38073  0.99196  0.00000  0.00000  0.99989  0.78454
4.020000000e+00  0.00000  1.00000  0.16968  0.99783  0.00000  0.00000  0.99989  0.75623
4.030000000e+00  0.00000  1.00000  0.14845  0.99214  0.00000  0.00000  0.99989  0.72625
4.040000000e+00  0.00000  1.00000  0.20811  0.99600  0.00000  0.00000  0.99989  0.69467
4.050000000e+00  0.00000  1.00000  0.34929  0.99628  0.00000  0.00000  0.99990  0.66127
4.060000000e+00  0.00000  1.00000  0.52207  0.99554  0.00000  0.00000  0.99990  0.62770
4.070000000e+00  0.00000  1.00000  0.57850  0.99528  0.00000  0.00000  0.99990  0.59399
4.080000000e+00  0.00000  1.00000  0.28742  0.99772  0.00000  0.00000  0.99990  0.56198
4.090000000e+00  0.00000  1.00000  0.09084  0.99756  0.00000  0.00000  0.99990  0.53208
4.100000000e+00  0.00000  1.00000  0.04096  0.99788  0.00000  0.00000  0.99990  0.50418
4.110000000e+00  0.00000  1.00000  0.05208  0.99223  0.00000  0.00000  0.99990  0.47922
4.120000000e+00  0.00000  1.00000  0.21609  0.99789  0.00000  0.00000  0.99990  0.45784
4.130000000e+00  0.00000  1.00000  0.26593  0.99472  0.00000  0.00000  0.99990  0.43998
4.140000000e+00  0.00000  1.00000  0.11980  0.99649  0.00000  0.00000  0.99990  0.42587
4.150000000e+00  0.00000  1.00000  0.05123  0.99888  0.00000  0.00000  0.99990  0.41532
4.160000000e+00  0.00000  1.00000  0.00023  0.99406  0.00000  0.00000  0.99991  0.40872
4.170000000e+00  0.00000  1.00000  0.00000  0.99646  0.00000  0.00000  0.99991  0.40493
4.180000000e+00  0.00000  1.00000  0.00000  0.99575  0.00000  0.00000  0.99991  0.40602
4.190000000e+00  0.00000  1.00000  0.00000  0.99589  0.00000  0.00000  0.99991  0.40799
4.200000000e+00  0.00000  1.00000  0.00000  0.99526  0.00000  0.00000  0.99991  0.41316
4.210000000e+00  0.00000  1.00000  0.00000  0.99269  0.00000  0.00000  0.99991  0.41633
4.220000000e+00  0.00000  1.00000  0.00000  0.99317  0.00000  0.00000  0.99991  0.41721
4.230000000e+00  0.00000  1.00000  0.00000  0.99241  0.00000  0.00000  0.99991  0.41460
4.240000000e+00  0.00000  1.00000  0.00000  0.99428  0.00000  0.00000  0.99991  0.40661
4.250000000e+00  0.00000  1.00000  0.00000  0.98576  0.00000  0.00000  0.99991  0.39150
4.260000000e+00  0.00000  1.00000  0.00000  0.98234  0.00000  0.00000  0.99991  0.36274
4.270000000e+00  0.00000  1.00000  0.00000  0.99380  0.00000  0.00000  0.99992  0.31980
4.280000000e+00  0.00000  1.00000  0.00000  0.97454  0.00000  0.00000  0.99992  0.29007
4.290000000e+00  0.00000  1.00000  0.00000  0.97058  0.00000  0.00000  0.99992  0.27195
4.300000000e+00  0.00000  1.00000  0.00000  0.96668  0.00000  0.00000  0.99992  0.27658
4.310000000e+00  0.00000  1.00000  0.00000  0.94253  0.00000  0.00000  0.99992  0.30422
4.320000000e+00  0.00000  1.00000  0.00000  0.95385  0.00000  0.00000  0.99992  0.34435
4.330000000e+00  0.00000  1.00000  0.00000  0.95198  0.00000  0.00000  0.99992  0.39906
4.340000000e+00  0.00000  1.00000  0.00000  0.94127  0.00000  0.00000  0.99992  0.44491
4.350000000e+00  0.00000  1.00000  0.00000  0.93834  0.00000  0.00000  0.99992  0.47959
4.360000000e+00  0.00000  1.00000  0.00000  0.91695  0.00000  0.00000  0.99992  0.50462
4.370000000e+00  0.00000  1.00000  0.00000  0.83014  0.00000  0.00000  0.99992  0.52262
4.380000000e+00  0.00000  1.00000  0.00000  0.94010  0.00000  0.00000  0.99992  0.53611
4.390000000e+00  0.00000  1.00000  0.00000  0.91736  0.00000  0.00000  0.99992  0.54837
4.400000000e+00  0.00000  1.00000  0.00000  0.87824  0.00000  0.00000  0.99992  0.55706
4.410000000e+00  0.00000  1.00000  0.00000  0.76093  0.00000  0.00000  0.99993  0.56835
4.420000000e+00  0.00000  1.00000  0.00000  0.95983  0.00000  0.00000  0.99993  0.57922
4.430000000e+00  0.00000  1.00000  0.00000  0.85797  0.00000  0.00000  0.99993  0.59193
4.440000000e+00  0.00000  1.00000  0.00000  0.70273  0.00000  0.00000  0.99993  0.60554
4.450000000e+00  0.00000  1.00000  0.00000  0.76918  0.00000  0.00000  0.99993  0.62149
4.460000000e+00  0.00000  1.00000  0.00000  0.79688  0.00000  0.00000  0.99993  0.63736
4.470000000e+00  0.00000  1.00000  0.00000  0.81588  0.00000  0.00000  0.99993  0.65663
4.480000000e+00  0.00000  1.00000  0.00000  0.79718  0.00000  0.00000  0.99993  0.67480
4.490000000e+00  0.00000  1.00000  0.00000  0.83690  0.00000  0.00000  0.99993  0.69569
4.500000000e+00  0.00000  1.00000  0.00000  0.86157  0.00000  0.00000  0.99993  0.71501
4.510000000e+00  0.00000  1.00000  0.00000  0.85361  0.00000  0.00000  0.99993  0.73606
4.520000000e+00  0.00000  1.00000  0.00000  0.78403  0.00000  0.00000  0.99993  0.75656
4.530000000e+00  0.00000  1.00000  0.00000  0.65789  0.00000  0.00000  0.99993  0.77654
4.540000000e+00  0.00000  1.00000  0.00003  0.63798  0.00000  0.00000  0.99993  0.79612
4.550000000e+00  0.00000  1.00000  0.00031  0.81145  0.00000  0.00000  0.99993  0.81494
4.560000000e+00  0.00000  1.00000  0.00580  0.90415  0.00000  0.00000  0.99993  0.83289
4.570000000e+00  0.00000  1.00000  0.03783  0.80474  0.00000  0.00000  0.99993  0.84912
4.580000000e+00  0.00000  1.00000  0.12432  0.70711  0.00000  0.00000  0.99994  0.86493
4.590000000e+00  0.00000  1.00000  0.17801  0.76939  0.00000  0.00000  0.99994  0.87930
4.600000000e+00  0.00000  1.00000  0.25807  0.80257  0.00000  0.00000  0.99994  0.89253
4.610000000e+00  0.00000  1.00000  0.31681  0.84000  0.00000  0.00000  0.99994  0.90467
4.620000000e+00  0.00000  1.00000  0.26161  0.79472  0.00000  0.00000  0.99994  0.91574
4.630000000e+00  0.00000  1.00000  0.11933  0.60127  0.00000  0.00000  0.99994  0.92572
4.640000000e+00  0.00000  1.00000  0.09176  0.61001  0.00000  0.00000  0.99994  0.93471
4.650000000e+00  0.00000  1.00000  0.07505  0.62542  0.00000  0.00000  0.99994  0.94279
4.660000000e+00  0.00000  1.00000  0.07600  0.56228  0.00000  0.00000  0.99994  0.95002
4.670000000e+00  0.00000  1.00000  0.08320  0.49008  0.00000  0.00000  0.99994  0.95615
4.680000000e+00  0.00000  1.00000  0.02983  0.49951  0.00000  0.00000  0.99994  0.96106
4.690000000e+00  0.00000  1.00000  0.01312  0.21285  0.00000  0.00000  0.99994  0.96620
4.700000000e+00  0.00000  1.00000  0.00154  0.86489  0.00000  0.00000  0.99994  0.97037
4.710000000e+00  0.00000  1.00000  0.00004  0.76441  0.00000  0.00000  0.99994  0.97387
4.720000000e+00  0.00000  1.00000  0.00002  0.43701  0.00000  0.00000  0.99994  0.97717
4.730000000e+00  0.00000  1.00000  0.00000  0.57842  0.00000  0.00000  0.99994  0.97964
4.740000000e+00  0.00000  1.00000  0.00000  0.42185  0.00000  0.00000  0.99994  0.98250
4.750000000e+00  0.00000  1.00000  0.00000  0.65842  0.00000  0.00000  0.99994  0.98471
4.760000000e+00  0.00000  1.00000  0.00000  0.54402  0.00000  0.00000  0.99994  0.98669
4.770000000e+00  0.00000  1.00000  0.00000  0.55669  0.00000  0.00000  0.99995  0.98843
4.780000000e+00  0.00000  1.00000  0.00000  0.42926  0.00000  0.00000  0.99995  0.98917
4.790000000e+00  0.00000  1.00000  0.00000  0.25688  0.00000  0.00000  0.99995  0.99054
4.800000000e+00  0.00000  1.00000  0.00000  0.30244  0.00000  0.00000  0.99995  0.99242
4.810000000e+00  0.00000  1.00000  0.00000  0.46644  0.00000  0.00000  0.99995  0.99359
4.820000000e+00  0.00000  1.00000  0.00000  0.40960  0.00000  0.00000  0.99995  0.99441
4.830000000e+00  0.00000  1.00000  0.00000  0.24188  0.00000  0.00000  0.99995  0.99538
4.840000000e+00  0.00000  1.00000  0.00000  0.44446  0.00000  0.00000  0.99995  0.99250
4.850000000e+00  0.00000  1.00000  0.00000  0.11896  0.00000  0.00000  0.99995  0.99513
4.860000000e+00  0.00000  1.00000  0.00000  0.08126  0.00000  0.00000  0.99995  0.99704
4.870000000e+00  0.00000  1.00000  0.00000  0.58157  0.00000  0.00000  0.99995  0.99757
4.880000000e+00  0.00000  1.00000  0.00000  0.58623  0.00000  0.00000  0.99995  0.99784
4.890000000e+00  0.00000  1.00000  0.00000  0.52002  0.00000  0.00000  0.99995  0.99748
4.900000000e+00  0.00000  1.00000  0.00000  0.07364  0.00000  0.00000  0.99995  0.99536
4.910000000e+00  0.00000  1.00000  0.00000  0.04364  0.00000  0.00000  0.99995  0.99820
4.920000000e+00  0.00000  1.00000  0.00000  0.26221  0.00000  0.00000  0.99995  0.99853
4.930000000e+00  0.00000  1.00000  0.00000  0.49780  0.00000  0.00000  0.99995  0.99866
4.940000000e+00  0.00000  1.00000  0.00012  0.25329  0.00000  0.00000  0.99995  0.99866
4.950000000e+00  0.00000  1.00000  0.00057  0.06951  0.00000  0.00000  0.99995  0.99693
4.960000000e+00  0.00000  1.00000  0.00134  0.02146  0.00000  0.00000  0.99995  0.98935
4.970000000e+00  0.00000  1.00000  0.01106  0.00793  0.00000  0.00000  0.99995  0.99898
4.980000000e+00  0.00000  1.00000  0.03253  0.15270  0.00000  0.00000  0.99995  0.99905
4.990000000e+00  0.00000  1.00000  0.08315  0.03860  0.00000  0.00000  0.99995  0.99927
5.000000000e+00  0.00000  1.00000  0.07611  0.26029  0.00000  0.00000  0.99995  0.99929
