# ------------------------------------------------------------------------
# NASA-GSFC Planetary Spectrum Generator (PSG, Villanueva et al. 2015)
# Atmospheric transmittance spectrum synthesized with PUMAS (Villanueva et al. 2016, Smith et al. 2009, Edwards 1992)
# Synthesized on Tue Nov 21 15:11:57 2017
# Molecular abundance profile: 
# Molecules considered: N2,CO2,H2O
# Molecular sources: HIT[22],HIT[2],HIT[1]
# Molecular abundances: 1,1,1
# Molecular abundance units: scl,scl,scl
# Collission-Induced-Absorption:  N2-N2(3.33-5.41um)
# Rayleigh scattering included
# ------------------------------------------------------------------------
# Aerosols considered: WaterIce,Cloud
# Aerosols sources: CRISM_Wolff[reff=2.0um 0.31-99.57um],White_GSFC[reff=1.0um 0.10-1000000.00um]
# Aerosols opacities: 1,1
# Aerosols opacity units: scl,scl
# ------------------------------------------------------------------------
# Spectral unit: Wavelength [um]
# Wave/freq Total N2 CO2 H2O WaterIce Cloud Rayleigh CIA
1.000000000e+00  0.00000  1.00000  0.99996  0.97733  0.00000  0.00000  0.97238  1.00000
1.010000000e+00  0.00000  1.00000  0.99999  0.96945  0.00000  0.00000  0.97344  1.00000
1.020000000e+00  0.00000  1.00000  1.00000  0.98572  0.00000  0.00000  0.97446  1.00000
1.030000000e+00  0.00000  1.00000  0.99999  0.98789  0.00000  0.00000  0.97542  1.00000
1.040000000e+00  0.00000  1.00000  0.79566  0.99857  0.00000  0.00000  0.97634  1.00000
1.050000000e+00  0.00000  1.00000  0.98653  0.99945  0.00000  0.00000  0.97722  1.00000
1.060000000e+00  0.00000  1.00000  0.96692  0.99839  0.00000  0.00000  0.97806  1.00000
1.070000000e+00  0.00000  1.00000  0.94033  0.98867  0.00000  0.00000  0.97886  1.00000
1.080000000e+00  0.00000  1.00000  0.99392  0.94471  0.00000  0.00000  0.97962  1.00000
1.090000000e+00  0.00000  1.00000  0.99963  0.89490  0.00000  0.00000  0.98035  1.00000
1.100000000e+00  0.00000  1.00000  0.99828  0.77973  0.00000  0.00000  0.98105  1.00000
1.110000000e+00  0.00000  1.00000  1.00000  0.52189  0.00000  0.00000  0.98172  1.00000
1.120000000e+00  0.00000  1.00000  0.97617  0.09083  0.00000  0.00000  0.98236  1.00000
1.130000000e+00  0.00000  1.00000  0.99655  0.02618  0.00000  0.00000  0.98297  1.00000
1.140000000e+00  0.00000  1.00000  0.99258  0.20432  0.00000  0.00000  0.98355  1.00000
1.150000000e+00  0.00000  1.00000  0.99779  0.10316  0.00000  0.00000  0.98411  1.00000
1.160000000e+00  0.00000  1.00000  0.99754  0.33053  0.00000  0.00000  0.98465  1.00000
1.170000000e+00  0.00000  1.00000  0.99992  0.59703  0.00000  0.00000  0.98516  1.00000
1.180000000e+00  0.00000  1.00000  0.99951  0.73259  0.00000  0.00000  0.98566  1.00000
1.190000000e+00  0.00000  1.00000  0.99995  0.67598  0.00000  0.00000  0.98613  1.00000
1.200000000e+00  0.00000  1.00000  0.99982  0.70065  0.00000  0.00000  0.98658  1.00000
1.210000000e+00  0.00000  1.00000  0.08478  0.80693  0.00000  0.00000  0.98702  1.00000
1.220000000e+00  0.00000  1.00000  0.56789  0.86773  0.00000  0.00000  0.98744  1.00000
1.230000000e+00  0.00000  1.00000  0.39169  0.90247  0.00000  0.00000  0.98784  1.00000
1.240000000e+00  0.00000  1.00000  0.83847  0.98400  0.00000  0.00000  0.98822  1.00000
1.250000000e+00  0.00000  1.00000  0.98861  0.99710  0.00000  0.00000  0.98859  1.00000
1.260000000e+00  0.00000  1.00000  0.95774  0.99721  0.00000  0.00000  0.98895  1.00000
1.270000000e+00  0.00000  1.00000  0.95945  0.99139  0.00000  0.00000  0.98929  1.00000
1.280000000e+00  0.00000  1.00000  0.99903  0.98059  0.00000  0.00000  0.98962  1.00000
1.290000000e+00  0.00000  1.00000  0.88144  0.94759  0.00000  0.00000  0.98994  1.00000
1.300000000e+00  0.00000  1.00000  0.82832  0.85710  0.00000  0.00000  0.99024  1.00000
1.310000000e+00  0.00000  1.00000  0.99207  0.74859  0.00000  0.00000  0.99053  1.00000
1.320000000e+00  0.00000  1.00000  0.41444  0.58511  0.00000  0.00000  0.99082  1.00000
1.330000000e+00  0.00000  1.00000  0.96796  0.44140  0.00000  0.00000  0.99109  1.00000
1.340000000e+00  0.00000  1.00000  0.56760  0.28796  0.00000  0.00000  0.99135  1.00000
1.350000000e+00  0.00000  1.00000  0.85194  0.02461  0.00000  0.00000  0.99160  1.00000
1.360000000e+00  0.00000  1.00000  0.98768  0.00000  0.00000  0.00000  0.99185  1.00000
1.370000000e+00  0.00000  1.00000  0.96986  0.00000  0.00000  0.00000  0.99208  1.00000
1.380000000e+00  0.00000  1.00000  0.96134  0.00001  0.00000  0.00000  0.99231  1.00000
1.390000000e+00  0.00000  1.00000  0.99283  0.00000  0.00000  0.00000  0.99252  1.00000
1.400000000e+00  0.00000  1.00000  0.99611  0.00005  0.00000  0.00000  0.99273  1.00000
1.410000000e+00  0.00000  1.00000  0.99980  0.00001  0.00000  0.00000  0.99294  1.00000
1.420000000e+00  0.00000  1.00000  0.99942  0.00353  0.00000  0.00000  0.99313  1.00000
1.430000000e+00  0.00000  1.00000  0.68422  0.00899  0.00000  0.00000  0.99332  1.00000
1.440000000e+00  0.00000  1.00000  0.00000  0.00996  0.00000  0.00000  0.99351  1.00000
1.450000000e+00  0.00000  1.00000  0.01248  0.04829  0.00000  0.00000  0.99368  1.00000
1.460000000e+00  0.00000  1.00000  0.63750  0.15316  0.00000  0.00000  0.99385  1.00000
1.470000000e+00  0.00000  1.00000  0.97437  0.05355  0.00000  0.00000  0.99402  1.00000
1.480000000e+00  0.00000  1.00000  0.41188  0.12042  0.00000  0.00000  0.99418  1.00000
1.490000000e+00  0.00000  1.00000  0.74803  0.12191  0.00000  0.00000  0.99433  1.00000
1.500000000e+00  0.00000  1.00000  0.55675  0.46275  0.00000  0.00000  0.99448  1.00000
1.510000000e+00  0.00000  1.00000  0.98144  0.60341  0.00000  0.00000  0.99463  1.00000
1.520000000e+00  0.00000  1.00000  0.98630  0.77203  0.00000  0.00000  0.99477  1.00000
1.530000000e+00  0.00000  1.00000  0.32354  0.84903  0.00000  0.00000  0.99490  1.00000
1.540000000e+00  0.00000  1.00000  0.13409  0.94680  0.00000  0.00000  0.99503  1.00000
1.550000000e+00  0.00000  1.00000  0.64867  0.97212  0.00000  0.00000  0.99516  1.00000
1.560000000e+00  0.00000  1.00000  0.93848  0.99240  0.00000  0.00000  0.99528  1.00000
1.570000000e+00  0.00000  1.00000  0.30592  0.98522  0.00000  0.00000  0.99540  1.00000
1.580000000e+00  0.00000  1.00000  0.00019  0.98819  0.00000  0.00000  0.99551  1.00000
1.590000000e+00  0.00000  1.00000  0.33946  0.98918  0.00000  0.00000  0.99563  1.00000
1.600000000e+00  0.00000  1.00000  0.21479  0.98340  0.00000  0.00000  0.99573  1.00000
1.610000000e+00  0.00000  1.00000  0.00209  0.99393  0.00000  0.00000  0.99584  1.00000
1.620000000e+00  0.00000  1.00000  0.01821  0.99395  0.00000  0.00000  0.99594  1.00000
1.630000000e+00  0.00000  1.00000  0.39329  0.99797  0.00000  0.00000  0.99604  1.00000
1.640000000e+00  0.00000  1.00000  0.30644  0.99371  0.00000  0.00000  0.99613  1.00000
1.650000000e+00  0.00000  1.00000  0.23089  0.98302  0.00000  0.00000  0.99623  1.00000
1.660000000e+00  0.00000  1.00000  0.39107  0.98105  0.00000  0.00000  0.99632  1.00000
1.670000000e+00  0.00000  1.00000  0.56151  0.98185  0.00000  0.00000  0.99640  1.00000
1.680000000e+00  0.00000  1.00000  0.80050  0.97197  0.00000  0.00000  0.99649  1.00000
1.690000000e+00  0.00000  1.00000  0.93754  0.97671  0.00000  0.00000  0.99657  1.00000
1.700000000e+00  0.00000  1.00000  0.98475  0.91186  0.00000  0.00000  0.99665  1.00000
1.710000000e+00  0.00000  1.00000  0.92838  0.91351  0.00000  0.00000  0.99673  1.00000
1.720000000e+00  0.00000  1.00000  0.96311  0.92719  0.00000  0.00000  0.99680  1.00000
1.730000000e+00  0.00000  1.00000  0.99263  0.88332  0.00000  0.00000  0.99688  1.00000
1.740000000e+00  0.00000  1.00000  0.99937  0.78200  0.00000  0.00000  0.99695  1.00000
1.750000000e+00  0.00000  1.00000  0.99893  0.71638  0.00000  0.00000  0.99702  1.00000
1.760000000e+00  0.00000  1.00000  0.89737  0.73191  0.00000  0.00000  0.99708  1.00000
1.770000000e+00  0.00000  1.00000  0.95839  0.57385  0.00000  0.00000  0.99715  1.00000
1.780000000e+00  0.00000  1.00000  0.99518  0.40759  0.00000  0.00000  0.99721  1.00000
1.790000000e+00  0.00000  1.00000  0.88265  0.25261  0.00000  0.00000  0.99727  1.00000
1.800000000e+00  0.00000  1.00000  0.95045  0.12400  0.00000  0.00000  0.99733  1.00000
1.810000000e+00  0.00000  1.00000  0.98759  0.01925  0.00000  0.00000  0.99739  1.00000
1.820000000e+00  0.00000  1.00000  0.99563  0.00162  0.00000  0.00000  0.99745  1.00000
1.830000000e+00  0.00000  1.00000  0.99928  0.00003  0.00000  0.00000  0.99750  1.00000
1.840000000e+00  0.00000  1.00000  0.99972  0.00000  0.00000  0.00000  0.99756  1.00000
1.850000000e+00  0.00000  1.00000  0.99756  0.00000  0.00000  0.00000  0.99761  1.00000
1.860000000e+00  0.00000  1.00000  0.99711  0.00000  0.00000  0.00000  0.99766  1.00000
1.870000000e+00  0.00000  1.00000  0.97874  0.00000  0.00000  0.00000  0.99771  1.00000
1.880000000e+00  0.00000  1.00000  0.10550  0.00000  0.00000  0.00000  0.99776  1.00000
1.890000000e+00  0.00000  1.00000  0.12360  0.00001  0.00000  0.00000  0.99781  1.00000
1.900000000e+00  0.00000  1.00000  0.51663  0.00006  0.00000  0.00000  0.99785  1.00000
1.910000000e+00  0.00000  1.00000  0.64589  0.00000  0.00000  0.00000  0.99790  1.00000
1.920000000e+00  0.00000  1.00000  0.86298  0.00002  0.00000  0.00000  0.99794  1.00000
1.930000000e+00  0.00000  1.00000  0.84210  0.00007  0.00000  0.00000  0.99798  1.00000
1.940000000e+00  0.00000  1.00000  0.19393  0.00113  0.00000  0.00000  0.99802  1.00000
1.950000000e+00  0.00000  1.00000  0.00000  0.01177  0.00000  0.00000  0.99806  1.00000
1.960000000e+00  0.00000  1.00000  0.00000  0.03114  0.00000  0.00000  0.99810  1.00000
1.970000000e+00  0.00000  1.00000  0.00000  0.27633  0.00000  0.00000  0.99814  1.00000
1.980000000e+00  0.00000  1.00000  0.00000  0.40528  0.00000  0.00000  0.99818  1.00000
1.990000000e+00  0.00000  1.00000  0.00407  0.46612  0.00000  0.00000  0.99821  1.00000
2.000000000e+00  0.00000  1.00000  0.00000  0.59288  0.00000  0.00000  0.99825  1.00000
2.010000000e+00  0.00000  1.00000  0.00000  0.49422  0.00000  0.00000  0.99828  1.00000
2.020000000e+00  0.00000  1.00000  0.00000  0.64125  0.00000  0.00000  0.99832  1.00000
2.030000000e+00  0.00000  1.00000  0.00000  0.83628  0.00000  0.00000  0.99835  1.00000
2.040000000e+00  0.00000  1.00000  0.00000  0.86170  0.00000  0.00000  0.99838  1.00000
2.050000000e+00  0.00000  1.00000  0.00000  0.93730  0.00000  0.00000  0.99841  1.00000
2.060000000e+00  0.00000  1.00000  0.00000  0.86842  0.00000  0.00000  0.99844  1.00000
2.070000000e+00  0.00000  1.00000  0.00000  0.89413  0.00000  0.00000  0.99847  1.00000
2.080000000e+00  0.00000  1.00000  0.00000  0.93041  0.00000  0.00000  0.99850  1.00000
2.090000000e+00  0.00000  1.00000  0.00000  0.92777  0.00000  0.00000  0.99853  1.00000
2.100000000e+00  0.00000  1.00000  0.00004  0.95753  0.00000  0.00000  0.99856  1.00000
2.110000000e+00  0.00000  1.00000  0.01902  0.96626  0.00000  0.00000  0.99859  1.00000
2.120000000e+00  0.00000  1.00000  0.06740  0.90921  0.00000  0.00000  0.99861  1.00000
2.130000000e+00  0.00000  1.00000  0.44064  0.87083  0.00000  0.00000  0.99864  1.00000
2.140000000e+00  0.00000  1.00000  0.63346  0.97057  0.00000  0.00000  0.99866  1.00000
2.150000000e+00  0.00000  1.00000  0.27504  0.98634  0.00000  0.00000  0.99869  1.00000
2.160000000e+00  0.00000  1.00000  0.34345  0.94613  0.00000  0.00000  0.99871  1.00000
2.170000000e+00  0.00000  1.00000  0.22741  0.88317  0.00000  0.00000  0.99874  1.00000
2.180000000e+00  0.00000  1.00000  0.53974  0.90564  0.00000  0.00000  0.99876  1.00000
2.190000000e+00  0.00000  1.00000  0.83055  0.79874  0.00000  0.00000  0.99878  1.00000
2.200000000e+00  0.00000  1.00000  0.88624  0.87742  0.00000  0.00000  0.99880  1.00000
2.210000000e+00  0.00000  1.00000  0.96463  0.91259  0.00000  0.00000  0.99883  1.00000
2.220000000e+00  0.00000  1.00000  0.95031  0.93347  0.00000  0.00000  0.99885  1.00000
2.230000000e+00  0.00000  1.00000  0.95397  0.95614  0.00000  0.00000  0.99887  1.00000
2.240000000e+00  0.00000  1.00000  0.98689  0.97954  0.00000  0.00000  0.99889  1.00000
2.250000000e+00  0.00000  1.00000  0.97813  0.98349  0.00000  0.00000  0.99891  1.00000
2.260000000e+00  0.00000  1.00000  0.94802  0.99360  0.00000  0.00000  0.99893  1.00000
2.270000000e+00  0.00000  1.00000  0.98748  0.98660  0.00000  0.00000  0.99894  1.00000
2.280000000e+00  0.00000  1.00000  0.97357  0.99758  0.00000  0.00000  0.99896  1.00000
2.290000000e+00  0.00000  1.00000  0.99192  0.98728  0.00000  0.00000  0.99898  1.00000
2.300000000e+00  0.00000  1.00000  0.99600  0.92300  0.00000  0.00000  0.99900  1.00000
2.310000000e+00  0.00000  1.00000  0.99746  0.97579  0.00000  0.00000  0.99902  1.00000
2.320000000e+00  0.00000  1.00000  0.99905  0.93891  0.00000  0.00000  0.99903  1.00000
2.330000000e+00  0.00000  1.00000  0.99989  0.93204  0.00000  0.00000  0.99905  1.00000
2.340000000e+00  0.00000  1.00000  0.99989  0.94564  0.00000  0.00000  0.99907  1.00000
2.350000000e+00  0.00000  1.00000  0.99987  0.85833  0.00000  0.00000  0.99908  1.00000
2.360000000e+00  0.00000  1.00000  0.99967  0.73095  0.00000  0.00000  0.99910  1.00000
2.370000000e+00  0.00000  1.00000  0.99822  0.75586  0.00000  0.00000  0.99911  1.00000
2.380000000e+00  0.00000  1.00000  0.99714  0.57486  0.00000  0.00000  0.99913  1.00000
2.390000000e+00  0.00000  1.00000  0.99065  0.47255  0.00000  0.00000  0.99914  1.00000
2.400000000e+00  0.00000  1.00000  0.98871  0.55836  0.00000  0.00000  0.99916  1.00000
2.410000000e+00  0.00000  1.00000  0.98692  0.38706  0.00000  0.00000  0.99917  1.00000
2.420000000e+00  0.00000  1.00000  0.99684  0.19932  0.00000  0.00000  0.99918  1.00000
2.430000000e+00  0.00000  1.00000  0.99991  0.40264  0.00000  0.00000  0.99920  1.00000
2.440000000e+00  0.00000  1.00000  0.99986  0.09871  0.00000  0.00000  0.99921  1.00000
2.450000000e+00  0.00000  1.00000  0.99965  0.16954  0.00000  0.00000  0.99922  1.00000
2.460000000e+00  0.00000  1.00000  0.99948  0.26795  0.00000  0.00000  0.99923  1.00000
2.470000000e+00  0.00000  1.00000  0.99248  0.23163  0.00000  0.00000  0.99925  1.00000
2.480000000e+00  0.00000  1.00000  0.96984  0.12005  0.00000  0.00000  0.99926  1.00000
2.490000000e+00  0.00000  1.00000  0.32074  0.00886  0.00000  0.00000  0.99927  1.00000
2.500000000e+00  0.00000  1.00000  0.73553  0.00674  0.00000  0.00000  0.99928  1.00000
2.510000000e+00  0.00000  1.00000  0.70471  0.00211  0.00000  0.00000  0.99929  1.00000
2.520000000e+00  0.00000  1.00000  0.68178  0.00081  0.00000  0.00000  0.99930  1.00000
2.530000000e+00  0.00000  1.00000  0.83823  0.00000  0.00000  0.00000  0.99932  1.00000
2.540000000e+00  0.00000  1.00000  0.90130  0.00000  0.00000  0.00000  0.99933  1.00000
2.550000000e+00  0.00000  1.00000  0.97525  0.00000  0.00000  0.00000  0.99934  1.00000
2.560000000e+00  0.00000  1.00000  0.94413  0.00000  0.00000  0.00000  0.99935  1.00000
2.570000000e+00  0.00000  1.00000  0.96709  0.00000  0.00000  0.00000  0.99936  1.00000
2.580000000e+00  0.00000  1.00000  0.78960  0.00000  0.00000  0.00000  0.99937  1.00000
2.590000000e+00  0.00000  1.00000  0.54275  0.00000  0.00000  0.00000  0.99938  1.00000
2.600000000e+00  0.00000  1.00000  0.64699  0.00000  0.00000  0.00000  0.99939  1.00000
2.610000000e+00  0.00000  1.00000  0.18458  0.00000  0.00000  0.00000  0.99940  1.00000
2.620000000e+00  0.00000  1.00000  0.07035  0.00000  0.00000  0.00000  0.99940  1.00000
2.630000000e+00  0.00000  1.00000  0.24696  0.00000  0.00000  0.00000  0.99941  1.00000
2.640000000e+00  0.00000  1.00000  0.20909  0.00000  0.00000  0.00000  0.99942  1.00000
2.650000000e+00  0.00000  1.00000  0.37426  0.00000  0.00000  0.00000  0.99943  1.00000
2.660000000e+00  0.00000  1.00000  0.00064  0.00000  0.00000  0.00000  0.99944  1.00000
2.670000000e+00  0.00000  1.00000  0.00000  0.00000  0.00000  0.00000  0.99945  1.00000
2.680000000e+00  0.00000  1.00000  0.00000  0.00000  0.00000  0.00000  0.99946  1.00000
2.690000000e+00  0.00000  1.00000  0.00000  0.00000  0.00000  0.00000  0.99946  1.00000
2.700000000e+00  0.00000  1.00000  0.00000  0.00000  0.00000  0.00000  0.99947  1.00000
2.710000000e+00  0.00000  1.00000  0.00000  0.00000  0.00000  0.00000  0.99948  1.00000
2.720000000e+00  0.00000  1.00000  0.00000  0.00000  0.00000  0.00000  0.99949  1.00000
2.730000000e+00  0.00000  1.00000  0.00000  0.00000  0.00000  0.00000  0.99949  1.00000
2.740000000e+00  0.00000  1.00000  0.00000  0.00000  0.00000  0.00000  0.99950  1.00000
2.750000000e+00  0.00000  1.00000  0.00000  0.00000  0.00000  0.00000  0.99951  1.00000
2.760000000e+00  0.00000  1.00000  0.00000  0.00000  0.00000  0.00000  0.99952  1.00000
2.770000000e+00  0.00000  1.00000  0.00000  0.00000  0.00000  0.00000  0.99952  1.00000
2.780000000e+00  0.00000  1.00000  0.00000  0.00000  0.00001  0.00000  0.99953  1.00000
2.790000000e+00  0.00000  1.00000  0.00000  0.00000  0.00001  0.00000  0.99954  1.00000
2.800000000e+00  0.00000  1.00000  0.00000  0.00000  0.00002  0.00000  0.99954  1.00000
2.810000000e+00  0.00000  1.00000  0.00000  0.00000  0.00001  0.00000  0.99955  1.00000
2.820000000e+00  0.00000  1.00000  0.00000  0.00000  0.00001  0.00000  0.99956  1.00000
2.830000000e+00  0.00000  1.00000  0.00000  0.00000  0.00001  0.00000  0.99956  1.00000
2.840000000e+00  0.00000  1.00000  0.00000  0.00000  0.00000  0.00000  0.99957  1.00000
2.850000000e+00  0.00000  1.00000  0.00000  0.00002  0.00000  0.00000  0.99957  1.00000
2.860000000e+00  0.00000  1.00000  0.00000  0.00000  0.00000  0.00000  0.99958  1.00000
2.870000000e+00  0.00000  1.00000  0.00000  0.00006  0.00000  0.00000  0.99959  1.00000
2.880000000e+00  0.00000  1.00000  0.00000  0.00020  0.00000  0.00000  0.99959  1.00000
2.890000000e+00  0.00000  1.00000  0.00003  0.00014  0.00000  0.00000  0.99960  1.00000
2.900000000e+00  0.00000  1.00000  0.00422  0.00656  0.00000  0.00000  0.99960  1.00000
2.910000000e+00  0.00000  1.00000  0.08343  0.00167  0.00000  0.00000  0.99961  1.00000
2.920000000e+00  0.00000  1.00000  0.35146  0.00275  0.00000  0.00000  0.99961  1.00000
2.930000000e+00  0.00000  1.00000  0.56031  0.01457  0.00000  0.00000  0.99962  1.00000
2.940000000e+00  0.00000  1.00000  0.68904  0.05449  0.00000  0.00000  0.99962  1.00000
2.950000000e+00  0.00000  1.00000  0.82394  0.00211  0.00000  0.00000  0.99963  1.00000
2.960000000e+00  0.00000  1.00000  0.42145  0.01863  0.00000  0.00000  0.99963  1.00000
2.970000000e+00  0.00000  1.00000  0.05175  0.05007  0.00000  0.00000  0.99964  1.00000
2.980000000e+00  0.00000  1.00000  0.00364  0.00011  0.00000  0.00000  0.99964  1.00000
2.990000000e+00  0.00000  1.00000  0.01417  0.07121  0.00000  0.00000  0.99965  1.00000
3.000000000e+00  0.00000  1.00000  0.28512  0.10197  0.00000  0.00000  0.99965  1.00000
3.010000000e+00  0.00000  1.00000  0.30171  0.08012  0.00000  0.00000  0.99966  1.00000
3.020000000e+00  0.00000  1.00000  0.05608  0.05686  0.00000  0.00000  0.99966  1.00000
3.030000000e+00  0.00000  1.00000  0.11466  0.05014  0.00000  0.00000  0.99967  1.00000
3.040000000e+00  0.00000  1.00000  0.31718  0.01068  0.00000  0.00000  0.99967  1.00000
3.050000000e+00  0.00000  1.00000  0.63660  0.01298  0.00000  0.00000  0.99968  1.00000
3.060000000e+00  0.00000  1.00000  0.68781  0.01861  0.00000  0.00000  0.99968  1.00000
3.070000000e+00  0.00000  1.00000  0.83570  0.01086  0.00000  0.00000  0.99968  1.00000
3.080000000e+00  0.00000  1.00000  0.87176  0.04064  0.00000  0.00000  0.99969  1.00000
3.090000000e+00  0.00000  1.00000  0.93093  0.00149  0.00000  0.00000  0.99969  1.00000
3.100000000e+00  0.00000  1.00000  0.89817  0.00128  0.00000  0.00000  0.99970  1.00000
3.110000000e+00  0.00000  1.00000  0.71782  0.01587  0.00000  0.00000  0.99970  1.00000
3.120000000e+00  0.00000  1.00000  0.49122  0.00218  0.00000  0.00000  0.99970  1.00000
3.130000000e+00  0.00000  1.00000  0.39665  0.07750  0.00000  0.00000  0.99971  1.00000
3.140000000e+00  0.00000  1.00000  0.55585  0.17700  0.00000  0.00000  0.99971  1.00000
3.150000000e+00  0.00000  1.00000  0.75858  0.03678  0.00000  0.00000  0.99971  1.00000
3.160000000e+00  0.00000  1.00000  0.60657  0.13072  0.00000  0.00000  0.99972  1.00000
3.170000000e+00  0.00000  1.00000  0.43476  0.67960  0.00000  0.00000  0.99972  1.00000
3.180000000e+00  0.00000  1.00000  0.49961  0.53564  0.00000  0.00000  0.99973  1.00000
3.190000000e+00  0.00000  1.00000  0.66970  0.25216  0.00000  0.00000  0.99973  1.00000
3.200000000e+00  0.00000  1.00000  0.83513  0.06079  0.00000  0.00000  0.99973  1.00000
3.210000000e+00  0.00000  1.00000  0.93475  0.00006  0.00000  0.00000  0.99974  1.00000
3.220000000e+00  0.00000  1.00000  0.91185  0.00032  0.00000  0.00000  0.99974  1.00000
3.230000000e+00  0.00000  1.00000  0.90510  0.00396  0.00000  0.00000  0.99974  1.00000
3.240000000e+00  0.00000  1.00000  0.95048  0.14045  0.00000  0.00000  0.99974  1.00000
3.250000000e+00  0.00000  1.00000  0.98804  0.05213  0.00000  0.00000  0.99975  1.00000
3.260000000e+00  0.00000  1.00000  0.99662  0.32730  0.00000  0.00000  0.99975  1.00000
3.270000000e+00  0.00000  1.00000  0.99622  0.02380  0.00000  0.00000  0.99975  1.00000
3.280000000e+00  0.00000  1.00000  0.99684  0.06826  0.00000  0.00000  0.99976  1.00000
3.290000000e+00  0.00000  1.00000  0.99856  0.31998  0.00000  0.00000  0.99976  1.00000
3.300000000e+00  0.00000  1.00000  0.99937  0.15492  0.00000  0.00000  0.99976  1.00000
3.310000000e+00  0.00000  1.00000  0.99949  0.02455  0.00000  0.00000  0.99977  1.00000
3.320000000e+00  0.00000  1.00000  0.99901  0.22468  0.00000  0.00000  0.99977  1.00000
3.330000000e+00  0.00000  1.00000  0.99376  0.07297  0.00000  0.00000  0.99977  1.00000
3.340000000e+00  0.00000  1.00000  0.97871  0.39132  0.00000  0.00000  0.99977  0.99988
3.350000000e+00  0.00000  1.00000  0.96598  0.14589  0.00000  0.00000  0.99978  0.99984
3.360000000e+00  0.00000  1.00000  0.86126  0.15559  0.00000  0.00000  0.99978  0.99989
3.370000000e+00  0.00000  1.00000  0.95999  0.20751  0.00000  0.00000  0.99978  0.99981
3.380000000e+00  0.00000  1.00000  0.97138  0.32773  0.00000  0.00000  0.99978  0.99993
3.390000000e+00  0.00000  1.00000  0.98469  0.45712  0.00000  0.00000  0.99979  0.99990
3.400000000e+00  0.00000  1.00000  0.99445  0.67594  0.00000  0.00000  0.99979  0.99995
3.410000000e+00  0.00000  1.00000  0.99798  0.51115  0.00000  0.00000  0.99979  0.99996
3.420000000e+00  0.00000  1.00000  0.99931  0.64321  0.00000  0.00000  0.99979  1.00000
3.430000000e+00  0.00000  1.00000  0.99912  0.88552  0.00000  0.00000  0.99980  0.99994
3.440000000e+00  0.00000  1.00000  0.99932  0.78228  0.00000  0.00000  0.99980  0.99990
3.450000000e+00  0.00000  1.00000  0.99656  0.78518  0.00000  0.00000  0.99980  0.99978
3.460000000e+00  0.00000  1.00000  0.99740  0.73477  0.00000  0.00000  0.99980  0.99991
3.470000000e+00  0.00000  1.00000  0.99906  0.87023  0.00000  0.00000  0.99981  0.99981
3.480000000e+00  0.00000  1.00000  0.99935  0.82337  0.00000  0.00000  0.99981  0.99987
3.490000000e+00  0.00000  1.00000  0.99958  0.86024  0.00000  0.00000  0.99981  0.99987
3.500000000e+00  0.00000  1.00000  0.99960  0.83138  0.00000  0.00000  0.99981  0.99993
3.510000000e+00  0.00000  1.00000  0.99931  0.84594  0.00000  0.00000  0.99981  0.99998
3.520000000e+00  0.00000  1.00000  0.99815  0.78496  0.00000  0.00000  0.99982  0.99997
3.530000000e+00  0.00000  1.00000  0.99511  0.75044  0.00000  0.00000  0.99982  0.99996
3.540000000e+00  0.00000  1.00000  0.98908  0.73065  0.00000  0.00000  0.99982  0.99992
3.550000000e+00  0.00000  1.00000  0.97665  0.69473  0.00000  0.00000  0.99982  0.99994
3.560000000e+00  0.00000  1.00000  0.94902  0.58370  0.00000  0.00000  0.99982  0.99974
3.570000000e+00  0.00000  1.00000  0.90727  0.71744  0.00000  0.00000  0.99983  0.99974
3.580000000e+00  0.00000  1.00000  0.87596  0.65777  0.00000  0.00000  0.99983  0.99953
3.590000000e+00  0.00000  1.00000  0.82063  0.75180  0.00000  0.00000  0.99983  0.99952
3.600000000e+00  0.00000  1.00000  0.66955  0.65238  0.00000  0.00000  0.99983  0.99957
3.610000000e+00  0.00000  1.00000  0.53920  0.83520  0.00000  0.00000  0.99983  0.99960
3.620000000e+00  0.00000  1.00000  0.48680  0.68719  0.00000  0.00000  0.99984  0.99949
3.630000000e+00  0.00000  1.00000  0.67958  0.82498  0.00000  0.00000  0.99984  0.99937
3.640000000e+00  0.00000  1.00000  0.63897  0.73111  0.00000  0.00000  0.99984  0.99918
3.650000000e+00  0.00000  1.00000  0.51372  0.92909  0.00000  0.00000  0.99984  0.99904
3.660000000e+00  0.00000  1.00000  0.61777  0.78442  0.00000  0.00000  0.99984  0.99896
3.670000000e+00  0.00000  1.00000  0.80769  0.79269  0.00000  0.00000  0.99984  0.99886
3.680000000e+00  0.00000  1.00000  0.93385  0.40834  0.00000  0.00000  0.99985  0.99868
3.690000000e+00  0.00000  1.00000  0.96887  0.56594  0.00000  0.00000  0.99985  0.99840
3.700000000e+00  0.00000  1.00000  0.97974  0.78585  0.00000  0.00000  0.99985  0.99820
3.710000000e+00  0.00000  1.00000  0.98898  0.91527  0.00000  0.00000  0.99985  0.99643
3.720000000e+00  0.00000  1.00000  0.97943  0.71551  0.00000  0.00000  0.99985  0.99530
3.730000000e+00  0.00000  1.00000  0.97819  0.84574  0.00000  0.00000  0.99985  0.99481
3.740000000e+00  0.00000  1.00000  0.97756  0.71988  0.00000  0.00000  0.99986  0.99423
3.750000000e+00  0.00000  1.00000  0.94067  0.80965  0.00000  0.00000  0.99986  0.99346
3.760000000e+00  0.00000  1.00000  0.84576  0.76314  0.00000  0.00000  0.99986  0.99262
3.770000000e+00  0.00000  1.00000  0.72144  0.71280  0.00000  0.00000  0.99986  0.99165
3.780000000e+00  0.00000  1.00000  0.54902  0.72944  0.00000  0.00000  0.99986  0.99039
3.790000000e+00  0.00000  1.00000  0.37587  0.78318  0.00000  0.00000  0.99986  0.98885
3.800000000e+00  0.00000  1.00000  0.14831  0.73182  0.00000  0.00000  0.99986  0.98720
3.810000000e+00  0.00000  1.00000  0.03973  0.88543  0.00000  0.00000  0.99987  0.98524
3.820000000e+00  0.00000  1.00000  0.06251  0.70553  0.00000  0.00000  0.99987  0.98311
3.830000000e+00  0.00000  1.00000  0.26000  0.86770  0.00000  0.00000  0.99987  0.98070
3.840000000e+00  0.00000  1.00000  0.12739  0.75910  0.00000  0.00000  0.99987  0.97788
3.850000000e+00  0.00000  1.00000  0.06580  0.87763  0.00000  0.00000  0.99987  0.97461
3.860000000e+00  0.00000  1.00000  0.12015  0.85303  0.00000  0.00000  0.99987  0.97088
3.870000000e+00  0.00000  1.00000  0.28929  0.89349  0.00000  0.00000  0.99987  0.96676
3.880000000e+00  0.00000  1.00000  0.53606  0.88891  0.00000  0.00000  0.99988  0.96207
3.890000000e+00  0.00000  1.00000  0.75641  0.91498  0.00000  0.00000  0.99988  0.95664
3.900000000e+00  0.00000  1.00000  0.90399  0.94604  0.00000  0.00000  0.99988  0.95052
3.910000000e+00  0.00000  1.00000  0.95992  0.90487  0.00000  0.00000  0.99988  0.94360
3.920000000e+00  0.00000  1.00000  0.96445  0.97908  0.00000  0.00000  0.99988  0.93548
3.930000000e+00  0.00000  1.00000  0.92695  0.95437  0.00000  0.00000  0.99988  0.92619
3.940000000e+00  0.00000  1.00000  0.84417  0.98011  0.00000  0.00000  0.99988  0.91544
3.950000000e+00  0.00000  1.00000  0.71853  0.98321  0.00000  0.00000  0.99988  0.90333
3.960000000e+00  0.00000  1.00000  0.50203  0.97220  0.00000  0.00000  0.99989  0.88898
3.970000000e+00  0.00000  1.00000  0.33035  0.99230  0.00000  0.00000  0.99989  0.87262
3.980000000e+00  0.00000  1.00000  0.17936  0.98289  0.00000  0.00000  0.99989  0.85439
3.990000000e+00  0.00000  1.00000  0.13005  0.99470  0.00000  0.00000  0.99989  0.83355
4.000000000e+00  0.00000  1.00000  0.30688  0.99270  0.00000  0.00000  0.99989  0.80964
4.010000000e+00  0.00000  1.00000  0.37965  0.99268  0.00000  0.00000  0.99989  0.78350
4.020000000e+00  0.00000  1.00000  0.16875  0.99802  0.00000  0.00000  0.99989  0.75508
4.030000000e+00  0.00000  1.00000  0.14733  0.99282  0.00000  0.00000  0.99989  0.72498
4.040000000e+00  0.00000  1.00000  0.20622  0.99634  0.00000  0.00000  0.99989  0.69328
4.050000000e+00  0.00000  1.00000  0.34625  0.99663  0.00000  0.00000  0.99989  0.65977
4.060000000e+00  0.00000  1.00000  0.51765  0.99591  0.00000  0.00000  0.99990  0.62609
4.070000000e+00  0.00000  1.00000  0.57270  0.99570  0.00000  0.00000  0.99990  0.59228
4.080000000e+00  0.00000  1.00000  0.28144  0.99794  0.00000  0.00000  0.99990  0.56018
4.090000000e+00  0.00000  1.00000  0.08727  0.99777  0.00000  0.00000  0.99990  0.53021
4.100000000e+00  0.00000  1.00000  0.03882  0.99805  0.00000  0.00000  0.99990  0.50225
4.110000000e+00  0.00000  1.00000  0.04971  0.99288  0.00000  0.00000  0.99990  0.47724
4.120000000e+00  0.00000  1.00000  0.21170  0.99806  0.00000  0.00000  0.99990  0.45583
4.130000000e+00  0.00000  1.00000  0.26138  0.99516  0.00000  0.00000  0.99990  0.43794
4.140000000e+00  0.00000  1.00000  0.11609  0.99678  0.00000  0.00000  0.99990  0.42381
4.150000000e+00  0.00000  1.00000  0.04888  0.99898  0.00000  0.00000  0.99990  0.41325
4.160000000e+00  0.00000  1.00000  0.00022  0.99453  0.00000  0.00000  0.99991  0.40664
4.170000000e+00  0.00000  1.00000  0.00000  0.99675  0.00000  0.00000  0.99991  0.40285
4.180000000e+00  0.00000  1.00000  0.00000  0.99611  0.00000  0.00000  0.99991  0.40394
4.190000000e+00  0.00000  1.00000  0.00000  0.99619  0.00000  0.00000  0.99991  0.40590
4.200000000e+00  0.00000  1.00000  0.00000  0.99565  0.00000  0.00000  0.99991  0.41107
4.210000000e+00  0.00000  1.00000  0.00000  0.99327  0.00000  0.00000  0.99991  0.41425
4.220000000e+00  0.00000  1.00000  0.00000  0.99364  0.00000  0.00000  0.99991  0.41513
4.230000000e+00  0.00000  1.00000  0.00000  0.99298  0.00000  0.00000  0.99991  0.41252
4.240000000e+00  0.00000  1.00000  0.00000  0.99471  0.00000  0.00000  0.99991  0.40453
4.250000000e+00  0.00000  1.00000  0.00000  0.98674  0.00000  0.00000  0.99991  0.38942
4.260000000e+00  0.00000  1.00000  0.00000  0.98360  0.00000  0.00000  0.99991  0.36066
4.270000000e+00  0.00000  1.00000  0.00000  0.99425  0.00000  0.00000  0.99991  0.31773
4.280000000e+00  0.00000  1.00000  0.00000  0.97609  0.00000  0.00000  0.99992  0.28803
4.290000000e+00  0.00000  1.00000  0.00000  0.97261  0.00000  0.00000  0.99992  0.26993
4.300000000e+00  0.00000  1.00000  0.00000  0.96901  0.00000  0.00000  0.99992  0.27456
4.310000000e+00  0.00000  1.00000  0.00000  0.94596  0.00000  0.00000  0.99992  0.30216
4.320000000e+00  0.00000  1.00000  0.00000  0.95699  0.00000  0.00000  0.99992  0.34227
4.330000000e+00  0.00000  1.00000  0.00000  0.95530  0.00000  0.00000  0.99992  0.39699
4.340000000e+00  0.00000  1.00000  0.00000  0.94463  0.00000  0.00000  0.99992  0.44287
4.350000000e+00  0.00000  1.00000  0.00000  0.94243  0.00000  0.00000  0.99992  0.47760
4.360000000e+00  0.00000  1.00000  0.00000  0.92218  0.00000  0.00000  0.99992  0.50267
4.370000000e+00  0.00000  1.00000  0.00000  0.83878  0.00000  0.00000  0.99992  0.52070
4.380000000e+00  0.00000  1.00000  0.00000  0.94346  0.00000  0.00000  0.99992  0.53421
4.390000000e+00  0.00000  1.00000  0.00000  0.92287  0.00000  0.00000  0.99992  0.54650
4.400000000e+00  0.00000  1.00000  0.00000  0.88579  0.00000  0.00000  0.99992  0.55521
4.410000000e+00  0.00000  1.00000  0.00000  0.77286  0.00000  0.00000  0.99992  0.56654
4.420000000e+00  0.00000  1.00000  0.00000  0.96259  0.00000  0.00000  0.99993  0.57743
4.430000000e+00  0.00000  1.00000  0.00000  0.86596  0.00000  0.00000  0.99993  0.59018
4.440000000e+00  0.00000  1.00000  0.00000  0.71736  0.00000  0.00000  0.99993  0.60384
4.450000000e+00  0.00000  1.00000  0.00000  0.78152  0.00000  0.00000  0.99993  0.61983
4.460000000e+00  0.00000  1.00000  0.00000  0.80819  0.00000  0.00000  0.99993  0.63575
4.470000000e+00  0.00000  1.00000  0.00000  0.82543  0.00000  0.00000  0.99993  0.65509
4.480000000e+00  0.00000  1.00000  0.00000  0.80902  0.00000  0.00000  0.99993  0.67332
4.490000000e+00  0.00000  1.00000  0.00000  0.84525  0.00000  0.00000  0.99993  0.69429
4.500000000e+00  0.00000  1.00000  0.00000  0.87006  0.00000  0.00000  0.99993  0.71368
4.510000000e+00  0.00000  1.00000  0.00000  0.86258  0.00000  0.00000  0.99993  0.73481
4.520000000e+00  0.00000  1.00000  0.00000  0.79636  0.00000  0.00000  0.99993  0.75540
4.530000000e+00  0.00000  1.00000  0.00000  0.67465  0.00000  0.00000  0.99993  0.77547
4.540000000e+00  0.00000  1.00000  0.00002  0.65375  0.00000  0.00000  0.99993  0.79513
4.550000000e+00  0.00000  1.00000  0.00025  0.82029  0.00000  0.00000  0.99993  0.81403
4.560000000e+00  0.00000  1.00000  0.00503  0.91032  0.00000  0.00000  0.99993  0.83206
4.570000000e+00  0.00000  1.00000  0.03454  0.81599  0.00000  0.00000  0.99993  0.84837
4.580000000e+00  0.00000  1.00000  0.11747  0.72017  0.00000  0.00000  0.99994  0.86426
4.590000000e+00  0.00000  1.00000  0.16989  0.78184  0.00000  0.00000  0.99994  0.87869
4.600000000e+00  0.00000  1.00000  0.24884  0.81203  0.00000  0.00000  0.99994  0.89198
4.610000000e+00  0.00000  1.00000  0.30822  0.84925  0.00000  0.00000  0.99994  0.90418
4.620000000e+00  0.00000  1.00000  0.25503  0.80626  0.00000  0.00000  0.99994  0.91531
4.630000000e+00  0.00000  1.00000  0.11497  0.61511  0.00000  0.00000  0.99994  0.92534
4.640000000e+00  0.00000  1.00000  0.08817  0.62604  0.00000  0.00000  0.99994  0.93438
4.650000000e+00  0.00000  1.00000  0.07187  0.64341  0.00000  0.00000  0.99994  0.94250
4.660000000e+00  0.00000  1.00000  0.07252  0.58095  0.00000  0.00000  0.99994  0.94977
4.670000000e+00  0.00000  1.00000  0.07943  0.50910  0.00000  0.00000  0.99994  0.95593
4.680000000e+00  0.00000  1.00000  0.02834  0.51703  0.00000  0.00000  0.99994  0.96086
4.690000000e+00  0.00000  1.00000  0.01238  0.22723  0.00000  0.00000  0.99994  0.96603
4.700000000e+00  0.00000  1.00000  0.00141  0.87501  0.00000  0.00000  0.99994  0.97021
4.710000000e+00  0.00000  1.00000  0.00004  0.77879  0.00000  0.00000  0.99994  0.97374
4.720000000e+00  0.00000  1.00000  0.00002  0.45916  0.00000  0.00000  0.99994  0.97706
4.730000000e+00  0.00000  1.00000  0.00000  0.59434  0.00000  0.00000  0.99994  0.97954
4.740000000e+00  0.00000  1.00000  0.00000  0.43709  0.00000  0.00000  0.99994  0.98241
4.750000000e+00  0.00000  1.00000  0.00000  0.67563  0.00000  0.00000  0.99994  0.98463
4.760000000e+00  0.00000  1.00000  0.00000  0.56388  0.00000  0.00000  0.99994  0.98663
4.770000000e+00  0.00000  1.00000  0.00000  0.57710  0.00000  0.00000  0.99994  0.98837
4.780000000e+00  0.00000  1.00000  0.00000  0.45422  0.00000  0.00000  0.99995  0.98912
4.790000000e+00  0.00000  1.00000  0.00000  0.27720  0.00000  0.00000  0.99995  0.99049
4.800000000e+00  0.00000  1.00000  0.00000  0.32027  0.00000  0.00000  0.99995  0.99238
4.810000000e+00  0.00000  1.00000  0.00000  0.48833  0.00000  0.00000  0.99995  0.99356
4.820000000e+00  0.00000  1.00000  0.00000  0.43339  0.00000  0.00000  0.99995  0.99438
4.830000000e+00  0.00000  1.00000  0.00000  0.26389  0.00000  0.00000  0.99995  0.99535
4.840000000e+00  0.00000  1.00000  0.00000  0.47057  0.00000  0.00000  0.99995  0.99246
4.850000000e+00  0.00000  1.00000  0.00000  0.12875  0.00000  0.00000  0.99995  0.99510
4.860000000e+00  0.00000  1.00000  0.00000  0.09698  0.00000  0.00000  0.99995  0.99703
4.870000000e+00  0.00000  1.00000  0.00000  0.60460  0.00000  0.00000  0.99995  0.99756
4.880000000e+00  0.00000  1.00000  0.00000  0.61054  0.00000  0.00000  0.99995  0.99783
4.890000000e+00  0.00000  1.00000  0.00000  0.54541  0.00000  0.00000  0.99995  0.99747
4.900000000e+00  0.00000  1.00000  0.00000  0.08426  0.00000  0.00000  0.99995  0.99534
4.910000000e+00  0.00000  1.00000  0.00000  0.05196  0.00000  0.00000  0.99995  0.99819
4.920000000e+00  0.00000  1.00000  0.00000  0.28646  0.00000  0.00000  0.99995  0.99852
4.930000000e+00  0.00000  1.00000  0.00000  0.52134  0.00000  0.00000  0.99995  0.99866
4.940000000e+00  0.00000  1.00000  0.00011  0.27648  0.00000  0.00000  0.99995  0.99866
4.950000000e+00  0.00000  1.00000  0.00054  0.08360  0.00000  0.00000  0.99995  0.99691
4.960000000e+00  0.00000  1.00000  0.00128  0.02798  0.00000  0.00000  0.99995  0.98930
4.970000000e+00  0.00000  1.00000  0.01072  0.01006  0.00000  0.00000  0.99995  0.99897
4.980000000e+00  0.00000  1.00000  0.03179  0.18001  0.00000  0.00000  0.99995  0.99904
4.990000000e+00  0.00000  1.00000  0.08162  0.04632  0.00000  0.00000  0.99995  0.99926
5.000000000e+00  0.00000  1.00000  0.07490  0.29135  0.00000  0.00000  0.99995  0.99928
