results_atm.txt
# ------------------------------------------------------------------------
# Atmospheric radiances synthesized with PUMAS (Villanueva et al. 2016, Smith et al. 2009, Edwards 1992)
# Molecular abundance profile: 
# Molecules considered: N2,CO2,H2O
# Molecular sources: HIT[22],HIT[2],HIT[1]
# Molecular abundances: 1,1,1
# Molecular abundance units: scl,scl,scl
# Collission-Induced-Absorption:  N2-N2(3.33-5.41um)
# Rayleigh scattering included
# ------------------------------------------------------------------------
# Wave/freq TRAPPIST-1-e
1.000000000e+00  2.08513e-10
1.010000000e+00  2.09786e-10
1.020000000e+00  2.10951e-10
1.030000000e+00  2.12005e-10
1.040000000e+00  2.05853e-10
1.050000000e+00  2.13710e-10
1.060000000e+00  2.13990e-10
1.070000000e+00  2.13028e-10
1.080000000e+00  2.15494e-10
1.090000000e+00  2.16125e-10
1.100000000e+00  2.16395e-10
1.110000000e+00  2.16653e-10
1.120000000e+00  2.14949e-10
1.130000000e+00  2.14533e-10
1.140000000e+00  2.16028e-10
1.150000000e+00  2.15458e-10
1.160000000e+00  2.16543e-10
1.170000000e+00  2.16598e-10
1.180000000e+00  2.16261e-10
1.190000000e+00  2.15889e-10
1.200000000e+00  2.15521e-10
1.210000000e+00  1.79577e-10
1.220000000e+00  1.95949e-10
1.230000000e+00  2.01497e-10
1.240000000e+00  2.09299e-10
1.250000000e+00  2.12473e-10
1.260000000e+00  2.10666e-10
1.270000000e+00  2.09818e-10
1.280000000e+00  2.10358e-10
1.290000000e+00  2.07302e-10
1.300000000e+00  2.04633e-10
1.310000000e+00  2.07420e-10
1.320000000e+00  1.90147e-10
1.330000000e+00  2.05135e-10
1.340000000e+00  1.94048e-10
1.350000000e+00  1.99990e-10
1.360000000e+00  1.96248e-10
1.370000000e+00  1.93840e-10
1.380000000e+00  1.92956e-10
1.390000000e+00  1.93538e-10
1.400000000e+00  1.92615e-10
1.410000000e+00  1.90470e-10
1.420000000e+00  1.94011e-10
1.430000000e+00  1.91045e-10
1.440000000e+00  1.00634e-10
1.450000000e+00  1.56627e-10
1.460000000e+00  1.87144e-10
1.470000000e+00  1.86409e-10
1.480000000e+00  1.72882e-10
1.490000000e+00  1.81190e-10
1.500000000e+00  1.71759e-10
1.510000000e+00  1.81754e-10
1.520000000e+00  1.80697e-10
1.530000000e+00  1.65514e-10
1.540000000e+00  1.52920e-10
1.550000000e+00  1.72093e-10
1.560000000e+00  1.74076e-10
1.570000000e+00  1.55164e-10
1.580000000e+00  1.11276e-10
1.590000000e+00  1.61700e-10
1.600000000e+00  1.49160e-10
1.610000000e+00  1.09244e-10
1.620000000e+00  1.43788e-10
1.630000000e+00  1.56054e-10
1.640000000e+00  1.49076e-10
1.650000000e+00  1.45794e-10
1.660000000e+00  1.53140e-10
1.670000000e+00  1.53332e-10
1.680000000e+00  1.53814e-10
1.690000000e+00  1.55947e-10
1.700000000e+00  1.55369e-10
1.710000000e+00  1.52246e-10
1.720000000e+00  1.52228e-10
1.730000000e+00  1.51358e-10
1.740000000e+00  1.50022e-10
1.750000000e+00  1.48552e-10
1.760000000e+00  1.46853e-10
1.770000000e+00  1.45585e-10
1.780000000e+00  1.44299e-10
1.790000000e+00  1.42710e-10
1.800000000e+00  1.41338e-10
1.810000000e+00  1.39694e-10
1.820000000e+00  1.37017e-10
1.830000000e+00  1.34496e-10
1.840000000e+00  1.31050e-10
1.850000000e+00  1.30195e-10
1.860000000e+00  1.27844e-10
1.870000000e+00  1.27933e-10
1.880000000e+00  1.13420e-10
1.890000000e+00  1.12736e-10
1.900000000e+00  1.21357e-10
1.910000000e+00  1.20911e-10
1.920000000e+00  1.22265e-10
1.930000000e+00  1.21207e-10
1.940000000e+00  1.15298e-10
1.950000000e+00  7.04435e-11
1.960000000e+00  3.35355e-11
1.970000000e+00  3.69179e-11
1.980000000e+00  6.95383e-11
1.990000000e+00  8.89713e-11
2.000000000e+00  6.06549e-11
2.010000000e+00  1.90041e-11
2.020000000e+00  2.48937e-11
2.030000000e+00  5.04491e-11
2.040000000e+00  5.42975e-11
2.050000000e+00  5.17135e-11
2.060000000e+00  3.30175e-11
2.070000000e+00  3.64546e-11
2.080000000e+00  5.01548e-11
2.090000000e+00  5.84856e-11
2.100000000e+00  7.14750e-11
2.110000000e+00  8.38864e-11
2.120000000e+00  8.76404e-11
2.130000000e+00  9.56192e-11
2.140000000e+00  9.68374e-11
2.150000000e+00  8.78831e-11
2.160000000e+00  8.73247e-11
2.170000000e+00  8.62727e-11
2.180000000e+00  9.02150e-11
2.190000000e+00  9.32366e-11
2.200000000e+00  9.31634e-11
2.210000000e+00  9.24939e-11
2.220000000e+00  9.09889e-11
2.230000000e+00  9.02236e-11
2.240000000e+00  8.98944e-11
2.250000000e+00  8.89039e-11
2.260000000e+00  8.73933e-11
2.270000000e+00  8.69719e-11
2.280000000e+00  8.59507e-11
2.290000000e+00  8.53089e-11
2.300000000e+00  8.43943e-11
2.310000000e+00  8.35035e-11
2.320000000e+00  8.26319e-11
2.330000000e+00  8.17450e-11
2.340000000e+00  8.08650e-11
2.350000000e+00  7.99945e-11
2.360000000e+00  7.91267e-11
2.370000000e+00  7.82754e-11
2.380000000e+00  7.73903e-11
2.390000000e+00  7.64691e-11
2.400000000e+00  7.55630e-11
2.410000000e+00  7.47116e-11
2.420000000e+00  7.40428e-11
2.430000000e+00  7.33591e-11
2.440000000e+00  7.21548e-11
2.450000000e+00  7.15858e-11
2.460000000e+00  7.09697e-11
2.470000000e+00  7.00901e-11
2.480000000e+00  6.87948e-11
2.490000000e+00  6.57722e-11
2.500000000e+00  6.54614e-11
2.510000000e+00  6.48131e-11
2.520000000e+00  6.37852e-11
2.530000000e+00  6.45456e-11
2.540000000e+00  6.34409e-11
2.550000000e+00  6.16132e-11
2.560000000e+00  6.16727e-11
2.570000000e+00  5.68822e-11
2.580000000e+00  5.38396e-11
2.590000000e+00  5.11841e-11
2.600000000e+00  4.68109e-11
2.610000000e+00  4.83755e-11
2.620000000e+00  4.73688e-11
2.630000000e+00  4.98853e-11
2.640000000e+00  4.88379e-11
2.650000000e+00  5.20219e-11
2.660000000e+00  3.99674e-11
2.670000000e+00  9.42841e-12
2.680000000e+00  1.49976e-12
2.690000000e+00  5.00719e-13
2.700000000e+00  6.69163e-13
2.710000000e+00  6.80416e-13
2.720000000e+00  1.44708e-12
2.730000000e+00  2.90770e-12
2.740000000e+00  2.92158e-12
2.750000000e+00  1.37685e-12
2.760000000e+00  4.37495e-13
2.770000000e+00  3.42550e-13
2.780000000e+00  2.56709e-13
2.790000000e+00  2.97665e-13
2.800000000e+00  4.43272e-13
2.810000000e+00  6.42744e-13
2.820000000e+00  7.66109e-13
2.830000000e+00  8.25041e-13
2.840000000e+00  9.66186e-13
2.850000000e+00  7.07362e-13
2.860000000e+00  1.09486e-12
2.870000000e+00  2.33571e-12
2.880000000e+00  3.90726e-12
2.890000000e+00  6.69905e-12
2.900000000e+00  1.04465e-11
2.910000000e+00  1.26981e-11
2.920000000e+00  1.40627e-11
2.930000000e+00  1.45667e-11
2.940000000e+00  1.50191e-11
2.950000000e+00  1.56487e-11
2.960000000e+00  1.55219e-11
2.970000000e+00  1.41295e-11
2.980000000e+00  1.22803e-11
2.990000000e+00  1.19115e-11
3.000000000e+00  1.37058e-11
3.010000000e+00  1.52542e-11
3.020000000e+00  1.40477e-11
3.030000000e+00  1.49812e-11
3.040000000e+00  1.60550e-11
3.050000000e+00  1.66003e-11
3.060000000e+00  1.67269e-11
3.070000000e+00  1.71557e-11
3.080000000e+00  1.73582e-11
3.090000000e+00  1.73001e-11
3.100000000e+00  1.72896e-11
3.110000000e+00  1.71246e-11
3.120000000e+00  1.65693e-11
3.130000000e+00  1.61342e-11
3.140000000e+00  1.64037e-11
3.150000000e+00  1.68189e-11
3.160000000e+00  1.67496e-11
3.170000000e+00  1.65931e-11
3.180000000e+00  1.69365e-11
3.190000000e+00  1.72931e-11
3.200000000e+00  1.76556e-11
3.210000000e+00  1.79453e-11
3.220000000e+00  1.83116e-11
3.230000000e+00  1.86061e-11
3.240000000e+00  1.91634e-11
3.250000000e+00  1.94402e-11
3.260000000e+00  1.99458e-11
3.270000000e+00  2.02153e-11
3.280000000e+00  2.07164e-11
3.290000000e+00  2.12347e-11
3.300000000e+00  2.15743e-11
3.310000000e+00  2.19729e-11
3.320000000e+00  2.25458e-11
3.330000000e+00  2.27875e-11
3.340000000e+00  2.32151e-11
3.350000000e+00  2.34631e-11
3.360000000e+00  2.32876e-11
3.370000000e+00  2.41639e-11
3.380000000e+00  2.45574e-11
3.390000000e+00  2.48722e-11
3.400000000e+00  2.50482e-11
3.410000000e+00  2.51734e-11
3.420000000e+00  2.53117e-11
3.430000000e+00  2.54344e-11
3.440000000e+00  2.55512e-11
3.450000000e+00  2.56393e-11
3.460000000e+00  2.56215e-11
3.470000000e+00  2.55769e-11
3.480000000e+00  2.55221e-11
3.490000000e+00  2.54684e-11
3.500000000e+00  2.54128e-11
3.510000000e+00  2.53557e-11
3.520000000e+00  2.52766e-11
3.530000000e+00  2.51352e-11
3.540000000e+00  2.49886e-11
3.550000000e+00  2.48334e-11
3.560000000e+00  2.46494e-11
3.570000000e+00  2.44141e-11
3.580000000e+00  2.41436e-11
3.590000000e+00  2.37721e-11
3.600000000e+00  2.31138e-11
3.610000000e+00  2.25243e-11
3.620000000e+00  2.20210e-11
3.630000000e+00  2.23408e-11
3.640000000e+00  2.21062e-11
3.650000000e+00  2.16728e-11
3.660000000e+00  2.19992e-11
3.670000000e+00  2.23932e-11
3.680000000e+00  2.24694e-11
3.690000000e+00  2.23197e-11
3.700000000e+00  2.21624e-11
3.710000000e+00  2.20237e-11
3.720000000e+00  2.17879e-11
3.730000000e+00  2.16242e-11
3.740000000e+00  2.14786e-11
3.750000000e+00  2.12263e-11
3.760000000e+00  2.07678e-11
3.770000000e+00  2.02403e-11
3.780000000e+00  1.96841e-11
3.790000000e+00  1.90327e-11
3.800000000e+00  1.76350e-11
3.810000000e+00  1.58519e-11
3.820000000e+00  1.60018e-11
3.830000000e+00  1.72513e-11
3.840000000e+00  1.63476e-11
3.850000000e+00  1.57649e-11
3.860000000e+00  1.64793e-11
3.870000000e+00  1.75739e-11
3.880000000e+00  1.81652e-11
3.890000000e+00  1.83773e-11
3.900000000e+00  1.84714e-11
3.910000000e+00  1.84153e-11
3.920000000e+00  1.82516e-11
3.930000000e+00  1.79775e-11
3.940000000e+00  1.75993e-11
3.950000000e+00  1.71600e-11
3.960000000e+00  1.64892e-11
3.970000000e+00  1.58702e-11
3.980000000e+00  1.47954e-11
3.990000000e+00  1.41405e-11
4.000000000e+00  1.47517e-11
4.010000000e+00  1.50037e-11
4.020000000e+00  1.40617e-11
4.030000000e+00  1.40134e-11
4.040000000e+00  1.44186e-11
4.050000000e+00  1.49521e-11
4.060000000e+00  1.54350e-11
4.070000000e+00  1.54864e-11
4.080000000e+00  1.50506e-11
4.090000000e+00  1.45602e-11
4.100000000e+00  1.42120e-11
4.110000000e+00  1.42217e-11
4.120000000e+00  1.43298e-11
4.130000000e+00  1.42328e-11
4.140000000e+00  1.38629e-11
4.150000000e+00  1.39087e-11
4.160000000e+00  1.21865e-11
4.170000000e+00  5.98893e-12
4.180000000e+00  3.39546e-12
4.190000000e+00  1.74118e-12
4.200000000e+00  8.54570e-13
4.210000000e+00  3.22157e-13
4.220000000e+00  1.19963e-13
4.230000000e+00  6.50124e-14
4.240000000e+00  4.84718e-14
4.250000000e+00  4.57598e-14
4.260000000e+00  5.64360e-14
4.270000000e+00  6.16728e-14
4.280000000e+00  4.94564e-14
4.290000000e+00  5.09545e-14
4.300000000e+00  5.92646e-14
4.310000000e+00  7.12299e-14
4.320000000e+00  8.81792e-14
4.330000000e+00  1.23198e-13
4.340000000e+00  1.65842e-13
4.350000000e+00  2.04081e-13
4.360000000e+00  2.05279e-13
4.370000000e+00  2.19293e-13
4.380000000e+00  2.81754e-13
4.390000000e+00  3.75506e-13
4.400000000e+00  2.90646e-13
4.410000000e+00  2.93229e-13
4.420000000e+00  3.40121e-13
4.430000000e+00  4.25919e-13
4.440000000e+00  5.41406e-13
4.450000000e+00  7.47146e-13
4.460000000e+00  1.09362e-12
4.470000000e+00  1.41628e-12
4.480000000e+00  2.08728e-12
4.490000000e+00  2.59694e-12
4.500000000e+00  3.19857e-12
4.510000000e+00  4.31068e-12
4.520000000e+00  5.67462e-12
4.530000000e+00  7.34792e-12
4.540000000e+00  8.41871e-12
4.550000000e+00  9.14323e-12
4.560000000e+00  9.38654e-12
4.570000000e+00  9.58525e-12
4.580000000e+00  9.65277e-12
4.590000000e+00  9.68741e-12
4.600000000e+00  9.69063e-12
4.610000000e+00  9.64007e-12
4.620000000e+00  9.24863e-12
4.630000000e+00  9.05630e-12
4.640000000e+00  9.11093e-12
4.650000000e+00  9.08844e-12
4.660000000e+00  9.14635e-12
4.670000000e+00  9.12356e-12
4.680000000e+00  8.64369e-12
4.690000000e+00  8.36798e-12
4.700000000e+00  7.96467e-12
4.710000000e+00  5.79659e-12
4.720000000e+00  7.00549e-12
4.730000000e+00  6.14990e-12
4.740000000e+00  5.62818e-12
4.750000000e+00  5.28843e-12
4.760000000e+00  5.12598e-12
4.770000000e+00  5.20761e-12
4.780000000e+00  4.50751e-12
4.790000000e+00  3.81408e-12
4.800000000e+00  3.35480e-12
4.810000000e+00  2.81844e-12
4.820000000e+00  1.84627e-12
4.830000000e+00  2.28067e-12
4.840000000e+00  2.40975e-12
4.850000000e+00  2.40374e-12
4.860000000e+00  2.25431e-12
4.870000000e+00  2.38888e-12
4.880000000e+00  2.56378e-12
4.890000000e+00  2.59662e-12
4.900000000e+00  3.28157e-12
4.910000000e+00  3.81766e-12
4.920000000e+00  3.74067e-12
4.930000000e+00  5.12908e-12
4.940000000e+00  5.48059e-12
4.950000000e+00  5.36833e-12
4.960000000e+00  5.83927e-12
4.970000000e+00  6.40447e-12
4.980000000e+00  6.66057e-12
4.990000000e+00  7.14375e-12
5.000000000e+00  6.49418e-12
results_cfg.txt
<OBJECT-SUMMARY>Target: TRAPPIST-1 e for date (2017/05/25 15:22 UT); geometry: Observatory.
<OBJECT>Exoplanet
<OBJECT-NAME>TRAPPIST-1 e
<OBJECT-DATE>2017/05/25 15:22
<OBJECT-DIAMETER>11697
<OBJECT-GRAVITY>3.703632e+24
<OBJECT-GRAVITY-UNIT>kg
<OBJECT-STAR-DISTANCE>0.028170
<OBJECT-STAR-VELOCITY>0
<OBJECT-SOLAR-LONGITUDE>0
<OBJECT-SOLAR-LATITUDE>0
<OBJECT-SEASON>100
<OBJECT-SEASON-YEAR>2016
<OBJECT-STAR-TYPE>M
<OBJECT-STAR-TEMPERATURE>2559.0
<OBJECT-STAR-RADIUS>0.12
<OBJECT-OBS-LONGITUDE>0.0
<OBJECT-OBS-LATITUDE>89.860
<GEOMETRY>Observatory
<GEOMETRY-OFFSET-UNIT>arcsec
<GEOMETRY-OBS-ALTITUDE>12.10
<GEOMETRY-ALTITUDE-UNIT>pc
<GEOMETRY-OBS-ANGLE>48.121
<GEOMETRY-SOLAR-ANGLE>80.941
<GEOMETRY-PLANET-FRACTION>9.985186e-01
<GEOMETRY-STAR-DISTANCE>0.000000e+00
<GEOMETRY-STAR-FRACTION>0.000000e+00
<GEOMETRY-SOLAR-ANGLE>80.941
<GEOMETRY-PHASE>260.000
<ATMOSPHERE-STRUCTURE>Equilibrium
<ATMOSPHERE-WEIGHT>34.1512789427
<ATMOSPHERE-PRESSURE>1.4015263672
<ATMOSPHERE-PUNIT>bar
<ATMOSPHERE-NGAS>3
<ATMOSPHERE-GAS>N2,CO2,H2O
<ATMOSPHERE-TYPE>HIT[22],HIT[2],HIT[1]
<ATMOSPHERE-ABUN>1,1,1
<ATMOSPHERE-UNIT>scl,scl,scl
<ATMOSPHERE-NAERO>2
<ATMOSPHERE-AEROS>WaterIce,Cloud
<ATMOSPHERE-ATYPE>CRISM_Wolff[reff=2.0um 0.31-99.57um],White_GSFC[reff=1.0um 0.10-1000000.00um]
<ATMOSPHERE-AABUN>1,1
<ATMOSPHERE-AUNIT>scl,scl
<ATMOSPHERE-NMAX>0
<ATMOSPHERE-LMAX>0
<ATMOSPHERE-ASIZE>155.367610862,14.0
<ATMOSPHERE-LAYERS-MOLECULES>Altitude,N2,CO2,H2O,WaterIce,Cloud
<ATMOSPHERE-LAYERS>47
<ATMOSPHERE-LAYER-1>1.391E+00,2.892E+02,6.322E-02,7.414E-01,2.966E-01,1.371E-02,5.677E-10,1.880E-04
<ATMOSPHERE-LAYER-2>1.360E+00,2.896E+02,2.562E-01,7.416E-01,2.966E-01,1.350E-02,4.958E-15,9.144E-05
<ATMOSPHERE-LAYER-3>1.301E+00,2.906E+02,6.313E-01,7.419E-01,2.968E-01,1.291E-02,2.134E-26,5.194E-05
<ATMOSPHERE-LAYER-4>1.211E+00,2.900E+02,1.238E+00,7.428E-01,2.971E-01,1.142E-02,2.600E-12,3.401E-05
<ATMOSPHERE-LAYER-5>1.097E+00,2.876E+02,2.074E+00,7.443E-01,2.977E-01,8.733E-03,1.510E-08,2.813E-05
<ATMOSPHERE-LAYER-6>9.666E-01,2.833E+02,3.132E+00,7.458E-01,2.983E-01,6.290E-03,1.815E-07,2.687E-05
<ATMOSPHERE-LAYER-7>8.283E-01,2.770E+02,4.397E+00,7.466E-01,2.986E-01,4.866E-03,8.261E-07,3.227E-05
<ATMOSPHERE-LAYER-8>6.989E-01,2.697E+02,5.756E+00,7.474E-01,2.990E-01,3.474E-03,1.644E-06,3.893E-05
<ATMOSPHERE-LAYER-9>5.889E-01,2.625E+02,7.090E+00,7.481E-01,2.992E-01,2.291E-03,3.314E-06,4.455E-05
<ATMOSPHERE-LAYER-10>4.955E-01,2.560E+02,8.401E+00,7.486E-01,2.994E-01,1.431E-03,5.703E-06,4.374E-05
<ATMOSPHERE-LAYER-11>4.160E-01,2.498E+02,9.695E+00,7.489E-01,2.996E-01,8.987E-04,9.478E-06,3.044E-05
<ATMOSPHERE-LAYER-12>3.485E-01,2.437E+02,1.097E+01,7.491E-01,2.996E-01,5.594E-04,1.067E-05,1.329E-05
<ATMOSPHERE-LAYER-13>2.911E-01,2.374E+02,1.224E+01,7.492E-01,2.997E-01,3.391E-04,1.048E-05,4.447E-06
<ATMOSPHERE-LAYER-14>2.423E-01,2.306E+02,1.350E+01,7.493E-01,2.997E-01,1.887E-04,5.056E-06,1.759E-07
<ATMOSPHERE-LAYER-15>2.008E-01,2.234E+02,1.475E+01,7.494E-01,2.998E-01,9.471E-05,3.986E-06,0.000E+00
<ATMOSPHERE-LAYER-16>1.656E-01,2.162E+02,1.599E+01,7.494E-01,2.998E-01,4.265E-05,3.402E-06,0.000E+00
<ATMOSPHERE-LAYER-17>1.356E-01,2.099E+02,1.723E+01,7.494E-01,2.998E-01,1.943E-05,2.613E-06,0.000E+00
<ATMOSPHERE-LAYER-18>1.101E-01,2.060E+02,1.850E+01,7.494E-01,2.998E-01,1.225E-05,1.731E-06,0.000E+00
<ATMOSPHERE-LAYER-19>8.868E-02,2.056E+02,1.981E+01,7.494E-01,2.998E-01,1.105E-05,3.657E-07,0.000E+00
<ATMOSPHERE-LAYER-20>7.287E-02,2.063E+02,2.099E+01,7.494E-01,2.998E-01,1.085E-05,2.367E-08,0.000E+00
<ATMOSPHERE-LAYER-21>6.152E-02,2.068E+02,2.201E+01,7.494E-01,2.998E-01,1.070E-05,1.156E-08,0.000E+00
<ATMOSPHERE-LAYER-22>5.168E-02,2.067E+02,2.307E+01,7.494E-01,2.998E-01,1.053E-05,7.960E-09,0.000E+00
<ATMOSPHERE-LAYER-23>4.319E-02,2.061E+02,2.415E+01,7.494E-01,2.998E-01,1.039E-05,5.597E-09,0.000E+00
<ATMOSPHERE-LAYER-24>3.592E-02,2.050E+02,2.526E+01,7.494E-01,2.998E-01,1.029E-05,4.526E-09,0.000E+00
<ATMOSPHERE-LAYER-25>2.973E-02,2.035E+02,2.639E+01,7.494E-01,2.998E-01,1.030E-05,4.243E-09,0.000E+00
<ATMOSPHERE-LAYER-26>2.448E-02,2.016E+02,2.754E+01,7.494E-01,2.998E-01,1.051E-05,1.618E-08,0.000E+00
<ATMOSPHERE-LAYER-27>2.006E-02,1.995E+02,2.871E+01,7.494E-01,2.998E-01,1.069E-05,7.594E-08,0.000E+00
<ATMOSPHERE-LAYER-28>1.635E-02,1.971E+02,2.990E+01,7.494E-01,2.998E-01,1.062E-05,1.475E-07,0.000E+00
<ATMOSPHERE-LAYER-29>1.326E-02,1.948E+02,3.110E+01,7.494E-01,2.998E-01,1.032E-05,1.934E-07,0.000E+00
<ATMOSPHERE-LAYER-30>1.071E-02,1.929E+02,3.231E+01,7.494E-01,2.998E-01,9.915E-06,2.220E-07,0.000E+00
<ATMOSPHERE-LAYER-31>8.600E-03,1.916E+02,3.354E+01,7.494E-01,2.998E-01,9.590E-06,1.819E-07,0.000E+00
<ATMOSPHERE-LAYER-32>6.873E-03,1.908E+02,3.480E+01,7.494E-01,2.998E-01,9.286E-06,1.197E-07,0.000E+00
<ATMOSPHERE-LAYER-33>5.465E-03,1.899E+02,3.607E+01,7.494E-01,2.998E-01,8.933E-06,9.457E-08,0.000E+00
<ATMOSPHERE-LAYER-34>4.325E-03,1.888E+02,3.737E+01,7.494E-01,2.998E-01,8.574E-06,9.571E-08,0.000E+00
<ATMOSPHERE-LAYER-35>3.405E-03,1.871E+02,3.869E+01,7.494E-01,2.998E-01,8.166E-06,1.105E-07,0.000E+00
<ATMOSPHERE-LAYER-36>2.667E-03,1.851E+02,4.002E+01,7.494E-01,2.998E-01,7.748E-06,1.388E-07,0.000E+00
<ATMOSPHERE-LAYER-37>2.079E-03,1.829E+02,4.136E+01,7.494E-01,2.998E-01,7.524E-06,1.735E-07,0.000E+00
<ATMOSPHERE-LAYER-38>1.613E-03,1.810E+02,4.271E+01,7.494E-01,2.998E-01,7.493E-06,1.856E-07,0.000E+00
<ATMOSPHERE-LAYER-39>1.245E-03,1.800E+02,4.408E+01,7.494E-01,2.998E-01,7.633E-06,1.423E-07,0.000E+00
<ATMOSPHERE-LAYER-40>9.559E-04,1.799E+02,4.547E+01,7.494E-01,2.998E-01,7.822E-06,1.041E-07,0.000E+00
<ATMOSPHERE-LAYER-41>3.776E-04,1.799E+02,6.028E+01,7.494E-01,2.998E-01,7.822E-06,1.041E-07,0.000E+00
<ATMOSPHERE-LAYER-42>2.615E-04,1.799E+02,6.614E+01,7.494E-01,2.998E-01,7.822E-06,1.041E-07,0.000E+00
<ATMOSPHERE-LAYER-43>1.566E-04,1.799E+02,7.431E+01,7.494E-01,2.998E-01,7.822E-06,1.041E-07,0.000E+00
<ATMOSPHERE-LAYER-44>7.656E-05,1.799E+02,8.572E+01,7.494E-01,2.998E-01,7.822E-06,1.041E-07,0.000E+00
<ATMOSPHERE-LAYER-45>2.820E-05,1.799E+02,1.016E+02,7.494E-01,2.998E-01,7.822E-06,1.041E-07,0.000E+00
<ATMOSPHERE-LAYER-46>6.996E-06,1.799E+02,1.239E+02,7.494E-01,2.998E-01,7.822E-06,1.041E-07,0.000E+00
<ATMOSPHERE-LAYER-47>1.000E-06,1.799E+02,1.549E+02,7.494E-01,2.998E-01,7.822E-06,1.041E-07,0.000E+00
<SURFACE-TEMPERATURE>288.7654419
<SURFACE-ALBEDO>0.1459557
<SURFACE-EMISSIVITY>0.8540443
results_lyr.txt
# ----------------------------------------------------------------------------------------------
# NASA-GSFC Planetary Spectrum Generator (PSG, Villanueva et al. 2015)
# Atmospheric layering information considered by PUMAS
# Synthesized on Tue Nov 21 15:10:51 2017
# Radiative transfer method: correlated-k
# Synthesis spectral resolution [cm-1] and resolving power: 8.913678 5.010e+02
# Scattering parameters (nmax, lmax): 0 0
# ----------------------------------------------------------------------------------------------
# Molecular abundance profile: 
# Molecules considered: N2,CO2,H2O
# Molecular sources: HIT[22],HIT[2],HIT[1]
# Molecular abundances: 1,1,1
# Molecular abundance units: scl,scl,scl
# Collission-Induced-Absorption:  N2-N2(3.33-5.41um)
# Rayleigh scattering included
# ----------------------------------------------------------------------------------------------
# Aerosols considered: WaterIce,Cloud
# Aerosols sources: CRISM_Wolff[reff=2.0um 0.31-99.57um],White_GSFC[reff=1.0um 0.10-1000000.00um]
# Aerosols abundances: 1,1
# Aerosols abundance units: scl,scl
# Aerosols sizes [um]: 155.367610862,14.0
# ----------------------------------------------------------------------------------------------
# Input layer-by-layer atmospheric profile
# Molecular abundances in molec/molec and aerosols in kg/kg
# ----------------------------------------------------------------------------------------------
# Alt[km] Pressure[bar] Temp[K]         N2        CO2        H2O   WaterIce      Cloud
# ----------------------------------------------------------------------------------------------
    0.000   1.402e+00   288.765   7.414e-01  2.966e-01  1.371e-02  5.677e-10  1.880e-04
    0.256   1.360e+00   289.600   7.416e-01  2.966e-01  1.350e-02  4.958e-15  9.144e-05
    0.631   1.301e+00   290.600   7.419e-01  2.968e-01  1.291e-02  2.134e-26  5.194e-05
    1.238   1.211e+00   290.000   7.428e-01  2.971e-01  1.142e-02  2.600e-12  3.401e-05
    2.074   1.097e+00   287.600   7.443e-01  2.977e-01  8.733e-03  1.510e-08  2.813e-05
    3.132   9.666e-01   283.300   7.458e-01  2.983e-01  6.290e-03  1.815e-07  2.687e-05
    4.397   8.283e-01   277.000   7.466e-01  2.986e-01  4.866e-03  8.261e-07  3.227e-05
    5.756   6.989e-01   269.700   7.474e-01  2.990e-01  3.474e-03  1.644e-06  3.893e-05
    7.090   5.889e-01   262.500   7.481e-01  2.992e-01  2.291e-03  3.314e-06  4.455e-05
    8.401   4.955e-01   256.000   7.486e-01  2.994e-01  1.431e-03  5.703e-06  4.374e-05
    9.695   4.160e-01   249.800   7.489e-01  2.996e-01  8.987e-04  9.478e-06  3.044e-05
   10.970   3.485e-01   243.700   7.491e-01  2.996e-01  5.594e-04  1.067e-05  1.329e-05
   12.240   2.911e-01   237.400   7.492e-01  2.997e-01  3.391e-04  1.048e-05  4.447e-06
   13.500   2.423e-01   230.600   7.493e-01  2.997e-01  1.887e-04  5.056e-06  1.759e-07
   14.750   2.008e-01   223.400   7.494e-01  2.998e-01  9.471e-05  3.986e-06  0.000e+00
   15.990   1.656e-01   216.200   7.494e-01  2.998e-01  4.265e-05  3.402e-06  0.000e+00
   17.230   1.356e-01   209.900   7.494e-01  2.998e-01  1.943e-05  2.613e-06  0.000e+00
   18.500   1.101e-01   206.000   7.494e-01  2.998e-01  1.225e-05  1.731e-06  0.000e+00
   19.810   8.868e-02   205.600   7.494e-01  2.998e-01  1.105e-05  3.657e-07  0.000e+00
   20.990   7.287e-02   206.300   7.494e-01  2.998e-01  1.085e-05  2.367e-08  0.000e+00
   22.010   6.152e-02   206.800   7.494e-01  2.998e-01  1.070e-05  1.156e-08  0.000e+00
   23.070   5.168e-02   206.700   7.494e-01  2.998e-01  1.053e-05  7.960e-09  0.000e+00
   24.150   4.319e-02   206.100   7.494e-01  2.998e-01  1.039e-05  5.597e-09  0.000e+00
   25.260   3.592e-02   205.000   7.494e-01  2.998e-01  1.029e-05  4.526e-09  0.000e+00
   26.390   2.973e-02   203.500   7.494e-01  2.998e-01  1.030e-05  4.243e-09  0.000e+00
   27.540   2.448e-02   201.600   7.494e-01  2.998e-01  1.051e-05  1.618e-08  0.000e+00
   28.710   2.006e-02   199.500   7.494e-01  2.998e-01  1.069e-05  7.594e-08  0.000e+00
   29.900   1.635e-02   197.100   7.494e-01  2.998e-01  1.062e-05  1.475e-07  0.000e+00
   31.100   1.326e-02   194.800   7.494e-01  2.998e-01  1.032e-05  1.934e-07  0.000e+00
   32.310   1.071e-02   192.900   7.494e-01  2.998e-01  9.915e-06  2.220e-07  0.000e+00
   33.540   8.600e-03   191.600   7.494e-01  2.998e-01  9.590e-06  1.819e-07  0.000e+00
   34.800   6.873e-03   190.800   7.494e-01  2.998e-01  9.286e-06  1.197e-07  0.000e+00
   36.070   5.465e-03   189.900   7.494e-01  2.998e-01  8.933e-06  9.457e-08  0.000e+00
   37.370   4.325e-03   188.800   7.494e-01  2.998e-01  8.574e-06  9.571e-08  0.000e+00
   38.690   3.405e-03   187.100   7.494e-01  2.998e-01  8.166e-06  1.105e-07  0.000e+00
   40.020   2.667e-03   185.100   7.494e-01  2.998e-01  7.748e-06  1.388e-07  0.000e+00
   41.360   2.079e-03   182.900   7.494e-01  2.998e-01  7.524e-06  1.735e-07  0.000e+00
   42.710   1.613e-03   181.000   7.494e-01  2.998e-01  7.493e-06  1.856e-07  0.000e+00
   44.080   1.245e-03   180.000   7.494e-01  2.998e-01  7.633e-06  1.423e-07  0.000e+00
   45.470   9.559e-04   179.900   7.494e-01  2.998e-01  7.822e-06  1.041e-07  0.000e+00
   60.280   3.776e-04   179.900   7.494e-01  2.998e-01  7.822e-06  1.041e-07  0.000e+00
   66.140   2.615e-04   179.900   7.494e-01  2.998e-01  7.822e-06  1.041e-07  0.000e+00
   74.310   1.566e-04   179.900   7.494e-01  2.998e-01  7.822e-06  1.041e-07  0.000e+00
   85.720   7.656e-05   179.900   7.494e-01  2.998e-01  7.822e-06  1.041e-07  0.000e+00
  101.600   2.820e-05   179.900   7.494e-01  2.998e-01  7.822e-06  1.041e-07  0.000e+00
  123.900   6.996e-06   179.900   7.494e-01  2.998e-01  7.822e-06  1.041e-07  0.000e+00
  154.900   1.000e-06   179.900   7.494e-01  2.998e-01  7.822e-06  1.041e-07  0.000e+00
#
# ----------------------------------------------------------------------------------------------
# Curtis-Godson integrated layer information used by the radiative transfer analysis
# Oblique molecular layer columns in molec/m2 and aerosols in kg/m2
# ----------------------------------------------------------------------------------------------
# Low[km]  High[km]  Path[km] Pressure[bar] Temp[K]   Airmass   dcol[m-2]         N2        CO2        H2O   WaterIce      Cloud
# ----------------------------------------------------------------------------------------------
    0.000     0.256     0.384   1.381e+00   289.179    1.4980   1.331e+28  9.867e+27  3.947e+27  1.810e+26  5.341e-08  1.014e-01
    0.256     0.631     0.562   1.331e+00   290.095    1.4979   1.870e+28  1.387e+28  5.547e+27  2.469e+26  6.078e-13  7.425e-02
    0.631     1.238     0.909   1.256e+00   290.304    1.4977   2.849e+28  2.115e+28  8.461e+27  3.465e+26  2.286e-10  6.861e-02
    1.238     2.074     1.252   1.154e+00   288.819    1.4975   3.623e+28  2.694e+28  1.077e+28  3.637e+26  3.548e-06  6.374e-02
    2.074     3.132     1.584   1.032e+00   285.491    1.4972   4.144e+28  3.087e+28  1.235e+28  3.095e+26  1.540e-04  6.464e-02
    3.132     4.397     1.893   8.972e-01   280.221    1.4968   4.386e+28  3.273e+28  1.309e+28  2.440e+26  1.041e-03  7.320e-02
    4.397     5.756     2.034   7.633e-01   273.439    1.4964   4.106e+28  3.067e+28  1.227e+28  1.703e+26  2.744e-03  8.246e-02
    5.756     7.090     1.996   6.437e-01   266.189    1.4960   3.490e+28  2.610e+28  1.044e+28  9.968e+25  4.675e-03  8.235e-02
    7.090     8.401     1.961   5.420e-01   259.332    1.4955   2.964e+28  2.218e+28  8.870e+27  5.448e+25  7.346e-03  7.421e-02
    8.401     9.695     1.935   4.556e-01   252.979    1.4951   2.520e+28  1.887e+28  7.546e+27  2.900e+25  1.055e-02  5.267e-02
    9.695    10.970     1.906   3.821e-01   246.829    1.4947   2.133e+28  1.598e+28  6.392e+27  1.536e+25  1.216e-02  2.531e-02
   10.970    12.240     1.898   3.197e-01   240.633    1.4943   1.823e+28  1.366e+28  5.463e+27  8.076e+24  1.094e-02  8.470e-03
   12.240    13.500     1.882   2.666e-01   234.090    1.4939   1.550e+28  1.161e+28  4.645e+27  4.008e+24  6.604e-03  1.215e-03
   13.500    14.750     1.867   2.215e-01   227.096    1.4935   1.316e+28  9.863e+27  3.945e+27  1.811e+24  3.369e-03  7.592e-08
   14.750    15.990     1.851   1.831e-01   219.898    1.4931   1.115e+28  8.352e+27  3.341e+27  7.352e+23  2.335e-03  0.000e+00
   15.990    17.230     1.851   1.505e-01   213.141    1.4928   9.448e+27  7.080e+27  2.832e+27  2.822e+23  1.608e-03  0.000e+00
   17.230    18.500     1.895   1.228e-01   208.013    1.4924   8.083e+27  6.058e+27  2.423e+27  1.267e+23  9.883e-04  0.000e+00
   18.500    19.810     1.954   9.939e-02   205.807    1.4920   6.814e+27  5.106e+27  2.043e+27  7.946e+22  3.488e-04  0.000e+00
   19.810    20.990     1.760   8.078e-02   205.938    1.4916   4.987e+27  3.737e+27  1.495e+27  5.463e+22  3.699e-05  0.000e+00
   20.990    22.010     1.521   6.720e-02   206.543    1.4912   3.578e+27  2.681e+27  1.073e+27  3.856e+22  3.465e-06  0.000e+00
   22.010    23.070     1.580   5.660e-02   206.751    1.4909   3.128e+27  2.344e+27  9.377e+26  3.321e+22  1.721e-06  0.000e+00
   23.070    24.150     1.610   4.744e-02   206.409    1.4906   2.674e+27  2.004e+27  8.017e+26  2.798e+22  1.023e-06  0.000e+00
   24.150    25.260     1.654   3.955e-02   205.567    1.4902   2.300e+27  1.724e+27  6.897e+26  2.379e+22  6.600e-07  0.000e+00
   25.260    26.390     1.684   3.282e-02   204.273    1.4899   1.955e+27  1.465e+27  5.861e+26  2.013e+22  4.864e-07  0.000e+00
   26.390    27.540     1.713   2.710e-02   202.580    1.4895   1.656e+27  1.241e+27  4.964e+26  1.722e+22  8.205e-07  0.000e+00
   27.540    28.710     1.742   2.227e-02   200.584    1.4892   1.397e+27  1.047e+27  4.189e+26  1.481e+22  2.991e-06  0.000e+00
   28.710    29.900     1.772   1.820e-02   198.339    1.4888   1.175e+27  8.802e+26  3.521e+26  1.252e+22  7.102e-06  0.000e+00
   29.900    31.100     1.786   1.480e-02   195.989    1.4884   9.743e+26  7.302e+26  2.921e+26  1.021e+22  9.318e-06  0.000e+00
   31.100    32.310     1.801   1.198e-02   193.883    1.4881   8.036e+26  6.022e+26  2.409e+26  8.135e+21  9.428e-06  0.000e+00
   32.310    33.540     1.830   9.655e-03   192.273    1.4877   6.633e+26  4.971e+26  1.989e+26  6.472e+21  7.598e-06  0.000e+00
   33.540    34.800     1.874   7.736e-03   191.215    1.4873   5.472e+26  4.101e+26  1.641e+26  5.167e+21  4.649e-06  0.000e+00
   34.800    36.070     1.888   6.169e-03   190.367    1.4869   4.416e+26  3.309e+26  1.324e+26  4.025e+21  2.682e-06  0.000e+00
   36.070    37.370     1.932   4.895e-03   189.371    1.4865   3.604e+26  2.701e+26  1.080e+26  3.157e+21  1.944e-06  0.000e+00
   37.370    38.690     1.962   3.865e-03   187.983    1.4861   2.909e+26  2.180e+26  8.722e+25  2.437e+21  1.693e-06  0.000e+00
   38.690    40.020     1.976   3.036e-03   186.139    1.4857   2.324e+26  1.742e+26  6.968e+25  1.851e+21  1.629e-06  0.000e+00
   40.020    41.360     1.990   2.373e-03   184.044    1.4853   1.850e+26  1.387e+26  5.547e+25  1.414e+21  1.624e-06  0.000e+00
   41.360    42.710     2.005   1.846e-03   181.989    1.4849   1.466e+26  1.098e+26  4.394e+25  1.101e+21  1.490e-06  0.000e+00
   42.710    44.080     2.034   1.429e-03   180.521    1.4845   1.160e+26  8.695e+25  3.478e+25  8.771e+20  1.079e-06  0.000e+00
   44.080    45.470     2.063   1.101e-03   179.952    1.4841   9.089e+25  6.811e+25  2.725e+25  7.020e+20  6.343e-07  0.000e+00
   45.470    60.280    21.943   6.673e-04   179.900    1.4816   5.502e+26  4.123e+26  1.650e+26  4.304e+21  3.248e-06  0.000e+00
   60.280    66.140     8.664   3.196e-04   179.900    1.4786   1.103e+26  8.262e+25  3.305e+25  8.624e+20  6.509e-07  0.000e+00
   66.140    74.310    12.063   2.091e-04   179.900    1.4765   9.938e+25  7.447e+25  2.979e+25  7.773e+20  5.867e-07  0.000e+00
   74.310    85.720    16.814   1.166e-04   179.900    1.4736   7.573e+25  5.675e+25  2.270e+25  5.924e+20  4.471e-07  0.000e+00
   85.720   101.600    23.339   5.244e-05   179.900    1.4697   4.551e+25  3.411e+25  1.364e+25  3.560e+20  2.687e-07  0.000e+00
  101.600   123.900    32.653   1.767e-05   179.900    1.4643   2.001e+25  1.500e+25  5.999e+24  1.565e+20  1.181e-07  0.000e+00
  123.900   154.900    45.163   4.052e-06   179.900    1.4569   5.614e+24  4.207e+24  1.683e+24  4.392e+19  3.314e-08  0.000e+00
# ----------------------------------------------------------------------------------------------
# Integrated atmospheric columns                       1.4955   4.451e+29  3.324e+29  1.330e+29  2.076e+27  6.496e-02  7.725e-01
# ----------------------------------------------------------------------------------------------
results_rad.txt
# ------------------------------------------------------------------------
# Radiance spectrum
# NASA-GSFC Planetary Spectrum Generator (PSG) (Villanueva et al. 2015)
# Synthesized on Tue Nov 21 15:10:51 2017
# ------------------------------------------------------------------------
# Atmospheric radiances synthesized with PUMAS (Villanueva et al. 2016, Smith et al. 2009, Edwards 1992)
# Molecular abundance profile: 
# Molecules considered: N2,CO2,H2O
# Molecular sources: HIT[22],HIT[2],HIT[1]
# Molecular abundances: 1,1,1
# Molecular abundance units: scl,scl,scl
# Collission-Induced-Absorption:  N2-N2(3.33-5.41um)
# Rayleigh scattering included
# ------------------------------------------------------------------------
# Spectral unit: Wavelength [um]
# Radiance unit: Spectral radiance [W/sr/m2/um]
# Wave/freq Total Stellar TRAPPIST-1-e
1.000000000e+00  3.68049e-03  3.68049e-03  2.08513e-10
1.010000000e+00  3.70309e-03  3.70309e-03  2.09786e-10
1.020000000e+00  3.72363e-03  3.72363e-03  2.10951e-10
1.030000000e+00  3.74214e-03  3.74214e-03  2.12005e-10
1.040000000e+00  3.75867e-03  3.75867e-03  2.05853e-10
1.050000000e+00  3.77328e-03  3.77327e-03  2.13710e-10
1.060000000e+00  3.78601e-03  3.78601e-03  2.13990e-10
1.070000000e+00  3.79691e-03  3.79691e-03  2.13028e-10
1.080000000e+00  3.80605e-03  3.80605e-03  2.15494e-10
1.090000000e+00  3.81347e-03  3.81347e-03  2.16125e-10
1.100000000e+00  3.81922e-03  3.81922e-03  2.16395e-10
1.110000000e+00  3.82337e-03  3.82337e-03  2.16653e-10
1.120000000e+00  3.82595e-03  3.82595e-03  2.14949e-10
1.130000000e+00  3.82703e-03  3.82703e-03  2.14533e-10
1.140000000e+00  3.82666e-03  3.82666e-03  2.16028e-10
1.150000000e+00  3.82489e-03  3.82489e-03  2.15458e-10
1.160000000e+00  3.82177e-03  3.82177e-03  2.16543e-10
1.170000000e+00  3.81735e-03  3.81734e-03  2.16598e-10
1.180000000e+00  3.81168e-03  3.81168e-03  2.16261e-10
1.190000000e+00  3.80481e-03  3.80481e-03  2.15889e-10
1.200000000e+00  3.79680e-03  3.79679e-03  2.15521e-10
1.210000000e+00  3.78768e-03  3.78768e-03  1.79577e-10
1.220000000e+00  3.77751e-03  3.77751e-03  1.95949e-10
1.230000000e+00  3.76632e-03  3.76632e-03  2.01497e-10
1.240000000e+00  3.75418e-03  3.75418e-03  2.09299e-10
1.250000000e+00  3.74111e-03  3.74111e-03  2.12473e-10
1.260000000e+00  3.72717e-03  3.72717e-03  2.10666e-10
1.270000000e+00  3.71239e-03  3.71239e-03  2.09818e-10
1.280000000e+00  3.69682e-03  3.69682e-03  2.10358e-10
1.290000000e+00  3.68049e-03  3.68049e-03  2.07302e-10
1.300000000e+00  3.66345e-03  3.66345e-03  2.04633e-10
1.310000000e+00  3.64573e-03  3.64573e-03  2.07420e-10
1.320000000e+00  3.62736e-03  3.62736e-03  1.90147e-10
1.330000000e+00  3.60839e-03  3.60839e-03  2.05135e-10
1.340000000e+00  3.58885e-03  3.58885e-03  1.94048e-10
1.350000000e+00  3.56877e-03  3.56877e-03  1.99990e-10
1.360000000e+00  3.54817e-03  3.54817e-03  1.96248e-10
1.370000000e+00  3.52711e-03  3.52711e-03  1.93840e-10
1.380000000e+00  3.50559e-03  3.50559e-03  1.92956e-10
1.390000000e+00  3.48366e-03  3.48366e-03  1.93538e-10
1.400000000e+00  3.46134e-03  3.46134e-03  1.92615e-10
1.410000000e+00  3.43866e-03  3.43866e-03  1.90470e-10
1.420000000e+00  3.41564e-03  3.41564e-03  1.94011e-10
1.430000000e+00  3.39231e-03  3.39231e-03  1.91045e-10
1.440000000e+00  3.36870e-03  3.36870e-03  1.00634e-10
1.450000000e+00  3.34482e-03  3.34482e-03  1.56627e-10
1.460000000e+00  3.32070e-03  3.32070e-03  1.87144e-10
1.470000000e+00  3.29636e-03  3.29636e-03  1.86409e-10
1.480000000e+00  3.27183e-03  3.27183e-03  1.72882e-10
1.490000000e+00  3.24712e-03  3.24711e-03  1.81190e-10
1.500000000e+00  3.22224e-03  3.22224e-03  1.71759e-10
1.510000000e+00  3.19723e-03  3.19723e-03  1.81754e-10
1.520000000e+00  3.17209e-03  3.17209e-03  1.80697e-10
1.530000000e+00  3.14685e-03  3.14685e-03  1.65514e-10
1.540000000e+00  3.12152e-03  3.12152e-03  1.52920e-10
1.550000000e+00  3.09611e-03  3.09611e-03  1.72093e-10
1.560000000e+00  3.07064e-03  3.07064e-03  1.74076e-10
1.570000000e+00  3.04513e-03  3.04513e-03  1.55164e-10
1.580000000e+00  3.01959e-03  3.01959e-03  1.11276e-10
1.590000000e+00  2.99402e-03  2.99402e-03  1.61700e-10
1.600000000e+00  2.96846e-03  2.96846e-03  1.49160e-10
1.610000000e+00  2.94289e-03  2.94289e-03  1.09244e-10
1.620000000e+00  2.91734e-03  2.91734e-03  1.43788e-10
1.630000000e+00  2.89182e-03  2.89182e-03  1.56054e-10
1.640000000e+00  2.86634e-03  2.86634e-03  1.49076e-10
1.650000000e+00  2.84091e-03  2.84091e-03  1.45794e-10
1.660000000e+00  2.81553e-03  2.81553e-03  1.53140e-10
1.670000000e+00  2.79021e-03  2.79021e-03  1.53332e-10
1.680000000e+00  2.76497e-03  2.76497e-03  1.53814e-10
1.690000000e+00  2.73981e-03  2.73981e-03  1.55947e-10
1.700000000e+00  2.71474e-03  2.71474e-03  1.55369e-10
1.710000000e+00  2.68977e-03  2.68977e-03  1.52246e-10
1.720000000e+00  2.66490e-03  2.66490e-03  1.52228e-10
1.730000000e+00  2.64013e-03  2.64013e-03  1.51358e-10
1.740000000e+00  2.61549e-03  2.61549e-03  1.50022e-10
1.750000000e+00  2.59096e-03  2.59096e-03  1.48552e-10
1.760000000e+00  2.56656e-03  2.56656e-03  1.46853e-10
1.770000000e+00  2.54229e-03  2.54229e-03  1.45585e-10
1.780000000e+00  2.51815e-03  2.51815e-03  1.44299e-10
1.790000000e+00  2.49415e-03  2.49415e-03  1.42710e-10
1.800000000e+00  2.47030e-03  2.47030e-03  1.41338e-10
1.810000000e+00  2.44660e-03  2.44660e-03  1.39694e-10
1.820000000e+00  2.42304e-03  2.42304e-03  1.37017e-10
1.830000000e+00  2.39964e-03  2.39964e-03  1.34496e-10
1.840000000e+00  2.37640e-03  2.37640e-03  1.31050e-10
1.850000000e+00  2.35332e-03  2.35332e-03  1.30195e-10
1.860000000e+00  2.33041e-03  2.33041e-03  1.27844e-10
1.870000000e+00  2.30765e-03  2.30765e-03  1.27933e-10
1.880000000e+00  2.28507e-03  2.28507e-03  1.13420e-10
1.890000000e+00  2.26266e-03  2.26266e-03  1.12736e-10
1.900000000e+00  2.24041e-03  2.24041e-03  1.21357e-10
1.910000000e+00  2.21834e-03  2.21834e-03  1.20911e-10
1.920000000e+00  2.19645e-03  2.19645e-03  1.22265e-10
1.930000000e+00  2.17473e-03  2.17473e-03  1.21207e-10
1.940000000e+00  2.15319e-03  2.15319e-03  1.15298e-10
1.950000000e+00  2.13183e-03  2.13183e-03  7.04435e-11
1.960000000e+00  2.11065e-03  2.11065e-03  3.35355e-11
1.970000000e+00  2.08964e-03  2.08964e-03  3.69179e-11
1.980000000e+00  2.06882e-03  2.06882e-03  6.95383e-11
1.990000000e+00  2.04818e-03  2.04818e-03  8.89713e-11
2.000000000e+00  2.02772e-03  2.02772e-03  6.06549e-11
2.010000000e+00  2.00745e-03  2.00745e-03  1.90041e-11
2.020000000e+00  1.98735e-03  1.98735e-03  2.48937e-11
2.030000000e+00  1.96744e-03  1.96744e-03  5.04491e-11
2.040000000e+00  1.94771e-03  1.94771e-03  5.42975e-11
2.050000000e+00  1.92816e-03  1.92816e-03  5.17135e-11
2.060000000e+00  1.90880e-03  1.90880e-03  3.30175e-11
2.070000000e+00  1.88961e-03  1.88961e-03  3.64546e-11
2.080000000e+00  1.87061e-03  1.87061e-03  5.01548e-11
2.090000000e+00  1.85179e-03  1.85179e-03  5.84856e-11
2.100000000e+00  1.83315e-03  1.83315e-03  7.14750e-11
2.110000000e+00  1.81469e-03  1.81469e-03  8.38864e-11
2.120000000e+00  1.79641e-03  1.79641e-03  8.76404e-11
2.130000000e+00  1.77831e-03  1.77831e-03  9.56192e-11
2.140000000e+00  1.76039e-03  1.76039e-03  9.68374e-11
2.150000000e+00  1.74264e-03  1.74264e-03  8.78831e-11
2.160000000e+00  1.72507e-03  1.72507e-03  8.73247e-11
2.170000000e+00  1.70768e-03  1.70768e-03  8.62727e-11
2.180000000e+00  1.69046e-03  1.69046e-03  9.02150e-11
2.190000000e+00  1.67341e-03  1.67341e-03  9.32366e-11
2.200000000e+00  1.65654e-03  1.65654e-03  9.31634e-11
2.210000000e+00  1.63984e-03  1.63984e-03  9.24939e-11
2.220000000e+00  1.62331e-03  1.62331e-03  9.09889e-11
2.230000000e+00  1.60695e-03  1.60695e-03  9.02236e-11
2.240000000e+00  1.59076e-03  1.59076e-03  8.98944e-11
2.250000000e+00  1.57474e-03  1.57474e-03  8.89039e-11
2.260000000e+00  1.55889e-03  1.55889e-03  8.73933e-11
2.270000000e+00  1.54319e-03  1.54319e-03  8.69719e-11
2.280000000e+00  1.52767e-03  1.52767e-03  8.59507e-11
2.290000000e+00  1.51230e-03  1.51230e-03  8.53089e-11
2.300000000e+00  1.49710e-03  1.49710e-03  8.43943e-11
2.310000000e+00  1.48206e-03  1.48206e-03  8.35035e-11
2.320000000e+00  1.46718e-03  1.46718e-03  8.26319e-11
2.330000000e+00  1.45245e-03  1.45245e-03  8.17450e-11
2.340000000e+00  1.43788e-03  1.43788e-03  8.08650e-11
2.350000000e+00  1.42347e-03  1.42347e-03  7.99945e-11
2.360000000e+00  1.40921e-03  1.40921e-03  7.91267e-11
2.370000000e+00  1.39510e-03  1.39510e-03  7.82754e-11
2.380000000e+00  1.38115e-03  1.38115e-03  7.73903e-11
2.390000000e+00  1.36734e-03  1.36734e-03  7.64691e-11
2.400000000e+00  1.35368e-03  1.35368e-03  7.55630e-11
2.410000000e+00  1.34017e-03  1.34017e-03  7.47116e-11
2.420000000e+00  1.32681e-03  1.32681e-03  7.40428e-11
2.430000000e+00  1.31359e-03  1.31359e-03  7.33591e-11
2.440000000e+00  1.30051e-03  1.30051e-03  7.21548e-11
2.450000000e+00  1.28757e-03  1.28757e-03  7.15858e-11
2.460000000e+00  1.27478e-03  1.27478e-03  7.09697e-11
2.470000000e+00  1.26212e-03  1.26212e-03  7.00901e-11
2.480000000e+00  1.24960e-03  1.24960e-03  6.87948e-11
2.490000000e+00  1.23722e-03  1.23722e-03  6.57722e-11
2.500000000e+00  1.22498e-03  1.22498e-03  6.54614e-11
2.510000000e+00  1.21286e-03  1.21286e-03  6.48131e-11
2.520000000e+00  1.20088e-03  1.20088e-03  6.37852e-11
2.530000000e+00  1.18903e-03  1.18903e-03  6.45456e-11
2.540000000e+00  1.17731e-03  1.17731e-03  6.34409e-11
2.550000000e+00  1.16572e-03  1.16572e-03  6.16132e-11
2.560000000e+00  1.15425e-03  1.15425e-03  6.16727e-11
2.570000000e+00  1.14291e-03  1.14291e-03  5.68822e-11
2.580000000e+00  1.13170e-03  1.13170e-03  5.38396e-11
2.590000000e+00  1.12060e-03  1.12060e-03  5.11841e-11
2.600000000e+00  1.10963e-03  1.10963e-03  4.68109e-11
2.610000000e+00  1.09878e-03  1.09878e-03  4.83755e-11
2.620000000e+00  1.08805e-03  1.08805e-03  4.73688e-11
2.630000000e+00  1.07744e-03  1.07744e-03  4.98853e-11
2.640000000e+00  1.06694e-03  1.06694e-03  4.88379e-11
2.650000000e+00  1.05656e-03  1.05656e-03  5.20219e-11
2.660000000e+00  1.04629e-03  1.04629e-03  3.99674e-11
2.670000000e+00  1.03614e-03  1.03614e-03  9.42841e-12
2.680000000e+00  1.02610e-03  1.02610e-03  1.49976e-12
2.690000000e+00  1.01616e-03  1.01616e-03  5.00719e-13
2.700000000e+00  1.00634e-03  1.00634e-03  6.69163e-13
2.710000000e+00  9.96623e-04  9.96623e-04  6.80416e-13
2.720000000e+00  9.87014e-04  9.87014e-04  1.44708e-12
2.730000000e+00  9.77511e-04  9.77511e-04  2.90770e-12
2.740000000e+00  9.68112e-04  9.68112e-04  2.92158e-12
2.750000000e+00  9.58816e-04  9.58816e-04  1.37685e-12
2.760000000e+00  9.49622e-04  9.49622e-04  4.37495e-13
2.770000000e+00  9.40529e-04  9.40529e-04  3.42550e-13
2.780000000e+00  9.31536e-04  9.31536e-04  2.56709e-13
2.790000000e+00  9.22641e-04  9.22641e-04  2.97665e-13
2.800000000e+00  9.13844e-04  9.13844e-04  4.43272e-13
2.810000000e+00  9.05143e-04  9.05143e-04  6.42744e-13
2.820000000e+00  8.96538e-04  8.96538e-04  7.66109e-13
2.830000000e+00  8.88027e-04  8.88027e-04  8.25041e-13
2.840000000e+00  8.79608e-04  8.79608e-04  9.66186e-13
2.850000000e+00  8.71282e-04  8.71282e-04  7.07362e-13
2.860000000e+00  8.63047e-04  8.63047e-04  1.09486e-12
2.870000000e+00  8.54902e-04  8.54902e-04  2.33571e-12
2.880000000e+00  8.46846e-04  8.46846e-04  3.90726e-12
2.890000000e+00  8.38878e-04  8.38878e-04  6.69905e-12
2.900000000e+00  8.30996e-04  8.30996e-04  1.04465e-11
2.910000000e+00  8.23201e-04  8.23201e-04  1.26981e-11
2.920000000e+00  8.15490e-04  8.15490e-04  1.40627e-11
2.930000000e+00  8.07863e-04  8.07863e-04  1.45667e-11
2.940000000e+00  8.00320e-04  8.00320e-04  1.50191e-11
2.950000000e+00  7.92858e-04  7.92858e-04  1.56487e-11
2.960000000e+00  7.85477e-04  7.85477e-04  1.55219e-11
2.970000000e+00  7.78176e-04  7.78176e-04  1.41295e-11
2.980000000e+00  7.70954e-04  7.70954e-04  1.22803e-11
2.990000000e+00  7.63811e-04  7.63811e-04  1.19115e-11
3.000000000e+00  7.56745e-04  7.56745e-04  1.37058e-11
3.010000000e+00  7.49755e-04  7.49755e-04  1.52542e-11
3.020000000e+00  7.42841e-04  7.42841e-04  1.40477e-11
3.030000000e+00  7.36001e-04  7.36001e-04  1.49812e-11
3.040000000e+00  7.29236e-04  7.29236e-04  1.60550e-11
3.050000000e+00  7.22543e-04  7.22543e-04  1.66003e-11
3.060000000e+00  7.15922e-04  7.15922e-04  1.67269e-11
3.070000000e+00  7.09372e-04  7.09372e-04  1.71557e-11
3.080000000e+00  7.02893e-04  7.02893e-04  1.73582e-11
3.090000000e+00  6.96483e-04  6.96483e-04  1.73001e-11
3.100000000e+00  6.90142e-04  6.90142e-04  1.72896e-11
3.110000000e+00  6.83869e-04  6.83869e-04  1.71246e-11
3.120000000e+00  6.77663e-04  6.77663e-04  1.65693e-11
3.130000000e+00  6.71523e-04  6.71523e-04  1.61342e-11
3.140000000e+00  6.65449e-04  6.65449e-04  1.64037e-11
3.150000000e+00  6.59440e-04  6.59440e-04  1.68189e-11
3.160000000e+00  6.53495e-04  6.53494e-04  1.67496e-11
3.170000000e+00  6.47612e-04  6.47612e-04  1.65931e-11
3.180000000e+00  6.41793e-04  6.41793e-04  1.69365e-11
3.190000000e+00  6.36035e-04  6.36035e-04  1.72931e-11
3.200000000e+00  6.30339e-04  6.30339e-04  1.76556e-11
3.210000000e+00  6.24703e-04  6.24702e-04  1.79453e-11
3.220000000e+00  6.19126e-04  6.19126e-04  1.83116e-11
3.230000000e+00  6.13608e-04  6.13608e-04  1.86061e-11
3.240000000e+00  6.08149e-04  6.08149e-04  1.91634e-11
3.250000000e+00  6.02747e-04  6.02747e-04  1.94402e-11
3.260000000e+00  5.97402e-04  5.97402e-04  1.99458e-11
3.270000000e+00  5.92114e-04  5.92114e-04  2.02153e-11
3.280000000e+00  5.86881e-04  5.86881e-04  2.07164e-11
3.290000000e+00  5.81702e-04  5.81702e-04  2.12347e-11
3.300000000e+00  5.76579e-04  5.76579e-04  2.15743e-11
3.310000000e+00  5.71508e-04  5.71508e-04  2.19729e-11
3.320000000e+00  5.66491e-04  5.66491e-04  2.25458e-11
3.330000000e+00  5.61527e-04  5.61527e-04  2.27875e-11
3.340000000e+00  5.56614e-04  5.56614e-04  2.32151e-11
3.350000000e+00  5.51752e-04  5.51752e-04  2.34631e-11
3.360000000e+00  5.46941e-04  5.46941e-04  2.32876e-11
3.370000000e+00  5.42180e-04  5.42180e-04  2.41639e-11
3.380000000e+00  5.37468e-04  5.37468e-04  2.45574e-11
3.390000000e+00  5.32805e-04  5.32805e-04  2.48722e-11
3.400000000e+00  5.28190e-04  5.28190e-04  2.50482e-11
3.410000000e+00  5.23623e-04  5.23623e-04  2.51734e-11
3.420000000e+00  5.19104e-04  5.19104e-04  2.53117e-11
3.430000000e+00  5.14631e-04  5.14631e-04  2.54344e-11
3.440000000e+00  5.10203e-04  5.10203e-04  2.55512e-11
3.450000000e+00  5.05822e-04  5.05822e-04  2.56393e-11
3.460000000e+00  5.01485e-04  5.01485e-04  2.56215e-11
3.470000000e+00  4.97193e-04  4.97193e-04  2.55769e-11
3.480000000e+00  4.92945e-04  4.92945e-04  2.55221e-11
3.490000000e+00  4.88741e-04  4.88741e-04  2.54684e-11
3.500000000e+00  4.84579e-04  4.84579e-04  2.54128e-11
3.510000000e+00  4.80460e-04  4.80460e-04  2.53557e-11
3.520000000e+00  4.76383e-04  4.76383e-04  2.52766e-11
3.530000000e+00  4.72347e-04  4.72347e-04  2.51352e-11
3.540000000e+00  4.68352e-04  4.68352e-04  2.49886e-11
3.550000000e+00  4.64398e-04  4.64398e-04  2.48334e-11
3.560000000e+00  4.60484e-04  4.60484e-04  2.46494e-11
3.570000000e+00  4.56609e-04  4.56609e-04  2.44141e-11
3.580000000e+00  4.52774e-04  4.52774e-04  2.41436e-11
3.590000000e+00  4.48977e-04  4.48977e-04  2.37721e-11
3.600000000e+00  4.45219e-04  4.45219e-04  2.31138e-11
3.610000000e+00  4.41498e-04  4.41498e-04  2.25243e-11
3.620000000e+00  4.37815e-04  4.37815e-04  2.20210e-11
3.630000000e+00  4.34169e-04  4.34169e-04  2.23408e-11
3.640000000e+00  4.30559e-04  4.30559e-04  2.21062e-11
3.650000000e+00  4.26986e-04  4.26986e-04  2.16728e-11
3.660000000e+00  4.23448e-04  4.23448e-04  2.19992e-11
3.670000000e+00  4.19945e-04  4.19945e-04  2.23932e-11
3.680000000e+00  4.16478e-04  4.16478e-04  2.24694e-11
3.690000000e+00  4.13044e-04  4.13044e-04  2.23197e-11
3.700000000e+00  4.09645e-04  4.09645e-04  2.21624e-11
3.710000000e+00  4.06280e-04  4.06280e-04  2.20237e-11
3.720000000e+00  4.02948e-04  4.02948e-04  2.17879e-11
3.730000000e+00  3.99649e-04  3.99649e-04  2.16242e-11
3.740000000e+00  3.96383e-04  3.96383e-04  2.14786e-11
3.750000000e+00  3.93148e-04  3.93148e-04  2.12263e-11
3.760000000e+00  3.89946e-04  3.89946e-04  2.07678e-11
3.770000000e+00  3.86775e-04  3.86775e-04  2.02403e-11
3.780000000e+00  3.83635e-04  3.83635e-04  1.96841e-11
3.790000000e+00  3.80526e-04  3.80526e-04  1.90327e-11
3.800000000e+00  3.77448e-04  3.77448e-04  1.76350e-11
3.810000000e+00  3.74400e-04  3.74400e-04  1.58519e-11
3.820000000e+00  3.71381e-04  3.71381e-04  1.60018e-11
3.830000000e+00  3.68392e-04  3.68392e-04  1.72513e-11
3.840000000e+00  3.65432e-04  3.65432e-04  1.63476e-11
3.850000000e+00  3.62500e-04  3.62500e-04  1.57649e-11
3.860000000e+00  3.59597e-04  3.59597e-04  1.64793e-11
3.870000000e+00  3.56723e-04  3.56723e-04  1.75739e-11
3.880000000e+00  3.53876e-04  3.53876e-04  1.81652e-11
3.890000000e+00  3.51056e-04  3.51056e-04  1.83773e-11
3.900000000e+00  3.48264e-04  3.48264e-04  1.84714e-11
3.910000000e+00  3.45499e-04  3.45499e-04  1.84153e-11
3.920000000e+00  3.42760e-04  3.42760e-04  1.82516e-11
3.930000000e+00  3.40048e-04  3.40048e-04  1.79775e-11
3.940000000e+00  3.37361e-04  3.37361e-04  1.75993e-11
3.950000000e+00  3.34701e-04  3.34701e-04  1.71600e-11
3.960000000e+00  3.32066e-04  3.32066e-04  1.64892e-11
3.970000000e+00  3.29456e-04  3.29456e-04  1.58702e-11
3.980000000e+00  3.26870e-04  3.26870e-04  1.47954e-11
3.990000000e+00  3.24310e-04  3.24310e-04  1.41405e-11
4.000000000e+00  3.21774e-04  3.21774e-04  1.47517e-11
4.010000000e+00  3.19262e-04  3.19262e-04  1.50037e-11
4.020000000e+00  3.16773e-04  3.16773e-04  1.40617e-11
4.030000000e+00  3.14309e-04  3.14309e-04  1.40134e-11
4.040000000e+00  3.11867e-04  3.11867e-04  1.44186e-11
4.050000000e+00  3.09449e-04  3.09449e-04  1.49521e-11
4.060000000e+00  3.07053e-04  3.07053e-04  1.54350e-11
4.070000000e+00  3.04680e-04  3.04680e-04  1.54864e-11
4.080000000e+00  3.02329e-04  3.02329e-04  1.50506e-11
4.090000000e+00  3.00000e-04  3.00000e-04  1.45602e-11
4.100000000e+00  2.97694e-04  2.97693e-04  1.42120e-11
4.110000000e+00  2.95408e-04  2.95408e-04  1.42217e-11
4.120000000e+00  2.93144e-04  2.93144e-04  1.43298e-11
4.130000000e+00  2.90901e-04  2.90901e-04  1.42328e-11
4.140000000e+00  2.88679e-04  2.88679e-04  1.38629e-11
4.150000000e+00  2.86478e-04  2.86478e-04  1.39087e-11
4.160000000e+00  2.84297e-04  2.84297e-04  1.21865e-11
4.170000000e+00  2.82136e-04  2.82136e-04  5.98893e-12
4.180000000e+00  2.79995e-04  2.79995e-04  3.39546e-12
4.190000000e+00  2.77874e-04  2.77874e-04  1.74118e-12
4.200000000e+00  2.75773e-04  2.75773e-04  8.54570e-13
4.210000000e+00  2.73691e-04  2.73691e-04  3.22157e-13
4.220000000e+00  2.71628e-04  2.71628e-04  1.19963e-13
4.230000000e+00  2.69584e-04  2.69584e-04  6.50124e-14
4.240000000e+00  2.67559e-04  2.67559e-04  4.84718e-14
4.250000000e+00  2.65552e-04  2.65552e-04  4.57598e-14
4.260000000e+00  2.63564e-04  2.63564e-04  5.64360e-14
4.270000000e+00  2.61594e-04  2.61594e-04  6.16728e-14
4.280000000e+00  2.59642e-04  2.59642e-04  4.94564e-14
4.290000000e+00  2.57707e-04  2.57707e-04  5.09545e-14
4.300000000e+00  2.55790e-04  2.55790e-04  5.92646e-14
4.310000000e+00  2.53891e-04  2.53891e-04  7.12299e-14
4.320000000e+00  2.52009e-04  2.52009e-04  8.81792e-14
4.330000000e+00  2.50144e-04  2.50144e-04  1.23198e-13
4.340000000e+00  2.48295e-04  2.48295e-04  1.65842e-13
4.350000000e+00  2.46463e-04  2.46463e-04  2.04081e-13
4.360000000e+00  2.44648e-04  2.44648e-04  2.05279e-13
4.370000000e+00  2.42849e-04  2.42849e-04  2.19293e-13
4.380000000e+00  2.41067e-04  2.41067e-04  2.81754e-13
4.390000000e+00  2.39300e-04  2.39300e-04  3.75506e-13
4.400000000e+00  2.37549e-04  2.37549e-04  2.90646e-13
4.410000000e+00  2.35814e-04  2.35814e-04  2.93229e-13
4.420000000e+00  2.34094e-04  2.34094e-04  3.40121e-13
4.430000000e+00  2.32390e-04  2.32390e-04  4.25919e-13
4.440000000e+00  2.30700e-04  2.30700e-04  5.41406e-13
4.450000000e+00  2.29026e-04  2.29026e-04  7.47146e-13
4.460000000e+00  2.27367e-04  2.27367e-04  1.09362e-12
4.470000000e+00  2.25722e-04  2.25722e-04  1.41628e-12
4.480000000e+00  2.24092e-04  2.24092e-04  2.08728e-12
4.490000000e+00  2.22476e-04  2.22476e-04  2.59694e-12
4.500000000e+00  2.20874e-04  2.20874e-04  3.19857e-12
4.510000000e+00  2.19287e-04  2.19287e-04  4.31068e-12
4.520000000e+00  2.17714e-04  2.17714e-04  5.67462e-12
4.530000000e+00  2.16154e-04  2.16154e-04  7.34792e-12
4.540000000e+00  2.14608e-04  2.14608e-04  8.41871e-12
4.550000000e+00  2.13075e-04  2.13075e-04  9.14323e-12
4.560000000e+00  2.11556e-04  2.11556e-04  9.38654e-12
4.570000000e+00  2.10051e-04  2.10051e-04  9.58525e-12
4.580000000e+00  2.08558e-04  2.08558e-04  9.65277e-12
4.590000000e+00  2.07078e-04  2.07078e-04  9.68741e-12
4.600000000e+00  2.05611e-04  2.05611e-04  9.69063e-12
4.610000000e+00  2.04157e-04  2.04157e-04  9.64007e-12
4.620000000e+00  2.02716e-04  2.02716e-04  9.24863e-12
4.630000000e+00  2.01287e-04  2.01287e-04  9.05630e-12
4.640000000e+00  1.99870e-04  1.99870e-04  9.11093e-12
4.650000000e+00  1.98466e-04  1.98466e-04  9.08844e-12
4.660000000e+00  1.97073e-04  1.97073e-04  9.14635e-12
4.670000000e+00  1.95693e-04  1.95693e-04  9.12356e-12
4.680000000e+00  1.94324e-04  1.94324e-04  8.64369e-12
4.690000000e+00  1.92967e-04  1.92967e-04  8.36798e-12
4.700000000e+00  1.91622e-04  1.91622e-04  7.96467e-12
4.710000000e+00  1.90288e-04  1.90288e-04  5.79659e-12
4.720000000e+00  1.88966e-04  1.88966e-04  7.00549e-12
4.730000000e+00  1.87655e-04  1.87655e-04  6.14990e-12
4.740000000e+00  1.86355e-04  1.86355e-04  5.62818e-12
4.750000000e+00  1.85066e-04  1.85066e-04  5.28843e-12
4.760000000e+00  1.83788e-04  1.83788e-04  5.12598e-12
4.770000000e+00  1.82521e-04  1.82521e-04  5.20761e-12
4.780000000e+00  1.81265e-04  1.81265e-04  4.50751e-12
4.790000000e+00  1.80019e-04  1.80019e-04  3.81408e-12
4.800000000e+00  1.78783e-04  1.78783e-04  3.35480e-12
4.810000000e+00  1.77559e-04  1.77559e-04  2.81844e-12
4.820000000e+00  1.76344e-04  1.76344e-04  1.84627e-12
4.830000000e+00  1.75140e-04  1.75140e-04  2.28067e-12
4.840000000e+00  1.73945e-04  1.73945e-04  2.40975e-12
4.850000000e+00  1.72761e-04  1.72761e-04  2.40374e-12
4.860000000e+00  1.71587e-04  1.71587e-04  2.25431e-12
4.870000000e+00  1.70422e-04  1.70422e-04  2.38888e-12
4.880000000e+00  1.69267e-04  1.69267e-04  2.56378e-12
4.890000000e+00  1.68122e-04  1.68122e-04  2.59662e-12
4.900000000e+00  1.66986e-04  1.66986e-04  3.28157e-12
4.910000000e+00  1.65860e-04  1.65860e-04  3.81766e-12
4.920000000e+00  1.64743e-04  1.64743e-04  3.74067e-12
4.930000000e+00  1.63635e-04  1.63635e-04  5.12908e-12
4.940000000e+00  1.62536e-04  1.62536e-04  5.48059e-12
4.950000000e+00  1.61447e-04  1.61447e-04  5.36833e-12
4.960000000e+00  1.60366e-04  1.60366e-04  5.83927e-12
4.970000000e+00  1.59294e-04  1.59294e-04  6.40447e-12
4.980000000e+00  1.58232e-04  1.58232e-04  6.66057e-12
4.990000000e+00  1.57177e-04  1.57177e-04  7.14375e-12
5.000000000e+00  1.56132e-04  1.56132e-04  6.49418e-12
results_trn.txt
# ------------------------------------------------------------------------
# NASA-GSFC Planetary Spectrum Generator (PSG, Villanueva et al. 2015)
# Atmospheric transmittance spectrum synthesized with PUMAS (Villanueva et al. 2016, Smith et al. 2009, Edwards 1992)
# Synthesized on Tue Nov 21 15:10:51 2017
# Molecular abundance profile: 
# Molecules considered: N2,CO2,H2O
# Molecular sources: HIT[22],HIT[2],HIT[1]
# Molecular abundances: 1,1,1
# Molecular abundance units: scl,scl,scl
# Collission-Induced-Absorption:  N2-N2(3.33-5.41um)
# Rayleigh scattering included
# ------------------------------------------------------------------------
# Aerosols considered: WaterIce,Cloud
# Aerosols sources: CRISM_Wolff[reff=2.0um 0.31-99.57um],White_GSFC[reff=1.0um 0.10-1000000.00um]
# Aerosols opacities: 1,1
# Aerosols opacity units: scl,scl
# ------------------------------------------------------------------------
# Spectral unit: Wavelength [um]
# Wave/freq Total N2 CO2 H2O WaterIce Cloud Rayleigh CIA
1.000000000e+00  0.00000  1.00000  0.99996  0.97386  0.00000  0.00000  0.97249  1.00000
1.010000000e+00  0.00000  1.00000  0.99999  0.96478  0.00000  0.00000  0.97355  1.00000
1.020000000e+00  0.00000  1.00000  1.00000  0.98346  0.00000  0.00000  0.97456  1.00000
1.030000000e+00  0.00000  1.00000  0.99999  0.98598  0.00000  0.00000  0.97552  1.00000
1.040000000e+00  0.00000  1.00000  0.79640  0.99834  0.00000  0.00000  0.97643  1.00000
1.050000000e+00  0.00000  1.00000  0.98662  0.99936  0.00000  0.00000  0.97731  1.00000
1.060000000e+00  0.00000  1.00000  0.96712  0.99813  0.00000  0.00000  0.97814  1.00000
1.070000000e+00  0.00000  1.00000  0.94056  0.98699  0.00000  0.00000  0.97894  1.00000
1.080000000e+00  0.00000  1.00000  0.99395  0.93801  0.00000  0.00000  0.97970  1.00000
1.090000000e+00  0.00000  1.00000  0.99963  0.88301  0.00000  0.00000  0.98043  1.00000
1.100000000e+00  0.00000  1.00000  0.99829  0.75792  0.00000  0.00000  0.98113  1.00000
1.110000000e+00  0.00000  1.00000  1.00000  0.48816  0.00000  0.00000  0.98179  1.00000
1.120000000e+00  0.00000  1.00000  0.97626  0.07467  0.00000  0.00000  0.98243  1.00000
1.130000000e+00  0.00000  1.00000  0.99657  0.01754  0.00000  0.00000  0.98303  1.00000
1.140000000e+00  0.00000  1.00000  0.99261  0.17074  0.00000  0.00000  0.98362  1.00000
1.150000000e+00  0.00000  1.00000  0.99779  0.08558  0.00000  0.00000  0.98418  1.00000
1.160000000e+00  0.00000  1.00000  0.99755  0.29587  0.00000  0.00000  0.98471  1.00000
1.170000000e+00  0.00000  1.00000  0.99992  0.56493  0.00000  0.00000  0.98522  1.00000
1.180000000e+00  0.00000  1.00000  0.99951  0.71120  0.00000  0.00000  0.98571  1.00000
1.190000000e+00  0.00000  1.00000  0.99995  0.64847  0.00000  0.00000  0.98618  1.00000
1.200000000e+00  0.00000  1.00000  0.99982  0.67470  0.00000  0.00000  0.98664  1.00000
1.210000000e+00  0.00000  1.00000  0.08579  0.78850  0.00000  0.00000  0.98707  1.00000
1.220000000e+00  0.00000  1.00000  0.56886  0.85275  0.00000  0.00000  0.98749  1.00000
1.230000000e+00  0.00000  1.00000  0.39387  0.89049  0.00000  0.00000  0.98788  1.00000
1.240000000e+00  0.00000  1.00000  0.83933  0.98177  0.00000  0.00000  0.98827  1.00000
1.250000000e+00  0.00000  1.00000  0.98869  0.99665  0.00000  0.00000  0.98864  1.00000
1.260000000e+00  0.00000  1.00000  0.95791  0.99675  0.00000  0.00000  0.98899  1.00000
1.270000000e+00  0.00000  1.00000  0.95962  0.99005  0.00000  0.00000  0.98933  1.00000
1.280000000e+00  0.00000  1.00000  0.99903  0.97794  0.00000  0.00000  0.98966  1.00000
1.290000000e+00  0.00000  1.00000  0.88203  0.94081  0.00000  0.00000  0.98998  1.00000
1.300000000e+00  0.00000  1.00000  0.82900  0.84233  0.00000  0.00000  0.99028  1.00000
1.310000000e+00  0.00000  1.00000  0.99210  0.72598  0.00000  0.00000  0.99057  1.00000
1.320000000e+00  0.00000  1.00000  0.41605  0.55551  0.00000  0.00000  0.99085  1.00000
1.330000000e+00  0.00000  1.00000  0.96823  0.40666  0.00000  0.00000  0.99112  1.00000
1.340000000e+00  0.00000  1.00000  0.56900  0.25520  0.00000  0.00000  0.99138  1.00000
1.350000000e+00  0.00000  1.00000  0.85264  0.01839  0.00000  0.00000  0.99164  1.00000
1.360000000e+00  0.00000  1.00000  0.98778  0.00000  0.00000  0.00000  0.99188  1.00000
1.370000000e+00  0.00000  1.00000  0.96998  0.00000  0.00000  0.00000  0.99211  1.00000
1.380000000e+00  0.00000  1.00000  0.96149  0.00000  0.00000  0.00000  0.99234  1.00000
1.390000000e+00  0.00000  1.00000  0.99287  0.00000  0.00000  0.00000  0.99255  1.00000
1.400000000e+00  0.00000  1.00000  0.99613  0.00001  0.00000  0.00000  0.99276  1.00000
1.410000000e+00  0.00000  1.00000  0.99980  0.00000  0.00000  0.00000  0.99297  1.00000
1.420000000e+00  0.00000  1.00000  0.99942  0.00200  0.00000  0.00000  0.99316  1.00000
1.430000000e+00  0.00000  1.00000  0.68570  0.00563  0.00000  0.00000  0.99335  1.00000
1.440000000e+00  0.00000  1.00000  0.00000  0.00594  0.00000  0.00000  0.99353  1.00000
1.450000000e+00  0.00000  1.00000  0.01287  0.03646  0.00000  0.00000  0.99371  1.00000
1.460000000e+00  0.00000  1.00000  0.64123  0.12449  0.00000  0.00000  0.99388  1.00000
1.470000000e+00  0.00000  1.00000  0.97479  0.04065  0.00000  0.00000  0.99404  1.00000
1.480000000e+00  0.00000  1.00000  0.41348  0.09870  0.00000  0.00000  0.99420  1.00000
1.490000000e+00  0.00000  1.00000  0.74938  0.09958  0.00000  0.00000  0.99436  1.00000
1.500000000e+00  0.00000  1.00000  0.55809  0.42840  0.00000  0.00000  0.99450  1.00000
1.510000000e+00  0.00000  1.00000  0.98155  0.57822  0.00000  0.00000  0.99465  1.00000
1.520000000e+00  0.00000  1.00000  0.98649  0.75137  0.00000  0.00000  0.99479  1.00000
1.530000000e+00  0.00000  1.00000  0.32572  0.83148  0.00000  0.00000  0.99492  1.00000
1.540000000e+00  0.00000  1.00000  0.13517  0.93919  0.00000  0.00000  0.99505  1.00000
1.550000000e+00  0.00000  1.00000  0.65029  0.96775  0.00000  0.00000  0.99518  1.00000
1.560000000e+00  0.00000  1.00000  0.93880  0.99119  0.00000  0.00000  0.99530  1.00000
1.570000000e+00  0.00000  1.00000  0.30783  0.98278  0.00000  0.00000  0.99542  1.00000
1.580000000e+00  0.00000  1.00000  0.00020  0.98624  0.00000  0.00000  0.99553  1.00000
1.590000000e+00  0.00000  1.00000  0.34197  0.98741  0.00000  0.00000  0.99564  1.00000
1.600000000e+00  0.00000  1.00000  0.21611  0.98065  0.00000  0.00000  0.99575  1.00000
1.610000000e+00  0.00000  1.00000  0.00215  0.99292  0.00000  0.00000  0.99586  1.00000
1.620000000e+00  0.00000  1.00000  0.01876  0.99295  0.00000  0.00000  0.99596  1.00000
1.630000000e+00  0.00000  1.00000  0.39605  0.99765  0.00000  0.00000  0.99605  1.00000
1.640000000e+00  0.00000  1.00000  0.30821  0.99271  0.00000  0.00000  0.99615  1.00000
1.650000000e+00  0.00000  1.00000  0.23236  0.98026  0.00000  0.00000  0.99624  1.00000
1.660000000e+00  0.00000  1.00000  0.39338  0.97812  0.00000  0.00000  0.99633  1.00000
1.670000000e+00  0.00000  1.00000  0.56354  0.97926  0.00000  0.00000  0.99642  1.00000
1.680000000e+00  0.00000  1.00000  0.80148  0.96817  0.00000  0.00000  0.99650  1.00000
1.690000000e+00  0.00000  1.00000  0.93785  0.97389  0.00000  0.00000  0.99658  1.00000
1.700000000e+00  0.00000  1.00000  0.98484  0.90349  0.00000  0.00000  0.99666  1.00000
1.710000000e+00  0.00000  1.00000  0.92869  0.90368  0.00000  0.00000  0.99674  1.00000
1.720000000e+00  0.00000  1.00000  0.96327  0.92051  0.00000  0.00000  0.99682  1.00000
1.730000000e+00  0.00000  1.00000  0.99267  0.87168  0.00000  0.00000  0.99689  1.00000
1.740000000e+00  0.00000  1.00000  0.99938  0.76442  0.00000  0.00000  0.99696  1.00000
1.750000000e+00  0.00000  1.00000  0.99894  0.69773  0.00000  0.00000  0.99703  1.00000
1.760000000e+00  0.00000  1.00000  0.89846  0.71132  0.00000  0.00000  0.99710  1.00000
1.770000000e+00  0.00000  1.00000  0.95889  0.54579  0.00000  0.00000  0.99716  1.00000
1.780000000e+00  0.00000  1.00000  0.99528  0.37492  0.00000  0.00000  0.99722  1.00000
1.790000000e+00  0.00000  1.00000  0.88407  0.22508  0.00000  0.00000  0.99729  1.00000
1.800000000e+00  0.00000  1.00000  0.95101  0.09951  0.00000  0.00000  0.99735  1.00000
1.810000000e+00  0.00000  1.00000  0.98783  0.01272  0.00000  0.00000  0.99740  1.00000
1.820000000e+00  0.00000  1.00000  0.99571  0.00078  0.00000  0.00000  0.99746  1.00000
1.830000000e+00  0.00000  1.00000  0.99930  0.00001  0.00000  0.00000  0.99751  1.00000
1.840000000e+00  0.00000  1.00000  0.99973  0.00000  0.00000  0.00000  0.99757  1.00000
1.850000000e+00  0.00000  1.00000  0.99758  0.00000  0.00000  0.00000  0.99762  1.00000
1.860000000e+00  0.00000  1.00000  0.99713  0.00000  0.00000  0.00000  0.99767  1.00000
1.870000000e+00  0.00000  1.00000  0.97886  0.00000  0.00000  0.00000  0.99772  1.00000
1.880000000e+00  0.00000  1.00000  0.10675  0.00000  0.00000  0.00000  0.99777  1.00000
1.890000000e+00  0.00000  1.00000  0.12494  0.00000  0.00000  0.00000  0.99782  1.00000
1.900000000e+00  0.00000  1.00000  0.51889  0.00002  0.00000  0.00000  0.99786  1.00000
1.910000000e+00  0.00000  1.00000  0.64815  0.00000  0.00000  0.00000  0.99791  1.00000
1.920000000e+00  0.00000  1.00000  0.86420  0.00001  0.00000  0.00000  0.99795  1.00000
1.930000000e+00  0.00000  1.00000  0.84360  0.00002  0.00000  0.00000  0.99799  1.00000
1.940000000e+00  0.00000  1.00000  0.19765  0.00053  0.00000  0.00000  0.99803  1.00000
1.950000000e+00  0.00000  1.00000  0.00000  0.00762  0.00000  0.00000  0.99807  1.00000
1.960000000e+00  0.00000  1.00000  0.00000  0.02181  0.00000  0.00000  0.99811  1.00000
1.970000000e+00  0.00000  1.00000  0.00000  0.24588  0.00000  0.00000  0.99815  1.00000
1.980000000e+00  0.00000  1.00000  0.00000  0.36994  0.00000  0.00000  0.99819  1.00000
1.990000000e+00  0.00000  1.00000  0.00423  0.43161  0.00000  0.00000  0.99822  1.00000
2.000000000e+00  0.00000  1.00000  0.00000  0.56109  0.00000  0.00000  0.99826  1.00000
2.010000000e+00  0.00000  1.00000  0.00000  0.46051  0.00000  0.00000  0.99829  1.00000
2.020000000e+00  0.00000  1.00000  0.00000  0.61108  0.00000  0.00000  0.99832  1.00000
2.030000000e+00  0.00000  1.00000  0.00000  0.82047  0.00000  0.00000  0.99836  1.00000
2.040000000e+00  0.00000  1.00000  0.00000  0.84943  0.00000  0.00000  0.99839  1.00000
2.050000000e+00  0.00000  1.00000  0.00000  0.92951  0.00000  0.00000  0.99842  1.00000
2.060000000e+00  0.00000  1.00000  0.00000  0.85317  0.00000  0.00000  0.99845  1.00000
2.070000000e+00  0.00000  1.00000  0.00000  0.88072  0.00000  0.00000  0.99848  1.00000
2.080000000e+00  0.00000  1.00000  0.00000  0.92088  0.00000  0.00000  0.99851  1.00000
2.090000000e+00  0.00000  1.00000  0.00000  0.91892  0.00000  0.00000  0.99854  1.00000
2.100000000e+00  0.00000  1.00000  0.00004  0.95149  0.00000  0.00000  0.99857  1.00000
2.110000000e+00  0.00000  1.00000  0.01971  0.96109  0.00000  0.00000  0.99859  1.00000
2.120000000e+00  0.00000  1.00000  0.06873  0.89853  0.00000  0.00000  0.99862  1.00000
2.130000000e+00  0.00000  1.00000  0.44360  0.85718  0.00000  0.00000  0.99864  1.00000
2.140000000e+00  0.00000  1.00000  0.63566  0.96635  0.00000  0.00000  0.99867  1.00000
2.150000000e+00  0.00000  1.00000  0.27647  0.98423  0.00000  0.00000  0.99869  1.00000
2.160000000e+00  0.00000  1.00000  0.34504  0.93806  0.00000  0.00000  0.99872  1.00000
2.170000000e+00  0.00000  1.00000  0.22903  0.87189  0.00000  0.00000  0.99874  1.00000
2.180000000e+00  0.00000  1.00000  0.54140  0.89438  0.00000  0.00000  0.99876  1.00000
2.190000000e+00  0.00000  1.00000  0.83142  0.77910  0.00000  0.00000  0.99879  1.00000
2.200000000e+00  0.00000  1.00000  0.88693  0.86384  0.00000  0.00000  0.99881  1.00000
2.210000000e+00  0.00000  1.00000  0.96483  0.90337  0.00000  0.00000  0.99883  1.00000
2.220000000e+00  0.00000  1.00000  0.95054  0.92649  0.00000  0.00000  0.99885  1.00000
2.230000000e+00  0.00000  1.00000  0.95417  0.95120  0.00000  0.00000  0.99887  1.00000
2.240000000e+00  0.00000  1.00000  0.98695  0.97709  0.00000  0.00000  0.99889  1.00000
2.250000000e+00  0.00000  1.00000  0.97823  0.98125  0.00000  0.00000  0.99891  1.00000
2.260000000e+00  0.00000  1.00000  0.94822  0.99267  0.00000  0.00000  0.99893  1.00000
2.270000000e+00  0.00000  1.00000  0.98754  0.98484  0.00000  0.00000  0.99895  1.00000
2.280000000e+00  0.00000  1.00000  0.97367  0.99722  0.00000  0.00000  0.99897  1.00000
2.290000000e+00  0.00000  1.00000  0.99198  0.98552  0.00000  0.00000  0.99899  1.00000
2.300000000e+00  0.00000  1.00000  0.99603  0.91533  0.00000  0.00000  0.99900  1.00000
2.310000000e+00  0.00000  1.00000  0.99747  0.97259  0.00000  0.00000  0.99902  1.00000
2.320000000e+00  0.00000  1.00000  0.99906  0.93149  0.00000  0.00000  0.99904  1.00000
2.330000000e+00  0.00000  1.00000  0.99989  0.92438  0.00000  0.00000  0.99905  1.00000
2.340000000e+00  0.00000  1.00000  0.99990  0.93935  0.00000  0.00000  0.99907  1.00000
2.350000000e+00  0.00000  1.00000  0.99987  0.84366  0.00000  0.00000  0.99908  1.00000
2.360000000e+00  0.00000  1.00000  0.99967  0.71208  0.00000  0.00000  0.99910  1.00000
2.370000000e+00  0.00000  1.00000  0.99823  0.73412  0.00000  0.00000  0.99912  1.00000
2.380000000e+00  0.00000  1.00000  0.99715  0.54777  0.00000  0.00000  0.99913  1.00000
2.390000000e+00  0.00000  1.00000  0.99069  0.43889  0.00000  0.00000  0.99914  1.00000
2.400000000e+00  0.00000  1.00000  0.98876  0.52808  0.00000  0.00000  0.99916  1.00000
2.410000000e+00  0.00000  1.00000  0.98698  0.35559  0.00000  0.00000  0.99917  1.00000
2.420000000e+00  0.00000  1.00000  0.99686  0.16914  0.00000  0.00000  0.99919  1.00000
2.430000000e+00  0.00000  1.00000  0.99991  0.36675  0.00000  0.00000  0.99920  1.00000
2.440000000e+00  0.00000  1.00000  0.99986  0.08062  0.00000  0.00000  0.99921  1.00000
2.450000000e+00  0.00000  1.00000  0.99965  0.14677  0.00000  0.00000  0.99923  1.00000
2.460000000e+00  0.00000  1.00000  0.99949  0.23509  0.00000  0.00000  0.99924  1.00000
2.470000000e+00  0.00000  1.00000  0.99259  0.20137  0.00000  0.00000  0.99925  1.00000
2.480000000e+00  0.00000  1.00000  0.97009  0.09844  0.00000  0.00000  0.99926  1.00000
2.490000000e+00  0.00000  1.00000  0.32411  0.00483  0.00000  0.00000  0.99927  1.00000
2.500000000e+00  0.00000  1.00000  0.73673  0.00452  0.00000  0.00000  0.99929  1.00000
2.510000000e+00  0.00000  1.00000  0.70638  0.00130  0.00000  0.00000  0.99930  1.00000
2.520000000e+00  0.00000  1.00000  0.68339  0.00036  0.00000  0.00000  0.99931  1.00000
2.530000000e+00  0.00000  1.00000  0.83954  0.00000  0.00000  0.00000  0.99932  1.00000
2.540000000e+00  0.00000  1.00000  0.90265  0.00000  0.00000  0.00000  0.99933  1.00000
2.550000000e+00  0.00000  1.00000  0.97561  0.00000  0.00000  0.00000  0.99934  1.00000
2.560000000e+00  0.00000  1.00000  0.94457  0.00000  0.00000  0.00000  0.99935  1.00000
2.570000000e+00  0.00000  1.00000  0.96752  0.00000  0.00000  0.00000  0.99936  1.00000
2.580000000e+00  0.00000  1.00000  0.79148  0.00000  0.00000  0.00000  0.99937  1.00000
2.590000000e+00  0.00000  1.00000  0.54548  0.00000  0.00000  0.00000  0.99938  1.00000
2.600000000e+00  0.00000  1.00000  0.64961  0.00000  0.00000  0.00000  0.99939  1.00000
2.610000000e+00  0.00000  1.00000  0.18811  0.00000  0.00000  0.00000  0.99940  1.00000
2.620000000e+00  0.00000  1.00000  0.07263  0.00000  0.00000  0.00000  0.99941  1.00000
2.630000000e+00  0.00000  1.00000  0.25060  0.00000  0.00000  0.00000  0.99942  1.00000
2.640000000e+00  0.00000  1.00000  0.21327  0.00000  0.00000  0.00000  0.99942  1.00000
2.650000000e+00  0.00000  1.00000  0.37951  0.00000  0.00000  0.00000  0.99943  1.00000
2.660000000e+00  0.00000  1.00000  0.00070  0.00000  0.00000  0.00000  0.99944  1.00000
2.670000000e+00  0.00000  1.00000  0.00000  0.00000  0.00000  0.00000  0.99945  1.00000
2.680000000e+00  0.00000  1.00000  0.00000  0.00000  0.00000  0.00000  0.99946  1.00000
2.690000000e+00  0.00000  1.00000  0.00000  0.00000  0.00000  0.00000  0.99947  1.00000
2.700000000e+00  0.00000  1.00000  0.00000  0.00000  0.00000  0.00000  0.99947  1.00000
2.710000000e+00  0.00000  1.00000  0.00000  0.00000  0.00000  0.00000  0.99948  1.00000
2.720000000e+00  0.00000  1.00000  0.00000  0.00000  0.00000  0.00000  0.99949  1.00000
2.730000000e+00  0.00000  1.00000  0.00000  0.00000  0.00000  0.00000  0.99950  1.00000
2.740000000e+00  0.00000  1.00000  0.00000  0.00000  0.00000  0.00000  0.99950  1.00000
2.750000000e+00  0.00000  1.00000  0.00000  0.00000  0.00000  0.00000  0.99951  1.00000
2.760000000e+00  0.00000  1.00000  0.00000  0.00000  0.00000  0.00000  0.99952  1.00000
2.770000000e+00  0.00000  1.00000  0.00000  0.00000  0.00000  0.00000  0.99953  1.00000
2.780000000e+00  0.00000  1.00000  0.00000  0.00000  0.00000  0.00000  0.99953  1.00000
2.790000000e+00  0.00000  1.00000  0.00000  0.00000  0.00000  0.00000  0.99954  1.00000
2.800000000e+00  0.00000  1.00000  0.00000  0.00000  0.00000  0.00000  0.99955  1.00000
2.810000000e+00  0.00000  1.00000  0.00000  0.00000  0.00000  0.00000  0.99955  1.00000
2.820000000e+00  0.00000  1.00000  0.00000  0.00000  0.00000  0.00000  0.99956  1.00000
2.830000000e+00  0.00000  1.00000  0.00000  0.00000  0.00000  0.00000  0.99956  1.00000
2.840000000e+00  0.00000  1.00000  0.00000  0.00000  0.00000  0.00000  0.99957  1.00000
2.850000000e+00  0.00000  1.00000  0.00000  0.00000  0.00000  0.00000  0.99958  1.00000
2.860000000e+00  0.00000  1.00000  0.00000  0.00000  0.00000  0.00000  0.99958  1.00000
2.870000000e+00  0.00000  1.00000  0.00000  0.00002  0.00000  0.00000  0.99959  1.00000
2.880000000e+00  0.00000  1.00000  0.00000  0.00007  0.00000  0.00000  0.99959  1.00000
2.890000000e+00  0.00000  1.00000  0.00003  0.00005  0.00000  0.00000  0.99960  1.00000
2.900000000e+00  0.00000  1.00000  0.00449  0.00380  0.00000  0.00000  0.99960  1.00000
2.910000000e+00  0.00000  1.00000  0.08587  0.00106  0.00000  0.00000  0.99961  1.00000
2.920000000e+00  0.00000  1.00000  0.35657  0.00157  0.00000  0.00000  0.99962  1.00000
2.930000000e+00  0.00000  1.00000  0.56419  0.00928  0.00000  0.00000  0.99962  1.00000
2.940000000e+00  0.00000  1.00000  0.69144  0.03974  0.00000  0.00000  0.99963  1.00000
2.950000000e+00  0.00000  1.00000  0.82621  0.00114  0.00000  0.00000  0.99963  1.00000
2.960000000e+00  0.00000  1.00000  0.42521  0.01205  0.00000  0.00000  0.99964  1.00000
2.970000000e+00  0.00000  1.00000  0.05302  0.03796  0.00000  0.00000  0.99964  1.00000
2.980000000e+00  0.00000  1.00000  0.00379  0.00006  0.00000  0.00000  0.99965  1.00000
2.990000000e+00  0.00000  1.00000  0.01446  0.05443  0.00000  0.00000  0.99965  1.00000
3.000000000e+00  0.00000  1.00000  0.28663  0.08517  0.00000  0.00000  0.99965  1.00000
3.010000000e+00  0.00000  1.00000  0.30378  0.06308  0.00000  0.00000  0.99966  1.00000
3.020000000e+00  0.00000  1.00000  0.05707  0.04333  0.00000  0.00000  0.99966  1.00000
3.030000000e+00  0.00000  1.00000  0.11636  0.03760  0.00000  0.00000  0.99967  1.00000
3.040000000e+00  0.00000  1.00000  0.32012  0.00630  0.00000  0.00000  0.99967  1.00000
3.050000000e+00  0.00000  1.00000  0.63870  0.00797  0.00000  0.00000  0.99968  1.00000
3.060000000e+00  0.00000  1.00000  0.68928  0.01387  0.00000  0.00000  0.99968  1.00000
3.070000000e+00  0.00000  1.00000  0.83654  0.00714  0.00000  0.00000  0.99968  1.00000
3.080000000e+00  0.00000  1.00000  0.87251  0.02875  0.00000  0.00000  0.99969  1.00000
3.090000000e+00  0.00000  1.00000  0.93158  0.00069  0.00000  0.00000  0.99969  1.00000
3.100000000e+00  0.00000  1.00000  0.89919  0.00062  0.00000  0.00000  0.99970  1.00000
3.110000000e+00  0.00000  1.00000  0.71948  0.01060  0.00000  0.00000  0.99970  1.00000
3.120000000e+00  0.00000  1.00000  0.49313  0.00145  0.00000  0.00000  0.99970  1.00000
3.130000000e+00  0.00000  1.00000  0.39839  0.06077  0.00000  0.00000  0.99971  1.00000
3.140000000e+00  0.00000  1.00000  0.55730  0.14305  0.00000  0.00000  0.99971  1.00000
3.150000000e+00  0.00000  1.00000  0.75969  0.02672  0.00000  0.00000  0.99972  1.00000
3.160000000e+00  0.00000  1.00000  0.60809  0.10413  0.00000  0.00000  0.99972  1.00000
3.170000000e+00  0.00000  1.00000  0.43665  0.65029  0.00000  0.00000  0.99972  1.00000
3.180000000e+00  0.00000  1.00000  0.50174  0.50026  0.00000  0.00000  0.99973  1.00000
3.190000000e+00  0.00000  1.00000  0.67154  0.21468  0.00000  0.00000  0.99973  1.00000
3.200000000e+00  0.00000  1.00000  0.83629  0.04829  0.00000  0.00000  0.99973  1.00000
3.210000000e+00  0.00000  1.00000  0.93540  0.00001  0.00000  0.00000  0.99974  1.00000
3.220000000e+00  0.00000  1.00000  0.91244  0.00012  0.00000  0.00000  0.99974  1.00000
3.230000000e+00  0.00000  1.00000  0.90578  0.00210  0.00000  0.00000  0.99974  1.00000
3.240000000e+00  0.00000  1.00000  0.95097  0.11323  0.00000  0.00000  0.99975  1.00000
3.250000000e+00  0.00000  1.00000  0.98820  0.03875  0.00000  0.00000  0.99975  1.00000
3.260000000e+00  0.00000  1.00000  0.99666  0.27608  0.00000  0.00000  0.99975  1.00000
3.270000000e+00  0.00000  1.00000  0.99626  0.01658  0.00000  0.00000  0.99976  1.00000
3.280000000e+00  0.00000  1.00000  0.99689  0.05124  0.00000  0.00000  0.99976  1.00000
3.290000000e+00  0.00000  1.00000  0.99858  0.28295  0.00000  0.00000  0.99976  1.00000
3.300000000e+00  0.00000  1.00000  0.99938  0.13298  0.00000  0.00000  0.99976  1.00000
3.310000000e+00  0.00000  1.00000  0.99950  0.01594  0.00000  0.00000  0.99977  1.00000
3.320000000e+00  0.00000  1.00000  0.99902  0.18716  0.00000  0.00000  0.99977  1.00000
3.330000000e+00  0.00000  1.00000  0.99379  0.05785  0.00000  0.00000  0.99977  1.00000
3.340000000e+00  0.00000  1.00000  0.97880  0.35408  0.00000  0.00000  0.99977  0.99988
3.350000000e+00  0.00000  1.00000  0.96614  0.12390  0.00000  0.00000  0.99978  0.99984
3.360000000e+00  0.00000  1.00000  0.86175  0.12801  0.00000  0.00000  0.99978  0.99989
3.370000000e+00  0.00000  1.00000  0.96017  0.17747  0.00000  0.00000  0.99978  0.99981
3.380000000e+00  0.00000  1.00000  0.97150  0.29274  0.00000  0.00000  0.99979  0.99993
3.390000000e+00  0.00000  1.00000  0.98475  0.43161  0.00000  0.00000  0.99979  0.99990
3.400000000e+00  0.00000  1.00000  0.99448  0.64715  0.00000  0.00000  0.99979  0.99995
3.410000000e+00  0.00000  1.00000  0.99799  0.48720  0.00000  0.00000  0.99979  0.99996
3.420000000e+00  0.00000  1.00000  0.99932  0.61717  0.00000  0.00000  0.99980  1.00000
3.430000000e+00  0.00000  1.00000  0.99912  0.87101  0.00000  0.00000  0.99980  0.99994
3.440000000e+00  0.00000  1.00000  0.99932  0.76221  0.00000  0.00000  0.99980  0.99990
3.450000000e+00  0.00000  1.00000  0.99657  0.76298  0.00000  0.00000  0.99980  0.99978
3.460000000e+00  0.00000  1.00000  0.99741  0.71291  0.00000  0.00000  0.99980  0.99992
3.470000000e+00  0.00000  1.00000  0.99907  0.85423  0.00000  0.00000  0.99981  0.99981
3.480000000e+00  0.00000  1.00000  0.99935  0.80314  0.00000  0.00000  0.99981  0.99987
3.490000000e+00  0.00000  1.00000  0.99958  0.84189  0.00000  0.00000  0.99981  0.99987
3.500000000e+00  0.00000  1.00000  0.99961  0.81025  0.00000  0.00000  0.99981  0.99993
3.510000000e+00  0.00000  1.00000  0.99932  0.82580  0.00000  0.00000  0.99982  0.99998
3.520000000e+00  0.00000  1.00000  0.99817  0.75802  0.00000  0.00000  0.99982  0.99997
3.530000000e+00  0.00000  1.00000  0.99517  0.72229  0.00000  0.00000  0.99982  0.99996
3.540000000e+00  0.00000  1.00000  0.98919  0.70179  0.00000  0.00000  0.99982  0.99992
3.550000000e+00  0.00000  1.00000  0.97684  0.66371  0.00000  0.00000  0.99982  0.99994
3.560000000e+00  0.00000  1.00000  0.94935  0.54568  0.00000  0.00000  0.99983  0.99975
3.570000000e+00  0.00000  1.00000  0.90776  0.69055  0.00000  0.00000  0.99983  0.99974
3.580000000e+00  0.00000  1.00000  0.87652  0.62274  0.00000  0.00000  0.99983  0.99953
3.590000000e+00  0.00000  1.00000  0.82138  0.72790  0.00000  0.00000  0.99983  0.99953
3.600000000e+00  0.00000  1.00000  0.67077  0.62136  0.00000  0.00000  0.99983  0.99958
3.610000000e+00  0.00000  1.00000  0.54066  0.81837  0.00000  0.00000  0.99983  0.99960
3.620000000e+00  0.00000  1.00000  0.48838  0.65650  0.00000  0.00000  0.99984  0.99949
3.630000000e+00  0.00000  1.00000  0.68072  0.80652  0.00000  0.00000  0.99984  0.99938
3.640000000e+00  0.00000  1.00000  0.64022  0.70353  0.00000  0.00000  0.99984  0.99919
3.650000000e+00  0.00000  1.00000  0.51519  0.91806  0.00000  0.00000  0.99984  0.99905
3.660000000e+00  0.00000  1.00000  0.61910  0.75785  0.00000  0.00000  0.99984  0.99897
3.670000000e+00  0.00000  1.00000  0.80851  0.76914  0.00000  0.00000  0.99985  0.99887
3.680000000e+00  0.00000  1.00000  0.93419  0.37556  0.00000  0.00000  0.99985  0.99869
3.690000000e+00  0.00000  1.00000  0.96903  0.52524  0.00000  0.00000  0.99985  0.99842
3.700000000e+00  0.00000  1.00000  0.97984  0.75875  0.00000  0.00000  0.99985  0.99822
3.710000000e+00  0.00000  1.00000  0.98903  0.90262  0.00000  0.00000  0.99985  0.99646
3.720000000e+00  0.00000  1.00000  0.97953  0.68672  0.00000  0.00000  0.99985  0.99534
3.730000000e+00  0.00000  1.00000  0.97829  0.82883  0.00000  0.00000  0.99985  0.99485
3.740000000e+00  0.00000  1.00000  0.97768  0.69308  0.00000  0.00000  0.99986  0.99428
3.750000000e+00  0.00000  1.00000  0.94095  0.78895  0.00000  0.00000  0.99986  0.99351
3.760000000e+00  0.00000  1.00000  0.84642  0.74059  0.00000  0.00000  0.99986  0.99268
3.770000000e+00  0.00000  1.00000  0.72259  0.68496  0.00000  0.00000  0.99986  0.99172
3.780000000e+00  0.00000  1.00000  0.55082  0.70487  0.00000  0.00000  0.99986  0.99047
3.790000000e+00  0.00000  1.00000  0.37786  0.76173  0.00000  0.00000  0.99986  0.98894
3.800000000e+00  0.00000  1.00000  0.14974  0.70830  0.00000  0.00000  0.99987  0.98731
3.810000000e+00  0.00000  1.00000  0.04040  0.87247  0.00000  0.00000  0.99987  0.98536
3.820000000e+00  0.00000  1.00000  0.06331  0.67795  0.00000  0.00000  0.99987  0.98325
3.830000000e+00  0.00000  1.00000  0.26149  0.85452  0.00000  0.00000  0.99987  0.98086
3.840000000e+00  0.00000  1.00000  0.12859  0.73680  0.00000  0.00000  0.99987  0.97806
3.850000000e+00  0.00000  1.00000  0.06670  0.86392  0.00000  0.00000  0.99987  0.97481
3.860000000e+00  0.00000  1.00000  0.12144  0.83664  0.00000  0.00000  0.99987  0.97111
3.870000000e+00  0.00000  1.00000  0.29124  0.87990  0.00000  0.00000  0.99987  0.96703
3.880000000e+00  0.00000  1.00000  0.53806  0.87480  0.00000  0.00000  0.99988  0.96237
3.890000000e+00  0.00000  1.00000  0.75772  0.90414  0.00000  0.00000  0.99988  0.95698
3.900000000e+00  0.00000  1.00000  0.90457  0.93838  0.00000  0.00000  0.99988  0.95092
3.910000000e+00  0.00000  1.00000  0.96015  0.89250  0.00000  0.00000  0.99988  0.94405
3.920000000e+00  0.00000  1.00000  0.96463  0.97596  0.00000  0.00000  0.99988  0.93599
3.930000000e+00  0.00000  1.00000  0.92730  0.94781  0.00000  0.00000  0.99988  0.92677
3.940000000e+00  0.00000  1.00000  0.84493  0.97720  0.00000  0.00000  0.99988  0.91611
3.950000000e+00  0.00000  1.00000  0.71979  0.98065  0.00000  0.00000  0.99988  0.90408
3.960000000e+00  0.00000  1.00000  0.50377  0.96813  0.00000  0.00000  0.99989  0.88984
3.970000000e+00  0.00000  1.00000  0.33213  0.99110  0.00000  0.00000  0.99989  0.87359
3.980000000e+00  0.00000  1.00000  0.18084  0.98034  0.00000  0.00000  0.99989  0.85549
3.990000000e+00  0.00000  1.00000  0.13131  0.99393  0.00000  0.00000  0.99989  0.83480
4.000000000e+00  0.00000  1.00000  0.30834  0.99159  0.00000  0.00000  0.99989  0.81105
4.010000000e+00  0.00000  1.00000  0.38124  0.99157  0.00000  0.00000  0.99989  0.78507
4.020000000e+00  0.00000  1.00000  0.17015  0.99773  0.00000  0.00000  0.99989  0.75683
4.030000000e+00  0.00000  1.00000  0.14879  0.99175  0.00000  0.00000  0.99989  0.72690
4.040000000e+00  0.00000  1.00000  0.20818  0.99580  0.00000  0.00000  0.99989  0.69537
4.050000000e+00  0.00000  1.00000  0.34897  0.99610  0.00000  0.00000  0.99990  0.66203
4.060000000e+00  0.00000  1.00000  0.52116  0.99531  0.00000  0.00000  0.99990  0.62850
4.070000000e+00  0.00000  1.00000  0.57712  0.99505  0.00000  0.00000  0.99990  0.59484
4.080000000e+00  0.00000  1.00000  0.28607  0.99761  0.00000  0.00000  0.99990  0.56286
4.090000000e+00  0.00000  1.00000  0.09008  0.99743  0.00000  0.00000  0.99990  0.53299
4.100000000e+00  0.00000  1.00000  0.04053  0.99776  0.00000  0.00000  0.99990  0.50511
4.110000000e+00  0.00000  1.00000  0.05164  0.99184  0.00000  0.00000  0.99990  0.48016
4.120000000e+00  0.00000  1.00000  0.21527  0.99777  0.00000  0.00000  0.99990  0.45879
4.130000000e+00  0.00000  1.00000  0.26507  0.99445  0.00000  0.00000  0.99990  0.44094
4.140000000e+00  0.00000  1.00000  0.11913  0.99631  0.00000  0.00000  0.99990  0.42682
4.150000000e+00  0.00000  1.00000  0.05076  0.99882  0.00000  0.00000  0.99990  0.41628
4.160000000e+00  0.00000  1.00000  0.00023  0.99374  0.00000  0.00000  0.99991  0.40968
4.170000000e+00  0.00000  1.00000  0.00000  0.99627  0.00000  0.00000  0.99991  0.40589
4.180000000e+00  0.00000  1.00000  0.00000  0.99554  0.00000  0.00000  0.99991  0.40697
4.190000000e+00  0.00000  1.00000  0.00000  0.99566  0.00000  0.00000  0.99991  0.40894
4.200000000e+00  0.00000  1.00000  0.00000  0.99501  0.00000  0.00000  0.99991  0.41411
4.210000000e+00  0.00000  1.00000  0.00000  0.99231  0.00000  0.00000  0.99991  0.41728
4.220000000e+00  0.00000  1.00000  0.00000  0.99278  0.00000  0.00000  0.99991  0.41816
4.230000000e+00  0.00000  1.00000  0.00000  0.99199  0.00000  0.00000  0.99991  0.41555
4.240000000e+00  0.00000  1.00000  0.00000  0.99397  0.00000  0.00000  0.99991  0.40756
4.250000000e+00  0.00000  1.00000  0.00000  0.98499  0.00000  0.00000  0.99991  0.39246
4.260000000e+00  0.00000  1.00000  0.00000  0.98136  0.00000  0.00000  0.99991  0.36371
4.270000000e+00  0.00000  1.00000  0.00000  0.99347  0.00000  0.00000  0.99992  0.32075
4.280000000e+00  0.00000  1.00000  0.00000  0.97318  0.00000  0.00000  0.99992  0.29101
4.290000000e+00  0.00000  1.00000  0.00000  0.96899  0.00000  0.00000  0.99992  0.27287
4.300000000e+00  0.00000  1.00000  0.00000  0.96490  0.00000  0.00000  0.99992  0.27750
4.310000000e+00  0.00000  1.00000  0.00000  0.93978  0.00000  0.00000  0.99992  0.30516
4.320000000e+00  0.00000  1.00000  0.00000  0.95154  0.00000  0.00000  0.99992  0.34531
4.330000000e+00  0.00000  1.00000  0.00000  0.94973  0.00000  0.00000  0.99992  0.40002
4.340000000e+00  0.00000  1.00000  0.00000  0.93883  0.00000  0.00000  0.99992  0.44585
4.350000000e+00  0.00000  1.00000  0.00000  0.93525  0.00000  0.00000  0.99992  0.48052
4.360000000e+00  0.00000  1.00000  0.00000  0.91308  0.00000  0.00000  0.99992  0.50553
4.370000000e+00  0.00000  1.00000  0.00000  0.82393  0.00000  0.00000  0.99992  0.52351
4.380000000e+00  0.00000  1.00000  0.00000  0.93773  0.00000  0.00000  0.99992  0.53699
4.390000000e+00  0.00000  1.00000  0.00000  0.91381  0.00000  0.00000  0.99992  0.54924
4.400000000e+00  0.00000  1.00000  0.00000  0.87290  0.00000  0.00000  0.99992  0.55792
4.410000000e+00  0.00000  1.00000  0.00000  0.75284  0.00000  0.00000  0.99993  0.56920
4.420000000e+00  0.00000  1.00000  0.00000  0.95813  0.00000  0.00000  0.99993  0.58006
4.430000000e+00  0.00000  1.00000  0.00000  0.85316  0.00000  0.00000  0.99993  0.59275
4.440000000e+00  0.00000  1.00000  0.00000  0.69405  0.00000  0.00000  0.99993  0.60635
4.450000000e+00  0.00000  1.00000  0.00000  0.76122  0.00000  0.00000  0.99993  0.62228
4.460000000e+00  0.00000  1.00000  0.00000  0.78980  0.00000  0.00000  0.99993  0.63813
4.470000000e+00  0.00000  1.00000  0.00000  0.80966  0.00000  0.00000  0.99993  0.65737
4.480000000e+00  0.00000  1.00000  0.00000  0.78902  0.00000  0.00000  0.99993  0.67552
4.490000000e+00  0.00000  1.00000  0.00000  0.83120  0.00000  0.00000  0.99993  0.69638
4.500000000e+00  0.00000  1.00000  0.00000  0.85634  0.00000  0.00000  0.99993  0.71566
4.510000000e+00  0.00000  1.00000  0.00000  0.84803  0.00000  0.00000  0.99993  0.73668
4.520000000e+00  0.00000  1.00000  0.00000  0.77628  0.00000  0.00000  0.99993  0.75714
4.530000000e+00  0.00000  1.00000  0.00000  0.64788  0.00000  0.00000  0.99993  0.77709
4.540000000e+00  0.00000  1.00000  0.00003  0.62781  0.00000  0.00000  0.99993  0.79663
4.550000000e+00  0.00000  1.00000  0.00029  0.80628  0.00000  0.00000  0.99993  0.81541
4.560000000e+00  0.00000  1.00000  0.00559  0.90035  0.00000  0.00000  0.99993  0.83332
4.570000000e+00  0.00000  1.00000  0.03696  0.79796  0.00000  0.00000  0.99994  0.84951
4.580000000e+00  0.00000  1.00000  0.12252  0.69825  0.00000  0.00000  0.99994  0.86529
4.590000000e+00  0.00000  1.00000  0.17587  0.76229  0.00000  0.00000  0.99994  0.87963
4.600000000e+00  0.00000  1.00000  0.25563  0.79714  0.00000  0.00000  0.99994  0.89282
4.610000000e+00  0.00000  1.00000  0.31458  0.83509  0.00000  0.00000  0.99994  0.90493
4.620000000e+00  0.00000  1.00000  0.25998  0.78836  0.00000  0.00000  0.99994  0.91598
4.630000000e+00  0.00000  1.00000  0.11831  0.59178  0.00000  0.00000  0.99994  0.92594
4.640000000e+00  0.00000  1.00000  0.09098  0.60026  0.00000  0.00000  0.99994  0.93490
4.650000000e+00  0.00000  1.00000  0.07437  0.61549  0.00000  0.00000  0.99994  0.94296
4.660000000e+00  0.00000  1.00000  0.07521  0.55155  0.00000  0.00000  0.99994  0.95017
4.670000000e+00  0.00000  1.00000  0.08236  0.47932  0.00000  0.00000  0.99994  0.95628
4.680000000e+00  0.00000  1.00000  0.02954  0.48867  0.00000  0.00000  0.99994  0.96117
4.690000000e+00  0.00000  1.00000  0.01299  0.20536  0.00000  0.00000  0.99994  0.96630
4.700000000e+00  0.00000  1.00000  0.00152  0.85873  0.00000  0.00000  0.99994  0.97046
4.710000000e+00  0.00000  1.00000  0.00004  0.75621  0.00000  0.00000  0.99994  0.97395
4.720000000e+00  0.00000  1.00000  0.00002  0.42534  0.00000  0.00000  0.99994  0.97724
4.730000000e+00  0.00000  1.00000  0.00000  0.56963  0.00000  0.00000  0.99994  0.97971
4.740000000e+00  0.00000  1.00000  0.00000  0.41251  0.00000  0.00000  0.99994  0.98256
4.750000000e+00  0.00000  1.00000  0.00000  0.64892  0.00000  0.00000  0.99994  0.98476
4.760000000e+00  0.00000  1.00000  0.00000  0.53432  0.00000  0.00000  0.99994  0.98674
4.770000000e+00  0.00000  1.00000  0.00000  0.54638  0.00000  0.00000  0.99995  0.98847
4.780000000e+00  0.00000  1.00000  0.00000  0.41564  0.00000  0.00000  0.99995  0.98921
4.790000000e+00  0.00000  1.00000  0.00000  0.24528  0.00000  0.00000  0.99995  0.99057
4.800000000e+00  0.00000  1.00000  0.00000  0.29218  0.00000  0.00000  0.99995  0.99245
4.810000000e+00  0.00000  1.00000  0.00000  0.45415  0.00000  0.00000  0.99995  0.99362
4.820000000e+00  0.00000  1.00000  0.00000  0.39614  0.00000  0.00000  0.99995  0.99443
4.830000000e+00  0.00000  1.00000  0.00000  0.23142  0.00000  0.00000  0.99995  0.99540
4.840000000e+00  0.00000  1.00000  0.00000  0.43102  0.00000  0.00000  0.99995  0.99252
4.850000000e+00  0.00000  1.00000  0.00000  0.11405  0.00000  0.00000  0.99995  0.99514
4.860000000e+00  0.00000  1.00000  0.00000  0.07423  0.00000  0.00000  0.99995  0.99706
4.870000000e+00  0.00000  1.00000  0.00000  0.57017  0.00000  0.00000  0.99995  0.99758
4.880000000e+00  0.00000  1.00000  0.00000  0.57269  0.00000  0.00000  0.99995  0.99785
4.890000000e+00  0.00000  1.00000  0.00000  0.50623  0.00000  0.00000  0.99995  0.99749
4.900000000e+00  0.00000  1.00000  0.00000  0.06885  0.00000  0.00000  0.99995  0.99537
4.910000000e+00  0.00000  1.00000  0.00000  0.03965  0.00000  0.00000  0.99995  0.99821
4.920000000e+00  0.00000  1.00000  0.00000  0.24970  0.00000  0.00000  0.99995  0.99853
4.930000000e+00  0.00000  1.00000  0.00000  0.48515  0.00000  0.00000  0.99995  0.99867
4.940000000e+00  0.00000  1.00000  0.00012  0.24299  0.00000  0.00000  0.99995  0.99867
4.950000000e+00  0.00000  1.00000  0.00057  0.06311  0.00000  0.00000  0.99995  0.99693
4.960000000e+00  0.00000  1.00000  0.00134  0.01856  0.00000  0.00000  0.99995  0.98937
4.970000000e+00  0.00000  1.00000  0.01108  0.00705  0.00000  0.00000  0.99995  0.99898
4.980000000e+00  0.00000  1.00000  0.03255  0.14026  0.00000  0.00000  0.99995  0.99905
4.990000000e+00  0.00000  1.00000  0.08314  0.03521  0.00000  0.00000  0.99995  0.99927
5.000000000e+00  0.00000  1.00000  0.07606  0.24560  0.00000  0.00000  0.99995  0.99929
