# ------------------------------------------------------------------------
# Radiance spectrum
# NASA-GSFC Planetary Spectrum Generator (PSG) (Villanueva et al. 2015)
# Synthesized on Tue Nov 21 15:11:35 2017
# ------------------------------------------------------------------------
# Atmospheric radiances synthesized with PUMAS (Villanueva et al. 2016, Smith et al. 2009, Edwards 1992)
# Molecular abundance profile: 
# Molecules considered: N2,CO2,H2O
# Molecular sources: HIT[22],HIT[2],HIT[1]
# Molecular abundances: 1,1,1
# Molecular abundance units: scl,scl,scl
# Collission-Induced-Absorption:  N2-N2(3.33-5.41um)
# Rayleigh scattering included
# ------------------------------------------------------------------------
# Spectral unit: Wavelength [um]
# Radiance unit: Spectral radiance [W/sr/m2/um]
# Wave/freq Total Stellar TRAPPIST-1-e
1.000000000e+00  3.68049e-03  3.68049e-03  2.18583e-35
1.010000000e+00  3.70309e-03  3.70309e-03  5.54568e-35
1.020000000e+00  3.72363e-03  3.72363e-03  8.29346e-35
1.030000000e+00  3.74214e-03  3.74214e-03  1.31507e-34
1.040000000e+00  3.75867e-03  3.75867e-03  1.54710e-32
1.050000000e+00  3.77327e-03  3.77327e-03  1.04326e-33
1.060000000e+00  3.78601e-03  3.78601e-03  4.25594e-33
1.070000000e+00  3.79691e-03  3.79691e-03  1.92186e-32
1.080000000e+00  3.80605e-03  3.80605e-03  4.18686e-33
1.090000000e+00  3.81347e-03  3.81347e-03  5.35593e-33
1.100000000e+00  3.81922e-03  3.81922e-03  1.83507e-32
1.110000000e+00  3.82337e-03  3.82337e-03  6.64123e-32
1.120000000e+00  3.82595e-03  3.82595e-03  1.07161e-30
1.130000000e+00  3.82703e-03  3.82703e-03  2.50041e-30
1.140000000e+00  3.82666e-03  3.82666e-03  1.48955e-30
1.150000000e+00  3.82489e-03  3.82489e-03  3.89954e-30
1.160000000e+00  3.82177e-03  3.82177e-03  1.60597e-30
1.170000000e+00  3.81734e-03  3.81734e-03  5.35848e-31
1.180000000e+00  3.81168e-03  3.81168e-03  9.98793e-31
1.190000000e+00  3.80481e-03  3.80481e-03  1.97254e-30
1.200000000e+00  3.79679e-03  3.79679e-03  2.29743e-30
1.210000000e+00  3.78768e-03  3.78768e-03  1.97167e-28
1.220000000e+00  3.77751e-03  3.77751e-03  1.47454e-28
1.230000000e+00  3.76632e-03  3.76632e-03  1.53156e-28
1.240000000e+00  3.75418e-03  3.75418e-03  5.41277e-29
1.250000000e+00  3.74111e-03  3.74111e-03  9.20397e-30
1.260000000e+00  3.72717e-03  3.72717e-03  3.58548e-29
1.270000000e+00  3.71239e-03  3.71239e-03  4.90043e-29
1.280000000e+00  3.69682e-03  3.69682e-03  1.55821e-29
1.290000000e+00  3.68049e-03  3.68049e-03  1.87313e-28
1.300000000e+00  3.66345e-03  3.66345e-03  4.96523e-28
1.310000000e+00  3.64573e-03  3.64573e-03  1.03243e-28
1.320000000e+00  3.62736e-03  3.62736e-03  4.19900e-27
1.330000000e+00  3.60839e-03  3.60839e-03  4.78411e-28
1.340000000e+00  3.58885e-03  3.58885e-03  5.22882e-27
1.350000000e+00  3.56877e-03  3.56877e-03  5.87124e-27
1.360000000e+00  3.54817e-03  3.54817e-03  2.33625e-26
1.370000000e+00  3.52711e-03  3.52711e-03  3.59492e-26
1.380000000e+00  3.50559e-03  3.50559e-03  4.15156e-26
1.390000000e+00  3.48366e-03  3.48366e-03  4.75410e-26
1.400000000e+00  3.46134e-03  3.46134e-03  5.82015e-26
1.410000000e+00  3.43866e-03  3.43866e-03  8.97475e-26
1.420000000e+00  3.41564e-03  3.41564e-03  3.20811e-26
1.430000000e+00  3.39231e-03  3.39231e-03  6.87860e-26
1.440000000e+00  3.36870e-03  3.36870e-03  6.76640e-25
1.450000000e+00  3.34482e-03  3.34482e-03  5.10889e-25
1.460000000e+00  3.32070e-03  3.32070e-03  1.02247e-25
1.470000000e+00  3.29636e-03  3.29636e-03  1.74876e-25
1.480000000e+00  3.27183e-03  3.27183e-03  5.19569e-25
1.490000000e+00  3.24711e-03  3.24711e-03  3.20814e-25
1.500000000e+00  3.22224e-03  3.22224e-03  6.90415e-25
1.510000000e+00  3.19723e-03  3.19723e-03  2.89792e-25
1.520000000e+00  3.17209e-03  3.17209e-03  3.30433e-25
1.530000000e+00  3.14685e-03  3.14685e-03  1.70239e-24
1.540000000e+00  3.12152e-03  3.12152e-03  3.94519e-24
1.550000000e+00  3.09611e-03  3.09611e-03  1.36060e-24
1.560000000e+00  3.07064e-03  3.07064e-03  7.75774e-25
1.570000000e+00  3.04513e-03  3.04513e-03  6.24761e-24
1.580000000e+00  3.01959e-03  3.01959e-03  2.15183e-23
1.590000000e+00  2.99402e-03  2.99402e-03  5.72766e-24
1.600000000e+00  2.96846e-03  2.96846e-03  1.28556e-23
1.610000000e+00  2.94289e-03  2.94289e-03  4.13659e-23
1.620000000e+00  2.91734e-03  2.91734e-03  2.52510e-23
1.630000000e+00  2.89182e-03  2.89182e-03  1.07519e-23
1.640000000e+00  2.86634e-03  2.86634e-03  2.16654e-23
1.650000000e+00  2.84091e-03  2.84091e-03  3.46685e-23
1.660000000e+00  2.81553e-03  2.81553e-03  2.08934e-23
1.670000000e+00  2.79021e-03  2.79021e-03  1.80168e-23
1.680000000e+00  2.76497e-03  2.76497e-03  1.32647e-23
1.690000000e+00  2.73981e-03  2.73981e-03  7.00203e-24
1.700000000e+00  2.71474e-03  2.71474e-03  5.51213e-24
1.710000000e+00  2.68977e-03  2.68977e-03  1.29314e-23
1.720000000e+00  2.66490e-03  2.66490e-03  9.26224e-24
1.730000000e+00  2.64013e-03  2.64013e-03  7.69987e-24
1.740000000e+00  2.61549e-03  2.61549e-03  8.76878e-24
1.750000000e+00  2.59096e-03  2.59096e-03  1.20019e-23
1.760000000e+00  2.56656e-03  2.56656e-03  1.87262e-23
1.770000000e+00  2.54229e-03  2.54229e-03  2.34482e-23
1.780000000e+00  2.51815e-03  2.51815e-03  2.44874e-23
1.790000000e+00  2.49415e-03  2.49415e-03  3.61364e-23
1.800000000e+00  2.47030e-03  2.47030e-03  5.37203e-23
1.810000000e+00  2.44660e-03  2.44660e-03  1.16527e-22
1.820000000e+00  2.42304e-03  2.42304e-03  3.38924e-22
1.830000000e+00  2.39964e-03  2.39964e-03  5.51331e-22
1.840000000e+00  2.37640e-03  2.37640e-03  1.15376e-21
1.850000000e+00  2.35332e-03  2.35332e-03  1.19414e-21
1.860000000e+00  2.33041e-03  2.33041e-03  1.67252e-21
1.870000000e+00  2.30765e-03  2.30765e-03  1.52904e-21
1.880000000e+00  2.28507e-03  2.28507e-03  4.00961e-21
1.890000000e+00  2.26266e-03  2.26266e-03  3.95643e-21
1.900000000e+00  2.24041e-03  2.24041e-03  2.38404e-21
1.910000000e+00  2.21834e-03  2.21834e-03  3.90586e-21
1.920000000e+00  2.19645e-03  2.19645e-03  2.95535e-21
1.930000000e+00  2.17473e-03  2.17473e-03  3.27320e-21
1.940000000e+00  2.15319e-03  2.15319e-03  5.41661e-21
1.950000000e+00  2.13183e-03  2.13183e-03  2.98326e-20
1.960000000e+00  2.11065e-03  2.11065e-03  2.35632e-20
1.970000000e+00  2.08964e-03  2.08964e-03  3.20952e-20
1.980000000e+00  2.06882e-03  2.06882e-03  4.52602e-20
1.990000000e+00  2.04818e-03  2.04818e-03  3.17731e-20
2.000000000e+00  2.02772e-03  2.02772e-03  5.63846e-20
2.010000000e+00  2.00745e-03  2.00745e-03  2.51360e-20
2.020000000e+00  1.98735e-03  1.98735e-03  4.49860e-20
2.030000000e+00  1.96744e-03  1.96744e-03  1.05731e-19
2.040000000e+00  1.94771e-03  1.94771e-03  1.15158e-19
2.050000000e+00  1.92816e-03  1.92816e-03  1.36639e-19
2.060000000e+00  1.90880e-03  1.90880e-03  1.21800e-19
2.070000000e+00  1.88961e-03  1.88961e-03  1.60329e-19
2.080000000e+00  1.87061e-03  1.87061e-03  2.09438e-19
2.090000000e+00  1.85179e-03  1.85179e-03  2.19922e-19
2.100000000e+00  1.83315e-03  1.83315e-03  1.90676e-19
2.110000000e+00  1.81469e-03  1.81469e-03  1.26172e-19
2.120000000e+00  1.79641e-03  1.79641e-03  1.12682e-19
2.130000000e+00  1.77831e-03  1.77831e-03  4.39765e-20
2.140000000e+00  1.76039e-03  1.76039e-03  3.14515e-20
2.150000000e+00  1.74264e-03  1.74264e-03  1.23077e-19
2.160000000e+00  1.72507e-03  1.72507e-03  1.29362e-19
2.170000000e+00  1.70768e-03  1.70768e-03  1.59504e-19
2.180000000e+00  1.69046e-03  1.69046e-03  8.54967e-20
2.190000000e+00  1.67341e-03  1.67341e-03  3.68760e-20
2.200000000e+00  1.65654e-03  1.65654e-03  2.43648e-20
2.210000000e+00  1.63984e-03  1.63984e-03  1.89020e-20
2.220000000e+00  1.62331e-03  1.62331e-03  2.78076e-20
2.230000000e+00  1.60695e-03  1.60695e-03  2.83839e-20
2.240000000e+00  1.59076e-03  1.59076e-03  1.94580e-20
2.250000000e+00  1.57474e-03  1.57474e-03  2.36079e-20
2.260000000e+00  1.55889e-03  1.55889e-03  4.38750e-20
2.270000000e+00  1.54319e-03  1.54319e-03  3.06989e-20
2.280000000e+00  1.52767e-03  1.52767e-03  4.17508e-20
2.290000000e+00  1.51230e-03  1.51230e-03  3.92832e-20
2.300000000e+00  1.49710e-03  1.49710e-03  4.75633e-20
2.310000000e+00  1.48206e-03  1.48206e-03  5.67957e-20
2.320000000e+00  1.46718e-03  1.46718e-03  6.90183e-20
2.330000000e+00  1.45245e-03  1.45245e-03  8.49427e-20
2.340000000e+00  1.43788e-03  1.43788e-03  1.03722e-19
2.350000000e+00  1.42347e-03  1.42347e-03  1.26392e-19
2.360000000e+00  1.40921e-03  1.40921e-03  1.56483e-19
2.370000000e+00  1.39510e-03  1.39510e-03  1.81186e-19
2.380000000e+00  1.38115e-03  1.38115e-03  2.30177e-19
2.390000000e+00  1.36734e-03  1.36734e-03  2.82938e-19
2.400000000e+00  1.35368e-03  1.35368e-03  3.34887e-19
2.410000000e+00  1.34017e-03  1.34017e-03  4.15430e-19
2.420000000e+00  1.32681e-03  1.32681e-03  5.30493e-19
2.430000000e+00  1.31359e-03  1.31359e-03  5.18397e-19
2.440000000e+00  1.30051e-03  1.30051e-03  1.08057e-18
2.450000000e+00  1.28757e-03  1.28757e-03  1.00172e-18
2.460000000e+00  1.27478e-03  1.27478e-03  8.97268e-19
2.470000000e+00  1.26212e-03  1.26212e-03  1.25212e-18
2.480000000e+00  1.24960e-03  1.24960e-03  2.16464e-18
2.490000000e+00  1.23722e-03  1.23722e-03  3.97227e-18
2.500000000e+00  1.22498e-03  1.22498e-03  4.14062e-18
2.510000000e+00  1.21286e-03  1.21286e-03  4.47750e-18
2.520000000e+00  1.20088e-03  1.20088e-03  5.84631e-18
2.530000000e+00  1.18903e-03  1.18903e-03  6.60435e-18
2.540000000e+00  1.17731e-03  1.17731e-03  1.12141e-17
2.550000000e+00  1.16572e-03  1.16572e-03  1.76570e-17
2.560000000e+00  1.15425e-03  1.15425e-03  1.41112e-17
2.570000000e+00  1.14291e-03  1.14291e-03  3.62441e-17
2.580000000e+00  1.13170e-03  1.13170e-03  5.26218e-17
2.590000000e+00  1.12060e-03  1.12060e-03  6.88373e-17
2.600000000e+00  1.10963e-03  1.10963e-03  8.35026e-17
2.610000000e+00  1.09878e-03  1.09878e-03  9.60681e-17
2.620000000e+00  1.08805e-03  1.08805e-03  1.11854e-16
2.630000000e+00  1.07744e-03  1.07744e-03  1.10517e-16
2.640000000e+00  1.06694e-03  1.06694e-03  1.10536e-16
2.650000000e+00  1.05656e-03  1.05656e-03  1.07839e-16
2.660000000e+00  1.04629e-03  1.04629e-03  1.92153e-16
2.670000000e+00  1.03614e-03  1.03614e-03  1.05108e-16
2.680000000e+00  1.02610e-03  1.02610e-03  1.37326e-17
2.690000000e+00  1.01616e-03  1.01616e-03  5.34638e-18
2.700000000e+00  1.00634e-03  1.00634e-03  8.24764e-18
2.710000000e+00  9.96623e-04  9.96623e-04  1.01866e-17
2.720000000e+00  9.87014e-04  9.87014e-04  3.01577e-17
2.730000000e+00  9.77511e-04  9.77511e-04  8.50114e-17
2.740000000e+00  9.68112e-04  9.68112e-04  1.04616e-16
2.750000000e+00  9.58816e-04  9.58816e-04  5.38926e-17
2.760000000e+00  9.49622e-04  9.49622e-04  1.77563e-17
2.770000000e+00  9.40529e-04  9.40529e-04  1.89573e-17
2.780000000e+00  9.31536e-04  9.31536e-04  1.78291e-17
2.790000000e+00  9.22641e-04  9.22641e-04  2.73171e-17
2.800000000e+00  9.13844e-04  9.13844e-04  6.01975e-17
2.810000000e+00  9.05143e-04  9.05143e-04  1.12425e-16
2.820000000e+00  8.96538e-04  8.96538e-04  1.70258e-16
2.830000000e+00  8.88027e-04  8.88027e-04  2.36262e-16
2.840000000e+00  8.79608e-04  8.79608e-04  3.93544e-16
2.850000000e+00  8.71282e-04  8.71282e-04  3.55107e-16
2.860000000e+00  8.63047e-04  8.63047e-04  5.67976e-16
2.870000000e+00  8.54902e-04  8.54902e-04  1.19982e-15
2.880000000e+00  8.46846e-04  8.46846e-04  1.64337e-15
2.890000000e+00  8.38878e-04  8.38878e-04  2.28419e-15
2.900000000e+00  8.30996e-04  8.30996e-04  2.85381e-15
2.910000000e+00  8.23201e-04  8.23201e-04  3.00182e-15
2.920000000e+00  8.15490e-04  8.15490e-04  3.09293e-15
2.930000000e+00  8.07863e-04  8.07863e-04  3.05457e-15
2.940000000e+00  8.00320e-04  8.00320e-04  3.02538e-15
2.950000000e+00  7.92858e-04  7.92858e-04  3.01595e-15
2.960000000e+00  7.85477e-04  7.85477e-04  2.93597e-15
2.970000000e+00  7.78176e-04  7.78176e-04  2.77288e-15
2.980000000e+00  7.70954e-04  7.70954e-04  2.56645e-15
2.990000000e+00  7.63811e-04  7.63811e-04  2.55262e-15
3.000000000e+00  7.56745e-04  7.56745e-04  2.75847e-15
3.010000000e+00  7.49755e-04  7.49755e-04  3.00477e-15
3.020000000e+00  7.42841e-04  7.42841e-04  2.90053e-15
3.030000000e+00  7.36001e-04  7.36001e-04  3.05169e-15
3.040000000e+00  7.29236e-04  7.29236e-04  3.20877e-15
3.050000000e+00  7.22543e-04  7.22543e-04  3.30211e-15
3.060000000e+00  7.15922e-04  7.15922e-04  3.35475e-15
3.070000000e+00  7.09372e-04  7.09372e-04  3.43412e-15
3.080000000e+00  7.02893e-04  7.02893e-04  3.51958e-15
3.090000000e+00  6.96483e-04  6.96483e-04  3.64394e-15
3.100000000e+00  6.90142e-04  6.90142e-04  3.77846e-15
3.110000000e+00  6.83869e-04  6.83869e-04  3.90085e-15
3.120000000e+00  6.77663e-04  6.77663e-04  3.98995e-15
3.130000000e+00  6.71523e-04  6.71523e-04  4.09100e-15
3.140000000e+00  6.65449e-04  6.65449e-04  4.25558e-15
3.150000000e+00  6.59440e-04  6.59440e-04  4.42344e-15
3.160000000e+00  6.53494e-04  6.53494e-04  4.51927e-15
3.170000000e+00  6.47612e-04  6.47612e-04  4.62019e-15
3.180000000e+00  6.41793e-04  6.41793e-04  4.77863e-15
3.190000000e+00  6.36035e-04  6.36035e-04  4.93903e-15
3.200000000e+00  6.30339e-04  6.30339e-04  5.05344e-15
3.210000000e+00  6.24702e-04  6.24702e-04  5.11285e-15
3.220000000e+00  6.19126e-04  6.19126e-04  5.15290e-15
3.230000000e+00  6.13608e-04  6.13608e-04  5.19382e-15
3.240000000e+00  6.08149e-04  6.08149e-04  5.21696e-15
3.250000000e+00  6.02747e-04  6.02747e-04  5.24998e-15
3.260000000e+00  5.97402e-04  5.97402e-04  5.24825e-15
3.270000000e+00  5.92114e-04  5.92114e-04  5.23743e-15
3.280000000e+00  5.86881e-04  5.86881e-04  5.19333e-15
3.290000000e+00  5.81702e-04  5.81702e-04  5.12382e-15
3.300000000e+00  5.76579e-04  5.76579e-04  5.07373e-15
3.310000000e+00  5.71508e-04  5.71508e-04  4.99714e-15
3.320000000e+00  5.66491e-04  5.66491e-04  4.86867e-15
3.330000000e+00  5.61527e-04  5.61527e-04  4.81160e-15
3.340000000e+00  5.56614e-04  5.56614e-04  4.68601e-15
3.350000000e+00  5.51752e-04  5.51752e-04  4.59054e-15
3.360000000e+00  5.46941e-04  5.46941e-04  4.51381e-15
3.370000000e+00  5.42180e-04  5.42180e-04  4.30251e-15
3.380000000e+00  5.37468e-04  5.37468e-04  4.11466e-15
3.390000000e+00  5.32805e-04  5.32805e-04  3.96088e-15
3.400000000e+00  5.28190e-04  5.28190e-04  3.87483e-15
3.410000000e+00  5.23623e-04  5.23623e-04  3.78330e-15
3.420000000e+00  5.19104e-04  5.19104e-04  3.66557e-15
3.430000000e+00  5.14631e-04  5.14631e-04  3.53109e-15
3.440000000e+00  5.10203e-04  5.10203e-04  3.37955e-15
3.450000000e+00  5.05822e-04  5.05822e-04  3.22463e-15
3.460000000e+00  5.01485e-04  5.01485e-04  3.15700e-15
3.470000000e+00  4.97193e-04  4.97193e-04  3.11075e-15
3.480000000e+00  4.92945e-04  4.92945e-04  3.05625e-15
3.490000000e+00  4.88741e-04  4.88741e-04  2.98830e-15
3.500000000e+00  4.84579e-04  4.84579e-04  2.90623e-15
3.510000000e+00  4.80460e-04  4.80460e-04  2.81125e-15
3.520000000e+00  4.76383e-04  4.76383e-04  2.72930e-15
3.530000000e+00  4.72347e-04  4.72347e-04  2.72347e-15
3.540000000e+00  4.68352e-04  4.68352e-04  2.71613e-15
3.550000000e+00  4.64398e-04  4.64398e-04  2.70659e-15
3.560000000e+00  4.60484e-04  4.60484e-04  2.70863e-15
3.570000000e+00  4.56609e-04  4.56609e-04  2.72804e-15
3.580000000e+00  4.52774e-04  4.52774e-04  2.76436e-15
3.590000000e+00  4.48977e-04  4.48977e-04  2.92092e-15
3.600000000e+00  4.45219e-04  4.45219e-04  3.43830e-15
3.610000000e+00  4.41498e-04  4.41498e-04  4.07198e-15
3.620000000e+00  4.37815e-04  4.37815e-04  4.53366e-15
3.630000000e+00  4.34169e-04  4.34169e-04  3.98448e-15
3.640000000e+00  4.30559e-04  4.30559e-04  4.24982e-15
3.650000000e+00  4.26986e-04  4.26986e-04  4.81377e-15
3.660000000e+00  4.23448e-04  4.23448e-04  4.23610e-15
3.670000000e+00  4.19945e-04  4.19945e-04  3.51513e-15
3.680000000e+00  4.16478e-04  4.16478e-04  3.29897e-15
3.690000000e+00  4.13044e-04  4.13044e-04  3.33459e-15
3.700000000e+00  4.09645e-04  4.09645e-04  3.40872e-15
3.710000000e+00  4.06280e-04  4.06280e-04  3.46866e-15
3.720000000e+00  4.02948e-04  4.02948e-04  3.64162e-15
3.730000000e+00  3.99649e-04  3.99649e-04  3.74874e-15
3.740000000e+00  3.96383e-04  3.96383e-04  3.86873e-15
3.750000000e+00  3.93148e-04  3.93148e-04  4.12352e-15
3.760000000e+00  3.89946e-04  3.89946e-04  4.79396e-15
3.770000000e+00  3.86775e-04  3.86775e-04  5.75023e-15
3.780000000e+00  3.83635e-04  3.83635e-04  6.80477e-15
3.790000000e+00  3.80526e-04  3.80526e-04  8.48405e-15
3.800000000e+00  3.77448e-04  3.77448e-04  1.25930e-14
3.810000000e+00  3.74400e-04  3.74400e-04  1.81022e-14
3.820000000e+00  3.71381e-04  3.71381e-04  1.81999e-14
3.830000000e+00  3.68392e-04  3.68392e-04  1.37990e-14
3.840000000e+00  3.65432e-04  3.65432e-04  1.73174e-14
3.850000000e+00  3.62500e-04  3.62500e-04  1.98756e-14
3.860000000e+00  3.59597e-04  3.59597e-04  1.74850e-14
3.870000000e+00  3.56723e-04  3.56723e-04  1.33062e-14
3.880000000e+00  3.53876e-04  3.53876e-04  1.04585e-14
3.890000000e+00  3.51056e-04  3.51056e-04  9.30298e-15
3.900000000e+00  3.48264e-04  3.48264e-04  8.97329e-15
3.910000000e+00  3.45499e-04  3.45499e-04  9.19804e-15
3.920000000e+00  3.42760e-04  3.42760e-04  9.75121e-15
3.930000000e+00  3.40048e-04  3.40048e-04  1.06791e-14
3.940000000e+00  3.37361e-04  3.37361e-04  1.21007e-14
3.950000000e+00  3.34701e-04  3.34701e-04  1.40155e-14
3.960000000e+00  3.32066e-04  3.32066e-04  1.76262e-14
3.970000000e+00  3.29456e-04  3.29456e-04  2.19199e-14
3.980000000e+00  3.26870e-04  3.26870e-04  2.84732e-14
3.990000000e+00  3.24310e-04  3.24310e-04  3.28999e-14
4.000000000e+00  3.21774e-04  3.21774e-04  2.88984e-14
4.010000000e+00  3.19262e-04  3.19262e-04  2.75671e-14
4.020000000e+00  3.16773e-04  3.16773e-04  3.53534e-14
4.030000000e+00  3.14309e-04  3.14309e-04  3.63765e-14
4.040000000e+00  3.11867e-04  3.11867e-04  3.32968e-14
4.050000000e+00  3.09449e-04  3.09449e-04  2.89317e-14
4.060000000e+00  3.07053e-04  3.07053e-04  2.51925e-14
4.070000000e+00  3.04680e-04  3.04680e-04  2.49132e-14
4.080000000e+00  3.02329e-04  3.02329e-04  2.93065e-14
4.090000000e+00  3.00000e-04  3.00000e-04  3.58406e-14
4.100000000e+00  2.97693e-04  2.97693e-04  4.12014e-14
4.110000000e+00  2.95408e-04  2.95408e-04  4.15753e-14
4.120000000e+00  2.93144e-04  2.93144e-04  3.95556e-14
4.130000000e+00  2.90901e-04  2.90901e-04  4.08733e-14
4.140000000e+00  2.88679e-04  2.88679e-04  4.68722e-14
4.150000000e+00  2.86478e-04  2.86478e-04  4.70768e-14
4.160000000e+00  2.84297e-04  2.84297e-04  8.21775e-14
4.170000000e+00  2.82136e-04  2.82136e-04  1.60880e-13
4.180000000e+00  2.79995e-04  2.79995e-04  1.40288e-13
4.190000000e+00  2.77874e-04  2.77874e-04  8.61892e-14
4.200000000e+00  2.75773e-04  2.75773e-04  4.90528e-14
4.210000000e+00  2.73691e-04  2.73691e-04  2.60141e-14
4.220000000e+00  2.71628e-04  2.71628e-04  1.75943e-14
4.230000000e+00  2.69584e-04  2.69584e-04  1.72224e-14
4.240000000e+00  2.67559e-04  2.67559e-04  1.78202e-14
4.250000000e+00  2.65552e-04  2.65552e-04  1.84269e-14
4.260000000e+00  2.63564e-04  2.63564e-04  1.90324e-14
4.270000000e+00  2.61594e-04  2.61594e-04  1.96704e-14
4.280000000e+00  2.59642e-04  2.59642e-04  2.03332e-14
4.290000000e+00  2.57707e-04  2.57707e-04  2.10041e-14
4.300000000e+00  2.55790e-04  2.55790e-04  2.16830e-14
4.310000000e+00  2.53891e-04  2.53891e-04  2.24321e-14
4.320000000e+00  2.52009e-04  2.52009e-04  2.35779e-14
4.330000000e+00  2.50144e-04  2.50144e-04  2.63205e-14
4.340000000e+00  2.48295e-04  2.48295e-04  3.06077e-14
4.350000000e+00  2.46463e-04  2.46463e-04  3.49974e-14
4.360000000e+00  2.44648e-04  2.44648e-04  3.62374e-14
4.370000000e+00  2.42849e-04  2.42849e-04  3.86987e-14
4.380000000e+00  2.41067e-04  2.41067e-04  4.59849e-14
4.390000000e+00  2.39300e-04  2.39300e-04  5.68641e-14
4.400000000e+00  2.37549e-04  2.37549e-04  4.98188e-14
4.410000000e+00  2.35814e-04  2.35814e-04  5.17314e-14
4.420000000e+00  2.34094e-04  2.34094e-04  5.85145e-14
4.430000000e+00  2.32390e-04  2.32390e-04  7.00912e-14
4.440000000e+00  2.30700e-04  2.30700e-04  8.64306e-14
4.450000000e+00  2.29026e-04  2.29026e-04  1.14037e-13
4.460000000e+00  2.27367e-04  2.27367e-04  1.57956e-13
4.470000000e+00  2.25722e-04  2.25722e-04  1.97754e-13
4.480000000e+00  2.24092e-04  2.24092e-04  2.73813e-13
4.490000000e+00  2.22476e-04  2.22476e-04  3.32325e-13
4.500000000e+00  2.20874e-04  2.20874e-04  3.71737e-13
4.510000000e+00  2.19287e-04  2.19287e-04  3.95242e-13
4.520000000e+00  2.17714e-04  2.17714e-04  3.78883e-13
4.530000000e+00  2.16154e-04  2.16154e-04  3.29180e-13
4.540000000e+00  2.14608e-04  2.14608e-04  2.86990e-13
4.550000000e+00  2.13075e-04  2.13075e-04  2.50124e-13
4.560000000e+00  2.11556e-04  2.11556e-04  2.36983e-13
4.570000000e+00  2.10051e-04  2.10051e-04  2.24241e-13
4.580000000e+00  2.08558e-04  2.08558e-04  2.19283e-13
4.590000000e+00  2.07078e-04  2.07078e-04  2.16615e-13
4.600000000e+00  2.05611e-04  2.05611e-04  2.15317e-13
4.610000000e+00  2.04157e-04  2.04157e-04  2.15874e-13
4.620000000e+00  2.02716e-04  2.02716e-04  2.36010e-13
4.630000000e+00  2.01287e-04  2.01287e-04  2.46403e-13
4.640000000e+00  1.99870e-04  1.99870e-04  2.43442e-13
4.650000000e+00  1.98466e-04  1.98466e-04  2.43964e-13
4.660000000e+00  1.97073e-04  1.97073e-04  2.40338e-13
4.670000000e+00  1.95693e-04  1.95693e-04  2.38767e-13
4.680000000e+00  1.94324e-04  1.94324e-04  2.73315e-13
4.690000000e+00  1.92967e-04  1.92967e-04  2.94135e-13
4.700000000e+00  1.91622e-04  1.91622e-04  3.34803e-13
4.710000000e+00  1.90288e-04  1.90288e-04  4.38620e-13
4.720000000e+00  1.88966e-04  1.88966e-04  4.17234e-13
4.730000000e+00  1.87655e-04  1.87655e-04  4.92078e-13
4.740000000e+00  1.86355e-04  1.86355e-04  5.38229e-13
4.750000000e+00  1.85066e-04  1.85066e-04  5.63836e-13
4.760000000e+00  1.83788e-04  1.83788e-04  5.77810e-13
4.770000000e+00  1.82521e-04  1.82521e-04  5.86356e-13
4.780000000e+00  1.81265e-04  1.81265e-04  6.04861e-13
4.790000000e+00  1.80019e-04  1.80019e-04  6.61379e-13
4.800000000e+00  1.78783e-04  1.78783e-04  7.08042e-13
4.810000000e+00  1.77559e-04  1.77559e-04  7.33065e-13
4.820000000e+00  1.76344e-04  1.76344e-04  5.48034e-13
4.830000000e+00  1.75140e-04  1.75140e-04  6.77756e-13
4.840000000e+00  1.73945e-04  1.73945e-04  7.28491e-13
4.850000000e+00  1.72761e-04  1.72761e-04  7.47456e-13
4.860000000e+00  1.71587e-04  1.71587e-04  7.26059e-13
4.870000000e+00  1.70422e-04  1.70422e-04  7.72113e-13
4.880000000e+00  1.69267e-04  1.69267e-04  8.36163e-13
4.890000000e+00  1.68122e-04  1.68122e-04  8.08713e-13
4.900000000e+00  1.66986e-04  1.66986e-04  8.80883e-13
4.910000000e+00  1.65860e-04  1.65860e-04  8.77150e-13
4.920000000e+00  1.64743e-04  1.64743e-04  7.76696e-13
4.930000000e+00  1.63635e-04  1.63635e-04  7.35415e-13
4.940000000e+00  1.62536e-04  1.62536e-04  7.02549e-13
4.950000000e+00  1.61447e-04  1.61447e-04  7.16820e-13
4.960000000e+00  1.60366e-04  1.60366e-04  6.53473e-13
4.970000000e+00  1.59294e-04  1.59294e-04  5.94943e-13
4.980000000e+00  1.58232e-04  1.58232e-04  5.52967e-13
4.990000000e+00  1.57177e-04  1.57177e-04  4.69832e-13
5.000000000e+00  1.56132e-04  1.56132e-04  5.45314e-13
