results_atm.txt
# ------------------------------------------------------------------------
# Atmospheric radiances synthesized with PUMAS (Villanueva et al. 2016, Smith et al. 2009, Edwards 1992)
# Molecular abundance profile: 
# Molecules considered: N2,CO2,H2O
# Molecular sources: HIT[22],HIT[2],HIT[1]
# Molecular abundances: 1,1,1
# Molecular abundance units: scl,scl,scl
# Collission-Induced-Absorption:  N2-N2(3.71-5.00um)
# Rayleigh scattering included
# ------------------------------------------------------------------------
# Wave/freq TRAPPIST-1-e
1.000000000e+00  1.03114e-35
1.010000000e+00  2.59779e-35
1.020000000e+00  4.06837e-35
1.030000000e+00  6.55393e-35
1.040000000e+00  7.31580e-33
1.050000000e+00  4.76885e-34
1.060000000e+00  1.96205e-33
1.070000000e+00  9.28339e-33
1.080000000e+00  1.97914e-33
1.090000000e+00  2.37824e-33
1.100000000e+00  8.02673e-33
1.110000000e+00  2.81443e-32
1.120000000e+00  4.63904e-31
1.130000000e+00  1.11362e-30
1.140000000e+00  6.63942e-31
1.150000000e+00  1.72658e-30
1.160000000e+00  6.87974e-31
1.170000000e+00  2.37912e-31
1.180000000e+00  4.54717e-31
1.190000000e+00  9.00546e-31
1.200000000e+00  1.07032e-30
1.210000000e+00  1.08121e-28
1.220000000e+00  8.12982e-29
1.230000000e+00  8.07418e-29
1.240000000e+00  2.95937e-29
1.250000000e+00  5.17701e-30
1.260000000e+00  2.01055e-29
1.270000000e+00  2.76482e-29
1.280000000e+00  9.11552e-30
1.290000000e+00  1.03164e-28
1.300000000e+00  2.85025e-28
1.310000000e+00  5.44178e-29
1.320000000e+00  2.47501e-27
1.330000000e+00  2.37581e-28
1.340000000e+00  3.06039e-27
1.350000000e+00  2.93737e-27
1.360000000e+00  1.17286e-26
1.370000000e+00  1.82773e-26
1.380000000e+00  2.14634e-26
1.390000000e+00  2.42842e-26
1.400000000e+00  3.00442e-26
1.410000000e+00  4.65240e-26
1.420000000e+00  1.59162e-26
1.430000000e+00  3.61582e-26
1.440000000e+00  5.25292e-25
1.450000000e+00  3.27473e-25
1.460000000e+00  6.04018e-26
1.470000000e+00  1.00309e-25
1.480000000e+00  3.44867e-25
1.490000000e+00  2.02766e-25
1.500000000e+00  4.67937e-25
1.510000000e+00  1.91467e-25
1.520000000e+00  2.21623e-25
1.530000000e+00  1.15989e-24
1.540000000e+00  2.75590e-24
1.550000000e+00  9.16987e-25
1.560000000e+00  5.33145e-25
1.570000000e+00  4.45500e-24
1.580000000e+00  1.65105e-23
1.590000000e+00  3.89838e-24
1.600000000e+00  9.12332e-24
1.610000000e+00  3.23549e-23
1.620000000e+00  1.76292e-23
1.630000000e+00  7.60304e-24
1.640000000e+00  1.57736e-23
1.650000000e+00  2.54728e-23
1.660000000e+00  1.48138e-23
1.670000000e+00  1.29138e-23
1.680000000e+00  9.76081e-24
1.690000000e+00  5.08111e-24
1.700000000e+00  3.99814e-24
1.710000000e+00  9.62730e-24
1.720000000e+00  6.74626e-24
1.730000000e+00  5.60382e-24
1.740000000e+00  6.32007e-24
1.750000000e+00  8.40574e-24
1.760000000e+00  1.31056e-23
1.770000000e+00  1.57444e-23
1.780000000e+00  1.65012e-23
1.790000000e+00  2.41655e-23
1.800000000e+00  3.40522e-23
1.810000000e+00  6.97550e-23
1.820000000e+00  2.09847e-22
1.830000000e+00  3.55109e-22
1.840000000e+00  7.32147e-22
1.850000000e+00  7.71434e-22
1.860000000e+00  1.09417e-21
1.870000000e+00  9.78883e-22
1.880000000e+00  2.98564e-21
1.890000000e+00  3.00403e-21
1.900000000e+00  1.66640e-21
1.910000000e+00  2.61052e-21
1.920000000e+00  1.95308e-21
1.930000000e+00  2.20946e-21
1.940000000e+00  3.96430e-21
1.950000000e+00  2.59689e-20
1.960000000e+00  2.46821e-20
1.970000000e+00  3.32821e-20
1.980000000e+00  3.87706e-20
1.990000000e+00  2.56443e-20
2.000000000e+00  5.11969e-20
2.010000000e+00  2.68083e-20
2.020000000e+00  4.74683e-20
2.030000000e+00  9.86680e-20
2.040000000e+00  1.03081e-19
2.050000000e+00  1.25039e-19
2.060000000e+00  1.25487e-19
2.070000000e+00  1.63643e-19
2.080000000e+00  1.92259e-19
2.090000000e+00  1.92128e-19
2.100000000e+00  1.57309e-19
2.110000000e+00  1.01458e-19
2.120000000e+00  8.97304e-20
2.130000000e+00  3.44439e-20
2.140000000e+00  2.45696e-20
2.150000000e+00  9.87705e-20
2.160000000e+00  1.05358e-19
2.170000000e+00  1.28256e-19
2.180000000e+00  6.83792e-20
2.190000000e+00  2.94083e-20
2.200000000e+00  1.89927e-20
2.210000000e+00  1.49690e-20
2.220000000e+00  2.23646e-20
2.230000000e+00  2.27802e-20
2.240000000e+00  1.54768e-20
2.250000000e+00  1.87535e-20
2.260000000e+00  3.53726e-20
2.270000000e+00  2.46135e-20
2.280000000e+00  3.33471e-20
2.290000000e+00  3.13495e-20
2.300000000e+00  3.80058e-20
2.310000000e+00  4.54753e-20
2.320000000e+00  5.52617e-20
2.330000000e+00  6.80221e-20
2.340000000e+00  8.31114e-20
2.350000000e+00  1.01172e-19
2.360000000e+00  1.23999e-19
2.370000000e+00  1.44458e-19
2.380000000e+00  1.80346e-19
2.390000000e+00  2.21083e-19
2.400000000e+00  2.63152e-19
2.410000000e+00  3.21627e-19
2.420000000e+00  3.96028e-19
2.430000000e+00  3.98601e-19
2.440000000e+00  7.70780e-19
2.450000000e+00  7.26337e-19
2.460000000e+00  6.78335e-19
2.470000000e+00  9.19518e-19
2.480000000e+00  1.56476e-18
2.490000000e+00  2.95667e-18
2.500000000e+00  3.02505e-18
2.510000000e+00  3.26140e-18
2.520000000e+00  4.23172e-18
2.530000000e+00  4.55721e-18
2.540000000e+00  7.63999e-18
2.550000000e+00  1.20087e-17
2.560000000e+00  9.79902e-18
2.570000000e+00  2.56584e-17
2.580000000e+00  3.75191e-17
2.590000000e+00  4.98214e-17
2.600000000e+00  6.23550e-17
2.610000000e+00  7.02492e-17
2.620000000e+00  8.19069e-17
2.630000000e+00  7.99353e-17
2.640000000e+00  8.18757e-17
2.650000000e+00  7.77553e-17
2.660000000e+00  1.46716e-16
2.670000000e+00  1.06561e-16
2.680000000e+00  1.45015e-17
2.690000000e+00  5.72637e-18
2.700000000e+00  8.83368e-18
2.710000000e+00  1.08865e-17
2.720000000e+00  3.15669e-17
2.730000000e+00  8.79292e-17
2.740000000e+00  1.07953e-16
2.750000000e+00  5.61138e-17
2.760000000e+00  1.88982e-17
2.770000000e+00  2.01632e-17
2.780000000e+00  1.90219e-17
2.790000000e+00  2.88769e-17
2.800000000e+00  6.27199e-17
2.810000000e+00  1.16337e-16
2.820000000e+00  1.75323e-16
2.830000000e+00  2.42384e-16
2.840000000e+00  3.97840e-16
2.850000000e+00  3.62041e-16
2.860000000e+00  5.65374e-16
2.870000000e+00  1.12956e-15
2.880000000e+00  1.48714e-15
2.890000000e+00  1.99067e-15
2.900000000e+00  2.41950e-15
2.910000000e+00  2.52069e-15
2.920000000e+00  2.58524e-15
2.930000000e+00  2.55360e-15
2.940000000e+00  2.53092e-15
2.950000000e+00  2.52326e-15
2.960000000e+00  2.46639e-15
2.970000000e+00  2.35695e-15
2.980000000e+00  2.21851e-15
2.990000000e+00  2.22019e-15
3.000000000e+00  2.37161e-15
3.010000000e+00  2.56708e-15
3.020000000e+00  2.50847e-15
3.030000000e+00  2.63016e-15
3.040000000e+00  2.75455e-15
3.050000000e+00  2.83578e-15
3.060000000e+00  2.89003e-15
3.070000000e+00  2.96297e-15
3.080000000e+00  3.04353e-15
3.090000000e+00  3.15717e-15
3.100000000e+00  3.27932e-15
3.110000000e+00  3.39496e-15
3.120000000e+00  3.49061e-15
3.130000000e+00  3.59598e-15
3.140000000e+00  3.74060e-15
3.150000000e+00  3.88397e-15
3.160000000e+00  3.98229e-15
3.170000000e+00  4.08648e-15
3.180000000e+00  4.22659e-15
3.190000000e+00  4.36758e-15
3.200000000e+00  4.47363e-15
3.210000000e+00  4.53350e-15
3.220000000e+00  4.57768e-15
3.230000000e+00  4.62376e-15
3.240000000e+00  4.65192e-15
3.250000000e+00  4.68952e-15
3.260000000e+00  4.69778e-15
3.270000000e+00  4.69471e-15
3.280000000e+00  4.66159e-15
3.290000000e+00  4.60728e-15
3.300000000e+00  4.56743e-15
3.310000000e+00  4.50458e-15
3.320000000e+00  4.39775e-15
3.330000000e+00  4.34751e-15
3.340000000e+00  4.24271e-15
3.350000000e+00  4.15908e-15
3.360000000e+00  4.10059e-15
3.370000000e+00  3.90572e-15
3.380000000e+00  3.73952e-15
3.390000000e+00  3.60165e-15
3.400000000e+00  3.52466e-15
3.410000000e+00  3.44114e-15
3.420000000e+00  3.33569e-15
3.430000000e+00  3.21437e-15
3.440000000e+00  3.07704e-15
3.450000000e+00  2.93646e-15
3.460000000e+00  2.87439e-15
3.470000000e+00  2.83200e-15
3.480000000e+00  2.78170e-15
3.490000000e+00  2.71938e-15
3.500000000e+00  2.64414e-15
3.510000000e+00  2.55714e-15
3.520000000e+00  2.48188e-15
3.530000000e+00  2.47555e-15
3.540000000e+00  2.46779e-15
3.550000000e+00  2.45785e-15
3.560000000e+00  2.45748e-15
3.570000000e+00  2.47397e-15
3.580000000e+00  2.50584e-15
3.590000000e+00  2.64869e-15
3.600000000e+00  3.11973e-15
3.610000000e+00  3.70141e-15
3.620000000e+00  4.12139e-15
3.630000000e+00  3.62157e-15
3.640000000e+00  3.86266e-15
3.650000000e+00  4.37270e-15
3.660000000e+00  3.83499e-15
3.670000000e+00  3.17418e-15
3.680000000e+00  2.97342e-15
3.690000000e+00  3.01221e-15
3.700000000e+00  3.07994e-15
3.710000000e+00  3.13353e-15
3.720000000e+00  3.28635e-15
3.730000000e+00  3.38296e-15
3.740000000e+00  3.48707e-15
3.750000000e+00  3.71510e-15
3.760000000e+00  4.31740e-15
3.770000000e+00  5.17892e-15
3.780000000e+00  6.11414e-15
3.790000000e+00  7.60033e-15
3.800000000e+00  1.12896e-14
3.810000000e+00  1.63606e-14
3.820000000e+00  1.64529e-14
3.830000000e+00  1.24343e-14
3.840000000e+00  1.56217e-14
3.850000000e+00  1.78889e-14
3.860000000e+00  1.56582e-14
3.870000000e+00  1.18809e-14
3.880000000e+00  9.33128e-15
3.890000000e+00  8.33164e-15
3.900000000e+00  8.05530e-15
3.910000000e+00  8.26104e-15
3.920000000e+00  8.75650e-15
3.930000000e+00  9.58320e-15
3.940000000e+00  1.08504e-14
3.950000000e+00  1.25452e-14
3.960000000e+00  1.57421e-14
3.970000000e+00  1.95405e-14
3.980000000e+00  2.54646e-14
3.990000000e+00  2.94832e-14
4.000000000e+00  2.58905e-14
4.010000000e+00  2.46740e-14
4.020000000e+00  3.16447e-14
4.030000000e+00  3.24584e-14
4.040000000e+00  2.95829e-14
4.050000000e+00  2.56511e-14
4.060000000e+00  2.23154e-14
4.070000000e+00  2.20676e-14
4.080000000e+00  2.57449e-14
4.090000000e+00  3.12581e-14
4.100000000e+00  3.58831e-14
4.110000000e+00  3.62301e-14
4.120000000e+00  3.46368e-14
4.130000000e+00  3.58154e-14
4.140000000e+00  4.09563e-14
4.150000000e+00  4.09625e-14
4.160000000e+00  6.88908e-14
4.170000000e+00  1.53775e-13
4.180000000e+00  1.43983e-13
4.190000000e+00  8.92958e-14
4.200000000e+00  5.11750e-14
4.210000000e+00  2.71994e-14
4.220000000e+00  1.77232e-14
4.230000000e+00  1.70505e-14
4.240000000e+00  1.76311e-14
4.250000000e+00  1.82315e-14
4.260000000e+00  1.88345e-14
4.270000000e+00  1.94746e-14
4.280000000e+00  2.01194e-14
4.290000000e+00  2.07843e-14
4.300000000e+00  2.14611e-14
4.310000000e+00  2.22434e-14
4.320000000e+00  2.35432e-14
4.330000000e+00  2.66982e-14
4.340000000e+00  3.14307e-14
4.350000000e+00  3.61868e-14
4.360000000e+00  3.75095e-14
4.370000000e+00  4.01685e-14
4.380000000e+00  4.78345e-14
4.390000000e+00  5.91432e-14
4.400000000e+00  5.19132e-14
4.410000000e+00  5.39376e-14
4.420000000e+00  6.09867e-14
4.430000000e+00  7.29770e-14
4.440000000e+00  8.97643e-14
4.450000000e+00  1.18095e-13
4.460000000e+00  1.63051e-13
4.470000000e+00  2.03639e-13
4.480000000e+00  2.80173e-13
4.490000000e+00  3.36660e-13
4.500000000e+00  3.66157e-13
4.510000000e+00  3.72737e-13
4.520000000e+00  3.44546e-13
4.530000000e+00  2.91805e-13
4.540000000e+00  2.52569e-13
4.550000000e+00  2.21216e-13
4.560000000e+00  2.11021e-13
4.570000000e+00  2.00808e-13
4.580000000e+00  1.97157e-13
4.590000000e+00  1.95284e-13
4.600000000e+00  1.94520e-13
4.610000000e+00  1.95036e-13
4.620000000e+00  2.12293e-13
4.630000000e+00  2.20718e-13
4.640000000e+00  2.17970e-13
4.650000000e+00  2.18327e-13
4.660000000e+00  2.14685e-13
4.670000000e+00  2.13527e-13
4.680000000e+00  2.43167e-13
4.690000000e+00  2.61392e-13
4.700000000e+00  2.94034e-13
4.710000000e+00  4.02927e-13
4.720000000e+00  3.70305e-13
4.730000000e+00  4.39878e-13
4.740000000e+00  4.84639e-13
4.750000000e+00  5.11319e-13
4.760000000e+00  5.25740e-13
4.770000000e+00  5.29639e-13
4.780000000e+00  5.58011e-13
4.790000000e+00  6.18870e-13
4.800000000e+00  6.74951e-13
4.810000000e+00  7.20716e-13
4.820000000e+00  5.53963e-13
4.830000000e+00  6.83646e-13
4.840000000e+00  7.35098e-13
4.850000000e+00  7.55809e-13
4.860000000e+00  7.35718e-13
4.870000000e+00  7.79248e-13
4.880000000e+00  8.34013e-13
4.890000000e+00  7.96889e-13
4.900000000e+00  8.40542e-13
4.910000000e+00  8.12129e-13
4.920000000e+00  7.30874e-13
4.930000000e+00  6.64381e-13
4.940000000e+00  6.29716e-13
4.950000000e+00  6.45869e-13
4.960000000e+00  5.84165e-13
4.970000000e+00  5.29297e-13
4.980000000e+00  4.92925e-13
4.990000000e+00  4.16566e-13
5.000000000e+00  4.85799e-13
results_cfg.txt
<OBJECT-SUMMARY>Target: TRAPPIST-1 e for date (2017/05/25 15:22 UT); geometry: Observatory.
<OBJECT>Exoplanet
<OBJECT-NAME>TRAPPIST-1 e
<OBJECT-DATE>2017/05/25 15:22
<OBJECT-DIAMETER>11697
<OBJECT-GRAVITY>3.703632e+24
<OBJECT-GRAVITY-UNIT>kg
<OBJECT-STAR-DISTANCE>0.028170
<OBJECT-STAR-VELOCITY>0
<OBJECT-SOLAR-LONGITUDE>0
<OBJECT-SOLAR-LATITUDE>0
<OBJECT-SEASON>185
<OBJECT-SEASON-YEAR>2016
<OBJECT-STAR-TYPE>M
<OBJECT-STAR-TEMPERATURE>2559.0
<OBJECT-STAR-RADIUS>0.12
<OBJECT-OBS-LONGITUDE>0.0
<OBJECT-OBS-LATITUDE>89.860
<GEOMETRY>Observatory
<GEOMETRY-OFFSET-UNIT>arcsec
<GEOMETRY-OBS-ALTITUDE>12.10
<GEOMETRY-ALTITUDE-UNIT>pc
<GEOMETRY-OBS-ANGLE>48.121
<GEOMETRY-SOLAR-ANGLE>185.002
<GEOMETRY-PLANET-FRACTION>9.985186e-01
<GEOMETRY-STAR-DISTANCE>0.000000e+00
<GEOMETRY-STAR-FRACTION>0.000000e+00
<GEOMETRY-SOLAR-ANGLE>185.002
<GEOMETRY-PHASE>185.002
<ATMOSPHERE-STRUCTURE>Equilibrium
<ATMOSPHERE-WEIGHT>34.1572021896
<ATMOSPHERE-PRESSURE>1.4061363525
<ATMOSPHERE-PUNIT>bar
<ATMOSPHERE-NGAS>3
<ATMOSPHERE-GAS>N2,CO2,H2O
<ATMOSPHERE-TYPE>HIT[22],HIT[2],HIT[1]
<ATMOSPHERE-ABUN>1,1,1
<ATMOSPHERE-UNIT>scl,scl,scl
<ATMOSPHERE-NAERO>2
<ATMOSPHERE-AEROS>WaterIce,Cloud
<ATMOSPHERE-ATYPE>CRISM_Wolff[reff=2.0um 0.31-99.57um],White_GSFC[reff=1.0um 0.10-1000000.00um]
<ATMOSPHERE-AABUN>1,1
<ATMOSPHERE-AUNIT>scl,scl
<ATMOSPHERE-NMAX>0
<ATMOSPHERE-LMAX>0
<ATMOSPHERE-ASIZE>154.805287048,14.0
<ATMOSPHERE-LAYERS-MOLECULES>Altitude,N2,CO2,H2O,WaterIce,Cloud
<ATMOSPHERE-LAYERS>47
<ATMOSPHERE-LAYER-1>1.396E+00,2.851E+02,6.232E-02,7.439E-01,2.976E-01,9.548E-03,4.205E-10,1.404E-04
<ATMOSPHERE-LAYER-2>1.364E+00,2.868E+02,2.532E-01,7.439E-01,2.976E-01,9.533E-03,4.932E-15,5.236E-05
<ATMOSPHERE-LAYER-3>1.305E+00,2.895E+02,6.262E-01,7.440E-01,2.976E-01,9.363E-03,2.327E-26,2.860E-05
<ATMOSPHERE-LAYER-4>1.215E+00,2.899E+02,1.232E+00,7.442E-01,2.977E-01,9.024E-03,2.330E-12,2.231E-05
<ATMOSPHERE-LAYER-5>1.101E+00,2.879E+02,2.069E+00,7.449E-01,2.980E-01,7.678E-03,1.259E-08,2.267E-05
<ATMOSPHERE-LAYER-6>9.696E-01,2.836E+02,3.128E+00,7.460E-01,2.984E-01,5.936E-03,1.339E-07,2.638E-05
<ATMOSPHERE-LAYER-7>8.309E-01,2.771E+02,4.394E+00,7.468E-01,2.987E-01,4.467E-03,6.828E-07,3.450E-05
<ATMOSPHERE-LAYER-8>7.011E-01,2.696E+02,5.753E+00,7.476E-01,2.991E-01,3.115E-03,1.789E-06,3.982E-05
<ATMOSPHERE-LAYER-9>5.907E-01,2.622E+02,7.087E+00,7.483E-01,2.993E-01,1.968E-03,4.837E-06,3.770E-05
<ATMOSPHERE-LAYER-10>4.969E-01,2.554E+02,8.397E+00,7.488E-01,2.995E-01,1.102E-03,8.087E-06,2.300E-05
<ATMOSPHERE-LAYER-11>4.172E-01,2.489E+02,9.688E+00,7.490E-01,2.996E-01,6.372E-04,7.839E-06,1.166E-05
<ATMOSPHERE-LAYER-12>3.494E-01,2.426E+02,1.096E+01,7.492E-01,2.997E-01,3.672E-04,5.258E-06,3.863E-06
<ATMOSPHERE-LAYER-13>2.918E-01,2.362E+02,1.223E+01,7.493E-01,2.997E-01,2.090E-04,3.365E-06,8.094E-07
<ATMOSPHERE-LAYER-14>2.429E-01,2.295E+02,1.348E+01,7.493E-01,2.997E-01,1.176E-04,1.764E-06,4.826E-09
<ATMOSPHERE-LAYER-15>2.012E-01,2.226E+02,1.472E+01,7.494E-01,2.998E-01,6.272E-05,1.765E-06,0.000E+00
<ATMOSPHERE-LAYER-16>1.659E-01,2.159E+02,1.596E+01,7.494E-01,2.998E-01,3.161E-05,1.633E-06,0.000E+00
<ATMOSPHERE-LAYER-17>1.358E-01,2.102E+02,1.721E+01,7.494E-01,2.998E-01,1.710E-05,1.279E-06,0.000E+00
<ATMOSPHERE-LAYER-18>1.102E-01,2.067E+02,1.848E+01,7.494E-01,2.998E-01,1.201E-05,9.670E-07,0.000E+00
<ATMOSPHERE-LAYER-19>8.871E-02,2.059E+02,1.979E+01,7.494E-01,2.998E-01,1.102E-05,2.420E-07,0.000E+00
<ATMOSPHERE-LAYER-20>7.287E-02,2.064E+02,2.098E+01,7.494E-01,2.998E-01,1.083E-05,2.228E-08,0.000E+00
<ATMOSPHERE-LAYER-21>6.152E-02,2.067E+02,2.200E+01,7.494E-01,2.998E-01,1.070E-05,1.504E-08,0.000E+00
<ATMOSPHERE-LAYER-22>5.168E-02,2.065E+02,2.306E+01,7.494E-01,2.998E-01,1.055E-05,1.514E-08,0.000E+00
<ATMOSPHERE-LAYER-23>4.319E-02,2.058E+02,2.414E+01,7.494E-01,2.998E-01,1.041E-05,1.773E-08,0.000E+00
<ATMOSPHERE-LAYER-24>3.592E-02,2.045E+02,2.524E+01,7.494E-01,2.998E-01,1.031E-05,1.980E-08,0.000E+00
<ATMOSPHERE-LAYER-25>2.973E-02,2.029E+02,2.637E+01,7.494E-01,2.998E-01,1.036E-05,2.499E-08,0.000E+00
<ATMOSPHERE-LAYER-26>2.448E-02,2.010E+02,2.752E+01,7.494E-01,2.998E-01,1.060E-05,5.443E-08,0.000E+00
<ATMOSPHERE-LAYER-27>2.006E-02,1.988E+02,2.869E+01,7.494E-01,2.998E-01,1.074E-05,1.180E-07,0.000E+00
<ATMOSPHERE-LAYER-28>1.635E-02,1.965E+02,2.987E+01,7.494E-01,2.998E-01,1.057E-05,1.672E-07,0.000E+00
<ATMOSPHERE-LAYER-29>1.326E-02,1.944E+02,3.106E+01,7.494E-01,2.998E-01,1.017E-05,1.952E-07,0.000E+00
<ATMOSPHERE-LAYER-30>1.071E-02,1.926E+02,3.228E+01,7.494E-01,2.998E-01,9.770E-06,2.089E-07,0.000E+00
<ATMOSPHERE-LAYER-31>8.600E-03,1.913E+02,3.351E+01,7.494E-01,2.998E-01,9.486E-06,2.034E-07,0.000E+00
<ATMOSPHERE-LAYER-32>6.873E-03,1.901E+02,3.476E+01,7.494E-01,2.998E-01,9.247E-06,2.095E-07,0.000E+00
<ATMOSPHERE-LAYER-33>5.465E-03,1.888E+02,3.603E+01,7.494E-01,2.998E-01,8.981E-06,2.498E-07,0.000E+00
<ATMOSPHERE-LAYER-34>4.325E-03,1.871E+02,3.732E+01,7.494E-01,2.998E-01,8.647E-06,3.443E-07,0.000E+00
<ATMOSPHERE-LAYER-35>3.405E-03,1.850E+02,3.862E+01,7.494E-01,2.998E-01,8.200E-06,5.053E-07,0.000E+00
<ATMOSPHERE-LAYER-36>2.667E-03,1.827E+02,3.993E+01,7.494E-01,2.998E-01,7.723E-06,6.975E-07,0.000E+00
<ATMOSPHERE-LAYER-37>2.079E-03,1.805E+02,4.126E+01,7.494E-01,2.998E-01,7.418E-06,8.174E-07,0.000E+00
<ATMOSPHERE-LAYER-38>1.613E-03,1.788E+02,4.259E+01,7.494E-01,2.998E-01,7.348E-06,7.041E-07,0.000E+00
<ATMOSPHERE-LAYER-39>1.245E-03,1.777E+02,4.394E+01,7.494E-01,2.998E-01,7.518E-06,4.421E-07,0.000E+00
<ATMOSPHERE-LAYER-40>9.559E-04,1.773E+02,4.532E+01,7.494E-01,2.998E-01,7.755E-06,3.788E-07,0.000E+00
<ATMOSPHERE-LAYER-41>3.776E-04,1.773E+02,5.983E+01,7.494E-01,2.998E-01,7.755E-06,3.788E-07,0.000E+00
<ATMOSPHERE-LAYER-42>2.615E-04,1.773E+02,6.557E+01,7.494E-01,2.998E-01,7.755E-06,3.788E-07,0.000E+00
<ATMOSPHERE-LAYER-43>1.566E-04,1.773E+02,7.358E+01,7.494E-01,2.998E-01,7.755E-06,3.788E-07,0.000E+00
<ATMOSPHERE-LAYER-44>7.656E-05,1.773E+02,8.476E+01,7.494E-01,2.998E-01,7.755E-06,3.788E-07,0.000E+00
<ATMOSPHERE-LAYER-45>2.820E-05,1.773E+02,1.004E+02,7.494E-01,2.998E-01,7.755E-06,3.788E-07,0.000E+00
<ATMOSPHERE-LAYER-46>6.996E-06,1.773E+02,1.221E+02,7.494E-01,2.998E-01,7.755E-06,3.788E-07,0.000E+00
<ATMOSPHERE-LAYER-47>1.000E-06,1.773E+02,1.525E+02,7.494E-01,2.998E-01,7.755E-06,3.788E-07,0.000E+00
<SURFACE-TEMPERATURE>283.5602722
<SURFACE-ALBEDO>0.1459557
<SURFACE-EMISSIVITY>0.8540443
results_lyr.txt
# ----------------------------------------------------------------------------------------------
# NASA-GSFC Planetary Spectrum Generator (PSG, Villanueva et al. 2015)
# Atmospheric layering information considered by PUMAS
# Synthesized on Tue Nov 21 15:11:50 2017
# Radiative transfer method: correlated-k
# Synthesis spectral resolution [cm-1] and resolving power: 8.913678 5.010e+02
# Scattering parameters (nmax, lmax): 0 0
# ----------------------------------------------------------------------------------------------
# Molecular abundance profile: 
# Molecules considered: N2,CO2,H2O
# Molecular sources: HIT[22],HIT[2],HIT[1]
# Molecular abundances: 1,1,1
# Molecular abundance units: scl,scl,scl
# Collission-Induced-Absorption:  N2-N2(3.71-5.00um)
# Rayleigh scattering included
# ----------------------------------------------------------------------------------------------
# Aerosols considered: WaterIce,Cloud
# Aerosols sources: CRISM_Wolff[reff=2.0um 0.31-99.57um],White_GSFC[reff=1.0um 0.10-1000000.00um]
# Aerosols abundances: 1,1
# Aerosols abundance units: scl,scl
# Aerosols sizes [um]: 154.805287048,14.0
# ----------------------------------------------------------------------------------------------
# Input layer-by-layer atmospheric profile
# Molecular abundances in molec/molec and aerosols in kg/kg
# ----------------------------------------------------------------------------------------------
# Alt[km] Pressure[bar] Temp[K]         N2        CO2        H2O   WaterIce      Cloud
# ----------------------------------------------------------------------------------------------
    0.000   1.406e+00   283.560   7.439e-01  2.976e-01  9.548e-03  4.205e-10  1.404e-04
    0.253   1.364e+00   286.800   7.439e-01  2.976e-01  9.533e-03  4.932e-15  5.236e-05
    0.626   1.305e+00   289.500   7.440e-01  2.976e-01  9.363e-03  2.327e-26  2.860e-05
    1.232   1.215e+00   289.900   7.442e-01  2.977e-01  9.024e-03  2.330e-12  2.231e-05
    2.069   1.101e+00   287.900   7.449e-01  2.980e-01  7.678e-03  1.259e-08  2.267e-05
    3.128   9.696e-01   283.600   7.460e-01  2.984e-01  5.936e-03  1.339e-07  2.638e-05
    4.394   8.309e-01   277.100   7.468e-01  2.987e-01  4.467e-03  6.828e-07  3.450e-05
    5.753   7.011e-01   269.600   7.476e-01  2.991e-01  3.115e-03  1.789e-06  3.982e-05
    7.087   5.907e-01   262.200   7.483e-01  2.993e-01  1.968e-03  4.837e-06  3.770e-05
    8.397   4.969e-01   255.400   7.488e-01  2.995e-01  1.102e-03  8.087e-06  2.300e-05
    9.688   4.172e-01   248.900   7.490e-01  2.996e-01  6.372e-04  7.839e-06  1.166e-05
   10.960   3.494e-01   242.600   7.492e-01  2.997e-01  3.672e-04  5.258e-06  3.863e-06
   12.230   2.918e-01   236.200   7.493e-01  2.997e-01  2.090e-04  3.365e-06  8.094e-07
   13.480   2.429e-01   229.500   7.493e-01  2.997e-01  1.176e-04  1.764e-06  4.826e-09
   14.720   2.012e-01   222.600   7.494e-01  2.998e-01  6.272e-05  1.765e-06  0.000e+00
   15.960   1.659e-01   215.900   7.494e-01  2.998e-01  3.161e-05  1.633e-06  0.000e+00
   17.210   1.358e-01   210.200   7.494e-01  2.998e-01  1.710e-05  1.279e-06  0.000e+00
   18.480   1.102e-01   206.700   7.494e-01  2.998e-01  1.201e-05  9.670e-07  0.000e+00
   19.790   8.871e-02   205.900   7.494e-01  2.998e-01  1.102e-05  2.420e-07  0.000e+00
   20.980   7.287e-02   206.400   7.494e-01  2.998e-01  1.083e-05  2.228e-08  0.000e+00
   22.000   6.152e-02   206.700   7.494e-01  2.998e-01  1.070e-05  1.504e-08  0.000e+00
   23.060   5.168e-02   206.500   7.494e-01  2.998e-01  1.055e-05  1.514e-08  0.000e+00
   24.140   4.319e-02   205.800   7.494e-01  2.998e-01  1.041e-05  1.773e-08  0.000e+00
   25.240   3.592e-02   204.500   7.494e-01  2.998e-01  1.031e-05  1.980e-08  0.000e+00
   26.370   2.973e-02   202.900   7.494e-01  2.998e-01  1.036e-05  2.499e-08  0.000e+00
   27.520   2.448e-02   201.000   7.494e-01  2.998e-01  1.060e-05  5.443e-08  0.000e+00
   28.690   2.006e-02   198.800   7.494e-01  2.998e-01  1.074e-05  1.180e-07  0.000e+00
   29.870   1.635e-02   196.500   7.494e-01  2.998e-01  1.057e-05  1.672e-07  0.000e+00
   31.060   1.326e-02   194.400   7.494e-01  2.998e-01  1.017e-05  1.952e-07  0.000e+00
   32.280   1.071e-02   192.600   7.494e-01  2.998e-01  9.770e-06  2.089e-07  0.000e+00
   33.510   8.600e-03   191.300   7.494e-01  2.998e-01  9.486e-06  2.034e-07  0.000e+00
   34.760   6.873e-03   190.100   7.494e-01  2.998e-01  9.247e-06  2.095e-07  0.000e+00
   36.030   5.465e-03   188.800   7.494e-01  2.998e-01  8.981e-06  2.498e-07  0.000e+00
   37.320   4.325e-03   187.100   7.494e-01  2.998e-01  8.647e-06  3.443e-07  0.000e+00
   38.620   3.405e-03   185.000   7.494e-01  2.998e-01  8.200e-06  5.053e-07  0.000e+00
   39.930   2.667e-03   182.700   7.494e-01  2.998e-01  7.723e-06  6.975e-07  0.000e+00
   41.260   2.079e-03   180.500   7.494e-01  2.998e-01  7.418e-06  8.174e-07  0.000e+00
   42.590   1.613e-03   178.800   7.494e-01  2.998e-01  7.348e-06  7.041e-07  0.000e+00
   43.940   1.245e-03   177.700   7.494e-01  2.998e-01  7.518e-06  4.421e-07  0.000e+00
   45.320   9.559e-04   177.300   7.494e-01  2.998e-01  7.755e-06  3.788e-07  0.000e+00
   59.830   3.776e-04   177.300   7.494e-01  2.998e-01  7.755e-06  3.788e-07  0.000e+00
   65.570   2.615e-04   177.300   7.494e-01  2.998e-01  7.755e-06  3.788e-07  0.000e+00
   73.580   1.566e-04   177.300   7.494e-01  2.998e-01  7.755e-06  3.788e-07  0.000e+00
   84.760   7.656e-05   177.300   7.494e-01  2.998e-01  7.755e-06  3.788e-07  0.000e+00
  100.400   2.820e-05   177.300   7.494e-01  2.998e-01  7.755e-06  3.788e-07  0.000e+00
  122.100   6.996e-06   177.300   7.494e-01  2.998e-01  7.755e-06  3.788e-07  0.000e+00
  152.500   1.000e-06   177.300   7.494e-01  2.998e-01  7.755e-06  3.788e-07  0.000e+00
#
# ----------------------------------------------------------------------------------------------
# Curtis-Godson integrated layer information used by the radiative transfer analysis
# Oblique molecular layer columns in molec/m2 and aerosols in kg/m2
# ----------------------------------------------------------------------------------------------
# Low[km]  High[km]  Path[km] Pressure[bar] Temp[K]   Airmass   dcol[m-2]         N2        CO2        H2O   WaterIce      Cloud
# ----------------------------------------------------------------------------------------------
    0.000     0.253     0.379   1.385e+00   285.165    1.4980   1.338e+28  9.952e+27  3.981e+27  1.276e+26  4.026e-08  6.806e-02
    0.253     0.626     0.559   1.335e+00   288.135    1.4979   1.877e+28  1.397e+28  5.587e+27  1.774e+26  6.091e-13  4.197e-02
    0.626     1.232     0.907   1.260e+00   289.697    1.4977   2.860e+28  2.128e+28  8.514e+27  2.630e+26  2.055e-10  4.115e-02
    1.232     2.069     1.253   1.158e+00   288.916    1.4975   3.639e+28  2.709e+28  1.084e+28  3.036e+26  2.994e-06  4.641e-02
    2.069     3.128     1.585   1.035e+00   285.792    1.4972   4.157e+28  3.099e+28  1.240e+28  2.821e+26  1.186e-04  5.764e-02
    3.128     4.394     1.895   9.000e-01   280.423    1.4968   4.400e+28  3.284e+28  1.314e+28  2.281e+26  8.264e-04  7.529e-02
    4.394     5.753     2.034   7.657e-01   273.441    1.4964   4.119e+28  3.077e+28  1.231e+28  1.551e+26  2.652e-03  8.651e-02
    5.753     7.087     1.996   6.457e-01   265.991    1.4960   3.503e+28  2.620e+28  1.048e+28  8.800e+25  6.017e-03  7.705e-02
    7.087     8.397     1.959   5.436e-01   258.885    1.4955   2.975e+28  2.227e+28  8.907e+27  4.475e+25  1.060e-02  5.051e-02
    8.397     9.688     1.930   4.569e-01   252.233    1.4951   2.528e+28  1.894e+28  7.574e+27  2.160e+25  1.142e-02  2.415e-02
    9.688    10.960     1.901   3.832e-01   245.831    1.4947   2.143e+28  1.605e+28  6.421e+27  1.057e+25  7.896e-03  8.701e-03
   10.960    12.230     1.898   3.205e-01   239.484    1.4943   1.836e+28  1.376e+28  5.504e+27  5.193e+24  4.443e-03  2.076e-03
   12.230    13.480     1.867   2.672e-01   232.938    1.4939   1.549e+28  1.161e+28  4.643e+27  2.481e+24  2.197e-03  1.506e-04
   13.480    14.720     1.852   2.220e-01   226.143    1.4935   1.314e+28  9.847e+27  3.939e+27  1.157e+24  1.315e-03  2.098e-09
   14.720    15.960     1.852   1.835e-01   219.343    1.4931   1.119e+28  8.389e+27  3.356e+27  5.131e+23  1.079e-03  0.000e+00
   15.960    17.210     1.866   1.508e-01   213.134    1.4928   9.540e+27  7.149e+27  2.860e+27  2.273e+23  7.868e-04  0.000e+00
   17.210    18.480     1.895   1.230e-01   208.507    1.4924   8.074e+27  6.050e+27  2.420e+27  1.170e+23  5.133e-04  0.000e+00
   18.480    19.790     1.954   9.945e-02   206.314    1.4920   6.801e+27  5.097e+27  2.039e+27  7.839e+22  2.069e-04  0.000e+00
   19.790    20.980     1.775   8.080e-02   206.142    1.4916   5.025e+27  3.766e+27  1.507e+27  5.492e+22  2.731e-05  0.000e+00
   20.980    22.000     1.521   6.720e-02   206.546    1.4912   3.578e+27  2.681e+27  1.073e+27  3.853e+22  3.761e-06  0.000e+00
   22.000    23.060     1.580   5.660e-02   206.603    1.4909   3.130e+27  2.346e+27  9.384e+26  3.326e+22  2.679e-06  0.000e+00
   23.060    24.140     1.610   4.744e-02   206.161    1.4906   2.677e+27  2.006e+27  8.027e+26  2.806e+22  2.485e-06  0.000e+00
   24.140    25.240     1.639   3.955e-02   205.170    1.4902   2.284e+27  1.712e+27  6.848e+26  2.367e+22  2.425e-06  0.000e+00
   25.240    26.370     1.684   3.282e-02   203.725    1.4899   1.960e+27  1.469e+27  5.877e+26  2.026e+22  2.470e-06  0.000e+00
   26.370    27.520     1.713   2.710e-02   201.980    1.4895   1.661e+27  1.245e+27  4.979e+26  1.740e+22  3.520e-06  0.000e+00
   27.520    28.690     1.742   2.227e-02   199.935    1.4892   1.402e+27  1.051e+27  4.203e+26  1.496e+22  6.453e-06  0.000e+00
   28.690    29.870     1.757   1.820e-02   197.688    1.4888   1.168e+27  8.757e+26  3.503e+26  1.245e+22  9.303e-06  0.000e+00
   29.870    31.060     1.771   1.480e-02   195.485    1.4885   9.687e+26  7.259e+26  2.904e+26  1.005e+22  9.910e-06  0.000e+00
   31.060    32.280     1.815   1.198e-02   193.531    1.4881   8.117e+26  6.083e+26  2.434e+26  8.098e+21  9.288e-06  0.000e+00
   32.280    33.510     1.830   9.655e-03   191.973    1.4877   6.643e+26  4.978e+26  1.992e+26  6.399e+21  7.771e-06  0.000e+00
   33.510    34.760     1.859   7.736e-03   190.722    1.4873   5.443e+26  4.079e+26  1.632e+26  5.100e+21  6.370e-06  0.000e+00
   34.760    36.030     1.888   6.169e-03   189.474    1.4869   4.437e+26  3.325e+26  1.330e+26  4.045e+21  5.745e-06  0.000e+00
   36.030    37.320     1.918   4.895e-03   187.982    1.4865   3.603e+26  2.700e+26  1.080e+26  3.177e+21  5.982e-06  0.000e+00
   37.320    38.620     1.932   3.864e-03   186.090    1.4862   2.894e+26  2.169e+26  8.677e+25  2.440e+21  6.839e-06  0.000e+00
   38.620    39.930     1.946   3.035e-03   183.895    1.4858   2.317e+26  1.737e+26  6.947e+25  1.846e+21  7.787e-06  0.000e+00
   39.930    41.260     1.976   2.373e-03   181.644    1.4854   1.861e+26  1.394e+26  5.579e+25  1.410e+21  7.952e-06  0.000e+00
   41.260    42.590     1.975   1.846e-03   179.685    1.4849   1.463e+26  1.096e+26  4.385e+25  1.080e+21  6.319e-06  0.000e+00
   42.590    43.940     2.004   1.429e-03   178.273    1.4845   1.158e+26  8.676e+25  3.471e+25  8.601e+20  3.734e-06  0.000e+00
   43.940    45.320     2.048   1.100e-03   177.509    1.4841   9.148e+25  6.856e+25  2.743e+25  6.981e+20  2.133e-06  0.000e+00
   45.320    59.830    21.500   6.673e-04   177.300    1.4817   5.470e+26  4.099e+26  1.640e+26  4.242e+21  1.175e-05  0.000e+00
   59.830    65.570     8.488   3.196e-04   177.300    1.4787   1.096e+26  8.213e+25  3.286e+25  8.499e+20  2.355e-06  0.000e+00
   65.570    73.580    11.828   2.091e-04   177.300    1.4767   9.887e+25  7.410e+25  2.964e+25  7.668e+20  2.124e-06  0.000e+00
   73.580    84.760    16.478   1.166e-04   177.300    1.4739   7.531e+25  5.643e+25  2.258e+25  5.840e+20  1.618e-06  0.000e+00
   84.760   100.400    22.991   5.244e-05   177.300    1.4700   4.549e+25  3.409e+25  1.364e+25  3.528e+20  9.774e-07  0.000e+00
  100.400   122.100    31.784   1.767e-05   177.300    1.4647   1.976e+25  1.481e+25  5.925e+24  1.533e+20  4.246e-07  0.000e+00
  122.100   152.500    44.307   4.051e-06   177.300    1.4575   5.589e+24  4.188e+24  1.675e+24  4.334e+19  1.201e-07  0.000e+00
# ----------------------------------------------------------------------------------------------
# Integrated atmospheric columns                       1.4956   4.467e+29  3.337e+29  1.335e+29  1.712e+27  5.024e-02  5.797e-01
# ----------------------------------------------------------------------------------------------
results_rad.txt
# ------------------------------------------------------------------------
# Radiance spectrum
# NASA-GSFC Planetary Spectrum Generator (PSG) (Villanueva et al. 2015)
# Synthesized on Tue Nov 21 15:11:50 2017
# ------------------------------------------------------------------------
# Atmospheric radiances synthesized with PUMAS (Villanueva et al. 2016, Smith et al. 2009, Edwards 1992)
# Molecular abundance profile: 
# Molecules considered: N2,CO2,H2O
# Molecular sources: HIT[22],HIT[2],HIT[1]
# Molecular abundances: 1,1,1
# Molecular abundance units: scl,scl,scl
# Collission-Induced-Absorption:  N2-N2(3.71-5.00um)
# Rayleigh scattering included
# ------------------------------------------------------------------------
# Spectral unit: Wavelength [um]
# Radiance unit: Spectral radiance [W/sr/m2/um]
# Wave/freq Total Stellar TRAPPIST-1-e
1.000000000e+00  3.68049e-03  3.68049e-03  1.03114e-35
1.010000000e+00  3.70309e-03  3.70309e-03  2.59779e-35
1.020000000e+00  3.72363e-03  3.72363e-03  4.06837e-35
1.030000000e+00  3.74214e-03  3.74214e-03  6.55393e-35
1.040000000e+00  3.75867e-03  3.75867e-03  7.31580e-33
1.050000000e+00  3.77327e-03  3.77327e-03  4.76885e-34
1.060000000e+00  3.78601e-03  3.78601e-03  1.96205e-33
1.070000000e+00  3.79691e-03  3.79691e-03  9.28339e-33
1.080000000e+00  3.80605e-03  3.80605e-03  1.97914e-33
1.090000000e+00  3.81347e-03  3.81347e-03  2.37824e-33
1.100000000e+00  3.81922e-03  3.81922e-03  8.02673e-33
1.110000000e+00  3.82337e-03  3.82337e-03  2.81443e-32
1.120000000e+00  3.82595e-03  3.82595e-03  4.63904e-31
1.130000000e+00  3.82703e-03  3.82703e-03  1.11362e-30
1.140000000e+00  3.82666e-03  3.82666e-03  6.63942e-31
1.150000000e+00  3.82489e-03  3.82489e-03  1.72658e-30
1.160000000e+00  3.82177e-03  3.82177e-03  6.87974e-31
1.170000000e+00  3.81734e-03  3.81734e-03  2.37912e-31
1.180000000e+00  3.81168e-03  3.81168e-03  4.54717e-31
1.190000000e+00  3.80481e-03  3.80481e-03  9.00546e-31
1.200000000e+00  3.79679e-03  3.79679e-03  1.07032e-30
1.210000000e+00  3.78768e-03  3.78768e-03  1.08121e-28
1.220000000e+00  3.77751e-03  3.77751e-03  8.12982e-29
1.230000000e+00  3.76632e-03  3.76632e-03  8.07418e-29
1.240000000e+00  3.75418e-03  3.75418e-03  2.95937e-29
1.250000000e+00  3.74111e-03  3.74111e-03  5.17701e-30
1.260000000e+00  3.72717e-03  3.72717e-03  2.01055e-29
1.270000000e+00  3.71239e-03  3.71239e-03  2.76482e-29
1.280000000e+00  3.69682e-03  3.69682e-03  9.11552e-30
1.290000000e+00  3.68049e-03  3.68049e-03  1.03164e-28
1.300000000e+00  3.66345e-03  3.66345e-03  2.85025e-28
1.310000000e+00  3.64573e-03  3.64573e-03  5.44178e-29
1.320000000e+00  3.62736e-03  3.62736e-03  2.47501e-27
1.330000000e+00  3.60839e-03  3.60839e-03  2.37581e-28
1.340000000e+00  3.58885e-03  3.58885e-03  3.06039e-27
1.350000000e+00  3.56877e-03  3.56877e-03  2.93737e-27
1.360000000e+00  3.54817e-03  3.54817e-03  1.17286e-26
1.370000000e+00  3.52711e-03  3.52711e-03  1.82773e-26
1.380000000e+00  3.50559e-03  3.50559e-03  2.14634e-26
1.390000000e+00  3.48366e-03  3.48366e-03  2.42842e-26
1.400000000e+00  3.46134e-03  3.46134e-03  3.00442e-26
1.410000000e+00  3.43866e-03  3.43866e-03  4.65240e-26
1.420000000e+00  3.41564e-03  3.41564e-03  1.59162e-26
1.430000000e+00  3.39231e-03  3.39231e-03  3.61582e-26
1.440000000e+00  3.36870e-03  3.36870e-03  5.25292e-25
1.450000000e+00  3.34482e-03  3.34482e-03  3.27473e-25
1.460000000e+00  3.32070e-03  3.32070e-03  6.04018e-26
1.470000000e+00  3.29636e-03  3.29636e-03  1.00309e-25
1.480000000e+00  3.27183e-03  3.27183e-03  3.44867e-25
1.490000000e+00  3.24711e-03  3.24711e-03  2.02766e-25
1.500000000e+00  3.22224e-03  3.22224e-03  4.67937e-25
1.510000000e+00  3.19723e-03  3.19723e-03  1.91467e-25
1.520000000e+00  3.17209e-03  3.17209e-03  2.21623e-25
1.530000000e+00  3.14685e-03  3.14685e-03  1.15989e-24
1.540000000e+00  3.12152e-03  3.12152e-03  2.75590e-24
1.550000000e+00  3.09611e-03  3.09611e-03  9.16987e-25
1.560000000e+00  3.07064e-03  3.07064e-03  5.33145e-25
1.570000000e+00  3.04513e-03  3.04513e-03  4.45500e-24
1.580000000e+00  3.01959e-03  3.01959e-03  1.65105e-23
1.590000000e+00  2.99402e-03  2.99402e-03  3.89838e-24
1.600000000e+00  2.96846e-03  2.96846e-03  9.12332e-24
1.610000000e+00  2.94289e-03  2.94289e-03  3.23549e-23
1.620000000e+00  2.91734e-03  2.91734e-03  1.76292e-23
1.630000000e+00  2.89182e-03  2.89182e-03  7.60304e-24
1.640000000e+00  2.86634e-03  2.86634e-03  1.57736e-23
1.650000000e+00  2.84091e-03  2.84091e-03  2.54728e-23
1.660000000e+00  2.81553e-03  2.81553e-03  1.48138e-23
1.670000000e+00  2.79021e-03  2.79021e-03  1.29138e-23
1.680000000e+00  2.76497e-03  2.76497e-03  9.76081e-24
1.690000000e+00  2.73981e-03  2.73981e-03  5.08111e-24
1.700000000e+00  2.71474e-03  2.71474e-03  3.99814e-24
1.710000000e+00  2.68977e-03  2.68977e-03  9.62730e-24
1.720000000e+00  2.66490e-03  2.66490e-03  6.74626e-24
1.730000000e+00  2.64013e-03  2.64013e-03  5.60382e-24
1.740000000e+00  2.61549e-03  2.61549e-03  6.32007e-24
1.750000000e+00  2.59096e-03  2.59096e-03  8.40574e-24
1.760000000e+00  2.56656e-03  2.56656e-03  1.31056e-23
1.770000000e+00  2.54229e-03  2.54229e-03  1.57444e-23
1.780000000e+00  2.51815e-03  2.51815e-03  1.65012e-23
1.790000000e+00  2.49415e-03  2.49415e-03  2.41655e-23
1.800000000e+00  2.47030e-03  2.47030e-03  3.40522e-23
1.810000000e+00  2.44660e-03  2.44660e-03  6.97550e-23
1.820000000e+00  2.42304e-03  2.42304e-03  2.09847e-22
1.830000000e+00  2.39964e-03  2.39964e-03  3.55109e-22
1.840000000e+00  2.37640e-03  2.37640e-03  7.32147e-22
1.850000000e+00  2.35332e-03  2.35332e-03  7.71434e-22
1.860000000e+00  2.33041e-03  2.33041e-03  1.09417e-21
1.870000000e+00  2.30765e-03  2.30765e-03  9.78883e-22
1.880000000e+00  2.28507e-03  2.28507e-03  2.98564e-21
1.890000000e+00  2.26266e-03  2.26266e-03  3.00403e-21
1.900000000e+00  2.24041e-03  2.24041e-03  1.66640e-21
1.910000000e+00  2.21834e-03  2.21834e-03  2.61052e-21
1.920000000e+00  2.19645e-03  2.19645e-03  1.95308e-21
1.930000000e+00  2.17473e-03  2.17473e-03  2.20946e-21
1.940000000e+00  2.15319e-03  2.15319e-03  3.96430e-21
1.950000000e+00  2.13183e-03  2.13183e-03  2.59689e-20
1.960000000e+00  2.11065e-03  2.11065e-03  2.46821e-20
1.970000000e+00  2.08964e-03  2.08964e-03  3.32821e-20
1.980000000e+00  2.06882e-03  2.06882e-03  3.87706e-20
1.990000000e+00  2.04818e-03  2.04818e-03  2.56443e-20
2.000000000e+00  2.02772e-03  2.02772e-03  5.11969e-20
2.010000000e+00  2.00745e-03  2.00745e-03  2.68083e-20
2.020000000e+00  1.98735e-03  1.98735e-03  4.74683e-20
2.030000000e+00  1.96744e-03  1.96744e-03  9.86680e-20
2.040000000e+00  1.94771e-03  1.94771e-03  1.03081e-19
2.050000000e+00  1.92816e-03  1.92816e-03  1.25039e-19
2.060000000e+00  1.90880e-03  1.90880e-03  1.25487e-19
2.070000000e+00  1.88961e-03  1.88961e-03  1.63643e-19
2.080000000e+00  1.87061e-03  1.87061e-03  1.92259e-19
2.090000000e+00  1.85179e-03  1.85179e-03  1.92128e-19
2.100000000e+00  1.83315e-03  1.83315e-03  1.57309e-19
2.110000000e+00  1.81469e-03  1.81469e-03  1.01458e-19
2.120000000e+00  1.79641e-03  1.79641e-03  8.97304e-20
2.130000000e+00  1.77831e-03  1.77831e-03  3.44439e-20
2.140000000e+00  1.76039e-03  1.76039e-03  2.45696e-20
2.150000000e+00  1.74264e-03  1.74264e-03  9.87705e-20
2.160000000e+00  1.72507e-03  1.72507e-03  1.05358e-19
2.170000000e+00  1.70768e-03  1.70768e-03  1.28256e-19
2.180000000e+00  1.69046e-03  1.69046e-03  6.83792e-20
2.190000000e+00  1.67341e-03  1.67341e-03  2.94083e-20
2.200000000e+00  1.65654e-03  1.65654e-03  1.89927e-20
2.210000000e+00  1.63984e-03  1.63984e-03  1.49690e-20
2.220000000e+00  1.62331e-03  1.62331e-03  2.23646e-20
2.230000000e+00  1.60695e-03  1.60695e-03  2.27802e-20
2.240000000e+00  1.59076e-03  1.59076e-03  1.54768e-20
2.250000000e+00  1.57474e-03  1.57474e-03  1.87535e-20
2.260000000e+00  1.55889e-03  1.55889e-03  3.53726e-20
2.270000000e+00  1.54319e-03  1.54319e-03  2.46135e-20
2.280000000e+00  1.52767e-03  1.52767e-03  3.33471e-20
2.290000000e+00  1.51230e-03  1.51230e-03  3.13495e-20
2.300000000e+00  1.49710e-03  1.49710e-03  3.80058e-20
2.310000000e+00  1.48206e-03  1.48206e-03  4.54753e-20
2.320000000e+00  1.46718e-03  1.46718e-03  5.52617e-20
2.330000000e+00  1.45245e-03  1.45245e-03  6.80221e-20
2.340000000e+00  1.43788e-03  1.43788e-03  8.31114e-20
2.350000000e+00  1.42347e-03  1.42347e-03  1.01172e-19
2.360000000e+00  1.40921e-03  1.40921e-03  1.23999e-19
2.370000000e+00  1.39510e-03  1.39510e-03  1.44458e-19
2.380000000e+00  1.38115e-03  1.38115e-03  1.80346e-19
2.390000000e+00  1.36734e-03  1.36734e-03  2.21083e-19
2.400000000e+00  1.35368e-03  1.35368e-03  2.63152e-19
2.410000000e+00  1.34017e-03  1.34017e-03  3.21627e-19
2.420000000e+00  1.32681e-03  1.32681e-03  3.96028e-19
2.430000000e+00  1.31359e-03  1.31359e-03  3.98601e-19
2.440000000e+00  1.30051e-03  1.30051e-03  7.70780e-19
2.450000000e+00  1.28757e-03  1.28757e-03  7.26337e-19
2.460000000e+00  1.27478e-03  1.27478e-03  6.78335e-19
2.470000000e+00  1.26212e-03  1.26212e-03  9.19518e-19
2.480000000e+00  1.24960e-03  1.24960e-03  1.56476e-18
2.490000000e+00  1.23722e-03  1.23722e-03  2.95667e-18
2.500000000e+00  1.22498e-03  1.22498e-03  3.02505e-18
2.510000000e+00  1.21286e-03  1.21286e-03  3.26140e-18
2.520000000e+00  1.20088e-03  1.20088e-03  4.23172e-18
2.530000000e+00  1.18903e-03  1.18903e-03  4.55721e-18
2.540000000e+00  1.17731e-03  1.17731e-03  7.63999e-18
2.550000000e+00  1.16572e-03  1.16572e-03  1.20087e-17
2.560000000e+00  1.15425e-03  1.15425e-03  9.79902e-18
2.570000000e+00  1.14291e-03  1.14291e-03  2.56584e-17
2.580000000e+00  1.13170e-03  1.13170e-03  3.75191e-17
2.590000000e+00  1.12060e-03  1.12060e-03  4.98214e-17
2.600000000e+00  1.10963e-03  1.10963e-03  6.23550e-17
2.610000000e+00  1.09878e-03  1.09878e-03  7.02492e-17
2.620000000e+00  1.08805e-03  1.08805e-03  8.19069e-17
2.630000000e+00  1.07744e-03  1.07744e-03  7.99353e-17
2.640000000e+00  1.06694e-03  1.06694e-03  8.18757e-17
2.650000000e+00  1.05656e-03  1.05656e-03  7.77553e-17
2.660000000e+00  1.04629e-03  1.04629e-03  1.46716e-16
2.670000000e+00  1.03614e-03  1.03614e-03  1.06561e-16
2.680000000e+00  1.02610e-03  1.02610e-03  1.45015e-17
2.690000000e+00  1.01616e-03  1.01616e-03  5.72637e-18
2.700000000e+00  1.00634e-03  1.00634e-03  8.83368e-18
2.710000000e+00  9.96623e-04  9.96623e-04  1.08865e-17
2.720000000e+00  9.87014e-04  9.87014e-04  3.15669e-17
2.730000000e+00  9.77511e-04  9.77511e-04  8.79292e-17
2.740000000e+00  9.68112e-04  9.68112e-04  1.07953e-16
2.750000000e+00  9.58816e-04  9.58816e-04  5.61138e-17
2.760000000e+00  9.49622e-04  9.49622e-04  1.88982e-17
2.770000000e+00  9.40529e-04  9.40529e-04  2.01632e-17
2.780000000e+00  9.31536e-04  9.31536e-04  1.90219e-17
2.790000000e+00  9.22641e-04  9.22641e-04  2.88769e-17
2.800000000e+00  9.13844e-04  9.13844e-04  6.27199e-17
2.810000000e+00  9.05143e-04  9.05143e-04  1.16337e-16
2.820000000e+00  8.96538e-04  8.96538e-04  1.75323e-16
2.830000000e+00  8.88027e-04  8.88027e-04  2.42384e-16
2.840000000e+00  8.79608e-04  8.79608e-04  3.97840e-16
2.850000000e+00  8.71282e-04  8.71282e-04  3.62041e-16
2.860000000e+00  8.63047e-04  8.63047e-04  5.65374e-16
2.870000000e+00  8.54902e-04  8.54902e-04  1.12956e-15
2.880000000e+00  8.46846e-04  8.46846e-04  1.48714e-15
2.890000000e+00  8.38878e-04  8.38878e-04  1.99067e-15
2.900000000e+00  8.30996e-04  8.30996e-04  2.41950e-15
2.910000000e+00  8.23201e-04  8.23201e-04  2.52069e-15
2.920000000e+00  8.15490e-04  8.15490e-04  2.58524e-15
2.930000000e+00  8.07863e-04  8.07863e-04  2.55360e-15
2.940000000e+00  8.00320e-04  8.00320e-04  2.53092e-15
2.950000000e+00  7.92858e-04  7.92858e-04  2.52326e-15
2.960000000e+00  7.85477e-04  7.85477e-04  2.46639e-15
2.970000000e+00  7.78176e-04  7.78176e-04  2.35695e-15
2.980000000e+00  7.70954e-04  7.70954e-04  2.21851e-15
2.990000000e+00  7.63811e-04  7.63811e-04  2.22019e-15
3.000000000e+00  7.56745e-04  7.56745e-04  2.37161e-15
3.010000000e+00  7.49755e-04  7.49755e-04  2.56708e-15
3.020000000e+00  7.42841e-04  7.42841e-04  2.50847e-15
3.030000000e+00  7.36001e-04  7.36001e-04  2.63016e-15
3.040000000e+00  7.29236e-04  7.29236e-04  2.75455e-15
3.050000000e+00  7.22543e-04  7.22543e-04  2.83578e-15
3.060000000e+00  7.15922e-04  7.15922e-04  2.89003e-15
3.070000000e+00  7.09372e-04  7.09372e-04  2.96297e-15
3.080000000e+00  7.02893e-04  7.02893e-04  3.04353e-15
3.090000000e+00  6.96483e-04  6.96483e-04  3.15717e-15
3.100000000e+00  6.90142e-04  6.90142e-04  3.27932e-15
3.110000000e+00  6.83869e-04  6.83869e-04  3.39496e-15
3.120000000e+00  6.77663e-04  6.77663e-04  3.49061e-15
3.130000000e+00  6.71523e-04  6.71523e-04  3.59598e-15
3.140000000e+00  6.65449e-04  6.65449e-04  3.74060e-15
3.150000000e+00  6.59440e-04  6.59440e-04  3.88397e-15
3.160000000e+00  6.53494e-04  6.53494e-04  3.98229e-15
3.170000000e+00  6.47612e-04  6.47612e-04  4.08648e-15
3.180000000e+00  6.41793e-04  6.41793e-04  4.22659e-15
3.190000000e+00  6.36035e-04  6.36035e-04  4.36758e-15
3.200000000e+00  6.30339e-04  6.30339e-04  4.47363e-15
3.210000000e+00  6.24702e-04  6.24702e-04  4.53350e-15
3.220000000e+00  6.19126e-04  6.19126e-04  4.57768e-15
3.230000000e+00  6.13608e-04  6.13608e-04  4.62376e-15
3.240000000e+00  6.08149e-04  6.08149e-04  4.65192e-15
3.250000000e+00  6.02747e-04  6.02747e-04  4.68952e-15
3.260000000e+00  5.97402e-04  5.97402e-04  4.69778e-15
3.270000000e+00  5.92114e-04  5.92114e-04  4.69471e-15
3.280000000e+00  5.86881e-04  5.86881e-04  4.66159e-15
3.290000000e+00  5.81702e-04  5.81702e-04  4.60728e-15
3.300000000e+00  5.76579e-04  5.76579e-04  4.56743e-15
3.310000000e+00  5.71508e-04  5.71508e-04  4.50458e-15
3.320000000e+00  5.66491e-04  5.66491e-04  4.39775e-15
3.330000000e+00  5.61527e-04  5.61527e-04  4.34751e-15
3.340000000e+00  5.56614e-04  5.56614e-04  4.24271e-15
3.350000000e+00  5.51752e-04  5.51752e-04  4.15908e-15
3.360000000e+00  5.46941e-04  5.46941e-04  4.10059e-15
3.370000000e+00  5.42180e-04  5.42180e-04  3.90572e-15
3.380000000e+00  5.37468e-04  5.37468e-04  3.73952e-15
3.390000000e+00  5.32805e-04  5.32805e-04  3.60165e-15
3.400000000e+00  5.28190e-04  5.28190e-04  3.52466e-15
3.410000000e+00  5.23623e-04  5.23623e-04  3.44114e-15
3.420000000e+00  5.19104e-04  5.19104e-04  3.33569e-15
3.430000000e+00  5.14631e-04  5.14631e-04  3.21437e-15
3.440000000e+00  5.10203e-04  5.10203e-04  3.07704e-15
3.450000000e+00  5.05822e-04  5.05822e-04  2.93646e-15
3.460000000e+00  5.01485e-04  5.01485e-04  2.87439e-15
3.470000000e+00  4.97193e-04  4.97193e-04  2.83200e-15
3.480000000e+00  4.92945e-04  4.92945e-04  2.78170e-15
3.490000000e+00  4.88741e-04  4.88741e-04  2.71938e-15
3.500000000e+00  4.84579e-04  4.84579e-04  2.64414e-15
3.510000000e+00  4.80460e-04  4.80460e-04  2.55714e-15
3.520000000e+00  4.76383e-04  4.76383e-04  2.48188e-15
3.530000000e+00  4.72347e-04  4.72347e-04  2.47555e-15
3.540000000e+00  4.68352e-04  4.68352e-04  2.46779e-15
3.550000000e+00  4.64398e-04  4.64398e-04  2.45785e-15
3.560000000e+00  4.60484e-04  4.60484e-04  2.45748e-15
3.570000000e+00  4.56609e-04  4.56609e-04  2.47397e-15
3.580000000e+00  4.52774e-04  4.52774e-04  2.50584e-15
3.590000000e+00  4.48977e-04  4.48977e-04  2.64869e-15
3.600000000e+00  4.45219e-04  4.45219e-04  3.11973e-15
3.610000000e+00  4.41498e-04  4.41498e-04  3.70141e-15
3.620000000e+00  4.37815e-04  4.37815e-04  4.12139e-15
3.630000000e+00  4.34169e-04  4.34169e-04  3.62157e-15
3.640000000e+00  4.30559e-04  4.30559e-04  3.86266e-15
3.650000000e+00  4.26986e-04  4.26986e-04  4.37270e-15
3.660000000e+00  4.23448e-04  4.23448e-04  3.83499e-15
3.670000000e+00  4.19945e-04  4.19945e-04  3.17418e-15
3.680000000e+00  4.16478e-04  4.16478e-04  2.97342e-15
3.690000000e+00  4.13044e-04  4.13044e-04  3.01221e-15
3.700000000e+00  4.09645e-04  4.09645e-04  3.07994e-15
3.710000000e+00  4.06280e-04  4.06280e-04  3.13353e-15
3.720000000e+00  4.02948e-04  4.02948e-04  3.28635e-15
3.730000000e+00  3.99649e-04  3.99649e-04  3.38296e-15
3.740000000e+00  3.96383e-04  3.96383e-04  3.48707e-15
3.750000000e+00  3.93148e-04  3.93148e-04  3.71510e-15
3.760000000e+00  3.89946e-04  3.89946e-04  4.31740e-15
3.770000000e+00  3.86775e-04  3.86775e-04  5.17892e-15
3.780000000e+00  3.83635e-04  3.83635e-04  6.11414e-15
3.790000000e+00  3.80526e-04  3.80526e-04  7.60033e-15
3.800000000e+00  3.77448e-04  3.77448e-04  1.12896e-14
3.810000000e+00  3.74400e-04  3.74400e-04  1.63606e-14
3.820000000e+00  3.71381e-04  3.71381e-04  1.64529e-14
3.830000000e+00  3.68392e-04  3.68392e-04  1.24343e-14
3.840000000e+00  3.65432e-04  3.65432e-04  1.56217e-14
3.850000000e+00  3.62500e-04  3.62500e-04  1.78889e-14
3.860000000e+00  3.59597e-04  3.59597e-04  1.56582e-14
3.870000000e+00  3.56723e-04  3.56723e-04  1.18809e-14
3.880000000e+00  3.53876e-04  3.53876e-04  9.33128e-15
3.890000000e+00  3.51056e-04  3.51056e-04  8.33164e-15
3.900000000e+00  3.48264e-04  3.48264e-04  8.05530e-15
3.910000000e+00  3.45499e-04  3.45499e-04  8.26104e-15
3.920000000e+00  3.42760e-04  3.42760e-04  8.75650e-15
3.930000000e+00  3.40048e-04  3.40048e-04  9.58320e-15
3.940000000e+00  3.37361e-04  3.37361e-04  1.08504e-14
3.950000000e+00  3.34701e-04  3.34701e-04  1.25452e-14
3.960000000e+00  3.32066e-04  3.32066e-04  1.57421e-14
3.970000000e+00  3.29456e-04  3.29456e-04  1.95405e-14
3.980000000e+00  3.26870e-04  3.26870e-04  2.54646e-14
3.990000000e+00  3.24310e-04  3.24310e-04  2.94832e-14
4.000000000e+00  3.21774e-04  3.21774e-04  2.58905e-14
4.010000000e+00  3.19262e-04  3.19262e-04  2.46740e-14
4.020000000e+00  3.16773e-04  3.16773e-04  3.16447e-14
4.030000000e+00  3.14309e-04  3.14309e-04  3.24584e-14
4.040000000e+00  3.11867e-04  3.11867e-04  2.95829e-14
4.050000000e+00  3.09449e-04  3.09449e-04  2.56511e-14
4.060000000e+00  3.07053e-04  3.07053e-04  2.23154e-14
4.070000000e+00  3.04680e-04  3.04680e-04  2.20676e-14
4.080000000e+00  3.02329e-04  3.02329e-04  2.57449e-14
4.090000000e+00  3.00000e-04  3.00000e-04  3.12581e-14
4.100000000e+00  2.97693e-04  2.97693e-04  3.58831e-14
4.110000000e+00  2.95408e-04  2.95408e-04  3.62301e-14
4.120000000e+00  2.93144e-04  2.93144e-04  3.46368e-14
4.130000000e+00  2.90901e-04  2.90901e-04  3.58154e-14
4.140000000e+00  2.88679e-04  2.88679e-04  4.09563e-14
4.150000000e+00  2.86478e-04  2.86478e-04  4.09625e-14
4.160000000e+00  2.84297e-04  2.84297e-04  6.88908e-14
4.170000000e+00  2.82136e-04  2.82136e-04  1.53775e-13
4.180000000e+00  2.79995e-04  2.79995e-04  1.43983e-13
4.190000000e+00  2.77874e-04  2.77874e-04  8.92958e-14
4.200000000e+00  2.75773e-04  2.75773e-04  5.11750e-14
4.210000000e+00  2.73691e-04  2.73691e-04  2.71994e-14
4.220000000e+00  2.71628e-04  2.71628e-04  1.77232e-14
4.230000000e+00  2.69584e-04  2.69584e-04  1.70505e-14
4.240000000e+00  2.67559e-04  2.67559e-04  1.76311e-14
4.250000000e+00  2.65552e-04  2.65552e-04  1.82315e-14
4.260000000e+00  2.63564e-04  2.63564e-04  1.88345e-14
4.270000000e+00  2.61594e-04  2.61594e-04  1.94746e-14
4.280000000e+00  2.59642e-04  2.59642e-04  2.01194e-14
4.290000000e+00  2.57707e-04  2.57707e-04  2.07843e-14
4.300000000e+00  2.55790e-04  2.55790e-04  2.14611e-14
4.310000000e+00  2.53891e-04  2.53891e-04  2.22434e-14
4.320000000e+00  2.52009e-04  2.52009e-04  2.35432e-14
4.330000000e+00  2.50144e-04  2.50144e-04  2.66982e-14
4.340000000e+00  2.48295e-04  2.48295e-04  3.14307e-14
4.350000000e+00  2.46463e-04  2.46463e-04  3.61868e-14
4.360000000e+00  2.44648e-04  2.44648e-04  3.75095e-14
4.370000000e+00  2.42849e-04  2.42849e-04  4.01685e-14
4.380000000e+00  2.41067e-04  2.41067e-04  4.78345e-14
4.390000000e+00  2.39300e-04  2.39300e-04  5.91432e-14
4.400000000e+00  2.37549e-04  2.37549e-04  5.19132e-14
4.410000000e+00  2.35814e-04  2.35814e-04  5.39376e-14
4.420000000e+00  2.34094e-04  2.34094e-04  6.09867e-14
4.430000000e+00  2.32390e-04  2.32390e-04  7.29770e-14
4.440000000e+00  2.30700e-04  2.30700e-04  8.97643e-14
4.450000000e+00  2.29026e-04  2.29026e-04  1.18095e-13
4.460000000e+00  2.27367e-04  2.27367e-04  1.63051e-13
4.470000000e+00  2.25722e-04  2.25722e-04  2.03639e-13
4.480000000e+00  2.24092e-04  2.24092e-04  2.80173e-13
4.490000000e+00  2.22476e-04  2.22476e-04  3.36660e-13
4.500000000e+00  2.20874e-04  2.20874e-04  3.66157e-13
4.510000000e+00  2.19287e-04  2.19287e-04  3.72737e-13
4.520000000e+00  2.17714e-04  2.17714e-04  3.44546e-13
4.530000000e+00  2.16154e-04  2.16154e-04  2.91805e-13
4.540000000e+00  2.14608e-04  2.14608e-04  2.52569e-13
4.550000000e+00  2.13075e-04  2.13075e-04  2.21216e-13
4.560000000e+00  2.11556e-04  2.11556e-04  2.11021e-13
4.570000000e+00  2.10051e-04  2.10051e-04  2.00808e-13
4.580000000e+00  2.08558e-04  2.08558e-04  1.97157e-13
4.590000000e+00  2.07078e-04  2.07078e-04  1.95284e-13
4.600000000e+00  2.05611e-04  2.05611e-04  1.94520e-13
4.610000000e+00  2.04157e-04  2.04157e-04  1.95036e-13
4.620000000e+00  2.02716e-04  2.02716e-04  2.12293e-13
4.630000000e+00  2.01287e-04  2.01287e-04  2.20718e-13
4.640000000e+00  1.99870e-04  1.99870e-04  2.17970e-13
4.650000000e+00  1.98466e-04  1.98466e-04  2.18327e-13
4.660000000e+00  1.97073e-04  1.97073e-04  2.14685e-13
4.670000000e+00  1.95693e-04  1.95693e-04  2.13527e-13
4.680000000e+00  1.94324e-04  1.94324e-04  2.43167e-13
4.690000000e+00  1.92967e-04  1.92967e-04  2.61392e-13
4.700000000e+00  1.91622e-04  1.91622e-04  2.94034e-13
4.710000000e+00  1.90288e-04  1.90288e-04  4.02927e-13
4.720000000e+00  1.88966e-04  1.88966e-04  3.70305e-13
4.730000000e+00  1.87655e-04  1.87655e-04  4.39878e-13
4.740000000e+00  1.86355e-04  1.86355e-04  4.84639e-13
4.750000000e+00  1.85066e-04  1.85066e-04  5.11319e-13
4.760000000e+00  1.83788e-04  1.83788e-04  5.25740e-13
4.770000000e+00  1.82521e-04  1.82521e-04  5.29639e-13
4.780000000e+00  1.81265e-04  1.81265e-04  5.58011e-13
4.790000000e+00  1.80019e-04  1.80019e-04  6.18870e-13
4.800000000e+00  1.78783e-04  1.78783e-04  6.74951e-13
4.810000000e+00  1.77559e-04  1.77559e-04  7.20716e-13
4.820000000e+00  1.76344e-04  1.76344e-04  5.53963e-13
4.830000000e+00  1.75140e-04  1.75140e-04  6.83646e-13
4.840000000e+00  1.73945e-04  1.73945e-04  7.35098e-13
4.850000000e+00  1.72761e-04  1.72761e-04  7.55809e-13
4.860000000e+00  1.71587e-04  1.71587e-04  7.35718e-13
4.870000000e+00  1.70422e-04  1.70422e-04  7.79248e-13
4.880000000e+00  1.69267e-04  1.69267e-04  8.34013e-13
4.890000000e+00  1.68122e-04  1.68122e-04  7.96889e-13
4.900000000e+00  1.66986e-04  1.66986e-04  8.40542e-13
4.910000000e+00  1.65860e-04  1.65860e-04  8.12129e-13
4.920000000e+00  1.64743e-04  1.64743e-04  7.30874e-13
4.930000000e+00  1.63635e-04  1.63635e-04  6.64381e-13
4.940000000e+00  1.62536e-04  1.62536e-04  6.29716e-13
4.950000000e+00  1.61447e-04  1.61447e-04  6.45869e-13
4.960000000e+00  1.60366e-04  1.60366e-04  5.84165e-13
4.970000000e+00  1.59294e-04  1.59294e-04  5.29297e-13
4.980000000e+00  1.58232e-04  1.58232e-04  4.92925e-13
4.990000000e+00  1.57177e-04  1.57177e-04  4.16566e-13
5.000000000e+00  1.56132e-04  1.56132e-04  4.85799e-13
results_trn.txt
# ------------------------------------------------------------------------
# NASA-GSFC Planetary Spectrum Generator (PSG, Villanueva et al. 2015)
# Atmospheric transmittance spectrum synthesized with PUMAS (Villanueva et al. 2016, Smith et al. 2009, Edwards 1992)
# Synthesized on Tue Nov 21 15:11:50 2017
# Molecular abundance profile: 
# Molecules considered: N2,CO2,H2O
# Molecular sources: HIT[22],HIT[2],HIT[1]
# Molecular abundances: 1,1,1
# Molecular abundance units: scl,scl,scl
# Collission-Induced-Absorption:  N2-N2(3.71-5.00um)
# Rayleigh scattering included
# ------------------------------------------------------------------------
# Aerosols considered: WaterIce,Cloud
# Aerosols sources: CRISM_Wolff[reff=2.0um 0.31-99.57um],White_GSFC[reff=1.0um 0.10-1000000.00um]
# Aerosols opacities: 1,1
# Aerosols opacity units: scl,scl
# ------------------------------------------------------------------------
# Spectral unit: Wavelength [um]
# Wave/freq Total N2 CO2 H2O WaterIce Cloud Rayleigh CIA
1.000000000e+00  0.00000  1.00000  0.99996  0.97815  0.00000  0.00000  0.97239  1.00000
1.010000000e+00  0.00000  1.00000  0.99999  0.97028  0.00000  0.00000  0.97345  1.00000
1.020000000e+00  0.00000  1.00000  1.00000  0.98613  0.00000  0.00000  0.97446  1.00000
1.030000000e+00  0.00000  1.00000  0.99999  0.98830  0.00000  0.00000  0.97543  1.00000
1.040000000e+00  0.00000  1.00000  0.79559  0.99863  0.00000  0.00000  0.97635  1.00000
1.050000000e+00  0.00000  1.00000  0.98655  0.99948  0.00000  0.00000  0.97723  1.00000
1.060000000e+00  0.00000  1.00000  0.96716  0.99848  0.00000  0.00000  0.97806  1.00000
1.070000000e+00  0.00000  1.00000  0.94032  0.98924  0.00000  0.00000  0.97886  1.00000
1.080000000e+00  0.00000  1.00000  0.99394  0.94669  0.00000  0.00000  0.97963  1.00000
1.090000000e+00  0.00000  1.00000  0.99963  0.89797  0.00000  0.00000  0.98036  1.00000
1.100000000e+00  0.00000  1.00000  0.99828  0.78560  0.00000  0.00000  0.98106  1.00000
1.110000000e+00  0.00000  1.00000  1.00000  0.53379  0.00000  0.00000  0.98172  1.00000
1.120000000e+00  0.00000  1.00000  0.97616  0.09705  0.00000  0.00000  0.98236  1.00000
1.130000000e+00  0.00000  1.00000  0.99657  0.02901  0.00000  0.00000  0.98297  1.00000
1.140000000e+00  0.00000  1.00000  0.99261  0.21457  0.00000  0.00000  0.98356  1.00000
1.150000000e+00  0.00000  1.00000  0.99779  0.10917  0.00000  0.00000  0.98412  1.00000
1.160000000e+00  0.00000  1.00000  0.99755  0.34442  0.00000  0.00000  0.98465  1.00000
1.170000000e+00  0.00000  1.00000  0.99992  0.60880  0.00000  0.00000  0.98517  1.00000
1.180000000e+00  0.00000  1.00000  0.99951  0.73905  0.00000  0.00000  0.98566  1.00000
1.190000000e+00  0.00000  1.00000  0.99995  0.68308  0.00000  0.00000  0.98613  1.00000
1.200000000e+00  0.00000  1.00000  0.99982  0.70690  0.00000  0.00000  0.98659  1.00000
1.210000000e+00  0.00000  1.00000  0.08458  0.81226  0.00000  0.00000  0.98702  1.00000
1.220000000e+00  0.00000  1.00000  0.56853  0.87189  0.00000  0.00000  0.98744  1.00000
1.230000000e+00  0.00000  1.00000  0.39342  0.90553  0.00000  0.00000  0.98784  1.00000
1.240000000e+00  0.00000  1.00000  0.83910  0.98481  0.00000  0.00000  0.98823  1.00000
1.250000000e+00  0.00000  1.00000  0.98870  0.99727  0.00000  0.00000  0.98860  1.00000
1.260000000e+00  0.00000  1.00000  0.95780  0.99734  0.00000  0.00000  0.98895  1.00000
1.270000000e+00  0.00000  1.00000  0.95950  0.99180  0.00000  0.00000  0.98929  1.00000
1.280000000e+00  0.00000  1.00000  0.99903  0.98134  0.00000  0.00000  0.98962  1.00000
1.290000000e+00  0.00000  1.00000  0.88201  0.95011  0.00000  0.00000  0.98994  1.00000
1.300000000e+00  0.00000  1.00000  0.82843  0.86217  0.00000  0.00000  0.99024  1.00000
1.310000000e+00  0.00000  1.00000  0.99210  0.75656  0.00000  0.00000  0.99054  1.00000
1.320000000e+00  0.00000  1.00000  0.41413  0.59486  0.00000  0.00000  0.99082  1.00000
1.330000000e+00  0.00000  1.00000  0.96834  0.45228  0.00000  0.00000  0.99109  1.00000
1.340000000e+00  0.00000  1.00000  0.56740  0.29932  0.00000  0.00000  0.99135  1.00000
1.350000000e+00  0.00000  1.00000  0.85248  0.02785  0.00000  0.00000  0.99160  1.00000
1.360000000e+00  0.00000  1.00000  0.98782  0.00000  0.00000  0.00000  0.99185  1.00000
1.370000000e+00  0.00000  1.00000  0.96991  0.00000  0.00000  0.00000  0.99208  1.00000
1.380000000e+00  0.00000  1.00000  0.96136  0.00001  0.00000  0.00000  0.99231  1.00000
1.390000000e+00  0.00000  1.00000  0.99288  0.00000  0.00000  0.00000  0.99253  1.00000
1.400000000e+00  0.00000  1.00000  0.99612  0.00007  0.00000  0.00000  0.99274  1.00000
1.410000000e+00  0.00000  1.00000  0.99980  0.00001  0.00000  0.00000  0.99294  1.00000
1.420000000e+00  0.00000  1.00000  0.99942  0.00435  0.00000  0.00000  0.99314  1.00000
1.430000000e+00  0.00000  1.00000  0.68403  0.01076  0.00000  0.00000  0.99333  1.00000
1.440000000e+00  0.00000  1.00000  0.00000  0.01170  0.00000  0.00000  0.99351  1.00000
1.450000000e+00  0.00000  1.00000  0.01286  0.05270  0.00000  0.00000  0.99368  1.00000
1.460000000e+00  0.00000  1.00000  0.64303  0.16328  0.00000  0.00000  0.99386  1.00000
1.470000000e+00  0.00000  1.00000  0.97496  0.05804  0.00000  0.00000  0.99402  1.00000
1.480000000e+00  0.00000  1.00000  0.41136  0.12872  0.00000  0.00000  0.99418  1.00000
1.490000000e+00  0.00000  1.00000  0.74940  0.13085  0.00000  0.00000  0.99433  1.00000
1.500000000e+00  0.00000  1.00000  0.55693  0.47541  0.00000  0.00000  0.99448  1.00000
1.510000000e+00  0.00000  1.00000  0.98155  0.61304  0.00000  0.00000  0.99463  1.00000
1.520000000e+00  0.00000  1.00000  0.98659  0.77934  0.00000  0.00000  0.99477  1.00000
1.530000000e+00  0.00000  1.00000  0.32513  0.85522  0.00000  0.00000  0.99490  1.00000
1.540000000e+00  0.00000  1.00000  0.13378  0.94929  0.00000  0.00000  0.99503  1.00000
1.550000000e+00  0.00000  1.00000  0.64986  0.97333  0.00000  0.00000  0.99516  1.00000
1.560000000e+00  0.00000  1.00000  0.93874  0.99279  0.00000  0.00000  0.99528  1.00000
1.570000000e+00  0.00000  1.00000  0.30806  0.98578  0.00000  0.00000  0.99540  1.00000
1.580000000e+00  0.00000  1.00000  0.00019  0.98865  0.00000  0.00000  0.99552  1.00000
1.590000000e+00  0.00000  1.00000  0.34186  0.98957  0.00000  0.00000  0.99563  1.00000
1.600000000e+00  0.00000  1.00000  0.21565  0.98397  0.00000  0.00000  0.99574  1.00000
1.610000000e+00  0.00000  1.00000  0.00208  0.99416  0.00000  0.00000  0.99584  1.00000
1.620000000e+00  0.00000  1.00000  0.01869  0.99416  0.00000  0.00000  0.99594  1.00000
1.630000000e+00  0.00000  1.00000  0.39611  0.99808  0.00000  0.00000  0.99604  1.00000
1.640000000e+00  0.00000  1.00000  0.30699  0.99396  0.00000  0.00000  0.99614  1.00000
1.650000000e+00  0.00000  1.00000  0.23026  0.98363  0.00000  0.00000  0.99623  1.00000
1.660000000e+00  0.00000  1.00000  0.39297  0.98191  0.00000  0.00000  0.99632  1.00000
1.670000000e+00  0.00000  1.00000  0.56326  0.98276  0.00000  0.00000  0.99641  1.00000
1.680000000e+00  0.00000  1.00000  0.80105  0.97347  0.00000  0.00000  0.99649  1.00000
1.690000000e+00  0.00000  1.00000  0.93777  0.97799  0.00000  0.00000  0.99657  1.00000
1.700000000e+00  0.00000  1.00000  0.98482  0.91523  0.00000  0.00000  0.99665  1.00000
1.710000000e+00  0.00000  1.00000  0.92833  0.91746  0.00000  0.00000  0.99673  1.00000
1.720000000e+00  0.00000  1.00000  0.96321  0.93003  0.00000  0.00000  0.99680  1.00000
1.730000000e+00  0.00000  1.00000  0.99268  0.88779  0.00000  0.00000  0.99688  1.00000
1.740000000e+00  0.00000  1.00000  0.99938  0.78882  0.00000  0.00000  0.99695  1.00000
1.750000000e+00  0.00000  1.00000  0.99894  0.72319  0.00000  0.00000  0.99702  1.00000
1.760000000e+00  0.00000  1.00000  0.89900  0.74035  0.00000  0.00000  0.99709  1.00000
1.770000000e+00  0.00000  1.00000  0.95914  0.58512  0.00000  0.00000  0.99715  1.00000
1.780000000e+00  0.00000  1.00000  0.99534  0.42211  0.00000  0.00000  0.99721  1.00000
1.790000000e+00  0.00000  1.00000  0.88481  0.26659  0.00000  0.00000  0.99728  1.00000
1.800000000e+00  0.00000  1.00000  0.95129  0.13605  0.00000  0.00000  0.99734  1.00000
1.810000000e+00  0.00000  1.00000  0.98798  0.02294  0.00000  0.00000  0.99739  1.00000
1.820000000e+00  0.00000  1.00000  0.99577  0.00211  0.00000  0.00000  0.99745  1.00000
1.830000000e+00  0.00000  1.00000  0.99931  0.00004  0.00000  0.00000  0.99751  1.00000
1.840000000e+00  0.00000  1.00000  0.99973  0.00000  0.00000  0.00000  0.99756  1.00000
1.850000000e+00  0.00000  1.00000  0.99760  0.00000  0.00000  0.00000  0.99761  1.00000
1.860000000e+00  0.00000  1.00000  0.99713  0.00000  0.00000  0.00000  0.99766  1.00000
1.870000000e+00  0.00000  1.00000  0.97885  0.00000  0.00000  0.00000  0.99771  1.00000
1.880000000e+00  0.00000  1.00000  0.10558  0.00000  0.00000  0.00000  0.99776  1.00000
1.890000000e+00  0.00000  1.00000  0.12394  0.00001  0.00000  0.00000  0.99781  1.00000
1.900000000e+00  0.00000  1.00000  0.51882  0.00008  0.00000  0.00000  0.99785  1.00000
1.910000000e+00  0.00000  1.00000  0.64870  0.00000  0.00000  0.00000  0.99790  1.00000
1.920000000e+00  0.00000  1.00000  0.86463  0.00003  0.00000  0.00000  0.99794  1.00000
1.930000000e+00  0.00000  1.00000  0.84410  0.00010  0.00000  0.00000  0.99798  1.00000
1.940000000e+00  0.00000  1.00000  0.19911  0.00154  0.00000  0.00000  0.99802  1.00000
1.950000000e+00  0.00000  1.00000  0.00000  0.01393  0.00000  0.00000  0.99806  1.00000
1.960000000e+00  0.00000  1.00000  0.00000  0.03637  0.00000  0.00000  0.99810  1.00000
1.970000000e+00  0.00000  1.00000  0.00000  0.29033  0.00000  0.00000  0.99814  1.00000
1.980000000e+00  0.00000  1.00000  0.00000  0.41927  0.00000  0.00000  0.99818  1.00000
1.990000000e+00  0.00000  1.00000  0.00417  0.47933  0.00000  0.00000  0.99822  1.00000
2.000000000e+00  0.00000  1.00000  0.00000  0.60457  0.00000  0.00000  0.99825  1.00000
2.010000000e+00  0.00000  1.00000  0.00000  0.50737  0.00000  0.00000  0.99829  1.00000
2.020000000e+00  0.00000  1.00000  0.00000  0.65245  0.00000  0.00000  0.99832  1.00000
2.030000000e+00  0.00000  1.00000  0.00000  0.84189  0.00000  0.00000  0.99835  1.00000
2.040000000e+00  0.00000  1.00000  0.00000  0.86698  0.00000  0.00000  0.99838  1.00000
2.050000000e+00  0.00000  1.00000  0.00000  0.94035  0.00000  0.00000  0.99841  1.00000
2.060000000e+00  0.00000  1.00000  0.00000  0.87326  0.00000  0.00000  0.99845  1.00000
2.070000000e+00  0.00000  1.00000  0.00000  0.89818  0.00000  0.00000  0.99848  1.00000
2.080000000e+00  0.00000  1.00000  0.00000  0.93280  0.00000  0.00000  0.99850  1.00000
2.090000000e+00  0.00000  1.00000  0.00000  0.93017  0.00000  0.00000  0.99853  1.00000
2.100000000e+00  0.00000  1.00000  0.00004  0.95916  0.00000  0.00000  0.99856  1.00000
2.110000000e+00  0.00000  1.00000  0.01974  0.96738  0.00000  0.00000  0.99859  1.00000
2.120000000e+00  0.00000  1.00000  0.06861  0.91174  0.00000  0.00000  0.99861  1.00000
2.130000000e+00  0.00000  1.00000  0.44397  0.87344  0.00000  0.00000  0.99864  1.00000
2.140000000e+00  0.00000  1.00000  0.63600  0.97155  0.00000  0.00000  0.99866  1.00000
2.150000000e+00  0.00000  1.00000  0.27587  0.98694  0.00000  0.00000  0.99869  1.00000
2.160000000e+00  0.00000  1.00000  0.34314  0.94772  0.00000  0.00000  0.99871  1.00000
2.170000000e+00  0.00000  1.00000  0.22761  0.88583  0.00000  0.00000  0.99874  1.00000
2.180000000e+00  0.00000  1.00000  0.54084  0.90814  0.00000  0.00000  0.99876  1.00000
2.190000000e+00  0.00000  1.00000  0.83119  0.80396  0.00000  0.00000  0.99878  1.00000
2.200000000e+00  0.00000  1.00000  0.88705  0.88106  0.00000  0.00000  0.99880  1.00000
2.210000000e+00  0.00000  1.00000  0.96481  0.91548  0.00000  0.00000  0.99883  1.00000
2.220000000e+00  0.00000  1.00000  0.95033  0.93586  0.00000  0.00000  0.99885  1.00000
2.230000000e+00  0.00000  1.00000  0.95401  0.95809  0.00000  0.00000  0.99887  1.00000
2.240000000e+00  0.00000  1.00000  0.98694  0.98050  0.00000  0.00000  0.99889  1.00000
2.250000000e+00  0.00000  1.00000  0.97823  0.98451  0.00000  0.00000  0.99891  1.00000
2.260000000e+00  0.00000  1.00000  0.94801  0.99396  0.00000  0.00000  0.99893  1.00000
2.270000000e+00  0.00000  1.00000  0.98749  0.98750  0.00000  0.00000  0.99895  1.00000
2.280000000e+00  0.00000  1.00000  0.97362  0.99775  0.00000  0.00000  0.99896  1.00000
2.290000000e+00  0.00000  1.00000  0.99200  0.98805  0.00000  0.00000  0.99898  1.00000
2.300000000e+00  0.00000  1.00000  0.99602  0.92683  0.00000  0.00000  0.99900  1.00000
2.310000000e+00  0.00000  1.00000  0.99747  0.97718  0.00000  0.00000  0.99902  1.00000
2.320000000e+00  0.00000  1.00000  0.99907  0.94244  0.00000  0.00000  0.99903  1.00000
2.330000000e+00  0.00000  1.00000  0.99989  0.93560  0.00000  0.00000  0.99905  1.00000
2.340000000e+00  0.00000  1.00000  0.99990  0.94815  0.00000  0.00000  0.99907  1.00000
2.350000000e+00  0.00000  1.00000  0.99987  0.86529  0.00000  0.00000  0.99908  1.00000
2.360000000e+00  0.00000  1.00000  0.99968  0.73904  0.00000  0.00000  0.99910  1.00000
2.370000000e+00  0.00000  1.00000  0.99823  0.76479  0.00000  0.00000  0.99911  1.00000
2.380000000e+00  0.00000  1.00000  0.99715  0.58550  0.00000  0.00000  0.99913  1.00000
2.390000000e+00  0.00000  1.00000  0.99066  0.48757  0.00000  0.00000  0.99914  1.00000
2.400000000e+00  0.00000  1.00000  0.98871  0.56988  0.00000  0.00000  0.99916  1.00000
2.410000000e+00  0.00000  1.00000  0.98691  0.40049  0.00000  0.00000  0.99917  1.00000
2.420000000e+00  0.00000  1.00000  0.99685  0.21242  0.00000  0.00000  0.99918  1.00000
2.430000000e+00  0.00000  1.00000  0.99991  0.41579  0.00000  0.00000  0.99920  1.00000
2.440000000e+00  0.00000  1.00000  0.99986  0.10613  0.00000  0.00000  0.99921  1.00000
2.450000000e+00  0.00000  1.00000  0.99965  0.17923  0.00000  0.00000  0.99922  1.00000
2.460000000e+00  0.00000  1.00000  0.99948  0.28123  0.00000  0.00000  0.99923  1.00000
2.470000000e+00  0.00000  1.00000  0.99264  0.24369  0.00000  0.00000  0.99925  1.00000
2.480000000e+00  0.00000  1.00000  0.97013  0.12970  0.00000  0.00000  0.99926  1.00000
2.490000000e+00  0.00000  1.00000  0.32458  0.01079  0.00000  0.00000  0.99927  1.00000
2.500000000e+00  0.00000  1.00000  0.73640  0.00806  0.00000  0.00000  0.99928  1.00000
2.510000000e+00  0.00000  1.00000  0.70624  0.00263  0.00000  0.00000  0.99929  1.00000
2.520000000e+00  0.00000  1.00000  0.68298  0.00112  0.00000  0.00000  0.99930  1.00000
2.530000000e+00  0.00000  1.00000  0.83989  0.00000  0.00000  0.00000  0.99932  1.00000
2.540000000e+00  0.00000  1.00000  0.90338  0.00000  0.00000  0.00000  0.99933  1.00000
2.550000000e+00  0.00000  1.00000  0.97579  0.00000  0.00000  0.00000  0.99934  1.00000
2.560000000e+00  0.00000  1.00000  0.94464  0.00000  0.00000  0.00000  0.99935  1.00000
2.570000000e+00  0.00000  1.00000  0.96769  0.00000  0.00000  0.00000  0.99936  1.00000
2.580000000e+00  0.00000  1.00000  0.79192  0.00000  0.00000  0.00000  0.99937  1.00000
2.590000000e+00  0.00000  1.00000  0.54527  0.00000  0.00000  0.00000  0.99938  1.00000
2.600000000e+00  0.00000  1.00000  0.64978  0.00000  0.00000  0.00000  0.99939  1.00000
2.610000000e+00  0.00000  1.00000  0.18900  0.00000  0.00000  0.00000  0.99940  1.00000
2.620000000e+00  0.00000  1.00000  0.07305  0.00000  0.00000  0.00000  0.99940  1.00000
2.630000000e+00  0.00000  1.00000  0.25127  0.00000  0.00000  0.00000  0.99941  1.00000
2.640000000e+00  0.00000  1.00000  0.21429  0.00000  0.00000  0.00000  0.99942  1.00000
2.650000000e+00  0.00000  1.00000  0.38129  0.00000  0.00000  0.00000  0.99943  1.00000
2.660000000e+00  0.00000  1.00000  0.00070  0.00000  0.00000  0.00000  0.99944  1.00000
2.670000000e+00  0.00000  1.00000  0.00000  0.00000  0.00000  0.00000  0.99945  1.00000
2.680000000e+00  0.00000  1.00000  0.00000  0.00000  0.00000  0.00000  0.99946  1.00000
2.690000000e+00  0.00000  1.00000  0.00000  0.00000  0.00000  0.00000  0.99946  1.00000
2.700000000e+00  0.00000  1.00000  0.00000  0.00000  0.00000  0.00000  0.99947  1.00000
2.710000000e+00  0.00000  1.00000  0.00000  0.00000  0.00000  0.00000  0.99948  1.00000
2.720000000e+00  0.00000  1.00000  0.00000  0.00000  0.00000  0.00000  0.99949  1.00000
2.730000000e+00  0.00000  1.00000  0.00000  0.00000  0.00000  0.00000  0.99950  1.00000
2.740000000e+00  0.00000  1.00000  0.00000  0.00000  0.00000  0.00000  0.99950  1.00000
2.750000000e+00  0.00000  1.00000  0.00000  0.00000  0.00000  0.00000  0.99951  1.00000
2.760000000e+00  0.00000  1.00000  0.00000  0.00000  0.00000  0.00000  0.99952  1.00000
2.770000000e+00  0.00000  1.00000  0.00000  0.00000  0.00000  0.00000  0.99952  1.00000
2.780000000e+00  0.00000  1.00000  0.00000  0.00000  0.00000  0.00000  0.99953  1.00000
2.790000000e+00  0.00000  1.00000  0.00000  0.00000  0.00000  0.00000  0.99954  1.00000
2.800000000e+00  0.00000  1.00000  0.00000  0.00000  0.00000  0.00000  0.99954  1.00000
2.810000000e+00  0.00000  1.00000  0.00000  0.00000  0.00000  0.00000  0.99955  1.00000
2.820000000e+00  0.00000  1.00000  0.00000  0.00000  0.00000  0.00000  0.99956  1.00000
2.830000000e+00  0.00000  1.00000  0.00000  0.00000  0.00000  0.00000  0.99956  1.00000
2.840000000e+00  0.00000  1.00000  0.00000  0.00000  0.00000  0.00000  0.99957  1.00000
2.850000000e+00  0.00000  1.00000  0.00000  0.00003  0.00000  0.00000  0.99957  1.00000
2.860000000e+00  0.00000  1.00000  0.00000  0.00000  0.00000  0.00000  0.99958  1.00000
2.870000000e+00  0.00000  1.00000  0.00000  0.00010  0.00000  0.00000  0.99959  1.00000
2.880000000e+00  0.00000  1.00000  0.00000  0.00030  0.00000  0.00000  0.99959  1.00000
2.890000000e+00  0.00000  1.00000  0.00003  0.00021  0.00000  0.00000  0.99960  1.00000
2.900000000e+00  0.00000  1.00000  0.00455  0.00817  0.00000  0.00000  0.99960  1.00000
2.910000000e+00  0.00000  1.00000  0.08672  0.00202  0.00000  0.00000  0.99961  1.00000
2.920000000e+00  0.00000  1.00000  0.35894  0.00347  0.00000  0.00000  0.99961  1.00000
2.930000000e+00  0.00000  1.00000  0.56555  0.01764  0.00000  0.00000  0.99962  1.00000
2.940000000e+00  0.00000  1.00000  0.69196  0.06197  0.00000  0.00000  0.99962  1.00000
2.950000000e+00  0.00000  1.00000  0.82733  0.00275  0.00000  0.00000  0.99963  1.00000
2.960000000e+00  0.00000  1.00000  0.42623  0.02204  0.00000  0.00000  0.99963  1.00000
2.970000000e+00  0.00000  1.00000  0.05300  0.05584  0.00000  0.00000  0.99964  1.00000
2.980000000e+00  0.00000  1.00000  0.00367  0.00014  0.00000  0.00000  0.99964  1.00000
2.990000000e+00  0.00000  1.00000  0.01410  0.07921  0.00000  0.00000  0.99965  1.00000
3.000000000e+00  0.00000  1.00000  0.28551  0.11065  0.00000  0.00000  0.99965  1.00000
3.010000000e+00  0.00000  1.00000  0.30276  0.08903  0.00000  0.00000  0.99966  1.00000
3.020000000e+00  0.00000  1.00000  0.05637  0.06284  0.00000  0.00000  0.99966  1.00000
3.030000000e+00  0.00000  1.00000  0.11594  0.05535  0.00000  0.00000  0.99967  1.00000
3.040000000e+00  0.00000  1.00000  0.32009  0.01270  0.00000  0.00000  0.99967  1.00000
3.050000000e+00  0.00000  1.00000  0.63876  0.01541  0.00000  0.00000  0.99968  1.00000
3.060000000e+00  0.00000  1.00000  0.68936  0.02043  0.00000  0.00000  0.99968  1.00000
3.070000000e+00  0.00000  1.00000  0.83636  0.01244  0.00000  0.00000  0.99968  1.00000
3.080000000e+00  0.00000  1.00000  0.87265  0.04536  0.00000  0.00000  0.99969  1.00000
3.090000000e+00  0.00000  1.00000  0.93188  0.00187  0.00000  0.00000  0.99969  1.00000
3.100000000e+00  0.00000  1.00000  0.89959  0.00156  0.00000  0.00000  0.99970  1.00000
3.110000000e+00  0.00000  1.00000  0.71933  0.01794  0.00000  0.00000  0.99970  1.00000
3.120000000e+00  0.00000  1.00000  0.49188  0.00247  0.00000  0.00000  0.99970  1.00000
3.130000000e+00  0.00000  1.00000  0.39649  0.08308  0.00000  0.00000  0.99971  1.00000
3.140000000e+00  0.00000  1.00000  0.55570  0.18897  0.00000  0.00000  0.99971  1.00000
3.150000000e+00  0.00000  1.00000  0.75926  0.04022  0.00000  0.00000  0.99971  1.00000
3.160000000e+00  0.00000  1.00000  0.60697  0.13990  0.00000  0.00000  0.99972  1.00000
3.170000000e+00  0.00000  1.00000  0.43517  0.69056  0.00000  0.00000  0.99972  1.00000
3.180000000e+00  0.00000  1.00000  0.50112  0.54938  0.00000  0.00000  0.99973  1.00000
3.190000000e+00  0.00000  1.00000  0.67168  0.26494  0.00000  0.00000  0.99973  1.00000
3.200000000e+00  0.00000  1.00000  0.83664  0.06495  0.00000  0.00000  0.99973  1.00000
3.210000000e+00  0.00000  1.00000  0.93569  0.00008  0.00000  0.00000  0.99974  1.00000
3.220000000e+00  0.00000  1.00000  0.91256  0.00045  0.00000  0.00000  0.99974  1.00000
3.230000000e+00  0.00000  1.00000  0.90598  0.00477  0.00000  0.00000  0.99974  1.00000
3.240000000e+00  0.00000  1.00000  0.95122  0.14921  0.00000  0.00000  0.99974  1.00000
3.250000000e+00  0.00000  1.00000  0.98828  0.05746  0.00000  0.00000  0.99975  1.00000
3.260000000e+00  0.00000  1.00000  0.99668  0.34339  0.00000  0.00000  0.99975  1.00000
3.270000000e+00  0.00000  1.00000  0.99629  0.02642  0.00000  0.00000  0.99975  1.00000
3.280000000e+00  0.00000  1.00000  0.99691  0.07450  0.00000  0.00000  0.99976  1.00000
3.290000000e+00  0.00000  1.00000  0.99859  0.33297  0.00000  0.00000  0.99976  1.00000
3.300000000e+00  0.00000  1.00000  0.99938  0.16302  0.00000  0.00000  0.99976  1.00000
3.310000000e+00  0.00000  1.00000  0.99950  0.02807  0.00000  0.00000  0.99977  1.00000
3.320000000e+00  0.00000  1.00000  0.99902  0.23865  0.00000  0.00000  0.99977  1.00000
3.330000000e+00  0.00000  1.00000  0.99378  0.07927  0.00000  0.00000  0.99977  1.00000
3.340000000e+00  0.00000  1.00000  0.97872  0.40604  0.00000  0.00000  0.99977  0.99990
3.350000000e+00  0.00000  1.00000  0.96597  0.15537  0.00000  0.00000  0.99978  0.99986
3.360000000e+00  0.00000  1.00000  0.86125  0.16764  0.00000  0.00000  0.99978  0.99991
3.370000000e+00  0.00000  1.00000  0.96003  0.22057  0.00000  0.00000  0.99978  0.99983
3.380000000e+00  0.00000  1.00000  0.97140  0.34386  0.00000  0.00000  0.99978  0.99994
3.390000000e+00  0.00000  1.00000  0.98472  0.47006  0.00000  0.00000  0.99979  0.99992
3.400000000e+00  0.00000  1.00000  0.99448  0.68917  0.00000  0.00000  0.99979  0.99996
3.410000000e+00  0.00000  1.00000  0.99800  0.52218  0.00000  0.00000  0.99979  0.99997
3.420000000e+00  0.00000  1.00000  0.99932  0.65550  0.00000  0.00000  0.99979  1.00000
3.430000000e+00  0.00000  1.00000  0.99912  0.89155  0.00000  0.00000  0.99980  0.99995
3.440000000e+00  0.00000  1.00000  0.99932  0.79258  0.00000  0.00000  0.99980  0.99992
3.450000000e+00  0.00000  1.00000  0.99658  0.79317  0.00000  0.00000  0.99980  0.99981
3.460000000e+00  0.00000  1.00000  0.99740  0.74346  0.00000  0.00000  0.99980  0.99993
3.470000000e+00  0.00000  1.00000  0.99907  0.87571  0.00000  0.00000  0.99981  0.99984
3.480000000e+00  0.00000  1.00000  0.99935  0.82949  0.00000  0.00000  0.99981  0.99989
3.490000000e+00  0.00000  1.00000  0.99958  0.86526  0.00000  0.00000  0.99981  0.99989
3.500000000e+00  0.00000  1.00000  0.99961  0.83776  0.00000  0.00000  0.99981  0.99994
3.510000000e+00  0.00000  1.00000  0.99933  0.85079  0.00000  0.00000  0.99981  0.99998
3.520000000e+00  0.00000  1.00000  0.99819  0.79190  0.00000  0.00000  0.99982  0.99998
3.530000000e+00  0.00000  1.00000  0.99520  0.75769  0.00000  0.00000  0.99982  0.99996
3.540000000e+00  0.00000  1.00000  0.98924  0.73828  0.00000  0.00000  0.99982  0.99993
3.550000000e+00  0.00000  1.00000  0.97693  0.70315  0.00000  0.00000  0.99982  0.99995
3.560000000e+00  0.00000  1.00000  0.94948  0.59246  0.00000  0.00000  0.99982  0.99978
3.570000000e+00  0.00000  1.00000  0.90784  0.72395  0.00000  0.00000  0.99983  0.99978
3.580000000e+00  0.00000  1.00000  0.87648  0.66543  0.00000  0.00000  0.99983  0.99960
3.590000000e+00  0.00000  1.00000  0.82106  0.75738  0.00000  0.00000  0.99983  0.99959
3.600000000e+00  0.00000  1.00000  0.66996  0.65948  0.00000  0.00000  0.99983  0.99964
3.610000000e+00  0.00000  1.00000  0.53924  0.83886  0.00000  0.00000  0.99983  0.99966
3.620000000e+00  0.00000  1.00000  0.48641  0.69341  0.00000  0.00000  0.99984  0.99956
3.630000000e+00  0.00000  1.00000  0.67929  0.82861  0.00000  0.00000  0.99984  0.99947
3.640000000e+00  0.00000  1.00000  0.63854  0.73643  0.00000  0.00000  0.99984  0.99930
3.650000000e+00  0.00000  1.00000  0.51329  0.93131  0.00000  0.00000  0.99984  0.99919
3.660000000e+00  0.00000  1.00000  0.61781  0.78918  0.00000  0.00000  0.99984  0.99911
3.670000000e+00  0.00000  1.00000  0.80812  0.79781  0.00000  0.00000  0.99984  0.99903
3.680000000e+00  0.00000  1.00000  0.93415  0.41648  0.00000  0.00000  0.99985  0.99888
3.690000000e+00  0.00000  1.00000  0.96893  0.57721  0.00000  0.00000  0.99985  0.99864
3.700000000e+00  0.00000  1.00000  0.97975  0.79225  0.00000  0.00000  0.99985  0.99846
3.710000000e+00  0.00000  1.00000  0.98898  0.91811  0.00000  0.00000  0.99985  0.99658
3.720000000e+00  0.00000  1.00000  0.97942  0.72156  0.00000  0.00000  0.99985  0.99540
3.730000000e+00  0.00000  1.00000  0.97821  0.84936  0.00000  0.00000  0.99985  0.99490
3.740000000e+00  0.00000  1.00000  0.97768  0.72569  0.00000  0.00000  0.99986  0.99434
3.750000000e+00  0.00000  1.00000  0.94093  0.81452  0.00000  0.00000  0.99986  0.99358
3.760000000e+00  0.00000  1.00000  0.84607  0.76827  0.00000  0.00000  0.99986  0.99277
3.770000000e+00  0.00000  1.00000  0.72183  0.71923  0.00000  0.00000  0.99986  0.99181
3.780000000e+00  0.00000  1.00000  0.55004  0.73543  0.00000  0.00000  0.99986  0.99060
3.790000000e+00  0.00000  1.00000  0.37697  0.78864  0.00000  0.00000  0.99986  0.98908
3.800000000e+00  0.00000  1.00000  0.14871  0.73790  0.00000  0.00000  0.99986  0.98746
3.810000000e+00  0.00000  1.00000  0.03964  0.88889  0.00000  0.00000  0.99987  0.98551
3.820000000e+00  0.00000  1.00000  0.06218  0.71303  0.00000  0.00000  0.99987  0.98339
3.830000000e+00  0.00000  1.00000  0.25971  0.87125  0.00000  0.00000  0.99987  0.98098
3.840000000e+00  0.00000  1.00000  0.12699  0.76582  0.00000  0.00000  0.99987  0.97817
3.850000000e+00  0.00000  1.00000  0.06554  0.88150  0.00000  0.00000  0.99987  0.97492
3.860000000e+00  0.00000  1.00000  0.12019  0.85774  0.00000  0.00000  0.99987  0.97122
3.870000000e+00  0.00000  1.00000  0.29003  0.89779  0.00000  0.00000  0.99987  0.96713
3.880000000e+00  0.00000  1.00000  0.53739  0.89303  0.00000  0.00000  0.99988  0.96248
3.890000000e+00  0.00000  1.00000  0.75761  0.91848  0.00000  0.00000  0.99988  0.95709
3.900000000e+00  0.00000  1.00000  0.90456  0.94854  0.00000  0.00000  0.99988  0.95101
3.910000000e+00  0.00000  1.00000  0.96017  0.90900  0.00000  0.00000  0.99988  0.94415
3.920000000e+00  0.00000  1.00000  0.96462  0.98018  0.00000  0.00000  0.99988  0.93606
3.930000000e+00  0.00000  1.00000  0.92720  0.95674  0.00000  0.00000  0.99988  0.92683
3.940000000e+00  0.00000  1.00000  0.84464  0.98114  0.00000  0.00000  0.99988  0.91614
3.950000000e+00  0.00000  1.00000  0.71922  0.98414  0.00000  0.00000  0.99988  0.90411
3.960000000e+00  0.00000  1.00000  0.50264  0.97381  0.00000  0.00000  0.99989  0.88983
3.970000000e+00  0.00000  1.00000  0.33044  0.99274  0.00000  0.00000  0.99989  0.87357
3.980000000e+00  0.00000  1.00000  0.17900  0.98392  0.00000  0.00000  0.99989  0.85544
3.990000000e+00  0.00000  1.00000  0.12953  0.99512  0.00000  0.00000  0.99989  0.83468
4.000000000e+00  0.00000  1.00000  0.30634  0.99316  0.00000  0.00000  0.99989  0.81079
4.010000000e+00  0.00000  1.00000  0.37918  0.99316  0.00000  0.00000  0.99989  0.78468
4.020000000e+00  0.00000  1.00000  0.16832  0.99816  0.00000  0.00000  0.99989  0.75625
4.030000000e+00  0.00000  1.00000  0.14729  0.99333  0.00000  0.00000  0.99989  0.72611
4.040000000e+00  0.00000  1.00000  0.20718  0.99661  0.00000  0.00000  0.99989  0.69432
4.050000000e+00  0.00000  1.00000  0.34872  0.99683  0.00000  0.00000  0.99989  0.66065
4.060000000e+00  0.00000  1.00000  0.52217  0.99622  0.00000  0.00000  0.99990  0.62678
4.070000000e+00  0.00000  1.00000  0.57897  0.99599  0.00000  0.00000  0.99990  0.59276
4.080000000e+00  0.00000  1.00000  0.28772  0.99806  0.00000  0.00000  0.99990  0.56046
4.090000000e+00  0.00000  1.00000  0.09093  0.99792  0.00000  0.00000  0.99990  0.53028
4.100000000e+00  0.00000  1.00000  0.04095  0.99820  0.00000  0.00000  0.99990  0.50210
4.110000000e+00  0.00000  1.00000  0.05202  0.99340  0.00000  0.00000  0.99990  0.47680
4.120000000e+00  0.00000  1.00000  0.21600  0.99821  0.00000  0.00000  0.99990  0.45517
4.130000000e+00  0.00000  1.00000  0.26586  0.99551  0.00000  0.00000  0.99990  0.43708
4.140000000e+00  0.00000  1.00000  0.11967  0.99702  0.00000  0.00000  0.99990  0.42277
4.150000000e+00  0.00000  1.00000  0.05123  0.99905  0.00000  0.00000  0.99990  0.41205
4.160000000e+00  0.00000  1.00000  0.00023  0.99496  0.00000  0.00000  0.99991  0.40529
4.170000000e+00  0.00000  1.00000  0.00000  0.99700  0.00000  0.00000  0.99991  0.40136
4.180000000e+00  0.00000  1.00000  0.00000  0.99639  0.00000  0.00000  0.99991  0.40234
4.190000000e+00  0.00000  1.00000  0.00000  0.99653  0.00000  0.00000  0.99991  0.40424
4.200000000e+00  0.00000  1.00000  0.00000  0.99598  0.00000  0.00000  0.99991  0.40937
4.210000000e+00  0.00000  1.00000  0.00000  0.99380  0.00000  0.00000  0.99991  0.41256
4.220000000e+00  0.00000  1.00000  0.00000  0.99422  0.00000  0.00000  0.99991  0.41348
4.230000000e+00  0.00000  1.00000  0.00000  0.99358  0.00000  0.00000  0.99991  0.41093
4.240000000e+00  0.00000  1.00000  0.00000  0.99516  0.00000  0.00000  0.99991  0.40305
4.250000000e+00  0.00000  1.00000  0.00000  0.98790  0.00000  0.00000  0.99991  0.38810
4.260000000e+00  0.00000  1.00000  0.00000  0.98506  0.00000  0.00000  0.99991  0.35943
4.270000000e+00  0.00000  1.00000  0.00000  0.99474  0.00000  0.00000  0.99991  0.31646
4.280000000e+00  0.00000  1.00000  0.00000  0.97822  0.00000  0.00000  0.99992  0.28662
4.290000000e+00  0.00000  1.00000  0.00000  0.97498  0.00000  0.00000  0.99992  0.26843
4.300000000e+00  0.00000  1.00000  0.00000  0.97164  0.00000  0.00000  0.99992  0.27300
4.310000000e+00  0.00000  1.00000  0.00000  0.95024  0.00000  0.00000  0.99992  0.30062
4.320000000e+00  0.00000  1.00000  0.00000  0.96041  0.00000  0.00000  0.99992  0.34083
4.330000000e+00  0.00000  1.00000  0.00000  0.95857  0.00000  0.00000  0.99992  0.39568
4.340000000e+00  0.00000  1.00000  0.00000  0.94840  0.00000  0.00000  0.99992  0.44176
4.350000000e+00  0.00000  1.00000  0.00000  0.94709  0.00000  0.00000  0.99992  0.47656
4.360000000e+00  0.00000  1.00000  0.00000  0.92804  0.00000  0.00000  0.99992  0.50167
4.370000000e+00  0.00000  1.00000  0.00000  0.84863  0.00000  0.00000  0.99992  0.51972
4.380000000e+00  0.00000  1.00000  0.00000  0.94712  0.00000  0.00000  0.99992  0.53325
4.390000000e+00  0.00000  1.00000  0.00000  0.92802  0.00000  0.00000  0.99992  0.54556
4.400000000e+00  0.00000  1.00000  0.00000  0.89386  0.00000  0.00000  0.99992  0.55431
4.410000000e+00  0.00000  1.00000  0.00000  0.78552  0.00000  0.00000  0.99992  0.56568
4.420000000e+00  0.00000  1.00000  0.00000  0.96497  0.00000  0.00000  0.99993  0.57666
4.430000000e+00  0.00000  1.00000  0.00000  0.87305  0.00000  0.00000  0.99993  0.58953
4.440000000e+00  0.00000  1.00000  0.00000  0.73031  0.00000  0.00000  0.99993  0.60331
4.450000000e+00  0.00000  1.00000  0.00000  0.79356  0.00000  0.00000  0.99993  0.61942
4.460000000e+00  0.00000  1.00000  0.00000  0.81874  0.00000  0.00000  0.99993  0.63549
4.470000000e+00  0.00000  1.00000  0.00000  0.83489  0.00000  0.00000  0.99993  0.65496
4.480000000e+00  0.00000  1.00000  0.00000  0.82148  0.00000  0.00000  0.99993  0.67339
4.490000000e+00  0.00000  1.00000  0.00000  0.85404  0.00000  0.00000  0.99993  0.69451
4.500000000e+00  0.00000  1.00000  0.00000  0.87766  0.00000  0.00000  0.99993  0.71404
4.510000000e+00  0.00000  1.00000  0.00000  0.87068  0.00000  0.00000  0.99993  0.73530
4.520000000e+00  0.00000  1.00000  0.00000  0.80789  0.00000  0.00000  0.99993  0.75602
4.530000000e+00  0.00000  1.00000  0.00000  0.68963  0.00000  0.00000  0.99993  0.77620
4.540000000e+00  0.00000  1.00000  0.00003  0.66970  0.00000  0.00000  0.99993  0.79595
4.550000000e+00  0.00000  1.00000  0.00031  0.82792  0.00000  0.00000  0.99993  0.81493
4.560000000e+00  0.00000  1.00000  0.00588  0.91582  0.00000  0.00000  0.99993  0.83301
4.570000000e+00  0.00000  1.00000  0.03817  0.82581  0.00000  0.00000  0.99993  0.84936
4.580000000e+00  0.00000  1.00000  0.12504  0.73410  0.00000  0.00000  0.99994  0.86526
4.590000000e+00  0.00000  1.00000  0.17893  0.79205  0.00000  0.00000  0.99994  0.87969
4.600000000e+00  0.00000  1.00000  0.25916  0.81993  0.00000  0.00000  0.99994  0.89297
4.610000000e+00  0.00000  1.00000  0.31778  0.85599  0.00000  0.00000  0.99994  0.90515
4.620000000e+00  0.00000  1.00000  0.26221  0.81516  0.00000  0.00000  0.99994  0.91624
4.630000000e+00  0.00000  1.00000  0.11962  0.63076  0.00000  0.00000  0.99994  0.92625
4.640000000e+00  0.00000  1.00000  0.09188  0.64110  0.00000  0.00000  0.99994  0.93525
4.650000000e+00  0.00000  1.00000  0.07512  0.65778  0.00000  0.00000  0.99994  0.94332
4.660000000e+00  0.00000  1.00000  0.07617  0.59722  0.00000  0.00000  0.99994  0.95054
4.670000000e+00  0.00000  1.00000  0.08335  0.52573  0.00000  0.00000  0.99994  0.95666
4.680000000e+00  0.00000  1.00000  0.02981  0.53416  0.00000  0.00000  0.99994  0.96149
4.690000000e+00  0.00000  1.00000  0.01307  0.23959  0.00000  0.00000  0.99994  0.96672
4.700000000e+00  0.00000  1.00000  0.00153  0.88373  0.00000  0.00000  0.99994  0.97088
4.710000000e+00  0.00000  1.00000  0.00004  0.79039  0.00000  0.00000  0.99994  0.97436
4.720000000e+00  0.00000  1.00000  0.00002  0.47662  0.00000  0.00000  0.99994  0.97764
4.730000000e+00  0.00000  1.00000  0.00000  0.60733  0.00000  0.00000  0.99994  0.98007
4.740000000e+00  0.00000  1.00000  0.00000  0.45232  0.00000  0.00000  0.99994  0.98296
4.750000000e+00  0.00000  1.00000  0.00000  0.68919  0.00000  0.00000  0.99994  0.98515
4.760000000e+00  0.00000  1.00000  0.00000  0.57737  0.00000  0.00000  0.99994  0.98711
4.770000000e+00  0.00000  1.00000  0.00000  0.59158  0.00000  0.00000  0.99994  0.98884
4.780000000e+00  0.00000  1.00000  0.00000  0.47484  0.00000  0.00000  0.99995  0.98947
4.790000000e+00  0.00000  1.00000  0.00000  0.29647  0.00000  0.00000  0.99995  0.99083
4.800000000e+00  0.00000  1.00000  0.00000  0.33708  0.00000  0.00000  0.99995  0.99280
4.810000000e+00  0.00000  1.00000  0.00000  0.50690  0.00000  0.00000  0.99995  0.99397
4.820000000e+00  0.00000  1.00000  0.00000  0.45416  0.00000  0.00000  0.99995  0.99476
4.830000000e+00  0.00000  1.00000  0.00000  0.27966  0.00000  0.00000  0.99995  0.99572
4.840000000e+00  0.00000  1.00000  0.00000  0.49046  0.00000  0.00000  0.99995  0.99238
4.850000000e+00  0.00000  1.00000  0.00000  0.13712  0.00000  0.00000  0.99995  0.99525
4.860000000e+00  0.00000  1.00000  0.00000  0.10891  0.00000  0.00000  0.99995  0.99732
4.870000000e+00  0.00000  1.00000  0.00000  0.62047  0.00000  0.00000  0.99995  0.99784
4.880000000e+00  0.00000  1.00000  0.00000  0.63030  0.00000  0.00000  0.99995  0.99808
4.890000000e+00  0.00000  1.00000  0.00000  0.56574  0.00000  0.00000  0.99995  0.99761
4.900000000e+00  0.00000  1.00000  0.00000  0.09257  0.00000  0.00000  0.99995  0.99519
4.910000000e+00  0.00000  1.00000  0.00000  0.05922  0.00000  0.00000  0.99995  0.99835
4.920000000e+00  0.00000  1.00000  0.00000  0.30609  0.00000  0.00000  0.99995  0.99867
4.930000000e+00  0.00000  1.00000  0.00000  0.53988  0.00000  0.00000  0.99995  0.99878
4.940000000e+00  0.00000  1.00000  0.00012  0.29095  0.00000  0.00000  0.99995  0.99877
4.950000000e+00  0.00000  1.00000  0.00055  0.09479  0.00000  0.00000  0.99995  0.99677
4.960000000e+00  0.00000  1.00000  0.00131  0.03396  0.00000  0.00000  0.99995  0.98823
4.970000000e+00  0.00000  1.00000  0.01090  0.01186  0.00000  0.00000  0.99995  0.99903
4.980000000e+00  0.00000  1.00000  0.03219  0.20057  0.00000  0.00000  0.99995  0.99908
4.990000000e+00  0.00000  1.00000  0.08258  0.05242  0.00000  0.00000  0.99995  0.99930
5.000000000e+00  0.00000  1.00000  0.07575  0.31369  0.00000  0.00000  0.99995  0.99932
