results_atm.txt
# ------------------------------------------------------------------------
# Atmospheric radiances synthesized with PUMAS (Villanueva et al. 2016, Smith et al. 2009, Edwards 1992)
# Molecular abundance profile: 
# Molecules considered: N2,CO2,H2O
# Molecular sources: HIT[22],HIT[2],HIT[1]
# Molecular abundances: 1,1,1
# Molecular abundance units: scl,scl,scl
# Collission-Induced-Absorption:  N2-N2(3.33-5.41um)
# Rayleigh scattering included
# ------------------------------------------------------------------------
# Wave/freq TRAPPIST-1-e
1.000000000e+00  6.08654e-10
1.010000000e+00  6.12214e-10
1.020000000e+00  6.15443e-10
1.030000000e+00  6.18334e-10
1.040000000e+00  6.03598e-10
1.050000000e+00  6.22987e-10
1.060000000e+00  6.24048e-10
1.070000000e+00  6.21790e-10
1.080000000e+00  6.27674e-10
1.090000000e+00  6.29055e-10
1.100000000e+00  6.29684e-10
1.110000000e+00  6.30180e-10
1.120000000e+00  6.26414e-10
1.130000000e+00  6.24516e-10
1.140000000e+00  6.28029e-10
1.150000000e+00  6.26437e-10
1.160000000e+00  6.28668e-10
1.170000000e+00  6.28293e-10
1.180000000e+00  6.27084e-10
1.190000000e+00  6.25739e-10
1.200000000e+00  6.24339e-10
1.210000000e+00  5.24391e-10
1.220000000e+00  5.69245e-10
1.230000000e+00  5.88134e-10
1.240000000e+00  6.07472e-10
1.250000000e+00  6.14170e-10
1.260000000e+00  6.09521e-10
1.270000000e+00  6.07048e-10
1.280000000e+00  6.06975e-10
1.290000000e+00  5.99839e-10
1.300000000e+00  5.91048e-10
1.310000000e+00  5.97868e-10
1.320000000e+00  5.50767e-10
1.330000000e+00  5.90992e-10
1.340000000e+00  5.60825e-10
1.350000000e+00  5.76846e-10
1.360000000e+00  5.65613e-10
1.370000000e+00  5.58534e-10
1.380000000e+00  5.55865e-10
1.390000000e+00  5.56629e-10
1.400000000e+00  5.53791e-10
1.410000000e+00  5.47853e-10
1.420000000e+00  5.57049e-10
1.430000000e+00  5.49324e-10
1.440000000e+00  2.56589e-10
1.450000000e+00  4.50620e-10
1.460000000e+00  5.37649e-10
1.470000000e+00  5.34369e-10
1.480000000e+00  4.95247e-10
1.490000000e+00  5.20565e-10
1.500000000e+00  4.93722e-10
1.510000000e+00  5.19964e-10
1.520000000e+00  5.16533e-10
1.530000000e+00  4.76202e-10
1.540000000e+00  4.37427e-10
1.550000000e+00  4.92680e-10
1.560000000e+00  4.98192e-10
1.570000000e+00  4.43338e-10
1.580000000e+00  3.04701e-10
1.590000000e+00  4.63458e-10
1.600000000e+00  4.28262e-10
1.610000000e+00  2.98627e-10
1.620000000e+00  4.12296e-10
1.630000000e+00  4.49226e-10
1.640000000e+00  4.27479e-10
1.650000000e+00  4.15653e-10
1.660000000e+00  4.38725e-10
1.670000000e+00  4.40188e-10
1.680000000e+00  4.41751e-10
1.690000000e+00  4.45363e-10
1.700000000e+00  4.43037e-10
1.710000000e+00  4.35332e-10
1.720000000e+00  4.34312e-10
1.730000000e+00  4.31350e-10
1.740000000e+00  4.27476e-10
1.750000000e+00  4.23360e-10
1.760000000e+00  4.18776e-10
1.770000000e+00  4.15053e-10
1.780000000e+00  4.11350e-10
1.790000000e+00  4.07027e-10
1.800000000e+00  4.03111e-10
1.810000000e+00  3.98580e-10
1.820000000e+00  3.90982e-10
1.830000000e+00  3.83785e-10
1.840000000e+00  3.73955e-10
1.850000000e+00  3.71601e-10
1.860000000e+00  3.64625e-10
1.870000000e+00  3.65386e-10
1.880000000e+00  3.23156e-10
1.890000000e+00  3.23343e-10
1.900000000e+00  3.49213e-10
1.910000000e+00  3.46059e-10
1.920000000e+00  3.50162e-10
1.930000000e+00  3.47200e-10
1.940000000e+00  3.32014e-10
1.950000000e+00  1.82148e-10
1.960000000e+00  5.87188e-11
1.970000000e+00  6.41346e-11
1.980000000e+00  1.86537e-10
1.990000000e+00  2.55184e-10
2.000000000e+00  1.53238e-10
2.010000000e+00  3.63836e-11
2.020000000e+00  4.54255e-11
2.030000000e+00  1.15499e-10
2.040000000e+00  1.38733e-10
2.050000000e+00  1.25555e-10
2.060000000e+00  5.89167e-11
2.070000000e+00  6.41862e-11
2.080000000e+00  1.21020e-10
2.090000000e+00  1.55544e-10
2.100000000e+00  2.03736e-10
2.110000000e+00  2.44812e-10
2.120000000e+00  2.55524e-10
2.130000000e+00  2.78827e-10
2.140000000e+00  2.81288e-10
2.150000000e+00  2.56301e-10
2.160000000e+00  2.54145e-10
2.170000000e+00  2.50988e-10
2.180000000e+00  2.63306e-10
2.190000000e+00  2.70206e-10
2.200000000e+00  2.69972e-10
2.210000000e+00  2.68064e-10
2.220000000e+00  2.64356e-10
2.230000000e+00  2.62112e-10
2.240000000e+00  2.60785e-10
2.250000000e+00  2.58126e-10
2.260000000e+00  2.54289e-10
2.270000000e+00  2.52985e-10
2.280000000e+00  2.50286e-10
2.290000000e+00  2.48344e-10
2.300000000e+00  2.45884e-10
2.310000000e+00  2.43474e-10
2.320000000e+00  2.41110e-10
2.330000000e+00  2.38728e-10
2.340000000e+00  2.36367e-10
2.350000000e+00  2.34033e-10
2.360000000e+00  2.31723e-10
2.370000000e+00  2.29467e-10
2.380000000e+00  2.27156e-10
2.390000000e+00  2.24791e-10
2.400000000e+00  2.22458e-10
2.410000000e+00  2.20245e-10
2.420000000e+00  2.18355e-10
2.430000000e+00  2.16499e-10
2.440000000e+00  2.13462e-10
2.450000000e+00  2.11928e-10
2.460000000e+00  2.10283e-10
2.470000000e+00  2.08057e-10
2.480000000e+00  2.04689e-10
2.490000000e+00  1.97234e-10
2.500000000e+00  1.96843e-10
2.510000000e+00  1.95225e-10
2.520000000e+00  1.92324e-10
2.530000000e+00  1.94090e-10
2.540000000e+00  1.90730e-10
2.550000000e+00  1.85922e-10
2.560000000e+00  1.86412e-10
2.570000000e+00  1.72876e-10
2.580000000e+00  1.64355e-10
2.590000000e+00  1.57777e-10
2.600000000e+00  1.44251e-10
2.610000000e+00  1.50485e-10
2.620000000e+00  1.48129e-10
2.630000000e+00  1.55290e-10
2.640000000e+00  1.52405e-10
2.650000000e+00  1.61865e-10
2.660000000e+00  1.29385e-10
2.670000000e+00  1.60239e-11
2.680000000e+00  2.29463e-12
2.690000000e+00  5.94906e-13
2.700000000e+00  8.84141e-13
2.710000000e+00  9.11964e-13
2.720000000e+00  2.51224e-12
2.730000000e+00  5.25370e-12
2.740000000e+00  5.17873e-12
2.750000000e+00  2.51958e-12
2.760000000e+00  6.13812e-13
2.770000000e+00  4.83301e-13
2.780000000e+00  3.40448e-13
2.790000000e+00  4.32092e-13
2.800000000e+00  7.96782e-13
2.810000000e+00  1.19078e-12
2.820000000e+00  1.36496e-12
2.830000000e+00  1.42412e-12
2.840000000e+00  1.86114e-12
2.850000000e+00  1.19062e-12
2.860000000e+00  2.50252e-12
2.870000000e+00  8.12575e-12
2.880000000e+00  1.38688e-11
2.890000000e+00  2.32901e-11
2.900000000e+00  3.44522e-11
2.910000000e+00  4.04110e-11
2.920000000e+00  4.38819e-11
2.930000000e+00  4.49576e-11
2.940000000e+00  4.61167e-11
2.950000000e+00  4.76236e-11
2.960000000e+00  4.73223e-11
2.970000000e+00  4.35122e-11
2.980000000e+00  3.81556e-11
2.990000000e+00  3.70217e-11
3.000000000e+00  4.16075e-11
3.010000000e+00  4.63280e-11
3.020000000e+00  4.27711e-11
3.030000000e+00  4.53727e-11
3.040000000e+00  4.82464e-11
3.050000000e+00  4.96287e-11
3.060000000e+00  4.97246e-11
3.070000000e+00  5.07098e-11
3.080000000e+00  5.11145e-11
3.090000000e+00  5.08236e-11
3.100000000e+00  5.07261e-11
3.110000000e+00  5.01977e-11
3.120000000e+00  4.85440e-11
3.130000000e+00  4.72702e-11
3.140000000e+00  4.80254e-11
3.150000000e+00  4.93060e-11
3.160000000e+00  4.89585e-11
3.170000000e+00  4.84058e-11
3.180000000e+00  4.93949e-11
3.190000000e+00  5.04541e-11
3.200000000e+00  5.12438e-11
3.210000000e+00  5.20033e-11
3.220000000e+00  5.30680e-11
3.230000000e+00  5.37909e-11
3.240000000e+00  5.52640e-11
3.250000000e+00  5.60083e-11
3.260000000e+00  5.73234e-11
3.270000000e+00  5.80859e-11
3.280000000e+00  5.94709e-11
3.290000000e+00  6.08913e-11
3.300000000e+00  6.18363e-11
3.310000000e+00  6.29247e-11
3.320000000e+00  6.44581e-11
3.330000000e+00  6.51860e-11
3.340000000e+00  6.63843e-11
3.350000000e+00  6.71342e-11
3.360000000e+00  6.70005e-11
3.370000000e+00  6.90649e-11
3.380000000e+00  7.01142e-11
3.390000000e+00  7.09516e-11
3.400000000e+00  7.14329e-11
3.410000000e+00  7.18094e-11
3.420000000e+00  7.22103e-11
3.430000000e+00  7.25769e-11
3.440000000e+00  7.29289e-11
3.450000000e+00  7.32092e-11
3.460000000e+00  7.32022e-11
3.470000000e+00  7.31126e-11
3.480000000e+00  7.30032e-11
3.490000000e+00  7.28951e-11
3.500000000e+00  7.27828e-11
3.510000000e+00  7.26669e-11
3.520000000e+00  7.24908e-11
3.530000000e+00  7.21449e-11
3.540000000e+00  7.17872e-11
3.550000000e+00  7.14141e-11
3.560000000e+00  7.09858e-11
3.570000000e+00  7.04584e-11
3.580000000e+00  6.98568e-11
3.590000000e+00  6.89537e-11
3.600000000e+00  6.72304e-11
3.610000000e+00  6.54597e-11
3.620000000e+00  6.41535e-11
3.630000000e+00  6.51333e-11
3.640000000e+00  6.44035e-11
3.650000000e+00  6.31448e-11
3.660000000e+00  6.41302e-11
3.670000000e+00  6.52713e-11
3.680000000e+00  6.54353e-11
3.690000000e+00  6.50225e-11
3.700000000e+00  6.45907e-11
3.710000000e+00  6.41965e-11
3.720000000e+00  6.36142e-11
3.730000000e+00  6.31680e-11
3.740000000e+00  6.27504e-11
3.750000000e+00  6.21228e-11
3.760000000e+00  6.09795e-11
3.770000000e+00  5.95909e-11
3.780000000e+00  5.82181e-11
3.790000000e+00  5.64763e-11
3.800000000e+00  5.26090e-11
3.810000000e+00  4.74864e-11
3.820000000e+00  4.77912e-11
3.830000000e+00  5.14817e-11
3.840000000e+00  4.88738e-11
3.850000000e+00  4.73030e-11
3.860000000e+00  4.93240e-11
3.870000000e+00  5.23176e-11
3.880000000e+00  5.40774e-11
3.890000000e+00  5.46323e-11
3.900000000e+00  5.47476e-11
3.910000000e+00  5.45050e-11
3.920000000e+00  5.40462e-11
3.930000000e+00  5.33626e-11
3.940000000e+00  5.24228e-11
3.950000000e+00  5.13049e-11
3.960000000e+00  4.95187e-11
3.970000000e+00  4.77246e-11
3.980000000e+00  4.47767e-11
3.990000000e+00  4.29622e-11
4.000000000e+00  4.46893e-11
4.010000000e+00  4.53681e-11
4.020000000e+00  4.26653e-11
4.030000000e+00  4.25773e-11
4.040000000e+00  4.38212e-11
4.050000000e+00  4.53462e-11
4.060000000e+00  4.66291e-11
4.070000000e+00  4.67252e-11
4.080000000e+00  4.56249e-11
4.090000000e+00  4.42096e-11
4.100000000e+00  4.31061e-11
4.110000000e+00  4.30774e-11
4.120000000e+00  4.33774e-11
4.130000000e+00  4.31121e-11
4.140000000e+00  4.20375e-11
4.150000000e+00  4.21766e-11
4.160000000e+00  3.81162e-11
4.170000000e+00  1.58163e-11
4.180000000e+00  5.65228e-12
4.190000000e+00  3.21287e-12
4.200000000e+00  1.35118e-12
4.210000000e+00  3.85476e-13
4.220000000e+00  1.10946e-13
4.230000000e+00  6.25842e-14
4.240000000e+00  5.04457e-14
4.250000000e+00  4.84528e-14
4.260000000e+00  5.72348e-14
4.270000000e+00  6.12982e-14
4.280000000e+00  5.23642e-14
4.290000000e+00  5.37051e-14
4.300000000e+00  6.04833e-14
4.310000000e+00  6.91707e-14
4.320000000e+00  8.37219e-14
4.330000000e+00  1.23522e-13
4.340000000e+00  1.79444e-13
4.350000000e+00  2.33524e-13
4.360000000e+00  2.36446e-13
4.370000000e+00  2.57569e-13
4.380000000e+00  3.54045e-13
4.390000000e+00  5.12161e-13
4.400000000e+00  3.63668e-13
4.410000000e+00  3.66726e-13
4.420000000e+00  4.41578e-13
4.430000000e+00  5.86539e-13
4.440000000e+00  8.18732e-13
4.450000000e+00  1.23587e-12
4.460000000e+00  1.87855e-12
4.470000000e+00  2.37047e-12
4.480000000e+00  3.26827e-12
4.490000000e+00  4.26205e-12
4.500000000e+00  7.11328e-12
4.510000000e+00  1.24045e-11
4.520000000e+00  1.77259e-11
4.530000000e+00  2.30931e-11
4.540000000e+00  2.61721e-11
4.550000000e+00  2.81084e-11
4.560000000e+00  2.86403e-11
4.570000000e+00  2.91483e-11
4.580000000e+00  2.92958e-11
4.590000000e+00  2.93570e-11
4.600000000e+00  2.93338e-11
4.610000000e+00  2.92130e-11
4.620000000e+00  2.82247e-11
4.630000000e+00  2.77657e-11
4.640000000e+00  2.78788e-11
4.650000000e+00  2.77940e-11
4.660000000e+00  2.79621e-11
4.670000000e+00  2.78970e-11
4.680000000e+00  2.66009e-11
4.690000000e+00  2.58265e-11
4.700000000e+00  2.48887e-11
4.710000000e+00  1.74946e-11
4.720000000e+00  2.18403e-11
4.730000000e+00  1.92619e-11
4.740000000e+00  1.76025e-11
4.750000000e+00  1.64520e-11
4.760000000e+00  1.58370e-11
4.770000000e+00  1.63392e-11
4.780000000e+00  1.35510e-11
4.790000000e+00  1.11416e-11
4.800000000e+00  9.01776e-12
4.810000000e+00  5.89779e-12
4.820000000e+00  3.05286e-12
4.830000000e+00  3.56310e-12
4.840000000e+00  3.73383e-12
4.850000000e+00  3.60313e-12
4.860000000e+00  3.34185e-12
4.870000000e+00  3.63254e-12
4.880000000e+00  4.43223e-12
4.890000000e+00  5.37549e-12
4.900000000e+00  8.44930e-12
4.910000000e+00  1.13488e-11
4.920000000e+00  1.05247e-11
4.930000000e+00  1.59230e-11
4.940000000e+00  1.72532e-11
4.950000000e+00  1.68154e-11
4.960000000e+00  1.84285e-11
4.970000000e+00  2.00246e-11
4.980000000e+00  2.06966e-11
4.990000000e+00  2.22360e-11
5.000000000e+00  2.06079e-11
results_cfg.txt
<OBJECT-SUMMARY>Target: TRAPPIST-1 e for date (2017/05/25 15:22 UT); geometry: Observatory.
<OBJECT>Exoplanet
<OBJECT-NAME>TRAPPIST-1 e
<OBJECT-DATE>2017/05/25 15:22
<OBJECT-DIAMETER>11697
<OBJECT-GRAVITY>3.703632e+24
<OBJECT-GRAVITY-UNIT>kg
<OBJECT-STAR-DISTANCE>0.028170
<OBJECT-STAR-VELOCITY>0
<OBJECT-SOLAR-LONGITUDE>0
<OBJECT-SOLAR-LATITUDE>0
<OBJECT-SEASON>25
<OBJECT-SEASON-YEAR>2016
<OBJECT-STAR-TYPE>M
<OBJECT-STAR-TEMPERATURE>2559.0
<OBJECT-STAR-RADIUS>0.12
<OBJECT-OBS-LONGITUDE>0.0
<OBJECT-OBS-LATITUDE>89.860
<GEOMETRY>Observatory
<GEOMETRY-OFFSET-UNIT>arcsec
<GEOMETRY-OBS-ALTITUDE>12.10
<GEOMETRY-ALTITUDE-UNIT>pc
<GEOMETRY-OBS-ANGLE>48.121
<GEOMETRY-SOLAR-ANGLE>52.362
<GEOMETRY-PLANET-FRACTION>9.985186e-01
<GEOMETRY-STAR-DISTANCE>0.000000e+00
<GEOMETRY-STAR-FRACTION>0.000000e+00
<GEOMETRY-SOLAR-ANGLE>52.362
<GEOMETRY-PHASE>335.000
<ATMOSPHERE-STRUCTURE>Equilibrium
<ATMOSPHERE-WEIGHT>34.1480142633
<ATMOSPHERE-PRESSURE>1.4001229248
<ATMOSPHERE-PUNIT>bar
<ATMOSPHERE-NGAS>3
<ATMOSPHERE-GAS>N2,CO2,H2O
<ATMOSPHERE-TYPE>HIT[22],HIT[2],HIT[1]
<ATMOSPHERE-ABUN>1,1,1
<ATMOSPHERE-UNIT>scl,scl,scl
<ATMOSPHERE-NAERO>2
<ATMOSPHERE-AEROS>WaterIce,Cloud
<ATMOSPHERE-ATYPE>CRISM_Wolff[reff=2.0um 0.31-99.57um],White_GSFC[reff=1.0um 0.10-1000000.00um]
<ATMOSPHERE-AABUN>1,1
<ATMOSPHERE-AUNIT>scl,scl
<ATMOSPHERE-NMAX>0
<ATMOSPHERE-LMAX>0
<ATMOSPHERE-ASIZE>156.262386085,14.0
<ATMOSPHERE-LAYERS-MOLECULES>Altitude,N2,CO2,H2O,WaterIce,Cloud
<ATMOSPHERE-LAYERS>47
<ATMOSPHERE-LAYER-1>1.390E+00,2.953E+02,6.455E-02,7.384E-01,2.954E-01,1.889E-02,2.913E-10,1.581E-04
<ATMOSPHERE-LAYER-2>1.358E+00,2.945E+02,2.611E-01,7.388E-01,2.955E-01,1.828E-02,3.410E-27,9.232E-05
<ATMOSPHERE-LAYER-3>1.300E+00,2.935E+02,6.409E-01,7.398E-01,2.959E-01,1.655E-02,2.544E-26,5.895E-05
<ATMOSPHERE-LAYER-4>1.210E+00,2.917E+02,1.253E+00,7.420E-01,2.968E-01,1.266E-02,2.494E-12,3.075E-05
<ATMOSPHERE-LAYER-5>1.096E+00,2.887E+02,2.092E+00,7.442E-01,2.977E-01,8.921E-03,1.269E-08,2.055E-05
<ATMOSPHERE-LAYER-6>9.656E-01,2.841E+02,3.154E+00,7.458E-01,2.983E-01,6.173E-03,1.375E-07,1.788E-05
<ATMOSPHERE-LAYER-7>8.275E-01,2.777E+02,4.422E+00,7.467E-01,2.987E-01,4.712E-03,5.856E-07,2.109E-05
<ATMOSPHERE-LAYER-8>6.983E-01,2.703E+02,5.784E+00,7.474E-01,2.990E-01,3.411E-03,1.142E-06,3.112E-05
<ATMOSPHERE-LAYER-9>5.884E-01,2.630E+02,7.120E+00,7.480E-01,2.992E-01,2.350E-03,2.441E-06,5.148E-05
<ATMOSPHERE-LAYER-10>4.950E-01,2.563E+02,8.433E+00,7.485E-01,2.994E-01,1.559E-03,4.339E-06,6.113E-05
<ATMOSPHERE-LAYER-11>4.157E-01,2.498E+02,9.727E+00,7.488E-01,2.995E-01,9.791E-04,9.271E-06,4.137E-05
<ATMOSPHERE-LAYER-12>3.482E-01,2.434E+02,1.101E+01,7.491E-01,2.996E-01,6.080E-04,1.195E-05,1.664E-05
<ATMOSPHERE-LAYER-13>2.909E-01,2.369E+02,1.227E+01,7.492E-01,2.997E-01,3.635E-04,1.182E-05,5.299E-06
<ATMOSPHERE-LAYER-14>2.421E-01,2.300E+02,1.352E+01,7.493E-01,2.997E-01,1.953E-04,5.730E-06,2.188E-07
<ATMOSPHERE-LAYER-15>2.007E-01,2.228E+02,1.477E+01,7.494E-01,2.998E-01,9.466E-05,4.467E-06,0.000E+00
<ATMOSPHERE-LAYER-16>1.655E-01,2.158E+02,1.601E+01,7.494E-01,2.998E-01,4.174E-05,3.741E-06,0.000E+00
<ATMOSPHERE-LAYER-17>1.355E-01,2.097E+02,1.725E+01,7.494E-01,2.998E-01,1.913E-05,2.898E-06,0.000E+00
<ATMOSPHERE-LAYER-18>1.101E-01,2.060E+02,1.852E+01,7.494E-01,2.998E-01,1.225E-05,1.582E-06,0.000E+00
<ATMOSPHERE-LAYER-19>8.867E-02,2.056E+02,1.982E+01,7.494E-01,2.998E-01,1.107E-05,3.013E-07,0.000E+00
<ATMOSPHERE-LAYER-20>7.287E-02,2.061E+02,2.100E+01,7.494E-01,2.998E-01,1.086E-05,2.549E-08,0.000E+00
<ATMOSPHERE-LAYER-21>6.152E-02,2.065E+02,2.202E+01,7.494E-01,2.998E-01,1.071E-05,1.621E-08,0.000E+00
<ATMOSPHERE-LAYER-22>5.168E-02,2.064E+02,2.307E+01,7.494E-01,2.998E-01,1.055E-05,1.381E-08,0.000E+00
<ATMOSPHERE-LAYER-23>4.319E-02,2.058E+02,2.416E+01,7.494E-01,2.998E-01,1.041E-05,1.178E-08,0.000E+00
<ATMOSPHERE-LAYER-24>3.592E-02,2.047E+02,2.526E+01,7.494E-01,2.998E-01,1.032E-05,1.142E-08,0.000E+00
<ATMOSPHERE-LAYER-25>2.973E-02,2.032E+02,2.639E+01,7.494E-01,2.998E-01,1.036E-05,1.212E-08,0.000E+00
<ATMOSPHERE-LAYER-26>2.448E-02,2.014E+02,2.754E+01,7.494E-01,2.998E-01,1.058E-05,2.703E-08,0.000E+00
<ATMOSPHERE-LAYER-27>2.006E-02,1.993E+02,2.871E+01,7.494E-01,2.998E-01,1.071E-05,9.162E-08,0.000E+00
<ATMOSPHERE-LAYER-28>1.635E-02,1.970E+02,2.990E+01,7.494E-01,2.998E-01,1.059E-05,1.707E-07,0.000E+00
<ATMOSPHERE-LAYER-29>1.326E-02,1.947E+02,3.109E+01,7.494E-01,2.998E-01,1.030E-05,2.272E-07,0.000E+00
<ATMOSPHERE-LAYER-30>1.071E-02,1.926E+02,3.231E+01,7.494E-01,2.998E-01,9.974E-06,2.819E-07,0.000E+00
<ATMOSPHERE-LAYER-31>8.600E-03,1.911E+02,3.354E+01,7.494E-01,2.998E-01,9.690E-06,2.679E-07,0.000E+00
<ATMOSPHERE-LAYER-32>6.873E-03,1.902E+02,3.479E+01,7.494E-01,2.998E-01,9.447E-06,2.098E-07,0.000E+00
<ATMOSPHERE-LAYER-33>5.465E-03,1.894E+02,3.606E+01,7.494E-01,2.998E-01,9.172E-06,1.754E-07,0.000E+00
<ATMOSPHERE-LAYER-34>4.325E-03,1.884E+02,3.736E+01,7.494E-01,2.998E-01,8.852E-06,1.661E-07,0.000E+00
<ATMOSPHERE-LAYER-35>3.405E-03,1.868E+02,3.867E+01,7.494E-01,2.998E-01,8.422E-06,1.786E-07,0.000E+00
<ATMOSPHERE-LAYER-36>2.667E-03,1.848E+02,4.000E+01,7.494E-01,2.998E-01,7.931E-06,2.076E-07,0.000E+00
<ATMOSPHERE-LAYER-37>2.079E-03,1.826E+02,4.134E+01,7.494E-01,2.998E-01,7.617E-06,2.009E-07,0.000E+00
<ATMOSPHERE-LAYER-38>1.613E-03,1.808E+02,4.269E+01,7.494E-01,2.998E-01,7.519E-06,1.825E-07,0.000E+00
<ATMOSPHERE-LAYER-39>1.245E-03,1.806E+02,4.406E+01,7.494E-01,2.998E-01,7.637E-06,1.069E-07,0.000E+00
<ATMOSPHERE-LAYER-40>9.559E-04,1.816E+02,4.546E+01,7.494E-01,2.998E-01,7.826E-06,5.095E-08,0.000E+00
<ATMOSPHERE-LAYER-41>3.776E-04,1.816E+02,6.040E+01,7.494E-01,2.998E-01,7.826E-06,5.095E-08,0.000E+00
<ATMOSPHERE-LAYER-42>2.615E-04,1.816E+02,6.631E+01,7.494E-01,2.998E-01,7.826E-06,5.095E-08,0.000E+00
<ATMOSPHERE-LAYER-43>1.566E-04,1.816E+02,7.456E+01,7.494E-01,2.998E-01,7.826E-06,5.095E-08,0.000E+00
<ATMOSPHERE-LAYER-44>7.656E-05,1.816E+02,8.607E+01,7.494E-01,2.998E-01,7.826E-06,5.095E-08,0.000E+00
<ATMOSPHERE-LAYER-45>2.820E-05,1.816E+02,1.021E+02,7.494E-01,2.998E-01,7.826E-06,5.095E-08,0.000E+00
<ATMOSPHERE-LAYER-46>6.996E-06,1.816E+02,1.246E+02,7.494E-01,2.998E-01,7.826E-06,5.095E-08,0.000E+00
<ATMOSPHERE-LAYER-47>1.000E-06,1.816E+02,1.559E+02,7.494E-01,2.998E-01,7.826E-06,5.095E-08,0.000E+00
<SURFACE-TEMPERATURE>295.7125549
<SURFACE-ALBEDO>0.1459557
<SURFACE-EMISSIVITY>0.8540443
results_lyr.txt
# ----------------------------------------------------------------------------------------------
# NASA-GSFC Planetary Spectrum Generator (PSG, Villanueva et al. 2015)
# Atmospheric layering information considered by PUMAS
# Synthesized on Tue Nov 21 15:09:56 2017
# Radiative transfer method: correlated-k
# Synthesis spectral resolution [cm-1] and resolving power: 8.913678 5.010e+02
# Scattering parameters (nmax, lmax): 0 0
# ----------------------------------------------------------------------------------------------
# Molecular abundance profile: 
# Molecules considered: N2,CO2,H2O
# Molecular sources: HIT[22],HIT[2],HIT[1]
# Molecular abundances: 1,1,1
# Molecular abundance units: scl,scl,scl
# Collission-Induced-Absorption:  N2-N2(3.33-5.41um)
# Rayleigh scattering included
# ----------------------------------------------------------------------------------------------
# Aerosols considered: WaterIce,Cloud
# Aerosols sources: CRISM_Wolff[reff=2.0um 0.31-99.57um],White_GSFC[reff=1.0um 0.10-1000000.00um]
# Aerosols abundances: 1,1
# Aerosols abundance units: scl,scl
# Aerosols sizes [um]: 156.262386085,14.0
# ----------------------------------------------------------------------------------------------
# Input layer-by-layer atmospheric profile
# Molecular abundances in molec/molec and aerosols in kg/kg
# ----------------------------------------------------------------------------------------------
# Alt[km] Pressure[bar] Temp[K]         N2        CO2        H2O   WaterIce      Cloud
# ----------------------------------------------------------------------------------------------
    0.000   1.400e+00   295.713   7.384e-01  2.954e-01  1.889e-02  2.913e-10  1.581e-04
    0.261   1.358e+00   294.500   7.388e-01  2.955e-01  1.828e-02  3.410e-27  9.232e-05
    0.641   1.300e+00   293.500   7.398e-01  2.959e-01  1.655e-02  2.544e-26  5.895e-05
    1.253   1.210e+00   291.700   7.420e-01  2.968e-01  1.266e-02  2.494e-12  3.075e-05
    2.092   1.096e+00   288.700   7.442e-01  2.977e-01  8.921e-03  1.269e-08  2.055e-05
    3.154   9.656e-01   284.100   7.458e-01  2.983e-01  6.173e-03  1.375e-07  1.788e-05
    4.422   8.275e-01   277.700   7.467e-01  2.987e-01  4.712e-03  5.856e-07  2.109e-05
    5.784   6.983e-01   270.300   7.474e-01  2.990e-01  3.411e-03  1.142e-06  3.112e-05
    7.120   5.884e-01   263.000   7.480e-01  2.992e-01  2.350e-03  2.441e-06  5.148e-05
    8.433   4.950e-01   256.300   7.485e-01  2.994e-01  1.559e-03  4.339e-06  6.113e-05
    9.727   4.157e-01   249.800   7.488e-01  2.995e-01  9.791e-04  9.271e-06  4.137e-05
   11.010   3.482e-01   243.400   7.491e-01  2.996e-01  6.080e-04  1.195e-05  1.664e-05
   12.270   2.909e-01   236.900   7.492e-01  2.997e-01  3.635e-04  1.182e-05  5.299e-06
   13.520   2.421e-01   230.000   7.493e-01  2.997e-01  1.953e-04  5.730e-06  2.188e-07
   14.770   2.007e-01   222.800   7.494e-01  2.998e-01  9.466e-05  4.467e-06  0.000e+00
   16.010   1.655e-01   215.800   7.494e-01  2.998e-01  4.174e-05  3.741e-06  0.000e+00
   17.250   1.355e-01   209.700   7.494e-01  2.998e-01  1.913e-05  2.898e-06  0.000e+00
   18.520   1.101e-01   206.000   7.494e-01  2.998e-01  1.225e-05  1.582e-06  0.000e+00
   19.820   8.867e-02   205.600   7.494e-01  2.998e-01  1.107e-05  3.013e-07  0.000e+00
   21.000   7.287e-02   206.100   7.494e-01  2.998e-01  1.086e-05  2.549e-08  0.000e+00
   22.020   6.152e-02   206.500   7.494e-01  2.998e-01  1.071e-05  1.621e-08  0.000e+00
   23.070   5.168e-02   206.400   7.494e-01  2.998e-01  1.055e-05  1.381e-08  0.000e+00
   24.160   4.319e-02   205.800   7.494e-01  2.998e-01  1.041e-05  1.178e-08  0.000e+00
   25.260   3.592e-02   204.700   7.494e-01  2.998e-01  1.032e-05  1.142e-08  0.000e+00
   26.390   2.973e-02   203.200   7.494e-01  2.998e-01  1.036e-05  1.212e-08  0.000e+00
   27.540   2.448e-02   201.400   7.494e-01  2.998e-01  1.058e-05  2.703e-08  0.000e+00
   28.710   2.006e-02   199.300   7.494e-01  2.998e-01  1.071e-05  9.162e-08  0.000e+00
   29.900   1.635e-02   197.000   7.494e-01  2.998e-01  1.059e-05  1.707e-07  0.000e+00
   31.090   1.326e-02   194.700   7.494e-01  2.998e-01  1.030e-05  2.272e-07  0.000e+00
   32.310   1.071e-02   192.600   7.494e-01  2.998e-01  9.974e-06  2.819e-07  0.000e+00
   33.540   8.600e-03   191.100   7.494e-01  2.998e-01  9.690e-06  2.679e-07  0.000e+00
   34.790   6.873e-03   190.200   7.494e-01  2.998e-01  9.447e-06  2.098e-07  0.000e+00
   36.060   5.465e-03   189.400   7.494e-01  2.998e-01  9.172e-06  1.754e-07  0.000e+00
   37.360   4.325e-03   188.400   7.494e-01  2.998e-01  8.852e-06  1.661e-07  0.000e+00
   38.670   3.405e-03   186.800   7.494e-01  2.998e-01  8.422e-06  1.786e-07  0.000e+00
   40.000   2.667e-03   184.800   7.494e-01  2.998e-01  7.931e-06  2.076e-07  0.000e+00
   41.340   2.079e-03   182.600   7.494e-01  2.998e-01  7.617e-06  2.009e-07  0.000e+00
   42.690   1.613e-03   180.800   7.494e-01  2.998e-01  7.519e-06  1.825e-07  0.000e+00
   44.060   1.245e-03   180.600   7.494e-01  2.998e-01  7.637e-06  1.069e-07  0.000e+00
   45.460   9.559e-04   181.600   7.494e-01  2.998e-01  7.826e-06  5.095e-08  0.000e+00
   60.400   3.776e-04   181.600   7.494e-01  2.998e-01  7.826e-06  5.095e-08  0.000e+00
   66.310   2.615e-04   181.600   7.494e-01  2.998e-01  7.826e-06  5.095e-08  0.000e+00
   74.560   1.566e-04   181.600   7.494e-01  2.998e-01  7.826e-06  5.095e-08  0.000e+00
   86.070   7.656e-05   181.600   7.494e-01  2.998e-01  7.826e-06  5.095e-08  0.000e+00
  102.100   2.820e-05   181.600   7.494e-01  2.998e-01  7.826e-06  5.095e-08  0.000e+00
  124.600   6.996e-06   181.600   7.494e-01  2.998e-01  7.826e-06  5.095e-08  0.000e+00
  155.900   1.000e-06   181.600   7.494e-01  2.998e-01  7.826e-06  5.095e-08  0.000e+00
#
# ----------------------------------------------------------------------------------------------
# Curtis-Godson integrated layer information used by the radiative transfer analysis
# Oblique molecular layer columns in molec/m2 and aerosols in kg/m2
# ----------------------------------------------------------------------------------------------
# Low[km]  High[km]  Path[km] Pressure[bar] Temp[K]   Airmass   dcol[m-2]         N2        CO2        H2O   WaterIce      Cloud
# ----------------------------------------------------------------------------------------------
    0.000     0.261     0.391   1.379e+00   295.111    1.4980   1.327e+28  9.802e+27  3.921e+27  2.467e+26  2.522e-08  9.220e-02
    0.261     0.641     0.569   1.329e+00   294.004    1.4978   1.866e+28  1.379e+28  5.517e+27  3.248e+26  1.151e-23  7.885e-02
    0.641     1.253     0.917   1.255e+00   292.611    1.4977   2.850e+28  2.111e+28  8.445e+27  4.144e+26  2.199e-10  7.030e-02
    1.253     2.092     1.256   1.153e+00   290.223    1.4975   3.615e+28  2.686e+28  1.075e+28  3.872e+26  3.021e-06  5.205e-02
    2.092     3.154     1.590   1.031e+00   286.444    1.4972   4.142e+28  3.085e+28  1.234e+28  3.102e+26  1.206e-04  4.511e-02
    3.154     4.422     1.898   8.963e-01   280.972    1.4968   4.380e+28  3.269e+28  1.308e+28  2.377e+26  7.562e-04  4.820e-02
    4.422     5.784     2.038   7.626e-01   274.090    1.4964   4.101e+28  3.064e+28  1.226e+28  1.658e+26  1.922e-03  5.967e-02
    5.784     7.120     1.999   6.431e-01   266.740    1.4959   3.485e+28  2.606e+28  1.042e+28  9.969e+25  3.348e-03  7.944e-02
    7.120     8.433     1.964   5.415e-01   259.734    1.4955   2.961e+28  2.215e+28  8.861e+27  5.736e+25  5.500e-03  9.409e-02
    8.433     9.727     1.935   4.552e-01   253.133    1.4951   2.516e+28  1.884e+28  7.534e+27  3.155e+25  9.179e-03  7.256e-02
    9.727    11.010     1.918   3.818e-01   246.683    1.4947   2.146e+28  1.608e+28  6.429e+27  1.682e+25  1.280e-02  3.344e-02
   11.010    12.270     1.883   3.194e-01   240.235    1.4943   1.810e+28  1.356e+28  5.424e+27  8.662e+24  1.220e-02  1.032e-02
   12.270    13.520     1.867   2.664e-01   233.541    1.4939   1.540e+28  1.154e+28  4.616e+27  4.204e+24  7.415e-03  1.454e-03
   13.520    14.770     1.867   2.213e-01   226.496    1.4935   1.319e+28  9.882e+27  3.953e+27  1.850e+24  3.806e-03  9.459e-08
   14.770    16.010     1.851   1.830e-01   219.396    1.4931   1.116e+28  8.367e+27  3.347e+27  7.297e+23  2.598e-03  0.000e+00
   16.010    17.250     1.851   1.504e-01   212.839    1.4927   9.455e+27  7.085e+27  2.835e+27  2.771e+23  1.777e-03  0.000e+00
   17.250    18.520     1.895   1.228e-01   207.910    1.4924   8.084e+27  6.058e+27  2.424e+27  1.257e+23  1.006e-03  0.000e+00
   18.520    19.820     1.940   9.939e-02   205.807    1.4920   6.761e+27  5.067e+27  2.027e+27  7.892e+22  3.049e-04  0.000e+00
   19.820    21.000     1.760   8.078e-02   205.842    1.4916   4.989e+27  3.739e+27  1.496e+27  5.472e+22  3.291e-05  0.000e+00
   21.000    22.020     1.521   6.720e-02   206.294    1.4912   3.582e+27  2.685e+27  1.074e+27  3.864e+22  4.192e-06  0.000e+00
   22.020    23.070     1.565   5.660e-02   206.451    1.4909   3.103e+27  2.325e+27  9.302e+26  3.299e+22  2.642e-06  0.000e+00
   23.070    24.160     1.625   4.744e-02   206.109    1.4906   2.703e+27  2.026e+27  8.103e+26  2.833e+22  1.962e-06  0.000e+00
   24.160    25.260     1.639   3.955e-02   205.267    1.4902   2.283e+27  1.711e+27  6.845e+26  2.367e+22  1.502e-06  0.000e+00
   25.260    26.390     1.684   3.282e-02   203.973    1.4899   1.958e+27  1.467e+27  5.870e+26  2.024e+22  1.305e-06  0.000e+00
   26.390    27.540     1.713   2.710e-02   202.328    1.4895   1.658e+27  1.242e+27  4.971e+26  1.735e+22  1.726e-06  0.000e+00
   27.540    28.710     1.742   2.227e-02   200.384    1.4892   1.399e+27  1.048e+27  4.194e+26  1.489e+22  4.117e-06  0.000e+00
   28.710    29.900     1.772   1.820e-02   198.188    1.4888   1.175e+27  8.808e+26  3.524e+26  1.252e+22  8.385e-06  0.000e+00
   29.900    31.090     1.771   1.480e-02   195.889    1.4884   9.667e+26  7.244e+26  2.898e+26  1.010e+22  1.078e-05  0.000e+00
   31.090    32.310     1.815   1.198e-02   193.686    1.4881   8.111e+26  6.078e+26  2.432e+26  8.226e+21  1.162e-05  0.000e+00
   32.310    33.540     1.830   9.654e-03   191.877    1.4877   6.647e+26  4.981e+26  1.993e+26  6.538e+21  1.037e-05  0.000e+00
   33.540    34.790     1.859   7.736e-03   190.667    1.4873   5.444e+26  4.080e+26  1.632e+26  5.212e+21  7.371e-06  0.000e+00
   34.790    36.060     1.888   6.169e-03   189.815    1.4869   4.429e+26  3.319e+26  1.328e+26  4.125e+21  4.840e-06  0.000e+00
   36.060    37.360     1.933   4.895e-03   188.919    1.4865   3.612e+26  2.707e+26  1.083e+26  3.257e+21  3.500e-06  0.000e+00
   37.360    38.670     1.947   3.865e-03   187.631    1.4861   2.893e+26  2.168e+26  8.672e+25  2.500e+21  2.822e-06  0.000e+00
   38.670    40.000     1.976   3.036e-03   185.839    1.4857   2.328e+26  1.745e+26  6.979e+25  1.905e+21  2.537e-06  0.000e+00
   40.000    41.340     1.990   2.373e-03   183.744    1.4853   1.853e+26  1.389e+26  5.556e+25  1.442e+21  2.148e-06  0.000e+00
   41.340    42.690     2.005   1.846e-03   181.737    1.4849   1.468e+26  1.100e+26  4.401e+25  1.111e+21  1.597e-06  0.000e+00
   42.690    44.060     2.034   1.429e-03   180.704    1.4845   1.159e+26  8.686e+25  3.475e+25  8.780e+20  9.398e-07  0.000e+00
   44.060    45.460     2.078   1.101e-03   181.077    1.4841   9.098e+25  6.818e+25  2.728e+25  7.030e+20  3.961e-07  0.000e+00
   45.460    60.400    22.136   6.673e-04   181.600    1.4816   5.499e+26  4.121e+26  1.648e+26  4.303e+21  1.589e-06  0.000e+00
   60.400    66.310     8.738   3.196e-04   181.600    1.4785   1.101e+26  8.255e+25  3.302e+25  8.620e+20  3.182e-07  0.000e+00
   66.310    74.560    12.181   2.091e-04   181.600    1.4764   9.941e+25  7.450e+25  2.980e+25  7.780e+20  2.872e-07  0.000e+00
   74.560    86.070    16.960   1.166e-04   181.600    1.4735   7.568e+25  5.671e+25  2.269e+25  5.922e+20  2.186e-07  0.000e+00
   86.070   102.100    23.557   5.244e-05   181.600    1.4696   4.551e+25  3.410e+25  1.364e+25  3.562e+20  1.315e-07  0.000e+00
  102.100   124.600    32.942   1.767e-05   181.600    1.4641   2.000e+25  1.499e+25  5.996e+24  1.565e+20  5.778e-08  0.000e+00
  124.600   155.900    45.593   4.052e-06   181.600    1.4567   5.615e+24  4.208e+24  1.683e+24  4.394e+19  1.622e-08  0.000e+00
# ----------------------------------------------------------------------------------------------
# Integrated atmospheric columns                       1.4955   4.447e+29  3.319e+29  1.328e+29  2.308e+27  6.286e-02  7.377e-01
# ----------------------------------------------------------------------------------------------
results_rad.txt
# ------------------------------------------------------------------------
# Radiance spectrum
# NASA-GSFC Planetary Spectrum Generator (PSG) (Villanueva et al. 2015)
# Synthesized on Tue Nov 21 15:09:56 2017
# ------------------------------------------------------------------------
# Atmospheric radiances synthesized with PUMAS (Villanueva et al. 2016, Smith et al. 2009, Edwards 1992)
# Molecular abundance profile: 
# Molecules considered: N2,CO2,H2O
# Molecular sources: HIT[22],HIT[2],HIT[1]
# Molecular abundances: 1,1,1
# Molecular abundance units: scl,scl,scl
# Collission-Induced-Absorption:  N2-N2(3.33-5.41um)
# Rayleigh scattering included
# ------------------------------------------------------------------------
# Spectral unit: Wavelength [um]
# Radiance unit: Spectral radiance [W/sr/m2/um]
# Wave/freq Total Stellar TRAPPIST-1-e
1.000000000e+00  3.68049e-03  3.68049e-03  6.08654e-10
1.010000000e+00  3.70309e-03  3.70309e-03  6.12214e-10
1.020000000e+00  3.72363e-03  3.72363e-03  6.15443e-10
1.030000000e+00  3.74214e-03  3.74214e-03  6.18334e-10
1.040000000e+00  3.75867e-03  3.75867e-03  6.03598e-10
1.050000000e+00  3.77328e-03  3.77327e-03  6.22987e-10
1.060000000e+00  3.78601e-03  3.78601e-03  6.24048e-10
1.070000000e+00  3.79691e-03  3.79691e-03  6.21790e-10
1.080000000e+00  3.80605e-03  3.80605e-03  6.27674e-10
1.090000000e+00  3.81347e-03  3.81347e-03  6.29055e-10
1.100000000e+00  3.81923e-03  3.81922e-03  6.29684e-10
1.110000000e+00  3.82337e-03  3.82337e-03  6.30180e-10
1.120000000e+00  3.82595e-03  3.82595e-03  6.26414e-10
1.130000000e+00  3.82703e-03  3.82703e-03  6.24516e-10
1.140000000e+00  3.82666e-03  3.82666e-03  6.28029e-10
1.150000000e+00  3.82489e-03  3.82489e-03  6.26437e-10
1.160000000e+00  3.82177e-03  3.82177e-03  6.28668e-10
1.170000000e+00  3.81735e-03  3.81734e-03  6.28293e-10
1.180000000e+00  3.81168e-03  3.81168e-03  6.27084e-10
1.190000000e+00  3.80481e-03  3.80481e-03  6.25739e-10
1.200000000e+00  3.79680e-03  3.79679e-03  6.24339e-10
1.210000000e+00  3.78768e-03  3.78768e-03  5.24391e-10
1.220000000e+00  3.77751e-03  3.77751e-03  5.69245e-10
1.230000000e+00  3.76632e-03  3.76632e-03  5.88134e-10
1.240000000e+00  3.75418e-03  3.75418e-03  6.07472e-10
1.250000000e+00  3.74111e-03  3.74111e-03  6.14170e-10
1.260000000e+00  3.72717e-03  3.72717e-03  6.09521e-10
1.270000000e+00  3.71239e-03  3.71239e-03  6.07048e-10
1.280000000e+00  3.69682e-03  3.69682e-03  6.06975e-10
1.290000000e+00  3.68050e-03  3.68049e-03  5.99839e-10
1.300000000e+00  3.66345e-03  3.66345e-03  5.91048e-10
1.310000000e+00  3.64573e-03  3.64573e-03  5.97868e-10
1.320000000e+00  3.62737e-03  3.62736e-03  5.50767e-10
1.330000000e+00  3.60839e-03  3.60839e-03  5.90992e-10
1.340000000e+00  3.58885e-03  3.58885e-03  5.60825e-10
1.350000000e+00  3.56877e-03  3.56877e-03  5.76846e-10
1.360000000e+00  3.54817e-03  3.54817e-03  5.65613e-10
1.370000000e+00  3.52711e-03  3.52711e-03  5.58534e-10
1.380000000e+00  3.50559e-03  3.50559e-03  5.55865e-10
1.390000000e+00  3.48366e-03  3.48366e-03  5.56629e-10
1.400000000e+00  3.46134e-03  3.46134e-03  5.53791e-10
1.410000000e+00  3.43866e-03  3.43866e-03  5.47853e-10
1.420000000e+00  3.41564e-03  3.41564e-03  5.57049e-10
1.430000000e+00  3.39231e-03  3.39231e-03  5.49324e-10
1.440000000e+00  3.36870e-03  3.36870e-03  2.56589e-10
1.450000000e+00  3.34482e-03  3.34482e-03  4.50620e-10
1.460000000e+00  3.32070e-03  3.32070e-03  5.37649e-10
1.470000000e+00  3.29637e-03  3.29636e-03  5.34369e-10
1.480000000e+00  3.27183e-03  3.27183e-03  4.95247e-10
1.490000000e+00  3.24712e-03  3.24711e-03  5.20565e-10
1.500000000e+00  3.22224e-03  3.22224e-03  4.93722e-10
1.510000000e+00  3.19723e-03  3.19723e-03  5.19964e-10
1.520000000e+00  3.17209e-03  3.17209e-03  5.16533e-10
1.530000000e+00  3.14685e-03  3.14685e-03  4.76202e-10
1.540000000e+00  3.12152e-03  3.12152e-03  4.37427e-10
1.550000000e+00  3.09611e-03  3.09611e-03  4.92680e-10
1.560000000e+00  3.07064e-03  3.07064e-03  4.98192e-10
1.570000000e+00  3.04513e-03  3.04513e-03  4.43338e-10
1.580000000e+00  3.01959e-03  3.01959e-03  3.04701e-10
1.590000000e+00  2.99402e-03  2.99402e-03  4.63458e-10
1.600000000e+00  2.96846e-03  2.96846e-03  4.28262e-10
1.610000000e+00  2.94289e-03  2.94289e-03  2.98627e-10
1.620000000e+00  2.91734e-03  2.91734e-03  4.12296e-10
1.630000000e+00  2.89182e-03  2.89182e-03  4.49226e-10
1.640000000e+00  2.86634e-03  2.86634e-03  4.27479e-10
1.650000000e+00  2.84091e-03  2.84091e-03  4.15653e-10
1.660000000e+00  2.81553e-03  2.81553e-03  4.38725e-10
1.670000000e+00  2.79021e-03  2.79021e-03  4.40188e-10
1.680000000e+00  2.76497e-03  2.76497e-03  4.41751e-10
1.690000000e+00  2.73981e-03  2.73981e-03  4.45363e-10
1.700000000e+00  2.71474e-03  2.71474e-03  4.43037e-10
1.710000000e+00  2.68977e-03  2.68977e-03  4.35332e-10
1.720000000e+00  2.66490e-03  2.66490e-03  4.34312e-10
1.730000000e+00  2.64013e-03  2.64013e-03  4.31350e-10
1.740000000e+00  2.61549e-03  2.61549e-03  4.27476e-10
1.750000000e+00  2.59096e-03  2.59096e-03  4.23360e-10
1.760000000e+00  2.56656e-03  2.56656e-03  4.18776e-10
1.770000000e+00  2.54229e-03  2.54229e-03  4.15053e-10
1.780000000e+00  2.51815e-03  2.51815e-03  4.11350e-10
1.790000000e+00  2.49415e-03  2.49415e-03  4.07027e-10
1.800000000e+00  2.47030e-03  2.47030e-03  4.03111e-10
1.810000000e+00  2.44660e-03  2.44660e-03  3.98580e-10
1.820000000e+00  2.42304e-03  2.42304e-03  3.90982e-10
1.830000000e+00  2.39965e-03  2.39964e-03  3.83785e-10
1.840000000e+00  2.37640e-03  2.37640e-03  3.73955e-10
1.850000000e+00  2.35332e-03  2.35332e-03  3.71601e-10
1.860000000e+00  2.33041e-03  2.33041e-03  3.64625e-10
1.870000000e+00  2.30765e-03  2.30765e-03  3.65386e-10
1.880000000e+00  2.28507e-03  2.28507e-03  3.23156e-10
1.890000000e+00  2.26266e-03  2.26266e-03  3.23343e-10
1.900000000e+00  2.24041e-03  2.24041e-03  3.49213e-10
1.910000000e+00  2.21834e-03  2.21834e-03  3.46059e-10
1.920000000e+00  2.19645e-03  2.19645e-03  3.50162e-10
1.930000000e+00  2.17473e-03  2.17473e-03  3.47200e-10
1.940000000e+00  2.15319e-03  2.15319e-03  3.32014e-10
1.950000000e+00  2.13183e-03  2.13183e-03  1.82148e-10
1.960000000e+00  2.11065e-03  2.11065e-03  5.87188e-11
1.970000000e+00  2.08964e-03  2.08964e-03  6.41346e-11
1.980000000e+00  2.06882e-03  2.06882e-03  1.86537e-10
1.990000000e+00  2.04818e-03  2.04818e-03  2.55184e-10
2.000000000e+00  2.02772e-03  2.02772e-03  1.53238e-10
2.010000000e+00  2.00745e-03  2.00745e-03  3.63836e-11
2.020000000e+00  1.98735e-03  1.98735e-03  4.54255e-11
2.030000000e+00  1.96744e-03  1.96744e-03  1.15499e-10
2.040000000e+00  1.94771e-03  1.94771e-03  1.38733e-10
2.050000000e+00  1.92816e-03  1.92816e-03  1.25555e-10
2.060000000e+00  1.90880e-03  1.90880e-03  5.89167e-11
2.070000000e+00  1.88961e-03  1.88961e-03  6.41862e-11
2.080000000e+00  1.87061e-03  1.87061e-03  1.21020e-10
2.090000000e+00  1.85179e-03  1.85179e-03  1.55544e-10
2.100000000e+00  1.83315e-03  1.83315e-03  2.03736e-10
2.110000000e+00  1.81469e-03  1.81469e-03  2.44812e-10
2.120000000e+00  1.79641e-03  1.79641e-03  2.55524e-10
2.130000000e+00  1.77831e-03  1.77831e-03  2.78827e-10
2.140000000e+00  1.76039e-03  1.76039e-03  2.81288e-10
2.150000000e+00  1.74264e-03  1.74264e-03  2.56301e-10
2.160000000e+00  1.72507e-03  1.72507e-03  2.54145e-10
2.170000000e+00  1.70768e-03  1.70768e-03  2.50988e-10
2.180000000e+00  1.69046e-03  1.69046e-03  2.63306e-10
2.190000000e+00  1.67341e-03  1.67341e-03  2.70206e-10
2.200000000e+00  1.65654e-03  1.65654e-03  2.69972e-10
2.210000000e+00  1.63984e-03  1.63984e-03  2.68064e-10
2.220000000e+00  1.62331e-03  1.62331e-03  2.64356e-10
2.230000000e+00  1.60696e-03  1.60695e-03  2.62112e-10
2.240000000e+00  1.59076e-03  1.59076e-03  2.60785e-10
2.250000000e+00  1.57474e-03  1.57474e-03  2.58126e-10
2.260000000e+00  1.55889e-03  1.55889e-03  2.54289e-10
2.270000000e+00  1.54320e-03  1.54319e-03  2.52985e-10
2.280000000e+00  1.52767e-03  1.52767e-03  2.50286e-10
2.290000000e+00  1.51230e-03  1.51230e-03  2.48344e-10
2.300000000e+00  1.49710e-03  1.49710e-03  2.45884e-10
2.310000000e+00  1.48206e-03  1.48206e-03  2.43474e-10
2.320000000e+00  1.46718e-03  1.46718e-03  2.41110e-10
2.330000000e+00  1.45245e-03  1.45245e-03  2.38728e-10
2.340000000e+00  1.43788e-03  1.43788e-03  2.36367e-10
2.350000000e+00  1.42347e-03  1.42347e-03  2.34033e-10
2.360000000e+00  1.40921e-03  1.40921e-03  2.31723e-10
2.370000000e+00  1.39510e-03  1.39510e-03  2.29467e-10
2.380000000e+00  1.38115e-03  1.38115e-03  2.27156e-10
2.390000000e+00  1.36734e-03  1.36734e-03  2.24791e-10
2.400000000e+00  1.35368e-03  1.35368e-03  2.22458e-10
2.410000000e+00  1.34017e-03  1.34017e-03  2.20245e-10
2.420000000e+00  1.32681e-03  1.32681e-03  2.18355e-10
2.430000000e+00  1.31359e-03  1.31359e-03  2.16499e-10
2.440000000e+00  1.30051e-03  1.30051e-03  2.13462e-10
2.450000000e+00  1.28757e-03  1.28757e-03  2.11928e-10
2.460000000e+00  1.27478e-03  1.27478e-03  2.10283e-10
2.470000000e+00  1.26212e-03  1.26212e-03  2.08057e-10
2.480000000e+00  1.24960e-03  1.24960e-03  2.04689e-10
2.490000000e+00  1.23722e-03  1.23722e-03  1.97234e-10
2.500000000e+00  1.22498e-03  1.22498e-03  1.96843e-10
2.510000000e+00  1.21286e-03  1.21286e-03  1.95225e-10
2.520000000e+00  1.20088e-03  1.20088e-03  1.92324e-10
2.530000000e+00  1.18903e-03  1.18903e-03  1.94090e-10
2.540000000e+00  1.17731e-03  1.17731e-03  1.90730e-10
2.550000000e+00  1.16572e-03  1.16572e-03  1.85922e-10
2.560000000e+00  1.15425e-03  1.15425e-03  1.86412e-10
2.570000000e+00  1.14291e-03  1.14291e-03  1.72876e-10
2.580000000e+00  1.13170e-03  1.13170e-03  1.64355e-10
2.590000000e+00  1.12060e-03  1.12060e-03  1.57777e-10
2.600000000e+00  1.10963e-03  1.10963e-03  1.44251e-10
2.610000000e+00  1.09878e-03  1.09878e-03  1.50485e-10
2.620000000e+00  1.08805e-03  1.08805e-03  1.48129e-10
2.630000000e+00  1.07744e-03  1.07744e-03  1.55290e-10
2.640000000e+00  1.06694e-03  1.06694e-03  1.52405e-10
2.650000000e+00  1.05656e-03  1.05656e-03  1.61865e-10
2.660000000e+00  1.04629e-03  1.04629e-03  1.29385e-10
2.670000000e+00  1.03614e-03  1.03614e-03  1.60239e-11
2.680000000e+00  1.02610e-03  1.02610e-03  2.29463e-12
2.690000000e+00  1.01616e-03  1.01616e-03  5.94906e-13
2.700000000e+00  1.00634e-03  1.00634e-03  8.84141e-13
2.710000000e+00  9.96623e-04  9.96623e-04  9.11964e-13
2.720000000e+00  9.87014e-04  9.87014e-04  2.51224e-12
2.730000000e+00  9.77511e-04  9.77511e-04  5.25370e-12
2.740000000e+00  9.68112e-04  9.68112e-04  5.17873e-12
2.750000000e+00  9.58816e-04  9.58816e-04  2.51958e-12
2.760000000e+00  9.49622e-04  9.49622e-04  6.13812e-13
2.770000000e+00  9.40529e-04  9.40529e-04  4.83301e-13
2.780000000e+00  9.31536e-04  9.31536e-04  3.40448e-13
2.790000000e+00  9.22641e-04  9.22641e-04  4.32092e-13
2.800000000e+00  9.13844e-04  9.13844e-04  7.96782e-13
2.810000000e+00  9.05143e-04  9.05143e-04  1.19078e-12
2.820000000e+00  8.96538e-04  8.96538e-04  1.36496e-12
2.830000000e+00  8.88027e-04  8.88027e-04  1.42412e-12
2.840000000e+00  8.79608e-04  8.79608e-04  1.86114e-12
2.850000000e+00  8.71282e-04  8.71282e-04  1.19062e-12
2.860000000e+00  8.63047e-04  8.63047e-04  2.50252e-12
2.870000000e+00  8.54902e-04  8.54902e-04  8.12575e-12
2.880000000e+00  8.46846e-04  8.46846e-04  1.38688e-11
2.890000000e+00  8.38878e-04  8.38878e-04  2.32901e-11
2.900000000e+00  8.30996e-04  8.30996e-04  3.44522e-11
2.910000000e+00  8.23201e-04  8.23201e-04  4.04110e-11
2.920000000e+00  8.15490e-04  8.15490e-04  4.38819e-11
2.930000000e+00  8.07863e-04  8.07863e-04  4.49576e-11
2.940000000e+00  8.00320e-04  8.00320e-04  4.61167e-11
2.950000000e+00  7.92858e-04  7.92858e-04  4.76236e-11
2.960000000e+00  7.85477e-04  7.85477e-04  4.73223e-11
2.970000000e+00  7.78176e-04  7.78176e-04  4.35122e-11
2.980000000e+00  7.70955e-04  7.70954e-04  3.81556e-11
2.990000000e+00  7.63811e-04  7.63811e-04  3.70217e-11
3.000000000e+00  7.56745e-04  7.56745e-04  4.16075e-11
3.010000000e+00  7.49755e-04  7.49755e-04  4.63280e-11
3.020000000e+00  7.42841e-04  7.42841e-04  4.27711e-11
3.030000000e+00  7.36002e-04  7.36001e-04  4.53727e-11
3.040000000e+00  7.29236e-04  7.29236e-04  4.82464e-11
3.050000000e+00  7.22543e-04  7.22543e-04  4.96287e-11
3.060000000e+00  7.15922e-04  7.15922e-04  4.97246e-11
3.070000000e+00  7.09372e-04  7.09372e-04  5.07098e-11
3.080000000e+00  7.02893e-04  7.02893e-04  5.11145e-11
3.090000000e+00  6.96483e-04  6.96483e-04  5.08236e-11
3.100000000e+00  6.90142e-04  6.90142e-04  5.07261e-11
3.110000000e+00  6.83869e-04  6.83869e-04  5.01977e-11
3.120000000e+00  6.77663e-04  6.77663e-04  4.85440e-11
3.130000000e+00  6.71523e-04  6.71523e-04  4.72702e-11
3.140000000e+00  6.65449e-04  6.65449e-04  4.80254e-11
3.150000000e+00  6.59440e-04  6.59440e-04  4.93060e-11
3.160000000e+00  6.53495e-04  6.53494e-04  4.89585e-11
3.170000000e+00  6.47613e-04  6.47612e-04  4.84058e-11
3.180000000e+00  6.41793e-04  6.41793e-04  4.93949e-11
3.190000000e+00  6.36035e-04  6.36035e-04  5.04541e-11
3.200000000e+00  6.30339e-04  6.30339e-04  5.12438e-11
3.210000000e+00  6.24703e-04  6.24702e-04  5.20033e-11
3.220000000e+00  6.19126e-04  6.19126e-04  5.30680e-11
3.230000000e+00  6.13608e-04  6.13608e-04  5.37909e-11
3.240000000e+00  6.08149e-04  6.08149e-04  5.52640e-11
3.250000000e+00  6.02747e-04  6.02747e-04  5.60083e-11
3.260000000e+00  5.97402e-04  5.97402e-04  5.73234e-11
3.270000000e+00  5.92114e-04  5.92114e-04  5.80859e-11
3.280000000e+00  5.86881e-04  5.86881e-04  5.94709e-11
3.290000000e+00  5.81703e-04  5.81702e-04  6.08913e-11
3.300000000e+00  5.76579e-04  5.76579e-04  6.18363e-11
3.310000000e+00  5.71509e-04  5.71508e-04  6.29247e-11
3.320000000e+00  5.66491e-04  5.66491e-04  6.44581e-11
3.330000000e+00  5.61527e-04  5.61527e-04  6.51860e-11
3.340000000e+00  5.56614e-04  5.56614e-04  6.63843e-11
3.350000000e+00  5.51752e-04  5.51752e-04  6.71342e-11
3.360000000e+00  5.46941e-04  5.46941e-04  6.70005e-11
3.370000000e+00  5.42180e-04  5.42180e-04  6.90649e-11
3.380000000e+00  5.37468e-04  5.37468e-04  7.01142e-11
3.390000000e+00  5.32805e-04  5.32805e-04  7.09516e-11
3.400000000e+00  5.28190e-04  5.28190e-04  7.14329e-11
3.410000000e+00  5.23623e-04  5.23623e-04  7.18094e-11
3.420000000e+00  5.19104e-04  5.19104e-04  7.22103e-11
3.430000000e+00  5.14631e-04  5.14631e-04  7.25769e-11
3.440000000e+00  5.10204e-04  5.10203e-04  7.29289e-11
3.450000000e+00  5.05822e-04  5.05822e-04  7.32092e-11
3.460000000e+00  5.01485e-04  5.01485e-04  7.32022e-11
3.470000000e+00  4.97193e-04  4.97193e-04  7.31126e-11
3.480000000e+00  4.92945e-04  4.92945e-04  7.30032e-11
3.490000000e+00  4.88741e-04  4.88741e-04  7.28951e-11
3.500000000e+00  4.84579e-04  4.84579e-04  7.27828e-11
3.510000000e+00  4.80460e-04  4.80460e-04  7.26669e-11
3.520000000e+00  4.76383e-04  4.76383e-04  7.24908e-11
3.530000000e+00  4.72347e-04  4.72347e-04  7.21449e-11
3.540000000e+00  4.68352e-04  4.68352e-04  7.17872e-11
3.550000000e+00  4.64398e-04  4.64398e-04  7.14141e-11
3.560000000e+00  4.60484e-04  4.60484e-04  7.09858e-11
3.570000000e+00  4.56609e-04  4.56609e-04  7.04584e-11
3.580000000e+00  4.52774e-04  4.52774e-04  6.98568e-11
3.590000000e+00  4.48977e-04  4.48977e-04  6.89537e-11
3.600000000e+00  4.45219e-04  4.45219e-04  6.72304e-11
3.610000000e+00  4.41498e-04  4.41498e-04  6.54597e-11
3.620000000e+00  4.37815e-04  4.37815e-04  6.41535e-11
3.630000000e+00  4.34169e-04  4.34169e-04  6.51333e-11
3.640000000e+00  4.30559e-04  4.30559e-04  6.44035e-11
3.650000000e+00  4.26986e-04  4.26986e-04  6.31448e-11
3.660000000e+00  4.23448e-04  4.23448e-04  6.41302e-11
3.670000000e+00  4.19945e-04  4.19945e-04  6.52713e-11
3.680000000e+00  4.16478e-04  4.16478e-04  6.54353e-11
3.690000000e+00  4.13045e-04  4.13044e-04  6.50225e-11
3.700000000e+00  4.09645e-04  4.09645e-04  6.45907e-11
3.710000000e+00  4.06280e-04  4.06280e-04  6.41965e-11
3.720000000e+00  4.02948e-04  4.02948e-04  6.36142e-11
3.730000000e+00  3.99649e-04  3.99649e-04  6.31680e-11
3.740000000e+00  3.96383e-04  3.96383e-04  6.27504e-11
3.750000000e+00  3.93148e-04  3.93148e-04  6.21228e-11
3.760000000e+00  3.89946e-04  3.89946e-04  6.09795e-11
3.770000000e+00  3.86775e-04  3.86775e-04  5.95909e-11
3.780000000e+00  3.83635e-04  3.83635e-04  5.82181e-11
3.790000000e+00  3.80527e-04  3.80526e-04  5.64763e-11
3.800000000e+00  3.77448e-04  3.77448e-04  5.26090e-11
3.810000000e+00  3.74400e-04  3.74400e-04  4.74864e-11
3.820000000e+00  3.71381e-04  3.71381e-04  4.77912e-11
3.830000000e+00  3.68392e-04  3.68392e-04  5.14817e-11
3.840000000e+00  3.65432e-04  3.65432e-04  4.88738e-11
3.850000000e+00  3.62500e-04  3.62500e-04  4.73030e-11
3.860000000e+00  3.59597e-04  3.59597e-04  4.93240e-11
3.870000000e+00  3.56723e-04  3.56723e-04  5.23176e-11
3.880000000e+00  3.53876e-04  3.53876e-04  5.40774e-11
3.890000000e+00  3.51056e-04  3.51056e-04  5.46323e-11
3.900000000e+00  3.48264e-04  3.48264e-04  5.47476e-11
3.910000000e+00  3.45499e-04  3.45499e-04  5.45050e-11
3.920000000e+00  3.42760e-04  3.42760e-04  5.40462e-11
3.930000000e+00  3.40048e-04  3.40048e-04  5.33626e-11
3.940000000e+00  3.37361e-04  3.37361e-04  5.24228e-11
3.950000000e+00  3.34701e-04  3.34701e-04  5.13049e-11
3.960000000e+00  3.32066e-04  3.32066e-04  4.95187e-11
3.970000000e+00  3.29456e-04  3.29456e-04  4.77246e-11
3.980000000e+00  3.26870e-04  3.26870e-04  4.47767e-11
3.990000000e+00  3.24310e-04  3.24310e-04  4.29622e-11
4.000000000e+00  3.21774e-04  3.21774e-04  4.46893e-11
4.010000000e+00  3.19262e-04  3.19262e-04  4.53681e-11
4.020000000e+00  3.16773e-04  3.16773e-04  4.26653e-11
4.030000000e+00  3.14309e-04  3.14309e-04  4.25773e-11
4.040000000e+00  3.11867e-04  3.11867e-04  4.38212e-11
4.050000000e+00  3.09449e-04  3.09449e-04  4.53462e-11
4.060000000e+00  3.07053e-04  3.07053e-04  4.66291e-11
4.070000000e+00  3.04680e-04  3.04680e-04  4.67252e-11
4.080000000e+00  3.02329e-04  3.02329e-04  4.56249e-11
4.090000000e+00  3.00000e-04  3.00000e-04  4.42096e-11
4.100000000e+00  2.97694e-04  2.97693e-04  4.31061e-11
4.110000000e+00  2.95408e-04  2.95408e-04  4.30774e-11
4.120000000e+00  2.93144e-04  2.93144e-04  4.33774e-11
4.130000000e+00  2.90901e-04  2.90901e-04  4.31121e-11
4.140000000e+00  2.88679e-04  2.88679e-04  4.20375e-11
4.150000000e+00  2.86478e-04  2.86478e-04  4.21766e-11
4.160000000e+00  2.84297e-04  2.84297e-04  3.81162e-11
4.170000000e+00  2.82136e-04  2.82136e-04  1.58163e-11
4.180000000e+00  2.79995e-04  2.79995e-04  5.65228e-12
4.190000000e+00  2.77874e-04  2.77874e-04  3.21287e-12
4.200000000e+00  2.75773e-04  2.75773e-04  1.35118e-12
4.210000000e+00  2.73691e-04  2.73691e-04  3.85476e-13
4.220000000e+00  2.71628e-04  2.71628e-04  1.10946e-13
4.230000000e+00  2.69584e-04  2.69584e-04  6.25842e-14
4.240000000e+00  2.67559e-04  2.67559e-04  5.04457e-14
4.250000000e+00  2.65552e-04  2.65552e-04  4.84528e-14
4.260000000e+00  2.63564e-04  2.63564e-04  5.72348e-14
4.270000000e+00  2.61594e-04  2.61594e-04  6.12982e-14
4.280000000e+00  2.59642e-04  2.59642e-04  5.23642e-14
4.290000000e+00  2.57707e-04  2.57707e-04  5.37051e-14
4.300000000e+00  2.55790e-04  2.55790e-04  6.04833e-14
4.310000000e+00  2.53891e-04  2.53891e-04  6.91707e-14
4.320000000e+00  2.52009e-04  2.52009e-04  8.37219e-14
4.330000000e+00  2.50144e-04  2.50144e-04  1.23522e-13
4.340000000e+00  2.48295e-04  2.48295e-04  1.79444e-13
4.350000000e+00  2.46463e-04  2.46463e-04  2.33524e-13
4.360000000e+00  2.44648e-04  2.44648e-04  2.36446e-13
4.370000000e+00  2.42849e-04  2.42849e-04  2.57569e-13
4.380000000e+00  2.41067e-04  2.41067e-04  3.54045e-13
4.390000000e+00  2.39300e-04  2.39300e-04  5.12161e-13
4.400000000e+00  2.37549e-04  2.37549e-04  3.63668e-13
4.410000000e+00  2.35814e-04  2.35814e-04  3.66726e-13
4.420000000e+00  2.34094e-04  2.34094e-04  4.41578e-13
4.430000000e+00  2.32390e-04  2.32390e-04  5.86539e-13
4.440000000e+00  2.30700e-04  2.30700e-04  8.18732e-13
4.450000000e+00  2.29026e-04  2.29026e-04  1.23587e-12
4.460000000e+00  2.27367e-04  2.27367e-04  1.87855e-12
4.470000000e+00  2.25722e-04  2.25722e-04  2.37047e-12
4.480000000e+00  2.24092e-04  2.24092e-04  3.26827e-12
4.490000000e+00  2.22476e-04  2.22476e-04  4.26205e-12
4.500000000e+00  2.20874e-04  2.20874e-04  7.11328e-12
4.510000000e+00  2.19287e-04  2.19287e-04  1.24045e-11
4.520000000e+00  2.17714e-04  2.17714e-04  1.77259e-11
4.530000000e+00  2.16154e-04  2.16154e-04  2.30931e-11
4.540000000e+00  2.14608e-04  2.14608e-04  2.61721e-11
4.550000000e+00  2.13075e-04  2.13075e-04  2.81084e-11
4.560000000e+00  2.11556e-04  2.11556e-04  2.86403e-11
4.570000000e+00  2.10051e-04  2.10051e-04  2.91483e-11
4.580000000e+00  2.08558e-04  2.08558e-04  2.92958e-11
4.590000000e+00  2.07078e-04  2.07078e-04  2.93570e-11
4.600000000e+00  2.05611e-04  2.05611e-04  2.93338e-11
4.610000000e+00  2.04157e-04  2.04157e-04  2.92130e-11
4.620000000e+00  2.02716e-04  2.02716e-04  2.82247e-11
4.630000000e+00  2.01287e-04  2.01287e-04  2.77657e-11
4.640000000e+00  1.99870e-04  1.99870e-04  2.78788e-11
4.650000000e+00  1.98466e-04  1.98466e-04  2.77940e-11
4.660000000e+00  1.97073e-04  1.97073e-04  2.79621e-11
4.670000000e+00  1.95693e-04  1.95693e-04  2.78970e-11
4.680000000e+00  1.94324e-04  1.94324e-04  2.66009e-11
4.690000000e+00  1.92967e-04  1.92967e-04  2.58265e-11
4.700000000e+00  1.91622e-04  1.91622e-04  2.48887e-11
4.710000000e+00  1.90288e-04  1.90288e-04  1.74946e-11
4.720000000e+00  1.88966e-04  1.88966e-04  2.18403e-11
4.730000000e+00  1.87655e-04  1.87655e-04  1.92619e-11
4.740000000e+00  1.86355e-04  1.86355e-04  1.76025e-11
4.750000000e+00  1.85066e-04  1.85066e-04  1.64520e-11
4.760000000e+00  1.83788e-04  1.83788e-04  1.58370e-11
4.770000000e+00  1.82521e-04  1.82521e-04  1.63392e-11
4.780000000e+00  1.81265e-04  1.81265e-04  1.35510e-11
4.790000000e+00  1.80019e-04  1.80019e-04  1.11416e-11
4.800000000e+00  1.78783e-04  1.78783e-04  9.01776e-12
4.810000000e+00  1.77559e-04  1.77559e-04  5.89779e-12
4.820000000e+00  1.76344e-04  1.76344e-04  3.05286e-12
4.830000000e+00  1.75140e-04  1.75140e-04  3.56310e-12
4.840000000e+00  1.73945e-04  1.73945e-04  3.73383e-12
4.850000000e+00  1.72761e-04  1.72761e-04  3.60313e-12
4.860000000e+00  1.71587e-04  1.71587e-04  3.34185e-12
4.870000000e+00  1.70422e-04  1.70422e-04  3.63254e-12
4.880000000e+00  1.69267e-04  1.69267e-04  4.43223e-12
4.890000000e+00  1.68122e-04  1.68122e-04  5.37549e-12
4.900000000e+00  1.66986e-04  1.66986e-04  8.44930e-12
4.910000000e+00  1.65860e-04  1.65860e-04  1.13488e-11
4.920000000e+00  1.64743e-04  1.64743e-04  1.05247e-11
4.930000000e+00  1.63635e-04  1.63635e-04  1.59230e-11
4.940000000e+00  1.62536e-04  1.62536e-04  1.72532e-11
4.950000000e+00  1.61447e-04  1.61447e-04  1.68154e-11
4.960000000e+00  1.60366e-04  1.60366e-04  1.84285e-11
4.970000000e+00  1.59294e-04  1.59294e-04  2.00246e-11
4.980000000e+00  1.58232e-04  1.58232e-04  2.06966e-11
4.990000000e+00  1.57177e-04  1.57177e-04  2.22360e-11
5.000000000e+00  1.56132e-04  1.56132e-04  2.06079e-11
results_trn.txt
# ------------------------------------------------------------------------
# NASA-GSFC Planetary Spectrum Generator (PSG, Villanueva et al. 2015)
# Atmospheric transmittance spectrum synthesized with PUMAS (Villanueva et al. 2016, Smith et al. 2009, Edwards 1992)
# Synthesized on Tue Nov 21 15:09:56 2017
# Molecular abundance profile: 
# Molecules considered: N2,CO2,H2O
# Molecular sources: HIT[22],HIT[2],HIT[1]
# Molecular abundances: 1,1,1
# Molecular abundance units: scl,scl,scl
# Collission-Induced-Absorption:  N2-N2(3.33-5.41um)
# Rayleigh scattering included
# ------------------------------------------------------------------------
# Aerosols considered: WaterIce,Cloud
# Aerosols sources: CRISM_Wolff[reff=2.0um 0.31-99.57um],White_GSFC[reff=1.0um 0.10-1000000.00um]
# Aerosols opacities: 1,1
# Aerosols opacity units: scl,scl
# ------------------------------------------------------------------------
# Spectral unit: Wavelength [um]
# Wave/freq Total N2 CO2 H2O WaterIce Cloud Rayleigh CIA
1.000000000e+00  0.00000  1.00000  0.99996  0.97090  0.00000  0.00000  0.97252  1.00000
1.010000000e+00  0.00000  1.00000  0.99999  0.96144  0.00000  0.00000  0.97358  1.00000
1.020000000e+00  0.00000  1.00000  1.00000  0.98181  0.00000  0.00000  0.97459  1.00000
1.030000000e+00  0.00000  1.00000  0.99999  0.98445  0.00000  0.00000  0.97555  1.00000
1.040000000e+00  0.00000  1.00000  0.79685  0.99813  0.00000  0.00000  0.97646  1.00000
1.050000000e+00  0.00000  1.00000  0.98662  0.99926  0.00000  0.00000  0.97734  1.00000
1.060000000e+00  0.00000  1.00000  0.96679  0.99785  0.00000  0.00000  0.97817  1.00000
1.070000000e+00  0.00000  1.00000  0.94070  0.98521  0.00000  0.00000  0.97897  1.00000
1.080000000e+00  0.00000  1.00000  0.99392  0.93198  0.00000  0.00000  0.97973  1.00000
1.090000000e+00  0.00000  1.00000  0.99963  0.87328  0.00000  0.00000  0.98046  1.00000
1.100000000e+00  0.00000  1.00000  0.99829  0.74016  0.00000  0.00000  0.98115  1.00000
1.110000000e+00  0.00000  1.00000  1.00000  0.45765  0.00000  0.00000  0.98181  1.00000
1.120000000e+00  0.00000  1.00000  0.97632  0.06227  0.00000  0.00000  0.98245  1.00000
1.130000000e+00  0.00000  1.00000  0.99655  0.01283  0.00000  0.00000  0.98306  1.00000
1.140000000e+00  0.00000  1.00000  0.99257  0.14678  0.00000  0.00000  0.98364  1.00000
1.150000000e+00  0.00000  1.00000  0.99779  0.07291  0.00000  0.00000  0.98420  1.00000
1.160000000e+00  0.00000  1.00000  0.99754  0.26409  0.00000  0.00000  0.98473  1.00000
1.170000000e+00  0.00000  1.00000  0.99992  0.53412  0.00000  0.00000  0.98524  1.00000
1.180000000e+00  0.00000  1.00000  0.99951  0.69284  0.00000  0.00000  0.98573  1.00000
1.190000000e+00  0.00000  1.00000  0.99995  0.62721  0.00000  0.00000  0.98620  1.00000
1.200000000e+00  0.00000  1.00000  0.99981  0.65544  0.00000  0.00000  0.98665  1.00000
1.210000000e+00  0.00000  1.00000  0.08662  0.77289  0.00000  0.00000  0.98709  1.00000
1.220000000e+00  0.00000  1.00000  0.56798  0.83995  0.00000  0.00000  0.98750  1.00000
1.230000000e+00  0.00000  1.00000  0.39196  0.88062  0.00000  0.00000  0.98790  1.00000
1.240000000e+00  0.00000  1.00000  0.83840  0.97935  0.00000  0.00000  0.98828  1.00000
1.250000000e+00  0.00000  1.00000  0.98855  0.99612  0.00000  0.00000  0.98865  1.00000
1.260000000e+00  0.00000  1.00000  0.95789  0.99630  0.00000  0.00000  0.98901  1.00000
1.270000000e+00  0.00000  1.00000  0.95960  0.98868  0.00000  0.00000  0.98935  1.00000
1.280000000e+00  0.00000  1.00000  0.99903  0.97552  0.00000  0.00000  0.98967  1.00000
1.290000000e+00  0.00000  1.00000  0.88131  0.93338  0.00000  0.00000  0.98999  1.00000
1.300000000e+00  0.00000  1.00000  0.82913  0.82815  0.00000  0.00000  0.99029  1.00000
1.310000000e+00  0.00000  1.00000  0.99207  0.70436  0.00000  0.00000  0.99058  1.00000
1.320000000e+00  0.00000  1.00000  0.41723  0.53001  0.00000  0.00000  0.99086  1.00000
1.330000000e+00  0.00000  1.00000  0.96767  0.37842  0.00000  0.00000  0.99113  1.00000
1.340000000e+00  0.00000  1.00000  0.57008  0.22779  0.00000  0.00000  0.99140  1.00000
1.350000000e+00  0.00000  1.00000  0.85203  0.01337  0.00000  0.00000  0.99165  1.00000
1.360000000e+00  0.00000  1.00000  0.98757  0.00000  0.00000  0.00000  0.99189  1.00000
1.370000000e+00  0.00000  1.00000  0.96995  0.00000  0.00000  0.00000  0.99212  1.00000
1.380000000e+00  0.00000  1.00000  0.96151  0.00000  0.00000  0.00000  0.99235  1.00000
1.390000000e+00  0.00000  1.00000  0.99281  0.00000  0.00000  0.00000  0.99256  1.00000
1.400000000e+00  0.00000  1.00000  0.99613  0.00000  0.00000  0.00000  0.99277  1.00000
1.410000000e+00  0.00000  1.00000  0.99980  0.00000  0.00000  0.00000  0.99297  1.00000
1.420000000e+00  0.00000  1.00000  0.99942  0.00112  0.00000  0.00000  0.99317  1.00000
1.430000000e+00  0.00000  1.00000  0.68675  0.00341  0.00000  0.00000  0.99336  1.00000
1.440000000e+00  0.00000  1.00000  0.00000  0.00367  0.00000  0.00000  0.99354  1.00000
1.450000000e+00  0.00000  1.00000  0.01240  0.02830  0.00000  0.00000  0.99372  1.00000
1.460000000e+00  0.00000  1.00000  0.63321  0.10312  0.00000  0.00000  0.99389  1.00000
1.470000000e+00  0.00000  1.00000  0.97383  0.03213  0.00000  0.00000  0.99405  1.00000
1.480000000e+00  0.00000  1.00000  0.41510  0.08207  0.00000  0.00000  0.99421  1.00000
1.490000000e+00  0.00000  1.00000  0.74762  0.08209  0.00000  0.00000  0.99436  1.00000
1.500000000e+00  0.00000  1.00000  0.55823  0.39651  0.00000  0.00000  0.99451  1.00000
1.510000000e+00  0.00000  1.00000  0.98137  0.55381  0.00000  0.00000  0.99465  1.00000
1.520000000e+00  0.00000  1.00000  0.98604  0.73145  0.00000  0.00000  0.99479  1.00000
1.530000000e+00  0.00000  1.00000  0.32393  0.81367  0.00000  0.00000  0.99493  1.00000
1.540000000e+00  0.00000  1.00000  0.13611  0.93136  0.00000  0.00000  0.99506  1.00000
1.550000000e+00  0.00000  1.00000  0.64901  0.96358  0.00000  0.00000  0.99518  1.00000
1.560000000e+00  0.00000  1.00000  0.93843  0.98985  0.00000  0.00000  0.99531  1.00000
1.570000000e+00  0.00000  1.00000  0.30471  0.98065  0.00000  0.00000  0.99542  1.00000
1.580000000e+00  0.00000  1.00000  0.00020  0.98453  0.00000  0.00000  0.99554  1.00000
1.590000000e+00  0.00000  1.00000  0.33882  0.98595  0.00000  0.00000  0.99565  1.00000
1.600000000e+00  0.00000  1.00000  0.21499  0.97847  0.00000  0.00000  0.99576  1.00000
1.610000000e+00  0.00000  1.00000  0.00219  0.99206  0.00000  0.00000  0.99586  1.00000
1.620000000e+00  0.00000  1.00000  0.01821  0.99215  0.00000  0.00000  0.99596  1.00000
1.630000000e+00  0.00000  1.00000  0.39196  0.99730  0.00000  0.00000  0.99606  1.00000
1.640000000e+00  0.00000  1.00000  0.30784  0.99180  0.00000  0.00000  0.99615  1.00000
1.650000000e+00  0.00000  1.00000  0.23407  0.97791  0.00000  0.00000  0.99625  1.00000
1.660000000e+00  0.00000  1.00000  0.39127  0.97520  0.00000  0.00000  0.99634  1.00000
1.670000000e+00  0.00000  1.00000  0.56136  0.97646  0.00000  0.00000  0.99642  1.00000
1.680000000e+00  0.00000  1.00000  0.80067  0.96382  0.00000  0.00000  0.99651  1.00000
1.690000000e+00  0.00000  1.00000  0.93748  0.97041  0.00000  0.00000  0.99659  1.00000
1.700000000e+00  0.00000  1.00000  0.98473  0.89472  0.00000  0.00000  0.99667  1.00000
1.710000000e+00  0.00000  1.00000  0.92890  0.89285  0.00000  0.00000  0.99675  1.00000
1.720000000e+00  0.00000  1.00000  0.96317  0.91303  0.00000  0.00000  0.99682  1.00000
1.730000000e+00  0.00000  1.00000  0.99260  0.85962  0.00000  0.00000  0.99689  1.00000
1.740000000e+00  0.00000  1.00000  0.99937  0.74676  0.00000  0.00000  0.99696  1.00000
1.750000000e+00  0.00000  1.00000  0.99894  0.67993  0.00000  0.00000  0.99703  1.00000
1.760000000e+00  0.00000  1.00000  0.89613  0.68965  0.00000  0.00000  0.99710  1.00000
1.770000000e+00  0.00000  1.00000  0.95781  0.51721  0.00000  0.00000  0.99716  1.00000
1.780000000e+00  0.00000  1.00000  0.99504  0.34090  0.00000  0.00000  0.99723  1.00000
1.790000000e+00  0.00000  1.00000  0.88097  0.19667  0.00000  0.00000  0.99729  1.00000
1.800000000e+00  0.00000  1.00000  0.94980  0.07768  0.00000  0.00000  0.99735  1.00000
1.810000000e+00  0.00000  1.00000  0.98727  0.00793  0.00000  0.00000  0.99741  1.00000
1.820000000e+00  0.00000  1.00000  0.99550  0.00036  0.00000  0.00000  0.99746  1.00000
1.830000000e+00  0.00000  1.00000  0.99925  0.00000  0.00000  0.00000  0.99752  1.00000
1.840000000e+00  0.00000  1.00000  0.99972  0.00000  0.00000  0.00000  0.99757  1.00000
1.850000000e+00  0.00000  1.00000  0.99753  0.00000  0.00000  0.00000  0.99762  1.00000
1.860000000e+00  0.00000  1.00000  0.99709  0.00000  0.00000  0.00000  0.99767  1.00000
1.870000000e+00  0.00000  1.00000  0.97873  0.00000  0.00000  0.00000  0.99772  1.00000
1.880000000e+00  0.00000  1.00000  0.10728  0.00000  0.00000  0.00000  0.99777  1.00000
1.890000000e+00  0.00000  1.00000  0.12487  0.00000  0.00000  0.00000  0.99782  1.00000
1.900000000e+00  0.00000  1.00000  0.51596  0.00001  0.00000  0.00000  0.99786  1.00000
1.910000000e+00  0.00000  1.00000  0.64412  0.00000  0.00000  0.00000  0.99791  1.00000
1.920000000e+00  0.00000  1.00000  0.86187  0.00000  0.00000  0.00000  0.99795  1.00000
1.930000000e+00  0.00000  1.00000  0.84056  0.00001  0.00000  0.00000  0.99799  1.00000
1.940000000e+00  0.00000  1.00000  0.19005  0.00022  0.00000  0.00000  0.99803  1.00000
1.950000000e+00  0.00000  1.00000  0.00000  0.00478  0.00000  0.00000  0.99807  1.00000
1.960000000e+00  0.00000  1.00000  0.00000  0.01458  0.00000  0.00000  0.99811  1.00000
1.970000000e+00  0.00000  1.00000  0.00000  0.21532  0.00000  0.00000  0.99815  1.00000
1.980000000e+00  0.00000  1.00000  0.00000  0.33551  0.00000  0.00000  0.99819  1.00000
1.990000000e+00  0.00000  1.00000  0.00410  0.39864  0.00000  0.00000  0.99822  1.00000
2.000000000e+00  0.00000  1.00000  0.00000  0.53039  0.00000  0.00000  0.99826  1.00000
2.010000000e+00  0.00000  1.00000  0.00000  0.42852  0.00000  0.00000  0.99829  1.00000
2.020000000e+00  0.00000  1.00000  0.00000  0.58169  0.00000  0.00000  0.99833  1.00000
2.030000000e+00  0.00000  1.00000  0.00000  0.80478  0.00000  0.00000  0.99836  1.00000
2.040000000e+00  0.00000  1.00000  0.00000  0.83591  0.00000  0.00000  0.99839  1.00000
2.050000000e+00  0.00000  1.00000  0.00000  0.92089  0.00000  0.00000  0.99842  1.00000
2.060000000e+00  0.00000  1.00000  0.00000  0.83861  0.00000  0.00000  0.99845  1.00000
2.070000000e+00  0.00000  1.00000  0.00000  0.86803  0.00000  0.00000  0.99848  1.00000
2.080000000e+00  0.00000  1.00000  0.00000  0.91265  0.00000  0.00000  0.99851  1.00000
2.090000000e+00  0.00000  1.00000  0.00000  0.91112  0.00000  0.00000  0.99854  1.00000
2.100000000e+00  0.00000  1.00000  0.00004  0.94602  0.00000  0.00000  0.99857  1.00000
2.110000000e+00  0.00000  1.00000  0.01866  0.95681  0.00000  0.00000  0.99859  1.00000
2.120000000e+00  0.00000  1.00000  0.06687  0.88991  0.00000  0.00000  0.99862  1.00000
2.130000000e+00  0.00000  1.00000  0.43829  0.84793  0.00000  0.00000  0.99865  1.00000
2.140000000e+00  0.00000  1.00000  0.63184  0.96286  0.00000  0.00000  0.99867  1.00000
2.150000000e+00  0.00000  1.00000  0.27549  0.98222  0.00000  0.00000  0.99870  1.00000
2.160000000e+00  0.00000  1.00000  0.34604  0.93208  0.00000  0.00000  0.99872  1.00000
2.170000000e+00  0.00000  1.00000  0.22940  0.86335  0.00000  0.00000  0.99874  1.00000
2.180000000e+00  0.00000  1.00000  0.54018  0.88591  0.00000  0.00000  0.99877  1.00000
2.190000000e+00  0.00000  1.00000  0.83053  0.76349  0.00000  0.00000  0.99879  1.00000
2.200000000e+00  0.00000  1.00000  0.88581  0.85255  0.00000  0.00000  0.99881  1.00000
2.210000000e+00  0.00000  1.00000  0.96456  0.89498  0.00000  0.00000  0.99883  1.00000
2.220000000e+00  0.00000  1.00000  0.95060  0.91970  0.00000  0.00000  0.99885  1.00000
2.230000000e+00  0.00000  1.00000  0.95418  0.94575  0.00000  0.00000  0.99887  1.00000
2.240000000e+00  0.00000  1.00000  0.98687  0.97438  0.00000  0.00000  0.99889  1.00000
2.250000000e+00  0.00000  1.00000  0.97810  0.97831  0.00000  0.00000  0.99891  1.00000
2.260000000e+00  0.00000  1.00000  0.94833  0.99156  0.00000  0.00000  0.99893  1.00000
2.270000000e+00  0.00000  1.00000  0.98753  0.98233  0.00000  0.00000  0.99895  1.00000
2.280000000e+00  0.00000  1.00000  0.97362  0.99669  0.00000  0.00000  0.99897  1.00000
2.290000000e+00  0.00000  1.00000  0.99187  0.98328  0.00000  0.00000  0.99899  1.00000
2.300000000e+00  0.00000  1.00000  0.99600  0.90549  0.00000  0.00000  0.99900  1.00000
2.310000000e+00  0.00000  1.00000  0.99745  0.96856  0.00000  0.00000  0.99902  1.00000
2.320000000e+00  0.00000  1.00000  0.99904  0.92177  0.00000  0.00000  0.99904  1.00000
2.330000000e+00  0.00000  1.00000  0.99988  0.91469  0.00000  0.00000  0.99905  1.00000
2.340000000e+00  0.00000  1.00000  0.99989  0.93234  0.00000  0.00000  0.99907  1.00000
2.350000000e+00  0.00000  1.00000  0.99987  0.82536  0.00000  0.00000  0.99909  1.00000
2.360000000e+00  0.00000  1.00000  0.99967  0.69172  0.00000  0.00000  0.99910  1.00000
2.370000000e+00  0.00000  1.00000  0.99822  0.71082  0.00000  0.00000  0.99912  1.00000
2.380000000e+00  0.00000  1.00000  0.99715  0.52165  0.00000  0.00000  0.99913  1.00000
2.390000000e+00  0.00000  1.00000  0.99069  0.40361  0.00000  0.00000  0.99915  1.00000
2.400000000e+00  0.00000  1.00000  0.98880  0.49919  0.00000  0.00000  0.99916  1.00000
2.410000000e+00  0.00000  1.00000  0.98702  0.32485  0.00000  0.00000  0.99917  1.00000
2.420000000e+00  0.00000  1.00000  0.99685  0.14263  0.00000  0.00000  0.99919  1.00000
2.430000000e+00  0.00000  1.00000  0.99991  0.33479  0.00000  0.00000  0.99920  1.00000
2.440000000e+00  0.00000  1.00000  0.99986  0.06633  0.00000  0.00000  0.99921  1.00000
2.450000000e+00  0.00000  1.00000  0.99965  0.12601  0.00000  0.00000  0.99923  1.00000
2.460000000e+00  0.00000  1.00000  0.99948  0.20596  0.00000  0.00000  0.99924  1.00000
2.470000000e+00  0.00000  1.00000  0.99234  0.17445  0.00000  0.00000  0.99925  1.00000
2.480000000e+00  0.00000  1.00000  0.96965  0.07955  0.00000  0.00000  0.99926  1.00000
2.490000000e+00  0.00000  1.00000  0.31927  0.00268  0.00000  0.00000  0.99927  1.00000
2.500000000e+00  0.00000  1.00000  0.73565  0.00282  0.00000  0.00000  0.99929  1.00000
2.510000000e+00  0.00000  1.00000  0.70417  0.00073  0.00000  0.00000  0.99930  1.00000
2.520000000e+00  0.00000  1.00000  0.68174  0.00014  0.00000  0.00000  0.99931  1.00000
2.530000000e+00  0.00000  1.00000  0.83715  0.00000  0.00000  0.00000  0.99932  1.00000
2.540000000e+00  0.00000  1.00000  0.89963  0.00000  0.00000  0.00000  0.99933  1.00000
2.550000000e+00  0.00000  1.00000  0.97476  0.00000  0.00000  0.00000  0.99934  1.00000
2.560000000e+00  0.00000  1.00000  0.94367  0.00000  0.00000  0.00000  0.99935  1.00000
2.570000000e+00  0.00000  1.00000  0.96651  0.00000  0.00000  0.00000  0.99936  1.00000
2.580000000e+00  0.00000  1.00000  0.78745  0.00000  0.00000  0.00000  0.99937  1.00000
2.590000000e+00  0.00000  1.00000  0.54114  0.00000  0.00000  0.00000  0.99938  1.00000
2.600000000e+00  0.00000  1.00000  0.64466  0.00000  0.00000  0.00000  0.99939  1.00000
2.610000000e+00  0.00000  1.00000  0.18179  0.00000  0.00000  0.00000  0.99940  1.00000
2.620000000e+00  0.00000  1.00000  0.06918  0.00000  0.00000  0.00000  0.99941  1.00000
2.630000000e+00  0.00000  1.00000  0.24493  0.00000  0.00000  0.00000  0.99942  1.00000
2.640000000e+00  0.00000  1.00000  0.20653  0.00000  0.00000  0.00000  0.99943  1.00000
2.650000000e+00  0.00000  1.00000  0.37005  0.00000  0.00000  0.00000  0.99943  1.00000
2.660000000e+00  0.00000  1.00000  0.00062  0.00000  0.00000  0.00000  0.99944  1.00000
2.670000000e+00  0.00000  1.00000  0.00000  0.00000  0.00000  0.00000  0.99945  1.00000
2.680000000e+00  0.00000  1.00000  0.00000  0.00000  0.00000  0.00000  0.99946  1.00000
2.690000000e+00  0.00000  1.00000  0.00000  0.00000  0.00000  0.00000  0.99947  1.00000
2.700000000e+00  0.00000  1.00000  0.00000  0.00000  0.00000  0.00000  0.99947  1.00000
2.710000000e+00  0.00000  1.00000  0.00000  0.00000  0.00000  0.00000  0.99948  1.00000
2.720000000e+00  0.00000  1.00000  0.00000  0.00000  0.00000  0.00000  0.99949  1.00000
2.730000000e+00  0.00000  1.00000  0.00000  0.00000  0.00000  0.00000  0.99950  1.00000
2.740000000e+00  0.00000  1.00000  0.00000  0.00000  0.00000  0.00000  0.99950  1.00000
2.750000000e+00  0.00000  1.00000  0.00000  0.00000  0.00000  0.00000  0.99951  1.00000
2.760000000e+00  0.00000  1.00000  0.00000  0.00000  0.00000  0.00000  0.99952  1.00000
2.770000000e+00  0.00000  1.00000  0.00000  0.00000  0.00000  0.00000  0.99953  1.00000
2.780000000e+00  0.00000  1.00000  0.00000  0.00000  0.00000  0.00000  0.99953  1.00000
2.790000000e+00  0.00000  1.00000  0.00000  0.00000  0.00000  0.00000  0.99954  1.00000
2.800000000e+00  0.00000  1.00000  0.00000  0.00000  0.00000  0.00000  0.99955  1.00000
2.810000000e+00  0.00000  1.00000  0.00000  0.00000  0.00000  0.00000  0.99955  1.00000
2.820000000e+00  0.00000  1.00000  0.00000  0.00000  0.00000  0.00000  0.99956  1.00000
2.830000000e+00  0.00000  1.00000  0.00000  0.00000  0.00000  0.00000  0.99956  1.00000
2.840000000e+00  0.00000  1.00000  0.00000  0.00000  0.00000  0.00000  0.99957  1.00000
2.850000000e+00  0.00000  1.00000  0.00000  0.00000  0.00000  0.00000  0.99958  1.00000
2.860000000e+00  0.00000  1.00000  0.00000  0.00000  0.00000  0.00000  0.99958  1.00000
2.870000000e+00  0.00000  1.00000  0.00000  0.00000  0.00000  0.00000  0.99959  1.00000
2.880000000e+00  0.00000  1.00000  0.00000  0.00002  0.00000  0.00000  0.99959  1.00000
2.890000000e+00  0.00000  1.00000  0.00003  0.00001  0.00000  0.00000  0.99960  1.00000
2.900000000e+00  0.00000  1.00000  0.00403  0.00203  0.00000  0.00000  0.99961  1.00000
2.910000000e+00  0.00000  1.00000  0.08116  0.00062  0.00000  0.00000  0.99961  1.00000
2.920000000e+00  0.00000  1.00000  0.34538  0.00085  0.00000  0.00000  0.99962  1.00000
2.930000000e+00  0.00000  1.00000  0.55585  0.00542  0.00000  0.00000  0.99962  1.00000
2.940000000e+00  0.00000  1.00000  0.68649  0.02775  0.00000  0.00000  0.99963  1.00000
2.950000000e+00  0.00000  1.00000  0.82095  0.00060  0.00000  0.00000  0.99963  1.00000
2.960000000e+00  0.00000  1.00000  0.41845  0.00751  0.00000  0.00000  0.99964  1.00000
2.970000000e+00  0.00000  1.00000  0.05146  0.02815  0.00000  0.00000  0.99964  1.00000
2.980000000e+00  0.00000  1.00000  0.00380  0.00003  0.00000  0.00000  0.99965  1.00000
2.990000000e+00  0.00000  1.00000  0.01469  0.04045  0.00000  0.00000  0.99965  1.00000
3.000000000e+00  0.00000  1.00000  0.28622  0.06935  0.00000  0.00000  0.99966  1.00000
3.010000000e+00  0.00000  1.00000  0.30242  0.04749  0.00000  0.00000  0.99966  1.00000
3.020000000e+00  0.00000  1.00000  0.05696  0.03274  0.00000  0.00000  0.99966  1.00000
3.030000000e+00  0.00000  1.00000  0.11487  0.02824  0.00000  0.00000  0.99967  1.00000
3.040000000e+00  0.00000  1.00000  0.31623  0.00377  0.00000  0.00000  0.99967  1.00000
3.050000000e+00  0.00000  1.00000  0.63549  0.00485  0.00000  0.00000  0.99968  1.00000
3.060000000e+00  0.00000  1.00000  0.68695  0.01054  0.00000  0.00000  0.99968  1.00000
3.070000000e+00  0.00000  1.00000  0.83556  0.00489  0.00000  0.00000  0.99969  1.00000
3.080000000e+00  0.00000  1.00000  0.87122  0.02079  0.00000  0.00000  0.99969  1.00000
3.090000000e+00  0.00000  1.00000  0.93018  0.00035  0.00000  0.00000  0.99969  1.00000
3.100000000e+00  0.00000  1.00000  0.89717  0.00034  0.00000  0.00000  0.99970  1.00000
3.110000000e+00  0.00000  1.00000  0.71772  0.00734  0.00000  0.00000  0.99970  1.00000
3.120000000e+00  0.00000  1.00000  0.49300  0.00110  0.00000  0.00000  0.99971  1.00000
3.130000000e+00  0.00000  1.00000  0.39942  0.04913  0.00000  0.00000  0.99971  1.00000
3.140000000e+00  0.00000  1.00000  0.55800  0.11719  0.00000  0.00000  0.99971  1.00000
3.150000000e+00  0.00000  1.00000  0.75887  0.02050  0.00000  0.00000  0.99972  1.00000
3.160000000e+00  0.00000  1.00000  0.60784  0.08496  0.00000  0.00000  0.99972  1.00000
3.170000000e+00  0.00000  1.00000  0.43667  0.62004  0.00000  0.00000  0.99972  1.00000
3.180000000e+00  0.00000  1.00000  0.50018  0.46446  0.00000  0.00000  0.99973  1.00000
3.190000000e+00  0.00000  1.00000  0.66897  0.18479  0.00000  0.00000  0.99973  1.00000
3.200000000e+00  0.00000  1.00000  0.83413  0.04014  0.00000  0.00000  0.99973  1.00000
3.210000000e+00  0.00000  1.00000  0.93401  0.00000  0.00000  0.00000  0.99974  1.00000
3.220000000e+00  0.00000  1.00000  0.91134  0.00004  0.00000  0.00000  0.99974  1.00000
3.230000000e+00  0.00000  1.00000  0.90449  0.00119  0.00000  0.00000  0.99974  1.00000
3.240000000e+00  0.00000  1.00000  0.94987  0.09385  0.00000  0.00000  0.99975  1.00000
3.250000000e+00  0.00000  1.00000  0.98782  0.02907  0.00000  0.00000  0.99975  1.00000
3.260000000e+00  0.00000  1.00000  0.99656  0.23797  0.00000  0.00000  0.99975  1.00000
3.270000000e+00  0.00000  1.00000  0.99615  0.01235  0.00000  0.00000  0.99976  1.00000
3.280000000e+00  0.00000  1.00000  0.99678  0.03955  0.00000  0.00000  0.99976  1.00000
3.290000000e+00  0.00000  1.00000  0.99853  0.25143  0.00000  0.00000  0.99976  1.00000
3.300000000e+00  0.00000  1.00000  0.99936  0.11506  0.00000  0.00000  0.99976  1.00000
3.310000000e+00  0.00000  1.00000  0.99948  0.01062  0.00000  0.00000  0.99977  1.00000
3.320000000e+00  0.00000  1.00000  0.99900  0.15680  0.00000  0.00000  0.99977  1.00000
3.330000000e+00  0.00000  1.00000  0.99375  0.04571  0.00000  0.00000  0.99977  1.00000
3.340000000e+00  0.00000  1.00000  0.97880  0.31895  0.00000  0.00000  0.99978  0.99989
3.350000000e+00  0.00000  1.00000  0.96621  0.10459  0.00000  0.00000  0.99978  0.99985
3.360000000e+00  0.00000  1.00000  0.86200  0.10415  0.00000  0.00000  0.99978  0.99989
3.370000000e+00  0.00000  1.00000  0.96017  0.15043  0.00000  0.00000  0.99978  0.99981
3.380000000e+00  0.00000  1.00000  0.97150  0.25775  0.00000  0.00000  0.99979  0.99993
3.390000000e+00  0.00000  1.00000  0.98471  0.40317  0.00000  0.00000  0.99979  0.99991
3.400000000e+00  0.00000  1.00000  0.99444  0.61335  0.00000  0.00000  0.99979  0.99995
3.410000000e+00  0.00000  1.00000  0.99796  0.46134  0.00000  0.00000  0.99979  0.99996
3.420000000e+00  0.00000  1.00000  0.99930  0.58741  0.00000  0.00000  0.99980  1.00000
3.430000000e+00  0.00000  1.00000  0.99911  0.85362  0.00000  0.00000  0.99980  0.99994
3.440000000e+00  0.00000  1.00000  0.99932  0.73639  0.00000  0.00000  0.99980  0.99991
3.450000000e+00  0.00000  1.00000  0.99655  0.74028  0.00000  0.00000  0.99980  0.99979
3.460000000e+00  0.00000  1.00000  0.99740  0.69011  0.00000  0.00000  0.99980  0.99992
3.470000000e+00  0.00000  1.00000  0.99906  0.83743  0.00000  0.00000  0.99981  0.99981
3.480000000e+00  0.00000  1.00000  0.99935  0.78417  0.00000  0.00000  0.99981  0.99988
3.490000000e+00  0.00000  1.00000  0.99957  0.82555  0.00000  0.00000  0.99981  0.99987
3.500000000e+00  0.00000  1.00000  0.99959  0.79046  0.00000  0.00000  0.99981  0.99993
3.510000000e+00  0.00000  1.00000  0.99929  0.80946  0.00000  0.00000  0.99982  0.99998
3.520000000e+00  0.00000  1.00000  0.99811  0.73556  0.00000  0.00000  0.99982  0.99997
3.530000000e+00  0.00000  1.00000  0.99503  0.69970  0.00000  0.00000  0.99982  0.99996
3.540000000e+00  0.00000  1.00000  0.98895  0.67867  0.00000  0.00000  0.99982  0.99992
3.550000000e+00  0.00000  1.00000  0.97645  0.63850  0.00000  0.00000  0.99982  0.99994
3.560000000e+00  0.00000  1.00000  0.94871  0.51854  0.00000  0.00000  0.99983  0.99975
3.570000000e+00  0.00000  1.00000  0.90699  0.67033  0.00000  0.00000  0.99983  0.99975
3.580000000e+00  0.00000  1.00000  0.87585  0.59789  0.00000  0.00000  0.99983  0.99954
3.590000000e+00  0.00000  1.00000  0.82097  0.71038  0.00000  0.00000  0.99983  0.99953
3.600000000e+00  0.00000  1.00000  0.67063  0.59927  0.00000  0.00000  0.99983  0.99958
3.610000000e+00  0.00000  1.00000  0.54125  0.80634  0.00000  0.00000  0.99983  0.99961
3.620000000e+00  0.00000  1.00000  0.48973  0.63555  0.00000  0.00000  0.99984  0.99950
3.630000000e+00  0.00000  1.00000  0.68172  0.79365  0.00000  0.00000  0.99984  0.99939
3.640000000e+00  0.00000  1.00000  0.64154  0.68502  0.00000  0.00000  0.99984  0.99920
3.650000000e+00  0.00000  1.00000  0.51666  0.90977  0.00000  0.00000  0.99984  0.99907
3.660000000e+00  0.00000  1.00000  0.61971  0.74006  0.00000  0.00000  0.99984  0.99899
3.670000000e+00  0.00000  1.00000  0.80819  0.75178  0.00000  0.00000  0.99985  0.99889
3.680000000e+00  0.00000  1.00000  0.93381  0.35309  0.00000  0.00000  0.99985  0.99872
3.690000000e+00  0.00000  1.00000  0.96896  0.49299  0.00000  0.00000  0.99985  0.99844
3.700000000e+00  0.00000  1.00000  0.97986  0.73712  0.00000  0.00000  0.99985  0.99824
3.710000000e+00  0.00000  1.00000  0.98905  0.89240  0.00000  0.00000  0.99985  0.99650
3.720000000e+00  0.00000  1.00000  0.97959  0.66637  0.00000  0.00000  0.99985  0.99539
3.730000000e+00  0.00000  1.00000  0.97829  0.81642  0.00000  0.00000  0.99986  0.99490
3.740000000e+00  0.00000  1.00000  0.97753  0.67420  0.00000  0.00000  0.99986  0.99433
3.750000000e+00  0.00000  1.00000  0.94062  0.77315  0.00000  0.00000  0.99986  0.99358
3.760000000e+00  0.00000  1.00000  0.84612  0.72429  0.00000  0.00000  0.99986  0.99275
3.770000000e+00  0.00000  1.00000  0.72223  0.66467  0.00000  0.00000  0.99986  0.99180
3.780000000e+00  0.00000  1.00000  0.54964  0.68654  0.00000  0.00000  0.99986  0.99057
3.790000000e+00  0.00000  1.00000  0.37682  0.74504  0.00000  0.00000  0.99986  0.98905
3.800000000e+00  0.00000  1.00000  0.14972  0.69036  0.00000  0.00000  0.99987  0.98743
3.810000000e+00  0.00000  1.00000  0.04089  0.86171  0.00000  0.00000  0.99987  0.98550
3.820000000e+00  0.00000  1.00000  0.06427  0.65621  0.00000  0.00000  0.99987  0.98341
3.830000000e+00  0.00000  1.00000  0.26256  0.84382  0.00000  0.00000  0.99987  0.98104
3.840000000e+00  0.00000  1.00000  0.12979  0.71809  0.00000  0.00000  0.99987  0.97826
3.850000000e+00  0.00000  1.00000  0.06757  0.85228  0.00000  0.00000  0.99987  0.97505
3.860000000e+00  0.00000  1.00000  0.12195  0.82260  0.00000  0.00000  0.99987  0.97138
3.870000000e+00  0.00000  1.00000  0.29082  0.86708  0.00000  0.00000  0.99987  0.96733
3.880000000e+00  0.00000  1.00000  0.53665  0.86214  0.00000  0.00000  0.99988  0.96271
3.890000000e+00  0.00000  1.00000  0.75615  0.89371  0.00000  0.00000  0.99988  0.95737
3.900000000e+00  0.00000  1.00000  0.90373  0.93063  0.00000  0.00000  0.99988  0.95136
3.910000000e+00  0.00000  1.00000  0.95977  0.88032  0.00000  0.00000  0.99988  0.94455
3.920000000e+00  0.00000  1.00000  0.96437  0.97256  0.00000  0.00000  0.99988  0.93656
3.930000000e+00  0.00000  1.00000  0.92698  0.94065  0.00000  0.00000  0.99988  0.92742
3.940000000e+00  0.00000  1.00000  0.84439  0.97403  0.00000  0.00000  0.99988  0.91684
3.950000000e+00  0.00000  1.00000  0.71912  0.97774  0.00000  0.00000  0.99988  0.90491
3.960000000e+00  0.00000  1.00000  0.50359  0.96331  0.00000  0.00000  0.99989  0.89078
3.970000000e+00  0.00000  1.00000  0.33290  0.98972  0.00000  0.00000  0.99989  0.87467
3.980000000e+00  0.00000  1.00000  0.18224  0.97721  0.00000  0.00000  0.99989  0.85670
3.990000000e+00  0.00000  1.00000  0.13284  0.99273  0.00000  0.00000  0.99989  0.83616
4.000000000e+00  0.00000  1.00000  0.30990  0.99019  0.00000  0.00000  0.99989  0.81257
4.010000000e+00  0.00000  1.00000  0.38261  0.99011  0.00000  0.00000  0.99989  0.78677
4.020000000e+00  0.00000  1.00000  0.17138  0.99731  0.00000  0.00000  0.99989  0.75870
4.030000000e+00  0.00000  1.00000  0.14926  0.99026  0.00000  0.00000  0.99989  0.72895
4.040000000e+00  0.00000  1.00000  0.20693  0.99499  0.00000  0.00000  0.99989  0.69760
4.050000000e+00  0.00000  1.00000  0.34527  0.99547  0.00000  0.00000  0.99990  0.66441
4.060000000e+00  0.00000  1.00000  0.51425  0.99440  0.00000  0.00000  0.99990  0.63104
4.070000000e+00  0.00000  1.00000  0.56753  0.99417  0.00000  0.00000  0.99990  0.59750
4.080000000e+00  0.00000  1.00000  0.27717  0.99723  0.00000  0.00000  0.99990  0.56563
4.090000000e+00  0.00000  1.00000  0.08521  0.99697  0.00000  0.00000  0.99990  0.53584
4.100000000e+00  0.00000  1.00000  0.03779  0.99731  0.00000  0.00000  0.99990  0.50803
4.110000000e+00  0.00000  1.00000  0.04867  0.99030  0.00000  0.00000  0.99990  0.48312
4.120000000e+00  0.00000  1.00000  0.20966  0.99733  0.00000  0.00000  0.99990  0.46178
4.130000000e+00  0.00000  1.00000  0.25922  0.99341  0.00000  0.00000  0.99990  0.44393
4.140000000e+00  0.00000  1.00000  0.11454  0.99561  0.00000  0.00000  0.99990  0.42982
4.150000000e+00  0.00000  1.00000  0.04767  0.99860  0.00000  0.00000  0.99991  0.41928
4.160000000e+00  0.00000  1.00000  0.00021  0.99251  0.00000  0.00000  0.99991  0.41267
4.170000000e+00  0.00000  1.00000  0.00000  0.99553  0.00000  0.00000  0.99991  0.40887
4.180000000e+00  0.00000  1.00000  0.00000  0.99470  0.00000  0.00000  0.99991  0.40995
4.190000000e+00  0.00000  1.00000  0.00000  0.99469  0.00000  0.00000  0.99991  0.41191
4.200000000e+00  0.00000  1.00000  0.00000  0.99403  0.00000  0.00000  0.99991  0.41706
4.210000000e+00  0.00000  1.00000  0.00000  0.99076  0.00000  0.00000  0.99991  0.42024
4.220000000e+00  0.00000  1.00000  0.00000  0.99115  0.00000  0.00000  0.99991  0.42112
4.230000000e+00  0.00000  1.00000  0.00000  0.99026  0.00000  0.00000  0.99991  0.41852
4.240000000e+00  0.00000  1.00000  0.00000  0.99266  0.00000  0.00000  0.99991  0.41055
4.250000000e+00  0.00000  1.00000  0.00000  0.98180  0.00000  0.00000  0.99991  0.39547
4.260000000e+00  0.00000  1.00000  0.00000  0.97727  0.00000  0.00000  0.99991  0.36673
4.270000000e+00  0.00000  1.00000  0.00000  0.99207  0.00000  0.00000  0.99992  0.32374
4.280000000e+00  0.00000  1.00000  0.00000  0.96764  0.00000  0.00000  0.99992  0.29394
4.290000000e+00  0.00000  1.00000  0.00000  0.96255  0.00000  0.00000  0.99992  0.27576
4.300000000e+00  0.00000  1.00000  0.00000  0.95777  0.00000  0.00000  0.99992  0.28040
4.310000000e+00  0.00000  1.00000  0.00000  0.92898  0.00000  0.00000  0.99992  0.30812
4.320000000e+00  0.00000  1.00000  0.00000  0.94241  0.00000  0.00000  0.99992  0.34832
4.330000000e+00  0.00000  1.00000  0.00000  0.94095  0.00000  0.00000  0.99992  0.40304
4.340000000e+00  0.00000  1.00000  0.00000  0.92950  0.00000  0.00000  0.99992  0.44883
4.350000000e+00  0.00000  1.00000  0.00000  0.92301  0.00000  0.00000  0.99992  0.48342
4.360000000e+00  0.00000  1.00000  0.00000  0.89804  0.00000  0.00000  0.99992  0.50838
4.370000000e+00  0.00000  1.00000  0.00000  0.80085  0.00000  0.00000  0.99992  0.52631
4.380000000e+00  0.00000  1.00000  0.00000  0.92870  0.00000  0.00000  0.99992  0.53974
4.390000000e+00  0.00000  1.00000  0.00000  0.90022  0.00000  0.00000  0.99992  0.55195
4.400000000e+00  0.00000  1.00000  0.00000  0.85257  0.00000  0.00000  0.99992  0.56060
4.410000000e+00  0.00000  1.00000  0.00000  0.72322  0.00000  0.00000  0.99993  0.57185
4.420000000e+00  0.00000  1.00000  0.00000  0.95163  0.00000  0.00000  0.99993  0.58268
4.430000000e+00  0.00000  1.00000  0.00000  0.83560  0.00000  0.00000  0.99993  0.59533
4.440000000e+00  0.00000  1.00000  0.00000  0.66284  0.00000  0.00000  0.99993  0.60889
4.450000000e+00  0.00000  1.00000  0.00000  0.73198  0.00000  0.00000  0.99993  0.62475
4.460000000e+00  0.00000  1.00000  0.00000  0.76398  0.00000  0.00000  0.99993  0.64054
4.470000000e+00  0.00000  1.00000  0.00000  0.78688  0.00000  0.00000  0.99993  0.65971
4.480000000e+00  0.00000  1.00000  0.00000  0.75839  0.00000  0.00000  0.99993  0.67777
4.490000000e+00  0.00000  1.00000  0.00000  0.80998  0.00000  0.00000  0.99993  0.69854
4.500000000e+00  0.00000  1.00000  0.00000  0.83693  0.00000  0.00000  0.99993  0.71773
4.510000000e+00  0.00000  1.00000  0.00000  0.82739  0.00000  0.00000  0.99993  0.73863
4.520000000e+00  0.00000  1.00000  0.00000  0.74805  0.00000  0.00000  0.99993  0.75898
4.530000000e+00  0.00000  1.00000  0.00000  0.61211  0.00000  0.00000  0.99993  0.77881
4.540000000e+00  0.00000  1.00000  0.00002  0.59128  0.00000  0.00000  0.99993  0.79823
4.550000000e+00  0.00000  1.00000  0.00020  0.78786  0.00000  0.00000  0.99993  0.81689
4.560000000e+00  0.00000  1.00000  0.00443  0.88632  0.00000  0.00000  0.99993  0.83468
4.570000000e+00  0.00000  1.00000  0.03181  0.77341  0.00000  0.00000  0.99994  0.85076
4.580000000e+00  0.00000  1.00000  0.11155  0.66595  0.00000  0.00000  0.99994  0.86643
4.590000000e+00  0.00000  1.00000  0.16276  0.73683  0.00000  0.00000  0.99994  0.88066
4.600000000e+00  0.00000  1.00000  0.24070  0.77786  0.00000  0.00000  0.99994  0.89375
4.610000000e+00  0.00000  1.00000  0.30064  0.81766  0.00000  0.00000  0.99994  0.90577
4.620000000e+00  0.00000  1.00000  0.24944  0.76563  0.00000  0.00000  0.99994  0.91672
4.630000000e+00  0.00000  1.00000  0.11160  0.55814  0.00000  0.00000  0.99994  0.92660
4.640000000e+00  0.00000  1.00000  0.08570  0.56597  0.00000  0.00000  0.99994  0.93549
4.650000000e+00  0.00000  1.00000  0.06975  0.58080  0.00000  0.00000  0.99994  0.94348
4.660000000e+00  0.00000  1.00000  0.07004  0.51431  0.00000  0.00000  0.99994  0.95063
4.670000000e+00  0.00000  1.00000  0.07681  0.44277  0.00000  0.00000  0.99994  0.95669
4.680000000e+00  0.00000  1.00000  0.02745  0.45085  0.00000  0.00000  0.99994  0.96154
4.690000000e+00  0.00000  1.00000  0.01200  0.18154  0.00000  0.00000  0.99994  0.96663
4.700000000e+00  0.00000  1.00000  0.00136  0.83577  0.00000  0.00000  0.99994  0.97074
4.710000000e+00  0.00000  1.00000  0.00004  0.72600  0.00000  0.00000  0.99994  0.97421
4.720000000e+00  0.00000  1.00000  0.00002  0.38572  0.00000  0.00000  0.99994  0.97747
4.730000000e+00  0.00000  1.00000  0.00000  0.53898  0.00000  0.00000  0.99994  0.97991
4.740000000e+00  0.00000  1.00000  0.00000  0.38050  0.00000  0.00000  0.99994  0.98273
4.750000000e+00  0.00000  1.00000  0.00000  0.61523  0.00000  0.00000  0.99994  0.98491
4.760000000e+00  0.00000  1.00000  0.00000  0.50147  0.00000  0.00000  0.99994  0.98687
4.770000000e+00  0.00000  1.00000  0.00000  0.51116  0.00000  0.00000  0.99995  0.98859
4.780000000e+00  0.00000  1.00000  0.00000  0.36941  0.00000  0.00000  0.99995  0.98932
4.790000000e+00  0.00000  1.00000  0.00000  0.20727  0.00000  0.00000  0.99995  0.99066
4.800000000e+00  0.00000  1.00000  0.00000  0.25818  0.00000  0.00000  0.99995  0.99253
4.810000000e+00  0.00000  1.00000  0.00000  0.41220  0.00000  0.00000  0.99995  0.99369
4.820000000e+00  0.00000  1.00000  0.00000  0.35039  0.00000  0.00000  0.99995  0.99450
4.830000000e+00  0.00000  1.00000  0.00000  0.19802  0.00000  0.00000  0.99995  0.99545
4.840000000e+00  0.00000  1.00000  0.00000  0.38651  0.00000  0.00000  0.99995  0.99259
4.850000000e+00  0.00000  1.00000  0.00000  0.09895  0.00000  0.00000  0.99995  0.99519
4.860000000e+00  0.00000  1.00000  0.00000  0.05405  0.00000  0.00000  0.99995  0.99709
4.870000000e+00  0.00000  1.00000  0.00000  0.53171  0.00000  0.00000  0.99995  0.99761
4.880000000e+00  0.00000  1.00000  0.00000  0.52500  0.00000  0.00000  0.99995  0.99788
4.890000000e+00  0.00000  1.00000  0.00000  0.45878  0.00000  0.00000  0.99995  0.99751
4.900000000e+00  0.00000  1.00000  0.00000  0.05493  0.00000  0.00000  0.99995  0.99540
4.910000000e+00  0.00000  1.00000  0.00000  0.02817  0.00000  0.00000  0.99995  0.99823
4.920000000e+00  0.00000  1.00000  0.00000  0.20959  0.00000  0.00000  0.99995  0.99855
4.930000000e+00  0.00000  1.00000  0.00000  0.44182  0.00000  0.00000  0.99995  0.99868
4.940000000e+00  0.00000  1.00000  0.00011  0.21053  0.00000  0.00000  0.99995  0.99868
4.950000000e+00  0.00000  1.00000  0.00055  0.04470  0.00000  0.00000  0.99995  0.99695
4.960000000e+00  0.00000  1.00000  0.00130  0.01103  0.00000  0.00000  0.99995  0.98942
4.970000000e+00  0.00000  1.00000  0.01085  0.00474  0.00000  0.00000  0.99995  0.99899
4.980000000e+00  0.00000  1.00000  0.03208  0.10371  0.00000  0.00000  0.99995  0.99906
4.990000000e+00  0.00000  1.00000  0.08196  0.02566  0.00000  0.00000  0.99995  0.99927
5.000000000e+00  0.00000  1.00000  0.07503  0.19931  0.00000  0.00000  0.99995  0.99930
