results_atm.txt
# ------------------------------------------------------------------------
# Atmospheric radiances synthesized with PUMAS (Villanueva et al. 2016, Smith et al. 2009, Edwards 1992)
# Molecular abundance profile: 
# Molecules considered: N2,CO2,H2O
# Molecular sources: HIT[22],HIT[2],HIT[1]
# Molecular abundances: 1,1,1
# Molecular abundance units: scl,scl,scl
# Collission-Induced-Absorption:  N2-N2(3.33-5.41um)
# Rayleigh scattering included
# ------------------------------------------------------------------------
# Wave/freq TRAPPIST-1-e
1.000000000e+00  6.16898e-10
1.010000000e+00  6.20620e-10
1.020000000e+00  6.24010e-10
1.030000000e+00  6.27063e-10
1.040000000e+00  6.14001e-10
1.050000000e+00  6.32045e-10
1.060000000e+00  6.33342e-10
1.070000000e+00  6.31588e-10
1.080000000e+00  6.37224e-10
1.090000000e+00  6.38734e-10
1.100000000e+00  6.39528e-10
1.110000000e+00  6.40175e-10
1.120000000e+00  6.36905e-10
1.130000000e+00  6.35338e-10
1.140000000e+00  6.38661e-10
1.150000000e+00  6.37312e-10
1.160000000e+00  6.39418e-10
1.170000000e+00  6.39136e-10
1.180000000e+00  6.38068e-10
1.190000000e+00  6.36855e-10
1.200000000e+00  6.35573e-10
1.210000000e+00  5.45699e-10
1.220000000e+00  5.85788e-10
1.230000000e+00  6.02843e-10
1.240000000e+00  6.20068e-10
1.250000000e+00  6.25991e-10
1.260000000e+00  6.21658e-10
1.270000000e+00  6.19264e-10
1.280000000e+00  6.19036e-10
1.290000000e+00  6.12423e-10
1.300000000e+00  6.04329e-10
1.310000000e+00  6.10206e-10
1.320000000e+00  5.67573e-10
1.330000000e+00  6.03520e-10
1.340000000e+00  5.76121e-10
1.350000000e+00  5.90291e-10
1.360000000e+00  5.79917e-10
1.370000000e+00  5.73164e-10
1.380000000e+00  5.70487e-10
1.390000000e+00  5.70866e-10
1.400000000e+00  5.67931e-10
1.410000000e+00  5.62331e-10
1.420000000e+00  5.70057e-10
1.430000000e+00  5.62676e-10
1.440000000e+00  3.09134e-10
1.450000000e+00  4.74377e-10
1.460000000e+00  5.50895e-10
1.470000000e+00  5.47431e-10
1.480000000e+00  5.12121e-10
1.490000000e+00  5.34141e-10
1.500000000e+00  5.09752e-10
1.510000000e+00  5.32620e-10
1.520000000e+00  5.29094e-10
1.530000000e+00  4.93030e-10
1.540000000e+00  4.58374e-10
1.550000000e+00  5.06534e-10
1.560000000e+00  5.10867e-10
1.570000000e+00  4.62362e-10
1.580000000e+00  3.41738e-10
1.590000000e+00  4.78716e-10
1.600000000e+00  4.47120e-10
1.610000000e+00  3.34954e-10
1.620000000e+00  4.32093e-10
1.630000000e+00  4.63942e-10
1.640000000e+00  4.44171e-10
1.650000000e+00  4.33274e-10
1.660000000e+00  4.53099e-10
1.670000000e+00  4.53751e-10
1.680000000e+00  4.54459e-10
1.690000000e+00  4.57107e-10
1.700000000e+00  4.54490e-10
1.710000000e+00  4.47098e-10
1.720000000e+00  4.45645e-10
1.730000000e+00  4.42463e-10
1.740000000e+00  4.38471e-10
1.750000000e+00  4.34263e-10
1.760000000e+00  4.29649e-10
1.770000000e+00  4.25789e-10
1.780000000e+00  4.21944e-10
1.790000000e+00  4.17561e-10
1.800000000e+00  4.13535e-10
1.810000000e+00  4.08967e-10
1.820000000e+00  4.01716e-10
1.830000000e+00  3.94764e-10
1.840000000e+00  3.85465e-10
1.850000000e+00  3.82828e-10
1.860000000e+00  3.76123e-10
1.870000000e+00  3.76250e-10
1.880000000e+00  3.38552e-10
1.890000000e+00  3.38053e-10
1.900000000e+00  3.60155e-10
1.910000000e+00  3.56786e-10
1.920000000e+00  3.59814e-10
1.930000000e+00  3.56569e-10
1.940000000e+00  3.42614e-10
1.950000000e+00  2.12738e-10
1.960000000e+00  1.03862e-10
1.970000000e+00  1.09854e-10
1.980000000e+00  2.13691e-10
1.990000000e+00  2.71996e-10
2.000000000e+00  1.84370e-10
2.010000000e+00  7.30122e-11
2.020000000e+00  8.45504e-11
2.030000000e+00  1.50737e-10
2.040000000e+00  1.68553e-10
2.050000000e+00  1.57349e-10
2.060000000e+00  9.92963e-11
2.070000000e+00  1.05214e-10
2.080000000e+00  1.51878e-10
2.090000000e+00  1.80313e-10
2.100000000e+00  2.21353e-10
2.110000000e+00  2.57029e-10
2.120000000e+00  2.65979e-10
2.130000000e+00  2.86231e-10
2.140000000e+00  2.88011e-10
2.150000000e+00  2.65212e-10
2.160000000e+00  2.62821e-10
2.170000000e+00  2.59614e-10
2.180000000e+00  2.70241e-10
2.190000000e+00  2.76026e-10
2.200000000e+00  2.75409e-10
2.210000000e+00  2.73296e-10
2.220000000e+00  2.69561e-10
2.230000000e+00  2.67156e-10
2.240000000e+00  2.65583e-10
2.250000000e+00  2.62804e-10
2.260000000e+00  2.58961e-10
2.270000000e+00  2.57413e-10
2.280000000e+00  2.54600e-10
2.290000000e+00  2.52480e-10
2.300000000e+00  2.49892e-10
2.310000000e+00  2.47353e-10
2.320000000e+00  2.44854e-10
2.330000000e+00  2.42341e-10
2.340000000e+00  2.39852e-10
2.350000000e+00  2.37392e-10
2.360000000e+00  2.34955e-10
2.370000000e+00  2.32569e-10
2.380000000e+00  2.30135e-10
2.390000000e+00  2.27655e-10
2.400000000e+00  2.25208e-10
2.410000000e+00  2.22869e-10
2.420000000e+00  2.20834e-10
2.430000000e+00  2.18835e-10
2.440000000e+00  2.15740e-10
2.450000000e+00  2.14042e-10
2.460000000e+00  2.12238e-10
2.470000000e+00  2.09893e-10
2.480000000e+00  2.06497e-10
2.490000000e+00  1.99293e-10
2.500000000e+00  1.98629e-10
2.510000000e+00  1.96844e-10
2.520000000e+00  1.93877e-10
2.530000000e+00  1.95267e-10
2.540000000e+00  1.91870e-10
2.550000000e+00  1.87053e-10
2.560000000e+00  1.87266e-10
2.570000000e+00  1.74186e-10
2.580000000e+00  1.65852e-10
2.590000000e+00  1.59250e-10
2.600000000e+00  1.46406e-10
2.610000000e+00  1.51623e-10
2.620000000e+00  1.48983e-10
2.630000000e+00  1.55518e-10
2.640000000e+00  1.52539e-10
2.650000000e+00  1.61225e-10
2.660000000e+00  1.29482e-10
2.670000000e+00  2.69217e-11
2.680000000e+00  6.96348e-12
2.690000000e+00  2.44012e-12
2.700000000e+00  3.30280e-12
2.710000000e+00  3.36461e-12
2.720000000e+00  6.67058e-12
2.730000000e+00  1.06553e-11
2.740000000e+00  1.02354e-11
2.750000000e+00  5.99151e-12
2.760000000e+00  2.15702e-12
2.770000000e+00  1.69536e-12
2.780000000e+00  1.27235e-12
2.790000000e+00  1.46255e-12
2.800000000e+00  2.07272e-12
2.810000000e+00  2.63349e-12
2.820000000e+00  2.77849e-12
2.830000000e+00  2.75459e-12
2.840000000e+00  3.00303e-12
2.850000000e+00  2.15099e-12
2.860000000e+00  3.52375e-12
2.870000000e+00  8.70452e-12
2.880000000e+00  1.42424e-11
2.890000000e+00  2.33430e-11
2.900000000e+00  3.42532e-11
2.910000000e+00  4.01860e-11
2.920000000e+00  4.36622e-11
2.930000000e+00  4.48149e-11
2.940000000e+00  4.60414e-11
2.950000000e+00  4.75960e-11
2.960000000e+00  4.74288e-11
2.970000000e+00  4.39257e-11
2.980000000e+00  3.90268e-11
2.990000000e+00  3.80901e-11
3.000000000e+00  4.24856e-11
3.010000000e+00  4.69066e-11
3.020000000e+00  4.37172e-11
3.030000000e+00  4.61901e-11
3.040000000e+00  4.89284e-11
3.050000000e+00  5.02721e-11
3.060000000e+00  5.04347e-11
3.070000000e+00  5.14108e-11
3.080000000e+00  5.18323e-11
3.090000000e+00  5.15748e-11
3.100000000e+00  5.14938e-11
3.110000000e+00  5.10202e-11
3.120000000e+00  4.95252e-11
3.130000000e+00  4.83818e-11
3.140000000e+00  4.90835e-11
3.150000000e+00  5.02839e-11
3.160000000e+00  5.00185e-11
3.170000000e+00  4.95718e-11
3.180000000e+00  5.05137e-11
3.190000000e+00  5.15106e-11
3.200000000e+00  5.22984e-11
3.210000000e+00  5.31178e-11
3.220000000e+00  5.42173e-11
3.230000000e+00  5.50109e-11
3.240000000e+00  5.64721e-11
3.250000000e+00  5.72796e-11
3.260000000e+00  5.86003e-11
3.270000000e+00  5.94673e-11
3.280000000e+00  6.08869e-11
3.290000000e+00  6.23364e-11
3.300000000e+00  6.33605e-11
3.310000000e+00  6.45099e-11
3.320000000e+00  6.60493e-11
3.330000000e+00  6.68535e-11
3.340000000e+00  6.80640e-11
3.350000000e+00  6.88752e-11
3.360000000e+00  6.88994e-11
3.370000000e+00  7.08733e-11
3.380000000e+00  7.19428e-11
3.390000000e+00  7.27871e-11
3.400000000e+00  7.32617e-11
3.410000000e+00  7.36417e-11
3.420000000e+00  7.40420e-11
3.430000000e+00  7.44100e-11
3.440000000e+00  7.47638e-11
3.450000000e+00  7.50442e-11
3.460000000e+00  7.50210e-11
3.470000000e+00  7.49071e-11
3.480000000e+00  7.47751e-11
3.490000000e+00  7.46441e-11
3.500000000e+00  7.45090e-11
3.510000000e+00  7.43705e-11
3.520000000e+00  7.41695e-11
3.530000000e+00  7.37919e-11
3.540000000e+00  7.34032e-11
3.550000000e+00  7.30012e-11
3.560000000e+00  7.25501e-11
3.570000000e+00  7.20103e-11
3.580000000e+00  7.14035e-11
3.590000000e+00  7.05182e-11
3.600000000e+00  6.88897e-11
3.610000000e+00  6.72173e-11
3.620000000e+00  6.59518e-11
3.630000000e+00  6.67465e-11
3.640000000e+00  6.60107e-11
3.650000000e+00  6.48008e-11
3.660000000e+00  6.56036e-11
3.670000000e+00  6.65502e-11
3.680000000e+00  6.66170e-11
3.690000000e+00  6.61645e-11
3.700000000e+00  6.56967e-11
3.710000000e+00  6.52640e-11
3.720000000e+00  6.46596e-11
3.730000000e+00  6.41811e-11
3.740000000e+00  6.37290e-11
3.750000000e+00  6.30852e-11
3.760000000e+00  6.19713e-11
3.770000000e+00  6.06348e-11
3.780000000e+00  5.93103e-11
3.790000000e+00  5.76542e-11
3.800000000e+00  5.40595e-11
3.810000000e+00  4.93439e-11
3.820000000e+00  4.95518e-11
3.830000000e+00  5.28189e-11
3.840000000e+00  5.03781e-11
3.850000000e+00  4.88717e-11
3.860000000e+00  5.06339e-11
3.870000000e+00  5.33072e-11
3.880000000e+00  5.48515e-11
3.890000000e+00  5.53012e-11
3.900000000e+00  5.53507e-11
3.910000000e+00  5.50711e-11
3.920000000e+00  5.45909e-11
3.930000000e+00  5.39016e-11
3.940000000e+00  5.29751e-11
3.950000000e+00  5.18856e-11
3.960000000e+00  5.01779e-11
3.970000000e+00  4.84652e-11
3.980000000e+00  4.56892e-11
3.990000000e+00  4.39608e-11
4.000000000e+00  4.55020e-11
4.010000000e+00  4.60765e-11
4.020000000e+00  4.35328e-11
4.030000000e+00  4.33952e-11
4.040000000e+00  4.44925e-11
4.050000000e+00  4.58619e-11
4.060000000e+00  4.70099e-11
4.070000000e+00  4.70563e-11
4.080000000e+00  4.59846e-11
4.090000000e+00  4.46242e-11
4.100000000e+00  4.35555e-11
4.110000000e+00  4.34850e-11
4.120000000e+00  4.37240e-11
4.130000000e+00  4.34346e-11
4.140000000e+00  4.23923e-11
4.150000000e+00  4.24762e-11
4.160000000e+00  3.85019e-11
4.170000000e+00  1.86224e-11
4.180000000e+00  9.82855e-12
4.190000000e+00  6.72081e-12
4.200000000e+00  3.81154e-12
4.210000000e+00  1.41605e-12
4.220000000e+00  4.19698e-13
4.230000000e+00  1.97792e-13
4.240000000e+00  1.34685e-13
4.250000000e+00  1.21327e-13
4.260000000e+00  1.60513e-13
4.270000000e+00  1.76624e-13
4.280000000e+00  1.29067e-13
4.290000000e+00  1.31840e-13
4.300000000e+00  1.61078e-13
4.310000000e+00  1.99272e-13
4.320000000e+00  2.61720e-13
4.330000000e+00  4.22285e-13
4.340000000e+00  6.25712e-13
4.350000000e+00  8.08442e-13
4.360000000e+00  8.10314e-13
4.370000000e+00  8.73782e-13
4.380000000e+00  1.15279e-12
4.390000000e+00  1.56481e-12
4.400000000e+00  1.17986e-12
4.410000000e+00  1.18470e-12
4.420000000e+00  1.38046e-12
4.430000000e+00  1.74429e-12
4.440000000e+00  2.20035e-12
4.450000000e+00  2.92111e-12
4.460000000e+00  3.86227e-12
4.470000000e+00  4.52758e-12
4.480000000e+00  5.69781e-12
4.490000000e+00  6.76529e-12
4.500000000e+00  9.19421e-12
4.510000000e+00  1.37557e-11
4.520000000e+00  1.85162e-11
4.530000000e+00  2.34673e-11
4.540000000e+00  2.63473e-11
4.550000000e+00  2.81751e-11
4.560000000e+00  2.86806e-11
4.570000000e+00  2.91576e-11
4.580000000e+00  2.92913e-11
4.590000000e+00  2.93428e-11
4.600000000e+00  2.93146e-11
4.610000000e+00  2.91923e-11
4.620000000e+00  2.82463e-11
4.630000000e+00  2.77977e-11
4.640000000e+00  2.78946e-11
4.650000000e+00  2.78073e-11
4.660000000e+00  2.79592e-11
4.670000000e+00  2.78895e-11
4.680000000e+00  2.66442e-11
4.690000000e+00  2.59008e-11
4.700000000e+00  2.49581e-11
4.710000000e+00  1.81226e-11
4.720000000e+00  2.20837e-11
4.730000000e+00  1.96506e-11
4.740000000e+00  1.80840e-11
4.750000000e+00  1.70166e-11
4.760000000e+00  1.64412e-11
4.770000000e+00  1.68513e-11
4.780000000e+00  1.42897e-11
4.790000000e+00  1.20580e-11
4.800000000e+00  1.01762e-11
4.810000000e+00  7.48843e-12
4.820000000e+00  4.61109e-12
4.830000000e+00  5.32727e-12
4.840000000e+00  5.56184e-12
4.850000000e+00  5.44609e-12
4.860000000e+00  5.11747e-12
4.870000000e+00  5.40146e-12
4.880000000e+00  6.08056e-12
4.890000000e+00  6.76104e-12
4.900000000e+00  9.49108e-12
4.910000000e+00  1.20111e-11
4.920000000e+00  1.12910e-11
4.930000000e+00  1.62274e-11
4.940000000e+00  1.74435e-11
4.950000000e+00  1.70320e-11
4.960000000e+00  1.85330e-11
4.970000000e+00  2.00379e-11
4.980000000e+00  2.06777e-11
4.990000000e+00  2.21320e-11
5.000000000e+00  2.05561e-11
results_cfg.txt
<OBJECT-SUMMARY>Target: TRAPPIST-1 e for date (2017/05/25 15:22 UT); geometry: Observatory.
<OBJECT>Exoplanet
<OBJECT-NAME>TRAPPIST-1 e
<OBJECT-DATE>2017/05/25 15:22
<OBJECT-DIAMETER>11697
<OBJECT-GRAVITY>3.703632e+24
<OBJECT-GRAVITY-UNIT>kg
<OBJECT-STAR-DISTANCE>0.028170
<OBJECT-STAR-VELOCITY>0
<OBJECT-SOLAR-LONGITUDE>0
<OBJECT-SOLAR-LATITUDE>0
<OBJECT-SEASON>325
<OBJECT-SEASON-YEAR>2016
<OBJECT-STAR-TYPE>M
<OBJECT-STAR-TEMPERATURE>2559.0
<OBJECT-STAR-RADIUS>0.12
<OBJECT-OBS-LONGITUDE>0.0
<OBJECT-OBS-LATITUDE>89.860
<GEOMETRY>Observatory
<GEOMETRY-OFFSET-UNIT>arcsec
<GEOMETRY-OBS-ALTITUDE>12.10
<GEOMETRY-ALTITUDE-UNIT>pc
<GEOMETRY-OBS-ANGLE>48.121
<GEOMETRY-SOLAR-ANGLE>55.794
<GEOMETRY-PLANET-FRACTION>9.985186e-01
<GEOMETRY-STAR-DISTANCE>0.000000e+00
<GEOMETRY-STAR-FRACTION>0.000000e+00
<GEOMETRY-SOLAR-ANGLE>55.794
<GEOMETRY-PHASE>325.000
<ATMOSPHERE-STRUCTURE>Equilibrium
<ATMOSPHERE-WEIGHT>34.1503372614
<ATMOSPHERE-PRESSURE>1.4024730225
<ATMOSPHERE-PUNIT>bar
<ATMOSPHERE-NGAS>3
<ATMOSPHERE-GAS>N2,CO2,H2O
<ATMOSPHERE-TYPE>HIT[22],HIT[2],HIT[1]
<ATMOSPHERE-ABUN>1,1,1
<ATMOSPHERE-UNIT>scl,scl,scl
<ATMOSPHERE-NAERO>2
<ATMOSPHERE-AEROS>WaterIce,Cloud
<ATMOSPHERE-ATYPE>CRISM_Wolff[reff=2.0um 0.31-99.57um],White_GSFC[reff=1.0um 0.10-1000000.00um]
<ATMOSPHERE-AABUN>1,1
<ATMOSPHERE-AUNIT>scl,scl
<ATMOSPHERE-NMAX>0
<ATMOSPHERE-LMAX>0
<ATMOSPHERE-ASIZE>156.082850369,14.0
<ATMOSPHERE-LAYERS-MOLECULES>Altitude,N2,CO2,H2O,WaterIce,Cloud
<ATMOSPHERE-LAYERS>47
<ATMOSPHERE-LAYER-1>1.392E+00,2.956E+02,6.462E-02,7.384E-01,2.954E-01,1.885E-02,3.093E-11,1.288E-04
<ATMOSPHERE-LAYER-2>1.361E+00,2.952E+02,2.615E-01,7.388E-01,2.955E-01,1.814E-02,3.277E-27,7.339E-05
<ATMOSPHERE-LAYER-3>1.302E+00,2.944E+02,6.424E-01,7.401E-01,2.961E-01,1.592E-02,3.025E-26,4.790E-05
<ATMOSPHERE-LAYER-4>1.212E+00,2.926E+02,1.256E+00,7.425E-01,2.970E-01,1.193E-02,2.379E-12,2.234E-05
<ATMOSPHERE-LAYER-5>1.098E+00,2.894E+02,2.098E+00,7.445E-01,2.978E-01,8.356E-03,1.053E-08,1.272E-05
<ATMOSPHERE-LAYER-6>9.672E-01,2.846E+02,3.162E+00,7.461E-01,2.984E-01,5.718E-03,8.743E-08,1.122E-05
<ATMOSPHERE-LAYER-7>8.288E-01,2.780E+02,4.432E+00,7.469E-01,2.988E-01,4.302E-03,3.728E-07,1.613E-05
<ATMOSPHERE-LAYER-8>6.994E-01,2.703E+02,5.795E+00,7.476E-01,2.990E-01,3.139E-03,1.042E-06,2.832E-05
<ATMOSPHERE-LAYER-9>5.893E-01,2.629E+02,7.131E+00,7.482E-01,2.993E-01,2.165E-03,3.144E-06,5.045E-05
<ATMOSPHERE-LAYER-10>4.958E-01,2.559E+02,8.444E+00,7.486E-01,2.995E-01,1.402E-03,5.616E-06,5.562E-05
<ATMOSPHERE-LAYER-11>4.163E-01,2.492E+02,9.736E+00,7.489E-01,2.996E-01,8.517E-04,8.423E-06,3.405E-05
<ATMOSPHERE-LAYER-12>3.487E-01,2.425E+02,1.101E+01,7.491E-01,2.997E-01,5.113E-04,9.041E-06,1.202E-05
<ATMOSPHERE-LAYER-13>2.912E-01,2.359E+02,1.227E+01,7.492E-01,2.997E-01,2.989E-04,8.309E-06,3.791E-06
<ATMOSPHERE-LAYER-14>2.424E-01,2.290E+02,1.352E+01,7.493E-01,2.997E-01,1.565E-04,4.329E-06,1.867E-07
<ATMOSPHERE-LAYER-15>2.009E-01,2.221E+02,1.476E+01,7.494E-01,2.998E-01,7.555E-05,3.297E-06,0.000E+00
<ATMOSPHERE-LAYER-16>1.656E-01,2.154E+02,1.600E+01,7.494E-01,2.998E-01,3.491E-05,2.756E-06,0.000E+00
<ATMOSPHERE-LAYER-17>1.356E-01,2.098E+02,1.724E+01,7.494E-01,2.998E-01,1.773E-05,2.270E-06,0.000E+00
<ATMOSPHERE-LAYER-18>1.101E-01,2.063E+02,1.851E+01,7.494E-01,2.998E-01,1.210E-05,1.245E-06,0.000E+00
<ATMOSPHERE-LAYER-19>8.869E-02,2.058E+02,1.981E+01,7.494E-01,2.998E-01,1.106E-05,1.877E-07,0.000E+00
<ATMOSPHERE-LAYER-20>7.287E-02,2.062E+02,2.100E+01,7.494E-01,2.998E-01,1.086E-05,2.113E-08,0.000E+00
<ATMOSPHERE-LAYER-21>6.152E-02,2.064E+02,2.202E+01,7.494E-01,2.998E-01,1.072E-05,1.850E-08,0.000E+00
<ATMOSPHERE-LAYER-22>5.168E-02,2.062E+02,2.307E+01,7.494E-01,2.998E-01,1.057E-05,1.926E-08,0.000E+00
<ATMOSPHERE-LAYER-23>4.319E-02,2.055E+02,2.415E+01,7.494E-01,2.998E-01,1.042E-05,2.120E-08,0.000E+00
<ATMOSPHERE-LAYER-24>3.592E-02,2.043E+02,2.526E+01,7.494E-01,2.998E-01,1.033E-05,2.347E-08,0.000E+00
<ATMOSPHERE-LAYER-25>2.973E-02,2.027E+02,2.638E+01,7.494E-01,2.998E-01,1.042E-05,3.021E-08,0.000E+00
<ATMOSPHERE-LAYER-26>2.448E-02,2.008E+02,2.753E+01,7.494E-01,2.998E-01,1.068E-05,6.108E-08,0.000E+00
<ATMOSPHERE-LAYER-27>2.006E-02,1.987E+02,2.870E+01,7.494E-01,2.998E-01,1.077E-05,1.242E-07,0.000E+00
<ATMOSPHERE-LAYER-28>1.635E-02,1.965E+02,2.988E+01,7.494E-01,2.998E-01,1.055E-05,1.890E-07,0.000E+00
<ATMOSPHERE-LAYER-29>1.326E-02,1.942E+02,3.107E+01,7.494E-01,2.998E-01,1.021E-05,2.456E-07,0.000E+00
<ATMOSPHERE-LAYER-30>1.071E-02,1.922E+02,3.228E+01,7.494E-01,2.998E-01,9.926E-06,3.157E-07,0.000E+00
<ATMOSPHERE-LAYER-31>8.600E-03,1.907E+02,3.351E+01,7.494E-01,2.998E-01,9.699E-06,3.416E-07,0.000E+00
<ATMOSPHERE-LAYER-32>6.873E-03,1.895E+02,3.476E+01,7.494E-01,2.998E-01,9.505E-06,3.291E-07,0.000E+00
<ATMOSPHERE-LAYER-33>5.465E-03,1.884E+02,3.603E+01,7.494E-01,2.998E-01,9.292E-06,3.525E-07,0.000E+00
<ATMOSPHERE-LAYER-34>4.325E-03,1.870E+02,3.731E+01,7.494E-01,2.998E-01,8.992E-06,4.351E-07,0.000E+00
<ATMOSPHERE-LAYER-35>3.405E-03,1.851E+02,3.861E+01,7.494E-01,2.998E-01,8.543E-06,5.837E-07,0.000E+00
<ATMOSPHERE-LAYER-36>2.667E-03,1.829E+02,3.993E+01,7.494E-01,2.998E-01,8.004E-06,7.464E-07,0.000E+00
<ATMOSPHERE-LAYER-37>2.079E-03,1.807E+02,4.125E+01,7.494E-01,2.998E-01,7.599E-06,7.815E-07,0.000E+00
<ATMOSPHERE-LAYER-38>1.613E-03,1.791E+02,4.259E+01,7.494E-01,2.998E-01,7.432E-06,6.136E-07,0.000E+00
<ATMOSPHERE-LAYER-39>1.245E-03,1.793E+02,4.395E+01,7.494E-01,2.998E-01,7.559E-06,3.202E-07,0.000E+00
<ATMOSPHERE-LAYER-40>9.559E-04,1.807E+02,4.534E+01,7.494E-01,2.998E-01,7.784E-06,2.547E-07,0.000E+00
<ATMOSPHERE-LAYER-41>3.776E-04,1.807E+02,6.015E+01,7.494E-01,2.998E-01,7.784E-06,2.547E-07,0.000E+00
<ATMOSPHERE-LAYER-42>2.615E-04,1.807E+02,6.600E+01,7.494E-01,2.998E-01,7.784E-06,2.547E-07,0.000E+00
<ATMOSPHERE-LAYER-43>1.566E-04,1.807E+02,7.418E+01,7.494E-01,2.998E-01,7.784E-06,2.547E-07,0.000E+00
<ATMOSPHERE-LAYER-44>7.656E-05,1.807E+02,8.559E+01,7.494E-01,2.998E-01,7.784E-06,2.547E-07,0.000E+00
<ATMOSPHERE-LAYER-45>2.820E-05,1.807E+02,1.015E+02,7.494E-01,2.998E-01,7.784E-06,2.547E-07,0.000E+00
<ATMOSPHERE-LAYER-46>6.996E-06,1.807E+02,1.237E+02,7.494E-01,2.998E-01,7.784E-06,2.547E-07,0.000E+00
<ATMOSPHERE-LAYER-47>1.000E-06,1.807E+02,1.547E+02,7.494E-01,2.998E-01,7.784E-06,2.547E-07,0.000E+00
<SURFACE-TEMPERATURE>295.717926
<SURFACE-ALBEDO>0.1459557
<SURFACE-EMISSIVITY>0.8540443
results_lyr.txt
# ----------------------------------------------------------------------------------------------
# NASA-GSFC Planetary Spectrum Generator (PSG, Villanueva et al. 2015)
# Atmospheric layering information considered by PUMAS
# Synthesized on Tue Nov 21 15:09:09 2017
# Radiative transfer method: correlated-k
# Synthesis spectral resolution [cm-1] and resolving power: 8.913678 5.010e+02
# Scattering parameters (nmax, lmax): 0 0
# ----------------------------------------------------------------------------------------------
# Molecular abundance profile: 
# Molecules considered: N2,CO2,H2O
# Molecular sources: HIT[22],HIT[2],HIT[1]
# Molecular abundances: 1,1,1
# Molecular abundance units: scl,scl,scl
# Collission-Induced-Absorption:  N2-N2(3.33-5.41um)
# Rayleigh scattering included
# ----------------------------------------------------------------------------------------------
# Aerosols considered: WaterIce,Cloud
# Aerosols sources: CRISM_Wolff[reff=2.0um 0.31-99.57um],White_GSFC[reff=1.0um 0.10-1000000.00um]
# Aerosols abundances: 1,1
# Aerosols abundance units: scl,scl
# Aerosols sizes [um]: 156.082850369,14.0
# ----------------------------------------------------------------------------------------------
# Input layer-by-layer atmospheric profile
# Molecular abundances in molec/molec and aerosols in kg/kg
# ----------------------------------------------------------------------------------------------
# Alt[km] Pressure[bar] Temp[K]         N2        CO2        H2O   WaterIce      Cloud
# ----------------------------------------------------------------------------------------------
    0.000   1.402e+00   295.718   7.384e-01  2.954e-01  1.885e-02  3.093e-11  1.288e-04
    0.262   1.361e+00   295.200   7.388e-01  2.955e-01  1.814e-02  3.277e-27  7.339e-05
    0.642   1.302e+00   294.400   7.401e-01  2.961e-01  1.592e-02  3.025e-26  4.790e-05
    1.256   1.212e+00   292.600   7.425e-01  2.970e-01  1.193e-02  2.379e-12  2.234e-05
    2.098   1.098e+00   289.400   7.445e-01  2.978e-01  8.356e-03  1.053e-08  1.272e-05
    3.162   9.672e-01   284.600   7.461e-01  2.984e-01  5.718e-03  8.743e-08  1.122e-05
    4.432   8.288e-01   278.000   7.469e-01  2.988e-01  4.302e-03  3.728e-07  1.613e-05
    5.795   6.994e-01   270.300   7.476e-01  2.990e-01  3.139e-03  1.042e-06  2.832e-05
    7.131   5.893e-01   262.900   7.482e-01  2.993e-01  2.165e-03  3.144e-06  5.045e-05
    8.444   4.958e-01   255.900   7.486e-01  2.995e-01  1.402e-03  5.616e-06  5.562e-05
    9.736   4.163e-01   249.200   7.489e-01  2.996e-01  8.517e-04  8.423e-06  3.405e-05
   11.010   3.487e-01   242.500   7.491e-01  2.997e-01  5.113e-04  9.041e-06  1.202e-05
   12.270   2.912e-01   235.900   7.492e-01  2.997e-01  2.989e-04  8.309e-06  3.791e-06
   13.520   2.424e-01   229.000   7.493e-01  2.997e-01  1.565e-04  4.329e-06  1.867e-07
   14.760   2.009e-01   222.100   7.494e-01  2.998e-01  7.555e-05  3.297e-06  0.000e+00
   16.000   1.656e-01   215.400   7.494e-01  2.998e-01  3.491e-05  2.756e-06  0.000e+00
   17.240   1.356e-01   209.800   7.494e-01  2.998e-01  1.773e-05  2.270e-06  0.000e+00
   18.510   1.101e-01   206.300   7.494e-01  2.998e-01  1.210e-05  1.245e-06  0.000e+00
   19.810   8.869e-02   205.800   7.494e-01  2.998e-01  1.106e-05  1.877e-07  0.000e+00
   21.000   7.287e-02   206.200   7.494e-01  2.998e-01  1.086e-05  2.113e-08  0.000e+00
   22.020   6.152e-02   206.400   7.494e-01  2.998e-01  1.072e-05  1.850e-08  0.000e+00
   23.070   5.168e-02   206.200   7.494e-01  2.998e-01  1.057e-05  1.926e-08  0.000e+00
   24.150   4.319e-02   205.500   7.494e-01  2.998e-01  1.042e-05  2.120e-08  0.000e+00
   25.260   3.592e-02   204.300   7.494e-01  2.998e-01  1.033e-05  2.347e-08  0.000e+00
   26.380   2.973e-02   202.700   7.494e-01  2.998e-01  1.042e-05  3.021e-08  0.000e+00
   27.530   2.448e-02   200.800   7.494e-01  2.998e-01  1.068e-05  6.108e-08  0.000e+00
   28.700   2.006e-02   198.700   7.494e-01  2.998e-01  1.077e-05  1.242e-07  0.000e+00
   29.880   1.635e-02   196.500   7.494e-01  2.998e-01  1.055e-05  1.890e-07  0.000e+00
   31.070   1.326e-02   194.200   7.494e-01  2.998e-01  1.021e-05  2.456e-07  0.000e+00
   32.280   1.071e-02   192.200   7.494e-01  2.998e-01  9.926e-06  3.157e-07  0.000e+00
   33.510   8.600e-03   190.700   7.494e-01  2.998e-01  9.699e-06  3.416e-07  0.000e+00
   34.760   6.873e-03   189.500   7.494e-01  2.998e-01  9.505e-06  3.291e-07  0.000e+00
   36.030   5.465e-03   188.400   7.494e-01  2.998e-01  9.292e-06  3.525e-07  0.000e+00
   37.310   4.325e-03   187.000   7.494e-01  2.998e-01  8.992e-06  4.351e-07  0.000e+00
   38.610   3.405e-03   185.100   7.494e-01  2.998e-01  8.543e-06  5.837e-07  0.000e+00
   39.930   2.667e-03   182.900   7.494e-01  2.998e-01  8.004e-06  7.464e-07  0.000e+00
   41.250   2.079e-03   180.700   7.494e-01  2.998e-01  7.599e-06  7.815e-07  0.000e+00
   42.590   1.613e-03   179.100   7.494e-01  2.998e-01  7.432e-06  6.136e-07  0.000e+00
   43.950   1.245e-03   179.300   7.494e-01  2.998e-01  7.559e-06  3.202e-07  0.000e+00
   45.340   9.559e-04   180.700   7.494e-01  2.998e-01  7.784e-06  2.547e-07  0.000e+00
   60.150   3.776e-04   180.700   7.494e-01  2.998e-01  7.784e-06  2.547e-07  0.000e+00
   66.000   2.615e-04   180.700   7.494e-01  2.998e-01  7.784e-06  2.547e-07  0.000e+00
   74.180   1.566e-04   180.700   7.494e-01  2.998e-01  7.784e-06  2.547e-07  0.000e+00
   85.590   7.656e-05   180.700   7.494e-01  2.998e-01  7.784e-06  2.547e-07  0.000e+00
  101.500   2.820e-05   180.700   7.494e-01  2.998e-01  7.784e-06  2.547e-07  0.000e+00
  123.700   6.996e-06   180.700   7.494e-01  2.998e-01  7.784e-06  2.547e-07  0.000e+00
  154.700   1.000e-06   180.700   7.494e-01  2.998e-01  7.784e-06  2.547e-07  0.000e+00
#
# ----------------------------------------------------------------------------------------------
# Curtis-Godson integrated layer information used by the radiative transfer analysis
# Oblique molecular layer columns in molec/m2 and aerosols in kg/m2
# ----------------------------------------------------------------------------------------------
# Low[km]  High[km]  Path[km] Pressure[bar] Temp[K]   Airmass   dcol[m-2]         N2        CO2        H2O   WaterIce      Cloud
# ----------------------------------------------------------------------------------------------
    0.000     0.262     0.392   1.382e+00   295.461    1.4980   1.330e+28  9.825e+27  3.930e+27  2.460e+26  2.686e-09  7.447e-02
    0.262     0.642     0.571   1.332e+00   294.803    1.4978   1.869e+28  1.382e+28  5.530e+27  3.181e+26  1.277e-23  6.345e-02
    0.642     1.256     0.919   1.257e+00   293.511    1.4977   2.853e+28  2.115e+28  8.459e+27  3.952e+26  2.101e-10  5.446e-02
    1.256     2.098     1.261   1.155e+00   291.025    1.4975   3.625e+28  2.695e+28  1.078e+28  3.648e+26  2.554e-06  3.526e-02
    2.098     3.162     1.593   1.032e+00   287.046    1.4972   4.148e+28  3.091e+28  1.236e+28  2.895e+26  8.392e-05  2.815e-02
    3.162     4.432     1.901   8.978e-01   281.374    1.4968   4.388e+28  3.276e+28  1.310e+28  2.191e+26  4.821e-04  3.352e-02
    4.432     5.795     2.040   7.638e-01   274.243    1.4964   4.109e+28  3.070e+28  1.228e+28  1.522e+26  1.499e-03  5.012e-02
    5.795     7.131     1.999   6.441e-01   266.691    1.4959   3.491e+28  2.611e+28  1.044e+28  9.195e+25  3.719e-03  7.534e-02
    7.131     8.444     1.964   5.424e-01   259.487    1.4955   2.968e+28  2.221e+28  8.887e+27  5.240e+25  7.121e-03  8.909e-02
    8.444     9.736     1.932   4.559e-01   252.635    1.4951   2.521e+28  1.887e+28  7.551e+27  2.801e+25  9.849e-03  6.323e-02
    9.736    11.010     1.904   3.824e-01   245.936    1.4947   2.141e+28  1.604e+28  6.415e+27  1.437e+25  1.059e-02  2.603e-02
   11.010    12.270     1.883   3.198e-01   239.286    1.4943   1.820e+28  1.363e+28  5.454e+27  7.250e+24  8.956e-03  7.469e-03
   12.270    13.520     1.867   2.667e-01   232.540    1.4939   1.549e+28  1.160e+28  4.641e+27  3.437e+24  5.406e-03  1.094e-03
   13.520    14.760     1.852   2.216e-01   225.642    1.4935   1.315e+28  9.851e+27  3.941e+27  1.476e+24  2.836e-03  8.117e-08
   14.760    16.000     1.851   1.832e-01   218.843    1.4931   1.120e+28  8.395e+27  3.358e+27  5.960e+23  1.922e-03  0.000e+00
   16.000    17.240     1.851   1.505e-01   212.683    1.4927   9.468e+27  7.095e+27  2.839e+27  2.425e+23  1.349e-03  0.000e+00
   17.240    18.510     1.895   1.228e-01   208.107    1.4924   8.079e+27  6.055e+27  2.422e+27  1.198e+23  7.895e-04  0.000e+00
   18.510    19.810     1.940   9.940e-02   206.059    1.4920   6.754e+27  5.061e+27  2.025e+27  7.828e+22  2.213e-04  0.000e+00
   19.810    21.000     1.775   8.079e-02   205.993    1.4916   5.028e+27  3.768e+27  1.508e+27  5.513e+22  2.254e-05  0.000e+00
   21.000    22.020     1.521   6.720e-02   206.297    1.4912   3.582e+27  2.685e+27  1.074e+27  3.866e+22  4.027e-06  0.000e+00
   22.020    23.070     1.565   5.660e-02   206.303    1.4909   3.105e+27  2.327e+27  9.309e+26  3.306e+22  3.322e-06  0.000e+00
   23.070    24.150     1.610   4.744e-02   205.861    1.4906   2.681e+27  2.009e+27  8.039e+26  2.815e+22  3.069e-06  0.000e+00
   24.150    25.260     1.654   3.955e-02   204.918    1.4902   2.308e+27  1.729e+27  6.918e+26  2.395e+22  2.916e-06  0.000e+00
   25.260    26.380     1.669   3.282e-02   203.525    1.4899   1.945e+27  1.457e+27  5.830e+26  2.017e+22  2.933e-06  0.000e+00
   26.380    27.530     1.713   2.710e-02   201.780    1.4895   1.662e+27  1.246e+27  4.984e+26  1.753e+22  4.089e-06  0.000e+00
   27.530    28.700     1.742   2.227e-02   199.784    1.4892   1.403e+27  1.051e+27  4.206e+26  1.505e+22  6.997e-06  0.000e+00
   28.700    29.880     1.757   1.820e-02   197.636    1.4888   1.169e+27  8.759e+26  3.504e+26  1.246e+22  1.016e-05  0.000e+00
   29.880    31.070     1.771   1.480e-02   195.389    1.4885   9.692e+26  7.263e+26  2.906e+26  1.006e+22  1.182e-05  0.000e+00
   31.070    32.280     1.801   1.198e-02   193.234    1.4881   8.063e+26  6.043e+26  2.417e+26  8.121e+21  1.271e-05  0.000e+00
   32.280    33.510     1.830   9.654e-03   191.477    1.4877   6.660e+26  4.991e+26  1.997e+26  6.538e+21  1.239e-05  0.000e+00
   33.510    34.760     1.859   7.736e-03   190.122    1.4873   5.460e+26  4.092e+26  1.637e+26  5.245e+21  1.039e-05  0.000e+00
   34.760    36.030     1.888   6.169e-03   188.971    1.4869   4.448e+26  3.334e+26  1.334e+26  4.182e+21  8.582e-06  0.000e+00
   36.030    37.310     1.903   4.895e-03   187.727    1.4866   3.579e+26  2.682e+26  1.073e+26  3.274e+21  7.932e-06  0.000e+00
   37.310    38.610     1.932   3.865e-03   186.087    1.4862   2.894e+26  2.169e+26  8.677e+25  2.540e+21  8.254e-06  0.000e+00
   38.610    39.930     1.961   3.036e-03   184.043    1.4858   2.333e+26  1.748e+26  6.995e+25  1.932e+21  8.713e-06  0.000e+00
   39.930    41.250     1.961   2.373e-03   181.844    1.4854   1.845e+26  1.382e+26  5.531e+25  1.440e+21  7.983e-06  0.000e+00
   41.250    42.590     1.990   1.846e-03   179.933    1.4850   1.472e+26  1.103e+26  4.412e+25  1.106e+21  5.822e-06  0.000e+00
   42.590    43.950     2.019   1.429e-03   179.196    1.4845   1.160e+26  8.696e+25  3.479e+25  8.694e+20  3.011e-06  0.000e+00
   43.950    45.340     2.063   1.101e-03   179.968    1.4841   9.089e+25  6.811e+25  2.725e+25  6.967e+20  1.483e-06  0.000e+00
   45.340    60.150    21.944   6.673e-04   180.700    1.4817   5.478e+26  4.105e+26  1.642e+26  4.264e+21  7.912e-06  0.000e+00
   60.150    66.000     8.650   3.196e-04   180.700    1.4786   1.096e+26  8.212e+25  3.285e+25  8.530e+20  1.583e-06  0.000e+00
   66.000    74.180    12.078   2.091e-04   180.700    1.4765   9.906e+25  7.424e+25  2.970e+25  7.711e+20  1.431e-06  0.000e+00
   74.180    85.590    16.814   1.166e-04   180.700    1.4737   7.540e+25  5.650e+25  2.260e+25  5.869e+20  1.089e-06  0.000e+00
   85.590   101.500    23.383   5.244e-05   180.700    1.4697   4.540e+25  3.402e+25  1.361e+25  3.534e+20  6.557e-07  0.000e+00
  101.500   123.700    32.508   1.767e-05   180.700    1.4643   1.983e+25  1.486e+25  5.946e+24  1.544e+20  2.865e-07  0.000e+00
  123.700   154.700    45.165   4.052e-06   180.700    1.4569   5.590e+24  4.189e+24  1.676e+24  4.351e+19  8.073e-08  0.000e+00
# ----------------------------------------------------------------------------------------------
# Integrated atmospheric columns                       1.4955   4.454e+29  3.325e+29  1.330e+29  2.185e+27  5.499e-02  6.017e-01
# ----------------------------------------------------------------------------------------------
results_rad.txt
# ------------------------------------------------------------------------
# Radiance spectrum
# NASA-GSFC Planetary Spectrum Generator (PSG) (Villanueva et al. 2015)
# Synthesized on Tue Nov 21 15:09:09 2017
# ------------------------------------------------------------------------
# Atmospheric radiances synthesized with PUMAS (Villanueva et al. 2016, Smith et al. 2009, Edwards 1992)
# Molecular abundance profile: 
# Molecules considered: N2,CO2,H2O
# Molecular sources: HIT[22],HIT[2],HIT[1]
# Molecular abundances: 1,1,1
# Molecular abundance units: scl,scl,scl
# Collission-Induced-Absorption:  N2-N2(3.33-5.41um)
# Rayleigh scattering included
# ------------------------------------------------------------------------
# Spectral unit: Wavelength [um]
# Radiance unit: Spectral radiance [W/sr/m2/um]
# Wave/freq Total Stellar TRAPPIST-1-e
1.000000000e+00  3.68049e-03  3.68049e-03  6.16898e-10
1.010000000e+00  3.70309e-03  3.70309e-03  6.20620e-10
1.020000000e+00  3.72363e-03  3.72363e-03  6.24010e-10
1.030000000e+00  3.74214e-03  3.74214e-03  6.27063e-10
1.040000000e+00  3.75867e-03  3.75867e-03  6.14001e-10
1.050000000e+00  3.77328e-03  3.77327e-03  6.32045e-10
1.060000000e+00  3.78601e-03  3.78601e-03  6.33342e-10
1.070000000e+00  3.79691e-03  3.79691e-03  6.31588e-10
1.080000000e+00  3.80605e-03  3.80605e-03  6.37224e-10
1.090000000e+00  3.81347e-03  3.81347e-03  6.38734e-10
1.100000000e+00  3.81923e-03  3.81922e-03  6.39528e-10
1.110000000e+00  3.82337e-03  3.82337e-03  6.40175e-10
1.120000000e+00  3.82595e-03  3.82595e-03  6.36905e-10
1.130000000e+00  3.82703e-03  3.82703e-03  6.35338e-10
1.140000000e+00  3.82666e-03  3.82666e-03  6.38661e-10
1.150000000e+00  3.82489e-03  3.82489e-03  6.37312e-10
1.160000000e+00  3.82177e-03  3.82177e-03  6.39418e-10
1.170000000e+00  3.81735e-03  3.81734e-03  6.39136e-10
1.180000000e+00  3.81168e-03  3.81168e-03  6.38068e-10
1.190000000e+00  3.80481e-03  3.80481e-03  6.36855e-10
1.200000000e+00  3.79680e-03  3.79679e-03  6.35573e-10
1.210000000e+00  3.78768e-03  3.78768e-03  5.45699e-10
1.220000000e+00  3.77751e-03  3.77751e-03  5.85788e-10
1.230000000e+00  3.76632e-03  3.76632e-03  6.02843e-10
1.240000000e+00  3.75418e-03  3.75418e-03  6.20068e-10
1.250000000e+00  3.74111e-03  3.74111e-03  6.25991e-10
1.260000000e+00  3.72717e-03  3.72717e-03  6.21658e-10
1.270000000e+00  3.71239e-03  3.71239e-03  6.19264e-10
1.280000000e+00  3.69682e-03  3.69682e-03  6.19036e-10
1.290000000e+00  3.68050e-03  3.68049e-03  6.12423e-10
1.300000000e+00  3.66345e-03  3.66345e-03  6.04329e-10
1.310000000e+00  3.64573e-03  3.64573e-03  6.10206e-10
1.320000000e+00  3.62737e-03  3.62736e-03  5.67573e-10
1.330000000e+00  3.60839e-03  3.60839e-03  6.03520e-10
1.340000000e+00  3.58885e-03  3.58885e-03  5.76121e-10
1.350000000e+00  3.56877e-03  3.56877e-03  5.90291e-10
1.360000000e+00  3.54817e-03  3.54817e-03  5.79917e-10
1.370000000e+00  3.52711e-03  3.52711e-03  5.73164e-10
1.380000000e+00  3.50559e-03  3.50559e-03  5.70487e-10
1.390000000e+00  3.48366e-03  3.48366e-03  5.70866e-10
1.400000000e+00  3.46134e-03  3.46134e-03  5.67931e-10
1.410000000e+00  3.43866e-03  3.43866e-03  5.62331e-10
1.420000000e+00  3.41564e-03  3.41564e-03  5.70057e-10
1.430000000e+00  3.39231e-03  3.39231e-03  5.62676e-10
1.440000000e+00  3.36870e-03  3.36870e-03  3.09134e-10
1.450000000e+00  3.34482e-03  3.34482e-03  4.74377e-10
1.460000000e+00  3.32070e-03  3.32070e-03  5.50895e-10
1.470000000e+00  3.29637e-03  3.29636e-03  5.47431e-10
1.480000000e+00  3.27183e-03  3.27183e-03  5.12121e-10
1.490000000e+00  3.24712e-03  3.24711e-03  5.34141e-10
1.500000000e+00  3.22224e-03  3.22224e-03  5.09752e-10
1.510000000e+00  3.19723e-03  3.19723e-03  5.32620e-10
1.520000000e+00  3.17209e-03  3.17209e-03  5.29094e-10
1.530000000e+00  3.14685e-03  3.14685e-03  4.93030e-10
1.540000000e+00  3.12152e-03  3.12152e-03  4.58374e-10
1.550000000e+00  3.09611e-03  3.09611e-03  5.06534e-10
1.560000000e+00  3.07064e-03  3.07064e-03  5.10867e-10
1.570000000e+00  3.04513e-03  3.04513e-03  4.62362e-10
1.580000000e+00  3.01959e-03  3.01959e-03  3.41738e-10
1.590000000e+00  2.99402e-03  2.99402e-03  4.78716e-10
1.600000000e+00  2.96846e-03  2.96846e-03  4.47120e-10
1.610000000e+00  2.94289e-03  2.94289e-03  3.34954e-10
1.620000000e+00  2.91734e-03  2.91734e-03  4.32093e-10
1.630000000e+00  2.89182e-03  2.89182e-03  4.63942e-10
1.640000000e+00  2.86634e-03  2.86634e-03  4.44171e-10
1.650000000e+00  2.84091e-03  2.84091e-03  4.33274e-10
1.660000000e+00  2.81553e-03  2.81553e-03  4.53099e-10
1.670000000e+00  2.79021e-03  2.79021e-03  4.53751e-10
1.680000000e+00  2.76497e-03  2.76497e-03  4.54459e-10
1.690000000e+00  2.73981e-03  2.73981e-03  4.57107e-10
1.700000000e+00  2.71474e-03  2.71474e-03  4.54490e-10
1.710000000e+00  2.68977e-03  2.68977e-03  4.47098e-10
1.720000000e+00  2.66490e-03  2.66490e-03  4.45645e-10
1.730000000e+00  2.64013e-03  2.64013e-03  4.42463e-10
1.740000000e+00  2.61549e-03  2.61549e-03  4.38471e-10
1.750000000e+00  2.59096e-03  2.59096e-03  4.34263e-10
1.760000000e+00  2.56656e-03  2.56656e-03  4.29649e-10
1.770000000e+00  2.54229e-03  2.54229e-03  4.25789e-10
1.780000000e+00  2.51815e-03  2.51815e-03  4.21944e-10
1.790000000e+00  2.49415e-03  2.49415e-03  4.17561e-10
1.800000000e+00  2.47030e-03  2.47030e-03  4.13535e-10
1.810000000e+00  2.44660e-03  2.44660e-03  4.08967e-10
1.820000000e+00  2.42304e-03  2.42304e-03  4.01716e-10
1.830000000e+00  2.39965e-03  2.39964e-03  3.94764e-10
1.840000000e+00  2.37640e-03  2.37640e-03  3.85465e-10
1.850000000e+00  2.35332e-03  2.35332e-03  3.82828e-10
1.860000000e+00  2.33041e-03  2.33041e-03  3.76123e-10
1.870000000e+00  2.30765e-03  2.30765e-03  3.76250e-10
1.880000000e+00  2.28507e-03  2.28507e-03  3.38552e-10
1.890000000e+00  2.26266e-03  2.26266e-03  3.38053e-10
1.900000000e+00  2.24041e-03  2.24041e-03  3.60155e-10
1.910000000e+00  2.21834e-03  2.21834e-03  3.56786e-10
1.920000000e+00  2.19645e-03  2.19645e-03  3.59814e-10
1.930000000e+00  2.17473e-03  2.17473e-03  3.56569e-10
1.940000000e+00  2.15319e-03  2.15319e-03  3.42614e-10
1.950000000e+00  2.13183e-03  2.13183e-03  2.12738e-10
1.960000000e+00  2.11065e-03  2.11065e-03  1.03862e-10
1.970000000e+00  2.08964e-03  2.08964e-03  1.09854e-10
1.980000000e+00  2.06882e-03  2.06882e-03  2.13691e-10
1.990000000e+00  2.04818e-03  2.04818e-03  2.71996e-10
2.000000000e+00  2.02772e-03  2.02772e-03  1.84370e-10
2.010000000e+00  2.00745e-03  2.00745e-03  7.30122e-11
2.020000000e+00  1.98735e-03  1.98735e-03  8.45504e-11
2.030000000e+00  1.96744e-03  1.96744e-03  1.50737e-10
2.040000000e+00  1.94771e-03  1.94771e-03  1.68553e-10
2.050000000e+00  1.92816e-03  1.92816e-03  1.57349e-10
2.060000000e+00  1.90880e-03  1.90880e-03  9.92963e-11
2.070000000e+00  1.88961e-03  1.88961e-03  1.05214e-10
2.080000000e+00  1.87061e-03  1.87061e-03  1.51878e-10
2.090000000e+00  1.85179e-03  1.85179e-03  1.80313e-10
2.100000000e+00  1.83315e-03  1.83315e-03  2.21353e-10
2.110000000e+00  1.81469e-03  1.81469e-03  2.57029e-10
2.120000000e+00  1.79641e-03  1.79641e-03  2.65979e-10
2.130000000e+00  1.77831e-03  1.77831e-03  2.86231e-10
2.140000000e+00  1.76039e-03  1.76039e-03  2.88011e-10
2.150000000e+00  1.74264e-03  1.74264e-03  2.65212e-10
2.160000000e+00  1.72507e-03  1.72507e-03  2.62821e-10
2.170000000e+00  1.70768e-03  1.70768e-03  2.59614e-10
2.180000000e+00  1.69046e-03  1.69046e-03  2.70241e-10
2.190000000e+00  1.67341e-03  1.67341e-03  2.76026e-10
2.200000000e+00  1.65654e-03  1.65654e-03  2.75409e-10
2.210000000e+00  1.63984e-03  1.63984e-03  2.73296e-10
2.220000000e+00  1.62331e-03  1.62331e-03  2.69561e-10
2.230000000e+00  1.60696e-03  1.60695e-03  2.67156e-10
2.240000000e+00  1.59076e-03  1.59076e-03  2.65583e-10
2.250000000e+00  1.57474e-03  1.57474e-03  2.62804e-10
2.260000000e+00  1.55889e-03  1.55889e-03  2.58961e-10
2.270000000e+00  1.54320e-03  1.54319e-03  2.57413e-10
2.280000000e+00  1.52767e-03  1.52767e-03  2.54600e-10
2.290000000e+00  1.51230e-03  1.51230e-03  2.52480e-10
2.300000000e+00  1.49710e-03  1.49710e-03  2.49892e-10
2.310000000e+00  1.48206e-03  1.48206e-03  2.47353e-10
2.320000000e+00  1.46718e-03  1.46718e-03  2.44854e-10
2.330000000e+00  1.45245e-03  1.45245e-03  2.42341e-10
2.340000000e+00  1.43788e-03  1.43788e-03  2.39852e-10
2.350000000e+00  1.42347e-03  1.42347e-03  2.37392e-10
2.360000000e+00  1.40921e-03  1.40921e-03  2.34955e-10
2.370000000e+00  1.39510e-03  1.39510e-03  2.32569e-10
2.380000000e+00  1.38115e-03  1.38115e-03  2.30135e-10
2.390000000e+00  1.36734e-03  1.36734e-03  2.27655e-10
2.400000000e+00  1.35368e-03  1.35368e-03  2.25208e-10
2.410000000e+00  1.34017e-03  1.34017e-03  2.22869e-10
2.420000000e+00  1.32681e-03  1.32681e-03  2.20834e-10
2.430000000e+00  1.31359e-03  1.31359e-03  2.18835e-10
2.440000000e+00  1.30051e-03  1.30051e-03  2.15740e-10
2.450000000e+00  1.28757e-03  1.28757e-03  2.14042e-10
2.460000000e+00  1.27478e-03  1.27478e-03  2.12238e-10
2.470000000e+00  1.26212e-03  1.26212e-03  2.09893e-10
2.480000000e+00  1.24960e-03  1.24960e-03  2.06497e-10
2.490000000e+00  1.23722e-03  1.23722e-03  1.99293e-10
2.500000000e+00  1.22498e-03  1.22498e-03  1.98629e-10
2.510000000e+00  1.21286e-03  1.21286e-03  1.96844e-10
2.520000000e+00  1.20088e-03  1.20088e-03  1.93877e-10
2.530000000e+00  1.18903e-03  1.18903e-03  1.95267e-10
2.540000000e+00  1.17731e-03  1.17731e-03  1.91870e-10
2.550000000e+00  1.16572e-03  1.16572e-03  1.87053e-10
2.560000000e+00  1.15425e-03  1.15425e-03  1.87266e-10
2.570000000e+00  1.14291e-03  1.14291e-03  1.74186e-10
2.580000000e+00  1.13170e-03  1.13170e-03  1.65852e-10
2.590000000e+00  1.12060e-03  1.12060e-03  1.59250e-10
2.600000000e+00  1.10963e-03  1.10963e-03  1.46406e-10
2.610000000e+00  1.09878e-03  1.09878e-03  1.51623e-10
2.620000000e+00  1.08805e-03  1.08805e-03  1.48983e-10
2.630000000e+00  1.07744e-03  1.07744e-03  1.55518e-10
2.640000000e+00  1.06694e-03  1.06694e-03  1.52539e-10
2.650000000e+00  1.05656e-03  1.05656e-03  1.61225e-10
2.660000000e+00  1.04629e-03  1.04629e-03  1.29482e-10
2.670000000e+00  1.03614e-03  1.03614e-03  2.69217e-11
2.680000000e+00  1.02610e-03  1.02610e-03  6.96348e-12
2.690000000e+00  1.01616e-03  1.01616e-03  2.44012e-12
2.700000000e+00  1.00634e-03  1.00634e-03  3.30280e-12
2.710000000e+00  9.96623e-04  9.96623e-04  3.36461e-12
2.720000000e+00  9.87014e-04  9.87014e-04  6.67058e-12
2.730000000e+00  9.77511e-04  9.77511e-04  1.06553e-11
2.740000000e+00  9.68112e-04  9.68112e-04  1.02354e-11
2.750000000e+00  9.58816e-04  9.58816e-04  5.99151e-12
2.760000000e+00  9.49622e-04  9.49622e-04  2.15702e-12
2.770000000e+00  9.40529e-04  9.40529e-04  1.69536e-12
2.780000000e+00  9.31536e-04  9.31536e-04  1.27235e-12
2.790000000e+00  9.22641e-04  9.22641e-04  1.46255e-12
2.800000000e+00  9.13844e-04  9.13844e-04  2.07272e-12
2.810000000e+00  9.05143e-04  9.05143e-04  2.63349e-12
2.820000000e+00  8.96538e-04  8.96538e-04  2.77849e-12
2.830000000e+00  8.88027e-04  8.88027e-04  2.75459e-12
2.840000000e+00  8.79608e-04  8.79608e-04  3.00303e-12
2.850000000e+00  8.71282e-04  8.71282e-04  2.15099e-12
2.860000000e+00  8.63047e-04  8.63047e-04  3.52375e-12
2.870000000e+00  8.54902e-04  8.54902e-04  8.70452e-12
2.880000000e+00  8.46846e-04  8.46846e-04  1.42424e-11
2.890000000e+00  8.38878e-04  8.38878e-04  2.33430e-11
2.900000000e+00  8.30996e-04  8.30996e-04  3.42532e-11
2.910000000e+00  8.23201e-04  8.23201e-04  4.01860e-11
2.920000000e+00  8.15490e-04  8.15490e-04  4.36622e-11
2.930000000e+00  8.07863e-04  8.07863e-04  4.48149e-11
2.940000000e+00  8.00320e-04  8.00320e-04  4.60414e-11
2.950000000e+00  7.92858e-04  7.92858e-04  4.75960e-11
2.960000000e+00  7.85477e-04  7.85477e-04  4.74288e-11
2.970000000e+00  7.78176e-04  7.78176e-04  4.39257e-11
2.980000000e+00  7.70955e-04  7.70954e-04  3.90268e-11
2.990000000e+00  7.63811e-04  7.63811e-04  3.80901e-11
3.000000000e+00  7.56745e-04  7.56745e-04  4.24856e-11
3.010000000e+00  7.49755e-04  7.49755e-04  4.69066e-11
3.020000000e+00  7.42841e-04  7.42841e-04  4.37172e-11
3.030000000e+00  7.36002e-04  7.36001e-04  4.61901e-11
3.040000000e+00  7.29236e-04  7.29236e-04  4.89284e-11
3.050000000e+00  7.22543e-04  7.22543e-04  5.02721e-11
3.060000000e+00  7.15922e-04  7.15922e-04  5.04347e-11
3.070000000e+00  7.09372e-04  7.09372e-04  5.14108e-11
3.080000000e+00  7.02893e-04  7.02893e-04  5.18323e-11
3.090000000e+00  6.96483e-04  6.96483e-04  5.15748e-11
3.100000000e+00  6.90142e-04  6.90142e-04  5.14938e-11
3.110000000e+00  6.83869e-04  6.83869e-04  5.10202e-11
3.120000000e+00  6.77663e-04  6.77663e-04  4.95252e-11
3.130000000e+00  6.71523e-04  6.71523e-04  4.83818e-11
3.140000000e+00  6.65449e-04  6.65449e-04  4.90835e-11
3.150000000e+00  6.59440e-04  6.59440e-04  5.02839e-11
3.160000000e+00  6.53495e-04  6.53494e-04  5.00185e-11
3.170000000e+00  6.47613e-04  6.47612e-04  4.95718e-11
3.180000000e+00  6.41793e-04  6.41793e-04  5.05137e-11
3.190000000e+00  6.36035e-04  6.36035e-04  5.15106e-11
3.200000000e+00  6.30339e-04  6.30339e-04  5.22984e-11
3.210000000e+00  6.24703e-04  6.24702e-04  5.31178e-11
3.220000000e+00  6.19126e-04  6.19126e-04  5.42173e-11
3.230000000e+00  6.13608e-04  6.13608e-04  5.50109e-11
3.240000000e+00  6.08149e-04  6.08149e-04  5.64721e-11
3.250000000e+00  6.02747e-04  6.02747e-04  5.72796e-11
3.260000000e+00  5.97402e-04  5.97402e-04  5.86003e-11
3.270000000e+00  5.92114e-04  5.92114e-04  5.94673e-11
3.280000000e+00  5.86881e-04  5.86881e-04  6.08869e-11
3.290000000e+00  5.81703e-04  5.81702e-04  6.23364e-11
3.300000000e+00  5.76579e-04  5.76579e-04  6.33605e-11
3.310000000e+00  5.71509e-04  5.71508e-04  6.45099e-11
3.320000000e+00  5.66491e-04  5.66491e-04  6.60493e-11
3.330000000e+00  5.61527e-04  5.61527e-04  6.68535e-11
3.340000000e+00  5.56614e-04  5.56614e-04  6.80640e-11
3.350000000e+00  5.51752e-04  5.51752e-04  6.88752e-11
3.360000000e+00  5.46941e-04  5.46941e-04  6.88994e-11
3.370000000e+00  5.42180e-04  5.42180e-04  7.08733e-11
3.380000000e+00  5.37468e-04  5.37468e-04  7.19428e-11
3.390000000e+00  5.32805e-04  5.32805e-04  7.27871e-11
3.400000000e+00  5.28190e-04  5.28190e-04  7.32617e-11
3.410000000e+00  5.23623e-04  5.23623e-04  7.36417e-11
3.420000000e+00  5.19104e-04  5.19104e-04  7.40420e-11
3.430000000e+00  5.14631e-04  5.14631e-04  7.44100e-11
3.440000000e+00  5.10204e-04  5.10203e-04  7.47638e-11
3.450000000e+00  5.05822e-04  5.05822e-04  7.50442e-11
3.460000000e+00  5.01485e-04  5.01485e-04  7.50210e-11
3.470000000e+00  4.97193e-04  4.97193e-04  7.49071e-11
3.480000000e+00  4.92945e-04  4.92945e-04  7.47751e-11
3.490000000e+00  4.88741e-04  4.88741e-04  7.46441e-11
3.500000000e+00  4.84579e-04  4.84579e-04  7.45090e-11
3.510000000e+00  4.80460e-04  4.80460e-04  7.43705e-11
3.520000000e+00  4.76383e-04  4.76383e-04  7.41695e-11
3.530000000e+00  4.72347e-04  4.72347e-04  7.37919e-11
3.540000000e+00  4.68352e-04  4.68352e-04  7.34032e-11
3.550000000e+00  4.64398e-04  4.64398e-04  7.30012e-11
3.560000000e+00  4.60484e-04  4.60484e-04  7.25501e-11
3.570000000e+00  4.56609e-04  4.56609e-04  7.20103e-11
3.580000000e+00  4.52774e-04  4.52774e-04  7.14035e-11
3.590000000e+00  4.48977e-04  4.48977e-04  7.05182e-11
3.600000000e+00  4.45219e-04  4.45219e-04  6.88897e-11
3.610000000e+00  4.41498e-04  4.41498e-04  6.72173e-11
3.620000000e+00  4.37815e-04  4.37815e-04  6.59518e-11
3.630000000e+00  4.34169e-04  4.34169e-04  6.67465e-11
3.640000000e+00  4.30559e-04  4.30559e-04  6.60107e-11
3.650000000e+00  4.26986e-04  4.26986e-04  6.48008e-11
3.660000000e+00  4.23448e-04  4.23448e-04  6.56036e-11
3.670000000e+00  4.19945e-04  4.19945e-04  6.65502e-11
3.680000000e+00  4.16478e-04  4.16478e-04  6.66170e-11
3.690000000e+00  4.13045e-04  4.13044e-04  6.61645e-11
3.700000000e+00  4.09645e-04  4.09645e-04  6.56967e-11
3.710000000e+00  4.06280e-04  4.06280e-04  6.52640e-11
3.720000000e+00  4.02948e-04  4.02948e-04  6.46596e-11
3.730000000e+00  3.99649e-04  3.99649e-04  6.41811e-11
3.740000000e+00  3.96383e-04  3.96383e-04  6.37290e-11
3.750000000e+00  3.93148e-04  3.93148e-04  6.30852e-11
3.760000000e+00  3.89946e-04  3.89946e-04  6.19713e-11
3.770000000e+00  3.86775e-04  3.86775e-04  6.06348e-11
3.780000000e+00  3.83635e-04  3.83635e-04  5.93103e-11
3.790000000e+00  3.80527e-04  3.80526e-04  5.76542e-11
3.800000000e+00  3.77448e-04  3.77448e-04  5.40595e-11
3.810000000e+00  3.74400e-04  3.74400e-04  4.93439e-11
3.820000000e+00  3.71381e-04  3.71381e-04  4.95518e-11
3.830000000e+00  3.68392e-04  3.68392e-04  5.28189e-11
3.840000000e+00  3.65432e-04  3.65432e-04  5.03781e-11
3.850000000e+00  3.62500e-04  3.62500e-04  4.88717e-11
3.860000000e+00  3.59597e-04  3.59597e-04  5.06339e-11
3.870000000e+00  3.56723e-04  3.56723e-04  5.33072e-11
3.880000000e+00  3.53876e-04  3.53876e-04  5.48515e-11
3.890000000e+00  3.51056e-04  3.51056e-04  5.53012e-11
3.900000000e+00  3.48264e-04  3.48264e-04  5.53507e-11
3.910000000e+00  3.45499e-04  3.45499e-04  5.50711e-11
3.920000000e+00  3.42760e-04  3.42760e-04  5.45909e-11
3.930000000e+00  3.40048e-04  3.40048e-04  5.39016e-11
3.940000000e+00  3.37361e-04  3.37361e-04  5.29751e-11
3.950000000e+00  3.34701e-04  3.34701e-04  5.18856e-11
3.960000000e+00  3.32066e-04  3.32066e-04  5.01779e-11
3.970000000e+00  3.29456e-04  3.29456e-04  4.84652e-11
3.980000000e+00  3.26870e-04  3.26870e-04  4.56892e-11
3.990000000e+00  3.24310e-04  3.24310e-04  4.39608e-11
4.000000000e+00  3.21774e-04  3.21774e-04  4.55020e-11
4.010000000e+00  3.19262e-04  3.19262e-04  4.60765e-11
4.020000000e+00  3.16773e-04  3.16773e-04  4.35328e-11
4.030000000e+00  3.14309e-04  3.14309e-04  4.33952e-11
4.040000000e+00  3.11867e-04  3.11867e-04  4.44925e-11
4.050000000e+00  3.09449e-04  3.09449e-04  4.58619e-11
4.060000000e+00  3.07053e-04  3.07053e-04  4.70099e-11
4.070000000e+00  3.04680e-04  3.04680e-04  4.70563e-11
4.080000000e+00  3.02329e-04  3.02329e-04  4.59846e-11
4.090000000e+00  3.00000e-04  3.00000e-04  4.46242e-11
4.100000000e+00  2.97694e-04  2.97693e-04  4.35555e-11
4.110000000e+00  2.95408e-04  2.95408e-04  4.34850e-11
4.120000000e+00  2.93144e-04  2.93144e-04  4.37240e-11
4.130000000e+00  2.90901e-04  2.90901e-04  4.34346e-11
4.140000000e+00  2.88679e-04  2.88679e-04  4.23923e-11
4.150000000e+00  2.86478e-04  2.86478e-04  4.24762e-11
4.160000000e+00  2.84297e-04  2.84297e-04  3.85019e-11
4.170000000e+00  2.82136e-04  2.82136e-04  1.86224e-11
4.180000000e+00  2.79995e-04  2.79995e-04  9.82855e-12
4.190000000e+00  2.77874e-04  2.77874e-04  6.72081e-12
4.200000000e+00  2.75773e-04  2.75773e-04  3.81154e-12
4.210000000e+00  2.73691e-04  2.73691e-04  1.41605e-12
4.220000000e+00  2.71628e-04  2.71628e-04  4.19698e-13
4.230000000e+00  2.69584e-04  2.69584e-04  1.97792e-13
4.240000000e+00  2.67559e-04  2.67559e-04  1.34685e-13
4.250000000e+00  2.65552e-04  2.65552e-04  1.21327e-13
4.260000000e+00  2.63564e-04  2.63564e-04  1.60513e-13
4.270000000e+00  2.61594e-04  2.61594e-04  1.76624e-13
4.280000000e+00  2.59642e-04  2.59642e-04  1.29067e-13
4.290000000e+00  2.57707e-04  2.57707e-04  1.31840e-13
4.300000000e+00  2.55790e-04  2.55790e-04  1.61078e-13
4.310000000e+00  2.53891e-04  2.53891e-04  1.99272e-13
4.320000000e+00  2.52009e-04  2.52009e-04  2.61720e-13
4.330000000e+00  2.50144e-04  2.50144e-04  4.22285e-13
4.340000000e+00  2.48295e-04  2.48295e-04  6.25712e-13
4.350000000e+00  2.46463e-04  2.46463e-04  8.08442e-13
4.360000000e+00  2.44648e-04  2.44648e-04  8.10314e-13
4.370000000e+00  2.42849e-04  2.42849e-04  8.73782e-13
4.380000000e+00  2.41067e-04  2.41067e-04  1.15279e-12
4.390000000e+00  2.39300e-04  2.39300e-04  1.56481e-12
4.400000000e+00  2.37549e-04  2.37549e-04  1.17986e-12
4.410000000e+00  2.35814e-04  2.35814e-04  1.18470e-12
4.420000000e+00  2.34094e-04  2.34094e-04  1.38046e-12
4.430000000e+00  2.32390e-04  2.32390e-04  1.74429e-12
4.440000000e+00  2.30700e-04  2.30700e-04  2.20035e-12
4.450000000e+00  2.29026e-04  2.29026e-04  2.92111e-12
4.460000000e+00  2.27367e-04  2.27367e-04  3.86227e-12
4.470000000e+00  2.25722e-04  2.25722e-04  4.52758e-12
4.480000000e+00  2.24092e-04  2.24092e-04  5.69781e-12
4.490000000e+00  2.22476e-04  2.22476e-04  6.76529e-12
4.500000000e+00  2.20874e-04  2.20874e-04  9.19421e-12
4.510000000e+00  2.19287e-04  2.19287e-04  1.37557e-11
4.520000000e+00  2.17714e-04  2.17714e-04  1.85162e-11
4.530000000e+00  2.16154e-04  2.16154e-04  2.34673e-11
4.540000000e+00  2.14608e-04  2.14608e-04  2.63473e-11
4.550000000e+00  2.13075e-04  2.13075e-04  2.81751e-11
4.560000000e+00  2.11556e-04  2.11556e-04  2.86806e-11
4.570000000e+00  2.10051e-04  2.10051e-04  2.91576e-11
4.580000000e+00  2.08558e-04  2.08558e-04  2.92913e-11
4.590000000e+00  2.07078e-04  2.07078e-04  2.93428e-11
4.600000000e+00  2.05611e-04  2.05611e-04  2.93146e-11
4.610000000e+00  2.04157e-04  2.04157e-04  2.91923e-11
4.620000000e+00  2.02716e-04  2.02716e-04  2.82463e-11
4.630000000e+00  2.01287e-04  2.01287e-04  2.77977e-11
4.640000000e+00  1.99870e-04  1.99870e-04  2.78946e-11
4.650000000e+00  1.98466e-04  1.98466e-04  2.78073e-11
4.660000000e+00  1.97073e-04  1.97073e-04  2.79592e-11
4.670000000e+00  1.95693e-04  1.95693e-04  2.78895e-11
4.680000000e+00  1.94324e-04  1.94324e-04  2.66442e-11
4.690000000e+00  1.92967e-04  1.92967e-04  2.59008e-11
4.700000000e+00  1.91622e-04  1.91622e-04  2.49581e-11
4.710000000e+00  1.90288e-04  1.90288e-04  1.81226e-11
4.720000000e+00  1.88966e-04  1.88966e-04  2.20837e-11
4.730000000e+00  1.87655e-04  1.87655e-04  1.96506e-11
4.740000000e+00  1.86355e-04  1.86355e-04  1.80840e-11
4.750000000e+00  1.85066e-04  1.85066e-04  1.70166e-11
4.760000000e+00  1.83788e-04  1.83788e-04  1.64412e-11
4.770000000e+00  1.82521e-04  1.82521e-04  1.68513e-11
4.780000000e+00  1.81265e-04  1.81265e-04  1.42897e-11
4.790000000e+00  1.80019e-04  1.80019e-04  1.20580e-11
4.800000000e+00  1.78783e-04  1.78783e-04  1.01762e-11
4.810000000e+00  1.77559e-04  1.77559e-04  7.48843e-12
4.820000000e+00  1.76344e-04  1.76344e-04  4.61109e-12
4.830000000e+00  1.75140e-04  1.75140e-04  5.32727e-12
4.840000000e+00  1.73945e-04  1.73945e-04  5.56184e-12
4.850000000e+00  1.72761e-04  1.72761e-04  5.44609e-12
4.860000000e+00  1.71587e-04  1.71587e-04  5.11747e-12
4.870000000e+00  1.70422e-04  1.70422e-04  5.40146e-12
4.880000000e+00  1.69267e-04  1.69267e-04  6.08056e-12
4.890000000e+00  1.68122e-04  1.68122e-04  6.76104e-12
4.900000000e+00  1.66986e-04  1.66986e-04  9.49108e-12
4.910000000e+00  1.65860e-04  1.65860e-04  1.20111e-11
4.920000000e+00  1.64743e-04  1.64743e-04  1.12910e-11
4.930000000e+00  1.63635e-04  1.63635e-04  1.62274e-11
4.940000000e+00  1.62536e-04  1.62536e-04  1.74435e-11
4.950000000e+00  1.61447e-04  1.61447e-04  1.70320e-11
4.960000000e+00  1.60366e-04  1.60366e-04  1.85330e-11
4.970000000e+00  1.59294e-04  1.59294e-04  2.00379e-11
4.980000000e+00  1.58232e-04  1.58232e-04  2.06777e-11
4.990000000e+00  1.57177e-04  1.57177e-04  2.21320e-11
5.000000000e+00  1.56132e-04  1.56132e-04  2.05561e-11
results_trn.txt
# ------------------------------------------------------------------------
# NASA-GSFC Planetary Spectrum Generator (PSG, Villanueva et al. 2015)
# Atmospheric transmittance spectrum synthesized with PUMAS (Villanueva et al. 2016, Smith et al. 2009, Edwards 1992)
# Synthesized on Tue Nov 21 15:09:09 2017
# Molecular abundance profile: 
# Molecules considered: N2,CO2,H2O
# Molecular sources: HIT[22],HIT[2],HIT[1]
# Molecular abundances: 1,1,1
# Molecular abundance units: scl,scl,scl
# Collission-Induced-Absorption:  N2-N2(3.33-5.41um)
# Rayleigh scattering included
# ------------------------------------------------------------------------
# Aerosols considered: WaterIce,Cloud
# Aerosols sources: CRISM_Wolff[reff=2.0um 0.31-99.57um],White_GSFC[reff=1.0um 0.10-1000000.00um]
# Aerosols opacities: 1,1
# Aerosols opacity units: scl,scl
# ------------------------------------------------------------------------
# Spectral unit: Wavelength [um]
# Wave/freq Total N2 CO2 H2O WaterIce Cloud Rayleigh CIA
1.000000000e+00  0.00000  1.00000  0.99996  0.97221  0.00000  0.00000  0.97247  1.00000
1.010000000e+00  0.00000  1.00000  0.99999  0.96327  0.00000  0.00000  0.97353  1.00000
1.020000000e+00  0.00000  1.00000  1.00000  0.98270  0.00000  0.00000  0.97454  1.00000
1.030000000e+00  0.00000  1.00000  0.99999  0.98519  0.00000  0.00000  0.97551  1.00000
1.040000000e+00  0.00000  1.00000  0.79655  0.99822  0.00000  0.00000  0.97642  1.00000
1.050000000e+00  0.00000  1.00000  0.98658  0.99929  0.00000  0.00000  0.97730  1.00000
1.060000000e+00  0.00000  1.00000  0.96666  0.99794  0.00000  0.00000  0.97813  1.00000
1.070000000e+00  0.00000  1.00000  0.94061  0.98581  0.00000  0.00000  0.97893  1.00000
1.080000000e+00  0.00000  1.00000  0.99390  0.93434  0.00000  0.00000  0.97969  1.00000
1.090000000e+00  0.00000  1.00000  0.99963  0.87755  0.00000  0.00000  0.98042  1.00000
1.100000000e+00  0.00000  1.00000  0.99829  0.74765  0.00000  0.00000  0.98112  1.00000
1.110000000e+00  0.00000  1.00000  1.00000  0.46815  0.00000  0.00000  0.98178  1.00000
1.120000000e+00  0.00000  1.00000  0.97628  0.06658  0.00000  0.00000  0.98242  1.00000
1.130000000e+00  0.00000  1.00000  0.99654  0.01486  0.00000  0.00000  0.98303  1.00000
1.140000000e+00  0.00000  1.00000  0.99255  0.15670  0.00000  0.00000  0.98361  1.00000
1.150000000e+00  0.00000  1.00000  0.99779  0.07784  0.00000  0.00000  0.98417  1.00000
1.160000000e+00  0.00000  1.00000  0.99753  0.27422  0.00000  0.00000  0.98470  1.00000
1.170000000e+00  0.00000  1.00000  0.99992  0.54418  0.00000  0.00000  0.98522  1.00000
1.180000000e+00  0.00000  1.00000  0.99951  0.69997  0.00000  0.00000  0.98571  1.00000
1.190000000e+00  0.00000  1.00000  0.99995  0.63677  0.00000  0.00000  0.98618  1.00000
1.200000000e+00  0.00000  1.00000  0.99981  0.66454  0.00000  0.00000  0.98663  1.00000
1.210000000e+00  0.00000  1.00000  0.08623  0.77929  0.00000  0.00000  0.98706  1.00000
1.220000000e+00  0.00000  1.00000  0.56739  0.84521  0.00000  0.00000  0.98748  1.00000
1.230000000e+00  0.00000  1.00000  0.39075  0.88498  0.00000  0.00000  0.98788  1.00000
1.240000000e+00  0.00000  1.00000  0.83785  0.98012  0.00000  0.00000  0.98826  1.00000
1.250000000e+00  0.00000  1.00000  0.98850  0.99628  0.00000  0.00000  0.98863  1.00000
1.260000000e+00  0.00000  1.00000  0.95781  0.99647  0.00000  0.00000  0.98899  1.00000
1.270000000e+00  0.00000  1.00000  0.95952  0.98917  0.00000  0.00000  0.98933  1.00000
1.280000000e+00  0.00000  1.00000  0.99902  0.97647  0.00000  0.00000  0.98966  1.00000
1.290000000e+00  0.00000  1.00000  0.88097  0.93564  0.00000  0.00000  0.98997  1.00000
1.300000000e+00  0.00000  1.00000  0.82883  0.83307  0.00000  0.00000  0.99027  1.00000
1.310000000e+00  0.00000  1.00000  0.99204  0.71179  0.00000  0.00000  0.99057  1.00000
1.320000000e+00  0.00000  1.00000  0.41658  0.53964  0.00000  0.00000  0.99085  1.00000
1.330000000e+00  0.00000  1.00000  0.96748  0.38961  0.00000  0.00000  0.99112  1.00000
1.340000000e+00  0.00000  1.00000  0.56955  0.23746  0.00000  0.00000  0.99138  1.00000
1.350000000e+00  0.00000  1.00000  0.85164  0.01463  0.00000  0.00000  0.99163  1.00000
1.360000000e+00  0.00000  1.00000  0.98749  0.00000  0.00000  0.00000  0.99187  1.00000
1.370000000e+00  0.00000  1.00000  0.96989  0.00000  0.00000  0.00000  0.99211  1.00000
1.380000000e+00  0.00000  1.00000  0.96145  0.00000  0.00000  0.00000  0.99233  1.00000
1.390000000e+00  0.00000  1.00000  0.99279  0.00000  0.00000  0.00000  0.99255  1.00000
1.400000000e+00  0.00000  1.00000  0.99612  0.00001  0.00000  0.00000  0.99276  1.00000
1.410000000e+00  0.00000  1.00000  0.99980  0.00000  0.00000  0.00000  0.99296  1.00000
1.420000000e+00  0.00000  1.00000  0.99942  0.00137  0.00000  0.00000  0.99316  1.00000
1.430000000e+00  0.00000  1.00000  0.68618  0.00400  0.00000  0.00000  0.99335  1.00000
1.440000000e+00  0.00000  1.00000  0.00000  0.00441  0.00000  0.00000  0.99353  1.00000
1.450000000e+00  0.00000  1.00000  0.01217  0.03123  0.00000  0.00000  0.99371  1.00000
1.460000000e+00  0.00000  1.00000  0.63047  0.11092  0.00000  0.00000  0.99388  1.00000
1.470000000e+00  0.00000  1.00000  0.97348  0.03540  0.00000  0.00000  0.99404  1.00000
1.480000000e+00  0.00000  1.00000  0.41452  0.08786  0.00000  0.00000  0.99420  1.00000
1.490000000e+00  0.00000  1.00000  0.74678  0.08782  0.00000  0.00000  0.99435  1.00000
1.500000000e+00  0.00000  1.00000  0.55758  0.40698  0.00000  0.00000  0.99450  1.00000
1.510000000e+00  0.00000  1.00000  0.98129  0.56141  0.00000  0.00000  0.99464  1.00000
1.520000000e+00  0.00000  1.00000  0.98589  0.73819  0.00000  0.00000  0.99478  1.00000
1.530000000e+00  0.00000  1.00000  0.32270  0.81952  0.00000  0.00000  0.99492  1.00000
1.540000000e+00  0.00000  1.00000  0.13568  0.93403  0.00000  0.00000  0.99505  1.00000
1.550000000e+00  0.00000  1.00000  0.64811  0.96519  0.00000  0.00000  0.99518  1.00000
1.560000000e+00  0.00000  1.00000  0.93822  0.99027  0.00000  0.00000  0.99530  1.00000
1.570000000e+00  0.00000  1.00000  0.30340  0.98158  0.00000  0.00000  0.99542  1.00000
1.580000000e+00  0.00000  1.00000  0.00020  0.98528  0.00000  0.00000  0.99553  1.00000
1.590000000e+00  0.00000  1.00000  0.33722  0.98664  0.00000  0.00000  0.99564  1.00000
1.600000000e+00  0.00000  1.00000  0.21420  0.97955  0.00000  0.00000  0.99575  1.00000
1.610000000e+00  0.00000  1.00000  0.00216  0.99246  0.00000  0.00000  0.99585  1.00000
1.620000000e+00  0.00000  1.00000  0.01790  0.99254  0.00000  0.00000  0.99595  1.00000
1.630000000e+00  0.00000  1.00000  0.39011  0.99741  0.00000  0.00000  0.99605  1.00000
1.640000000e+00  0.00000  1.00000  0.30692  0.99218  0.00000  0.00000  0.99615  1.00000
1.650000000e+00  0.00000  1.00000  0.23355  0.97896  0.00000  0.00000  0.99624  1.00000
1.660000000e+00  0.00000  1.00000  0.38995  0.97627  0.00000  0.00000  0.99633  1.00000
1.670000000e+00  0.00000  1.00000  0.56014  0.97736  0.00000  0.00000  0.99642  1.00000
1.680000000e+00  0.00000  1.00000  0.80005  0.96509  0.00000  0.00000  0.99650  1.00000
1.690000000e+00  0.00000  1.00000  0.93727  0.97129  0.00000  0.00000  0.99658  1.00000
1.700000000e+00  0.00000  1.00000  0.98467  0.89731  0.00000  0.00000  0.99666  1.00000
1.710000000e+00  0.00000  1.00000  0.92877  0.89603  0.00000  0.00000  0.99674  1.00000
1.720000000e+00  0.00000  1.00000  0.96309  0.91516  0.00000  0.00000  0.99682  1.00000
1.730000000e+00  0.00000  1.00000  0.99257  0.86339  0.00000  0.00000  0.99689  1.00000
1.740000000e+00  0.00000  1.00000  0.99936  0.75236  0.00000  0.00000  0.99696  1.00000
1.750000000e+00  0.00000  1.00000  0.99894  0.68588  0.00000  0.00000  0.99703  1.00000
1.760000000e+00  0.00000  1.00000  0.89534  0.69598  0.00000  0.00000  0.99709  1.00000
1.770000000e+00  0.00000  1.00000  0.95744  0.52562  0.00000  0.00000  0.99716  1.00000
1.780000000e+00  0.00000  1.00000  0.99496  0.34997  0.00000  0.00000  0.99722  1.00000
1.790000000e+00  0.00000  1.00000  0.87994  0.20359  0.00000  0.00000  0.99728  1.00000
1.800000000e+00  0.00000  1.00000  0.94941  0.08351  0.00000  0.00000  0.99734  1.00000
1.810000000e+00  0.00000  1.00000  0.98708  0.00910  0.00000  0.00000  0.99740  1.00000
1.820000000e+00  0.00000  1.00000  0.99543  0.00047  0.00000  0.00000  0.99746  1.00000
1.830000000e+00  0.00000  1.00000  0.99924  0.00001  0.00000  0.00000  0.99751  1.00000
1.840000000e+00  0.00000  1.00000  0.99971  0.00000  0.00000  0.00000  0.99757  1.00000
1.850000000e+00  0.00000  1.00000  0.99751  0.00000  0.00000  0.00000  0.99762  1.00000
1.860000000e+00  0.00000  1.00000  0.99708  0.00000  0.00000  0.00000  0.99767  1.00000
1.870000000e+00  0.00000  1.00000  0.97866  0.00000  0.00000  0.00000  0.99772  1.00000
1.880000000e+00  0.00000  1.00000  0.10676  0.00000  0.00000  0.00000  0.99777  1.00000
1.890000000e+00  0.00000  1.00000  0.12422  0.00000  0.00000  0.00000  0.99781  1.00000
1.900000000e+00  0.00000  1.00000  0.51454  0.00001  0.00000  0.00000  0.99786  1.00000
1.910000000e+00  0.00000  1.00000  0.64256  0.00000  0.00000  0.00000  0.99790  1.00000
1.920000000e+00  0.00000  1.00000  0.86101  0.00000  0.00000  0.00000  0.99795  1.00000
1.930000000e+00  0.00000  1.00000  0.83944  0.00001  0.00000  0.00000  0.99799  1.00000
1.940000000e+00  0.00000  1.00000  0.18734  0.00029  0.00000  0.00000  0.99803  1.00000
1.950000000e+00  0.00000  1.00000  0.00000  0.00553  0.00000  0.00000  0.99807  1.00000
1.960000000e+00  0.00000  1.00000  0.00000  0.01634  0.00000  0.00000  0.99811  1.00000
1.970000000e+00  0.00000  1.00000  0.00000  0.22323  0.00000  0.00000  0.99815  1.00000
1.980000000e+00  0.00000  1.00000  0.00000  0.34575  0.00000  0.00000  0.99818  1.00000
1.990000000e+00  0.00000  1.00000  0.00400  0.40913  0.00000  0.00000  0.99822  1.00000
2.000000000e+00  0.00000  1.00000  0.00000  0.54040  0.00000  0.00000  0.99826  1.00000
2.010000000e+00  0.00000  1.00000  0.00000  0.43860  0.00000  0.00000  0.99829  1.00000
2.020000000e+00  0.00000  1.00000  0.00000  0.59125  0.00000  0.00000  0.99832  1.00000
2.030000000e+00  0.00000  1.00000  0.00000  0.80995  0.00000  0.00000  0.99836  1.00000
2.040000000e+00  0.00000  1.00000  0.00000  0.83966  0.00000  0.00000  0.99839  1.00000
2.050000000e+00  0.00000  1.00000  0.00000  0.92344  0.00000  0.00000  0.99842  1.00000
2.060000000e+00  0.00000  1.00000  0.00000  0.84377  0.00000  0.00000  0.99845  1.00000
2.070000000e+00  0.00000  1.00000  0.00000  0.87266  0.00000  0.00000  0.99848  1.00000
2.080000000e+00  0.00000  1.00000  0.00000  0.91609  0.00000  0.00000  0.99851  1.00000
2.090000000e+00  0.00000  1.00000  0.00000  0.91426  0.00000  0.00000  0.99854  1.00000
2.100000000e+00  0.00000  1.00000  0.00004  0.94821  0.00000  0.00000  0.99856  1.00000
2.110000000e+00  0.00000  1.00000  0.01820  0.95876  0.00000  0.00000  0.99859  1.00000
2.120000000e+00  0.00000  1.00000  0.06597  0.89379  0.00000  0.00000  0.99862  1.00000
2.130000000e+00  0.00000  1.00000  0.43611  0.85295  0.00000  0.00000  0.99864  1.00000
2.140000000e+00  0.00000  1.00000  0.63029  0.96443  0.00000  0.00000  0.99867  1.00000
2.150000000e+00  0.00000  1.00000  0.27467  0.98300  0.00000  0.00000  0.99869  1.00000
2.160000000e+00  0.00000  1.00000  0.34534  0.93520  0.00000  0.00000  0.99872  1.00000
2.170000000e+00  0.00000  1.00000  0.22867  0.86741  0.00000  0.00000  0.99874  1.00000
2.180000000e+00  0.00000  1.00000  0.53926  0.89003  0.00000  0.00000  0.99876  1.00000
2.190000000e+00  0.00000  1.00000  0.82998  0.77038  0.00000  0.00000  0.99879  1.00000
2.200000000e+00  0.00000  1.00000  0.88536  0.85734  0.00000  0.00000  0.99881  1.00000
2.210000000e+00  0.00000  1.00000  0.96443  0.89816  0.00000  0.00000  0.99883  1.00000
2.220000000e+00  0.00000  1.00000  0.95049  0.92204  0.00000  0.00000  0.99885  1.00000
2.230000000e+00  0.00000  1.00000  0.95409  0.94737  0.00000  0.00000  0.99887  1.00000
2.240000000e+00  0.00000  1.00000  0.98683  0.97518  0.00000  0.00000  0.99889  1.00000
2.250000000e+00  0.00000  1.00000  0.97804  0.97901  0.00000  0.00000  0.99891  1.00000
2.260000000e+00  0.00000  1.00000  0.94825  0.99188  0.00000  0.00000  0.99893  1.00000
2.270000000e+00  0.00000  1.00000  0.98750  0.98285  0.00000  0.00000  0.99895  1.00000
2.280000000e+00  0.00000  1.00000  0.97357  0.99680  0.00000  0.00000  0.99897  1.00000
2.290000000e+00  0.00000  1.00000  0.99184  0.98384  0.00000  0.00000  0.99898  1.00000
2.300000000e+00  0.00000  1.00000  0.99598  0.90773  0.00000  0.00000  0.99900  1.00000
2.310000000e+00  0.00000  1.00000  0.99744  0.96956  0.00000  0.00000  0.99902  1.00000
2.320000000e+00  0.00000  1.00000  0.99903  0.92400  0.00000  0.00000  0.99904  1.00000
2.330000000e+00  0.00000  1.00000  0.99988  0.91702  0.00000  0.00000  0.99905  1.00000
2.340000000e+00  0.00000  1.00000  0.99989  0.93438  0.00000  0.00000  0.99907  1.00000
2.350000000e+00  0.00000  1.00000  0.99987  0.82975  0.00000  0.00000  0.99908  1.00000
2.360000000e+00  0.00000  1.00000  0.99967  0.69743  0.00000  0.00000  0.99910  1.00000
2.370000000e+00  0.00000  1.00000  0.99821  0.71761  0.00000  0.00000  0.99911  1.00000
2.380000000e+00  0.00000  1.00000  0.99714  0.52988  0.00000  0.00000  0.99913  1.00000
2.390000000e+00  0.00000  1.00000  0.99067  0.41333  0.00000  0.00000  0.99914  1.00000
2.400000000e+00  0.00000  1.00000  0.98878  0.50862  0.00000  0.00000  0.99916  1.00000
2.410000000e+00  0.00000  1.00000  0.98700  0.33384  0.00000  0.00000  0.99917  1.00000
2.420000000e+00  0.00000  1.00000  0.99684  0.15064  0.00000  0.00000  0.99919  1.00000
2.430000000e+00  0.00000  1.00000  0.99991  0.34585  0.00000  0.00000  0.99920  1.00000
2.440000000e+00  0.00000  1.00000  0.99986  0.07100  0.00000  0.00000  0.99921  1.00000
2.450000000e+00  0.00000  1.00000  0.99965  0.13220  0.00000  0.00000  0.99922  1.00000
2.460000000e+00  0.00000  1.00000  0.99948  0.21513  0.00000  0.00000  0.99924  1.00000
2.470000000e+00  0.00000  1.00000  0.99226  0.18293  0.00000  0.00000  0.99925  1.00000
2.480000000e+00  0.00000  1.00000  0.96948  0.08490  0.00000  0.00000  0.99926  1.00000
2.490000000e+00  0.00000  1.00000  0.31717  0.00333  0.00000  0.00000  0.99927  1.00000
2.500000000e+00  0.00000  1.00000  0.73494  0.00319  0.00000  0.00000  0.99928  1.00000
2.510000000e+00  0.00000  1.00000  0.70307  0.00085  0.00000  0.00000  0.99930  1.00000
2.520000000e+00  0.00000  1.00000  0.68073  0.00019  0.00000  0.00000  0.99931  1.00000
2.530000000e+00  0.00000  1.00000  0.83622  0.00000  0.00000  0.00000  0.99932  1.00000
2.540000000e+00  0.00000  1.00000  0.89862  0.00000  0.00000  0.00000  0.99933  1.00000
2.550000000e+00  0.00000  1.00000  0.97447  0.00000  0.00000  0.00000  0.99934  1.00000
2.560000000e+00  0.00000  1.00000  0.94332  0.00000  0.00000  0.00000  0.99935  1.00000
2.570000000e+00  0.00000  1.00000  0.96615  0.00000  0.00000  0.00000  0.99936  1.00000
2.580000000e+00  0.00000  1.00000  0.78592  0.00000  0.00000  0.00000  0.99937  1.00000
2.590000000e+00  0.00000  1.00000  0.53911  0.00000  0.00000  0.00000  0.99938  1.00000
2.600000000e+00  0.00000  1.00000  0.64257  0.00000  0.00000  0.00000  0.99939  1.00000
2.610000000e+00  0.00000  1.00000  0.17931  0.00000  0.00000  0.00000  0.99940  1.00000
2.620000000e+00  0.00000  1.00000  0.06773  0.00000  0.00000  0.00000  0.99941  1.00000
2.630000000e+00  0.00000  1.00000  0.24253  0.00000  0.00000  0.00000  0.99942  1.00000
2.640000000e+00  0.00000  1.00000  0.20377  0.00000  0.00000  0.00000  0.99942  1.00000
2.650000000e+00  0.00000  1.00000  0.36640  0.00000  0.00000  0.00000  0.99943  1.00000
2.660000000e+00  0.00000  1.00000  0.00059  0.00000  0.00000  0.00000  0.99944  1.00000
2.670000000e+00  0.00000  1.00000  0.00000  0.00000  0.00000  0.00000  0.99945  1.00000
2.680000000e+00  0.00000  1.00000  0.00000  0.00000  0.00000  0.00000  0.99946  1.00000
2.690000000e+00  0.00000  1.00000  0.00000  0.00000  0.00000  0.00000  0.99947  1.00000
2.700000000e+00  0.00000  1.00000  0.00000  0.00000  0.00000  0.00000  0.99947  1.00000
2.710000000e+00  0.00000  1.00000  0.00000  0.00000  0.00000  0.00000  0.99948  1.00000
2.720000000e+00  0.00000  1.00000  0.00000  0.00000  0.00000  0.00000  0.99949  1.00000
2.730000000e+00  0.00000  1.00000  0.00000  0.00000  0.00000  0.00000  0.99950  1.00000
2.740000000e+00  0.00000  1.00000  0.00000  0.00000  0.00000  0.00000  0.99950  1.00000
2.750000000e+00  0.00000  1.00000  0.00000  0.00000  0.00000  0.00000  0.99951  1.00000
2.760000000e+00  0.00000  1.00000  0.00000  0.00000  0.00000  0.00000  0.99952  1.00000
2.770000000e+00  0.00000  1.00000  0.00000  0.00000  0.00000  0.00000  0.99953  1.00000
2.780000000e+00  0.00000  1.00000  0.00000  0.00000  0.00000  0.00000  0.99953  1.00000
2.790000000e+00  0.00000  1.00000  0.00000  0.00000  0.00000  0.00000  0.99954  1.00000
2.800000000e+00  0.00000  1.00000  0.00000  0.00000  0.00000  0.00000  0.99955  1.00000
2.810000000e+00  0.00000  1.00000  0.00000  0.00000  0.00000  0.00000  0.99955  1.00000
2.820000000e+00  0.00000  1.00000  0.00000  0.00000  0.00000  0.00000  0.99956  1.00000
2.830000000e+00  0.00000  1.00000  0.00000  0.00000  0.00000  0.00000  0.99956  1.00000
2.840000000e+00  0.00000  1.00000  0.00000  0.00000  0.00000  0.00000  0.99957  1.00000
2.850000000e+00  0.00000  1.00000  0.00000  0.00000  0.00000  0.00000  0.99958  1.00000
2.860000000e+00  0.00000  1.00000  0.00000  0.00000  0.00000  0.00000  0.99958  1.00000
2.870000000e+00  0.00000  1.00000  0.00000  0.00001  0.00000  0.00000  0.99959  1.00000
2.880000000e+00  0.00000  1.00000  0.00000  0.00003  0.00000  0.00000  0.99959  1.00000
2.890000000e+00  0.00000  1.00000  0.00002  0.00002  0.00000  0.00000  0.99960  1.00000
2.900000000e+00  0.00000  1.00000  0.00387  0.00244  0.00000  0.00000  0.99960  1.00000
2.910000000e+00  0.00000  1.00000  0.07946  0.00072  0.00000  0.00000  0.99961  1.00000
2.920000000e+00  0.00000  1.00000  0.34154  0.00101  0.00000  0.00000  0.99962  1.00000
2.930000000e+00  0.00000  1.00000  0.55282  0.00628  0.00000  0.00000  0.99962  1.00000
2.940000000e+00  0.00000  1.00000  0.68457  0.03081  0.00000  0.00000  0.99963  1.00000
2.950000000e+00  0.00000  1.00000  0.81916  0.00072  0.00000  0.00000  0.99963  1.00000
2.960000000e+00  0.00000  1.00000  0.41582  0.00871  0.00000  0.00000  0.99964  1.00000
2.970000000e+00  0.00000  1.00000  0.05068  0.03084  0.00000  0.00000  0.99964  1.00000
2.980000000e+00  0.00000  1.00000  0.00373  0.00004  0.00000  0.00000  0.99965  1.00000
2.990000000e+00  0.00000  1.00000  0.01457  0.04422  0.00000  0.00000  0.99965  1.00000
3.000000000e+00  0.00000  1.00000  0.28538  0.07325  0.00000  0.00000  0.99965  1.00000
3.010000000e+00  0.00000  1.00000  0.30121  0.05130  0.00000  0.00000  0.99966  1.00000
3.020000000e+00  0.00000  1.00000  0.05646  0.03588  0.00000  0.00000  0.99966  1.00000
3.030000000e+00  0.00000  1.00000  0.11388  0.03124  0.00000  0.00000  0.99967  1.00000
3.040000000e+00  0.00000  1.00000  0.31434  0.00456  0.00000  0.00000  0.99967  1.00000
3.050000000e+00  0.00000  1.00000  0.63405  0.00576  0.00000  0.00000  0.99968  1.00000
3.060000000e+00  0.00000  1.00000  0.68594  0.01171  0.00000  0.00000  0.99968  1.00000
3.070000000e+00  0.00000  1.00000  0.83501  0.00565  0.00000  0.00000  0.99968  1.00000
3.080000000e+00  0.00000  1.00000  0.87072  0.02351  0.00000  0.00000  0.99969  1.00000
3.090000000e+00  0.00000  1.00000  0.92971  0.00047  0.00000  0.00000  0.99969  1.00000
3.100000000e+00  0.00000  1.00000  0.89646  0.00044  0.00000  0.00000  0.99970  1.00000
3.110000000e+00  0.00000  1.00000  0.71674  0.00850  0.00000  0.00000  0.99970  1.00000
3.120000000e+00  0.00000  1.00000  0.49209  0.00123  0.00000  0.00000  0.99970  1.00000
3.130000000e+00  0.00000  1.00000  0.39869  0.05367  0.00000  0.00000  0.99971  1.00000
3.140000000e+00  0.00000  1.00000  0.55734  0.12645  0.00000  0.00000  0.99971  1.00000
3.150000000e+00  0.00000  1.00000  0.75823  0.02294  0.00000  0.00000  0.99972  1.00000
3.160000000e+00  0.00000  1.00000  0.60705  0.09213  0.00000  0.00000  0.99972  1.00000
3.170000000e+00  0.00000  1.00000  0.43575  0.62913  0.00000  0.00000  0.99972  1.00000
3.180000000e+00  0.00000  1.00000  0.49901  0.47505  0.00000  0.00000  0.99973  1.00000
3.190000000e+00  0.00000  1.00000  0.66782  0.19574  0.00000  0.00000  0.99973  1.00000
3.200000000e+00  0.00000  1.00000  0.83334  0.04342  0.00000  0.00000  0.99973  1.00000
3.210000000e+00  0.00000  1.00000  0.93354  0.00001  0.00000  0.00000  0.99974  1.00000
3.220000000e+00  0.00000  1.00000  0.91091  0.00006  0.00000  0.00000  0.99974  1.00000
3.230000000e+00  0.00000  1.00000  0.90401  0.00150  0.00000  0.00000  0.99974  1.00000
3.240000000e+00  0.00000  1.00000  0.94951  0.10167  0.00000  0.00000  0.99975  1.00000
3.250000000e+00  0.00000  1.00000  0.98769  0.03230  0.00000  0.00000  0.99975  1.00000
3.260000000e+00  0.00000  1.00000  0.99652  0.25371  0.00000  0.00000  0.99975  1.00000
3.270000000e+00  0.00000  1.00000  0.99612  0.01403  0.00000  0.00000  0.99975  1.00000
3.280000000e+00  0.00000  1.00000  0.99674  0.04391  0.00000  0.00000  0.99976  1.00000
3.290000000e+00  0.00000  1.00000  0.99851  0.26257  0.00000  0.00000  0.99976  1.00000
3.300000000e+00  0.00000  1.00000  0.99935  0.12131  0.00000  0.00000  0.99976  1.00000
3.310000000e+00  0.00000  1.00000  0.99948  0.01242  0.00000  0.00000  0.99977  1.00000
3.320000000e+00  0.00000  1.00000  0.99900  0.16741  0.00000  0.00000  0.99977  1.00000
3.330000000e+00  0.00000  1.00000  0.99373  0.04959  0.00000  0.00000  0.99977  1.00000
3.340000000e+00  0.00000  1.00000  0.97875  0.33001  0.00000  0.00000  0.99977  0.99985
3.350000000e+00  0.00000  1.00000  0.96614  0.11050  0.00000  0.00000  0.99978  0.99979
3.360000000e+00  0.00000  1.00000  0.86179  0.11131  0.00000  0.00000  0.99978  0.99985
3.370000000e+00  0.00000  1.00000  0.96008  0.15855  0.00000  0.00000  0.99978  0.99974
3.380000000e+00  0.00000  1.00000  0.97143  0.26726  0.00000  0.00000  0.99979  0.99990
3.390000000e+00  0.00000  1.00000  0.98468  0.41007  0.00000  0.00000  0.99979  0.99987
3.400000000e+00  0.00000  1.00000  0.99442  0.62181  0.00000  0.00000  0.99979  0.99994
3.410000000e+00  0.00000  1.00000  0.99795  0.46796  0.00000  0.00000  0.99979  0.99995
3.420000000e+00  0.00000  1.00000  0.99930  0.59494  0.00000  0.00000  0.99980  1.00000
3.430000000e+00  0.00000  1.00000  0.99911  0.85817  0.00000  0.00000  0.99980  0.99992
3.440000000e+00  0.00000  1.00000  0.99932  0.74203  0.00000  0.00000  0.99980  0.99987
3.450000000e+00  0.00000  1.00000  0.99654  0.74745  0.00000  0.00000  0.99980  0.99971
3.460000000e+00  0.00000  1.00000  0.99740  0.69689  0.00000  0.00000  0.99980  0.99989
3.470000000e+00  0.00000  1.00000  0.99906  0.84274  0.00000  0.00000  0.99981  0.99975
3.480000000e+00  0.00000  1.00000  0.99934  0.79110  0.00000  0.00000  0.99981  0.99983
3.490000000e+00  0.00000  1.00000  0.99957  0.83207  0.00000  0.00000  0.99981  0.99983
3.500000000e+00  0.00000  1.00000  0.99959  0.79778  0.00000  0.00000  0.99981  0.99990
3.510000000e+00  0.00000  1.00000  0.99928  0.81674  0.00000  0.00000  0.99982  0.99997
3.520000000e+00  0.00000  1.00000  0.99809  0.74512  0.00000  0.00000  0.99982  0.99996
3.530000000e+00  0.00000  1.00000  0.99499  0.70954  0.00000  0.00000  0.99982  0.99994
3.540000000e+00  0.00000  1.00000  0.98888  0.68879  0.00000  0.00000  0.99982  0.99989
3.550000000e+00  0.00000  1.00000  0.97631  0.64915  0.00000  0.00000  0.99982  0.99991
3.560000000e+00  0.00000  1.00000  0.94849  0.53182  0.00000  0.00000  0.99983  0.99966
3.570000000e+00  0.00000  1.00000  0.90668  0.67986  0.00000  0.00000  0.99983  0.99966
3.580000000e+00  0.00000  1.00000  0.87552  0.61044  0.00000  0.00000  0.99983  0.99937
3.590000000e+00  0.00000  1.00000  0.82058  0.71895  0.00000  0.00000  0.99983  0.99936
3.600000000e+00  0.00000  1.00000  0.67004  0.61021  0.00000  0.00000  0.99983  0.99943
3.610000000e+00  0.00000  1.00000  0.54062  0.81255  0.00000  0.00000  0.99983  0.99946
3.620000000e+00  0.00000  1.00000  0.48912  0.64671  0.00000  0.00000  0.99984  0.99931
3.630000000e+00  0.00000  1.00000  0.68128  0.80049  0.00000  0.00000  0.99984  0.99916
3.640000000e+00  0.00000  1.00000  0.64109  0.69516  0.00000  0.00000  0.99984  0.99891
3.650000000e+00  0.00000  1.00000  0.51613  0.91405  0.00000  0.00000  0.99984  0.99873
3.660000000e+00  0.00000  1.00000  0.61916  0.75005  0.00000  0.00000  0.99984  0.99862
3.670000000e+00  0.00000  1.00000  0.80778  0.76032  0.00000  0.00000  0.99985  0.99848
3.680000000e+00  0.00000  1.00000  0.93362  0.36379  0.00000  0.00000  0.99985  0.99824
3.690000000e+00  0.00000  1.00000  0.96887  0.50661  0.00000  0.00000  0.99985  0.99787
3.700000000e+00  0.00000  1.00000  0.97981  0.74693  0.00000  0.00000  0.99985  0.99760
3.710000000e+00  0.00000  1.00000  0.98902  0.89717  0.00000  0.00000  0.99985  0.99612
3.720000000e+00  0.00000  1.00000  0.97955  0.67678  0.00000  0.00000  0.99985  0.99510
3.730000000e+00  0.00000  1.00000  0.97824  0.82265  0.00000  0.00000  0.99985  0.99462
3.740000000e+00  0.00000  1.00000  0.97746  0.68383  0.00000  0.00000  0.99986  0.99402
3.750000000e+00  0.00000  1.00000  0.94046  0.78071  0.00000  0.00000  0.99986  0.99323
3.760000000e+00  0.00000  1.00000  0.84577  0.73239  0.00000  0.00000  0.99986  0.99231
3.770000000e+00  0.00000  1.00000  0.72160  0.67466  0.00000  0.00000  0.99986  0.99133
3.780000000e+00  0.00000  1.00000  0.54862  0.69531  0.00000  0.00000  0.99986  0.99000
3.790000000e+00  0.00000  1.00000  0.37576  0.75265  0.00000  0.00000  0.99986  0.98840
3.800000000e+00  0.00000  1.00000  0.14904  0.69853  0.00000  0.00000  0.99987  0.98671
3.810000000e+00  0.00000  1.00000  0.04062  0.86635  0.00000  0.00000  0.99987  0.98471
3.820000000e+00  0.00000  1.00000  0.06399  0.66559  0.00000  0.00000  0.99987  0.98261
3.830000000e+00  0.00000  1.00000  0.26193  0.84841  0.00000  0.00000  0.99987  0.98021
3.840000000e+00  0.00000  1.00000  0.12933  0.72549  0.00000  0.00000  0.99987  0.97739
3.850000000e+00  0.00000  1.00000  0.06723  0.85708  0.00000  0.00000  0.99987  0.97407
3.860000000e+00  0.00000  1.00000  0.12139  0.82827  0.00000  0.00000  0.99987  0.97031
3.870000000e+00  0.00000  1.00000  0.28985  0.87182  0.00000  0.00000  0.99987  0.96616
3.880000000e+00  0.00000  1.00000  0.53554  0.86713  0.00000  0.00000  0.99988  0.96140
3.890000000e+00  0.00000  1.00000  0.75535  0.89749  0.00000  0.00000  0.99988  0.95591
3.900000000e+00  0.00000  1.00000  0.90334  0.93334  0.00000  0.00000  0.99988  0.94975
3.910000000e+00  0.00000  1.00000  0.95961  0.88460  0.00000  0.00000  0.99988  0.94275
3.920000000e+00  0.00000  1.00000  0.96426  0.97366  0.00000  0.00000  0.99988  0.93461
3.930000000e+00  0.00000  1.00000  0.92677  0.94295  0.00000  0.00000  0.99988  0.92526
3.940000000e+00  0.00000  1.00000  0.84397  0.97505  0.00000  0.00000  0.99988  0.91445
3.950000000e+00  0.00000  1.00000  0.71845  0.97863  0.00000  0.00000  0.99988  0.90224
3.960000000e+00  0.00000  1.00000  0.50276  0.96470  0.00000  0.00000  0.99989  0.88782
3.970000000e+00  0.00000  1.00000  0.33217  0.99014  0.00000  0.00000  0.99989  0.87134
3.980000000e+00  0.00000  1.00000  0.18169  0.97807  0.00000  0.00000  0.99989  0.85301
3.990000000e+00  0.00000  1.00000  0.13240  0.99296  0.00000  0.00000  0.99989  0.83212
4.000000000e+00  0.00000  1.00000  0.30935  0.99056  0.00000  0.00000  0.99989  0.80831
4.010000000e+00  0.00000  1.00000  0.38195  0.99048  0.00000  0.00000  0.99989  0.78227
4.020000000e+00  0.00000  1.00000  0.17082  0.99740  0.00000  0.00000  0.99989  0.75403
4.030000000e+00  0.00000  1.00000  0.14856  0.99061  0.00000  0.00000  0.99989  0.72418
4.040000000e+00  0.00000  1.00000  0.20575  0.99516  0.00000  0.00000  0.99989  0.69287
4.050000000e+00  0.00000  1.00000  0.34343  0.99565  0.00000  0.00000  0.99990  0.65986
4.060000000e+00  0.00000  1.00000  0.51166  0.99458  0.00000  0.00000  0.99990  0.62679
4.070000000e+00  0.00000  1.00000  0.56414  0.99438  0.00000  0.00000  0.99990  0.59361
4.080000000e+00  0.00000  1.00000  0.27387  0.99734  0.00000  0.00000  0.99990  0.56208
4.090000000e+00  0.00000  1.00000  0.08335  0.99708  0.00000  0.00000  0.99990  0.53269
4.100000000e+00  0.00000  1.00000  0.03669  0.99740  0.00000  0.00000  0.99990  0.50534
4.110000000e+00  0.00000  1.00000  0.04745  0.99062  0.00000  0.00000  0.99990  0.48105
4.120000000e+00  0.00000  1.00000  0.20732  0.99741  0.00000  0.00000  0.99990  0.46020
4.130000000e+00  0.00000  1.00000  0.25679  0.99363  0.00000  0.00000  0.99990  0.44282
4.140000000e+00  0.00000  1.00000  0.11259  0.99576  0.00000  0.00000  0.99990  0.42914
4.150000000e+00  0.00000  1.00000  0.04644  0.99865  0.00000  0.00000  0.99990  0.41897
4.160000000e+00  0.00000  1.00000  0.00020  0.99275  0.00000  0.00000  0.99991  0.41273
4.170000000e+00  0.00000  1.00000  0.00000  0.99567  0.00000  0.00000  0.99991  0.40926
4.180000000e+00  0.00000  1.00000  0.00000  0.99488  0.00000  0.00000  0.99991  0.41061
4.190000000e+00  0.00000  1.00000  0.00000  0.99483  0.00000  0.00000  0.99991  0.41274
4.200000000e+00  0.00000  1.00000  0.00000  0.99423  0.00000  0.00000  0.99991  0.41799
4.210000000e+00  0.00000  1.00000  0.00000  0.99104  0.00000  0.00000  0.99991  0.42113
4.220000000e+00  0.00000  1.00000  0.00000  0.99137  0.00000  0.00000  0.99991  0.42192
4.230000000e+00  0.00000  1.00000  0.00000  0.99053  0.00000  0.00000  0.99991  0.41917
4.240000000e+00  0.00000  1.00000  0.00000  0.99286  0.00000  0.00000  0.99991  0.41090
4.250000000e+00  0.00000  1.00000  0.00000  0.98225  0.00000  0.00000  0.99991  0.39543
4.260000000e+00  0.00000  1.00000  0.00000  0.97784  0.00000  0.00000  0.99991  0.36646
4.270000000e+00  0.00000  1.00000  0.00000  0.99227  0.00000  0.00000  0.99992  0.32363
4.280000000e+00  0.00000  1.00000  0.00000  0.96831  0.00000  0.00000  0.99992  0.29422
4.290000000e+00  0.00000  1.00000  0.00000  0.96349  0.00000  0.00000  0.99992  0.27632
4.300000000e+00  0.00000  1.00000  0.00000  0.95887  0.00000  0.00000  0.99992  0.28108
4.310000000e+00  0.00000  1.00000  0.00000  0.93046  0.00000  0.00000  0.99992  0.30869
4.320000000e+00  0.00000  1.00000  0.00000  0.94385  0.00000  0.00000  0.99992  0.34857
4.330000000e+00  0.00000  1.00000  0.00000  0.94245  0.00000  0.00000  0.99992  0.40296
4.340000000e+00  0.00000  1.00000  0.00000  0.93094  0.00000  0.00000  0.99992  0.44834
4.350000000e+00  0.00000  1.00000  0.00000  0.92486  0.00000  0.00000  0.99992  0.48282
4.360000000e+00  0.00000  1.00000  0.00000  0.90037  0.00000  0.00000  0.99992  0.50777
4.370000000e+00  0.00000  1.00000  0.00000  0.80440  0.00000  0.00000  0.99992  0.52569
4.380000000e+00  0.00000  1.00000  0.00000  0.93013  0.00000  0.00000  0.99992  0.53911
4.390000000e+00  0.00000  1.00000  0.00000  0.90266  0.00000  0.00000  0.99992  0.55133
4.400000000e+00  0.00000  1.00000  0.00000  0.85592  0.00000  0.00000  0.99992  0.55992
4.410000000e+00  0.00000  1.00000  0.00000  0.72816  0.00000  0.00000  0.99993  0.57108
4.420000000e+00  0.00000  1.00000  0.00000  0.95291  0.00000  0.00000  0.99993  0.58175
4.430000000e+00  0.00000  1.00000  0.00000  0.83901  0.00000  0.00000  0.99993  0.59416
4.440000000e+00  0.00000  1.00000  0.00000  0.66895  0.00000  0.00000  0.99993  0.60747
4.450000000e+00  0.00000  1.00000  0.00000  0.73724  0.00000  0.00000  0.99993  0.62311
4.460000000e+00  0.00000  1.00000  0.00000  0.76892  0.00000  0.00000  0.99993  0.63863
4.470000000e+00  0.00000  1.00000  0.00000  0.79103  0.00000  0.00000  0.99993  0.65756
4.480000000e+00  0.00000  1.00000  0.00000  0.76350  0.00000  0.00000  0.99993  0.67527
4.490000000e+00  0.00000  1.00000  0.00000  0.81357  0.00000  0.00000  0.99993  0.69578
4.500000000e+00  0.00000  1.00000  0.00000  0.84065  0.00000  0.00000  0.99993  0.71475
4.510000000e+00  0.00000  1.00000  0.00000  0.83141  0.00000  0.00000  0.99993  0.73546
4.520000000e+00  0.00000  1.00000  0.00000  0.75345  0.00000  0.00000  0.99993  0.75561
4.530000000e+00  0.00000  1.00000  0.00000  0.61919  0.00000  0.00000  0.99993  0.77530
4.540000000e+00  0.00000  1.00000  0.00002  0.59774  0.00000  0.00000  0.99993  0.79466
4.550000000e+00  0.00000  1.00000  0.00018  0.79173  0.00000  0.00000  0.99993  0.81325
4.560000000e+00  0.00000  1.00000  0.00408  0.88910  0.00000  0.00000  0.99993  0.83104
4.570000000e+00  0.00000  1.00000  0.03015  0.77848  0.00000  0.00000  0.99994  0.84716
4.580000000e+00  0.00000  1.00000  0.10788  0.67141  0.00000  0.00000  0.99994  0.86291
4.590000000e+00  0.00000  1.00000  0.15840  0.74232  0.00000  0.00000  0.99994  0.87728
4.600000000e+00  0.00000  1.00000  0.23571  0.78203  0.00000  0.00000  0.99994  0.89048
4.610000000e+00  0.00000  1.00000  0.29592  0.82180  0.00000  0.00000  0.99994  0.90265
4.620000000e+00  0.00000  1.00000  0.24577  0.77077  0.00000  0.00000  0.99994  0.91378
4.630000000e+00  0.00000  1.00000  0.10922  0.56356  0.00000  0.00000  0.99994  0.92381
4.640000000e+00  0.00000  1.00000  0.08374  0.57263  0.00000  0.00000  0.99994  0.93285
4.650000000e+00  0.00000  1.00000  0.06803  0.58862  0.00000  0.00000  0.99994  0.94102
4.660000000e+00  0.00000  1.00000  0.06817  0.52203  0.00000  0.00000  0.99994  0.94835
4.670000000e+00  0.00000  1.00000  0.07478  0.45049  0.00000  0.00000  0.99994  0.95456
4.680000000e+00  0.00000  1.00000  0.02664  0.45801  0.00000  0.00000  0.99994  0.95968
4.690000000e+00  0.00000  1.00000  0.01159  0.18667  0.00000  0.00000  0.99994  0.96470
4.700000000e+00  0.00000  1.00000  0.00129  0.84051  0.00000  0.00000  0.99994  0.96891
4.710000000e+00  0.00000  1.00000  0.00004  0.73235  0.00000  0.00000  0.99994  0.97250
4.720000000e+00  0.00000  1.00000  0.00002  0.39453  0.00000  0.00000  0.99994  0.97589
4.730000000e+00  0.00000  1.00000  0.00000  0.54565  0.00000  0.00000  0.99994  0.97848
4.740000000e+00  0.00000  1.00000  0.00000  0.38642  0.00000  0.00000  0.99994  0.98128
4.750000000e+00  0.00000  1.00000  0.00000  0.62277  0.00000  0.00000  0.99994  0.98355
4.760000000e+00  0.00000  1.00000  0.00000  0.50995  0.00000  0.00000  0.99994  0.98560
4.770000000e+00  0.00000  1.00000  0.00000  0.51995  0.00000  0.00000  0.99995  0.98738
4.780000000e+00  0.00000  1.00000  0.00000  0.37944  0.00000  0.00000  0.99995  0.98838
4.790000000e+00  0.00000  1.00000  0.00000  0.21457  0.00000  0.00000  0.99995  0.98978
4.800000000e+00  0.00000  1.00000  0.00000  0.26491  0.00000  0.00000  0.99995  0.99148
4.810000000e+00  0.00000  1.00000  0.00000  0.42135  0.00000  0.00000  0.99995  0.99267
4.820000000e+00  0.00000  1.00000  0.00000  0.36000  0.00000  0.00000  0.99995  0.99357
4.830000000e+00  0.00000  1.00000  0.00000  0.20638  0.00000  0.00000  0.99995  0.99455
4.840000000e+00  0.00000  1.00000  0.00000  0.39728  0.00000  0.00000  0.99995  0.99271
4.850000000e+00  0.00000  1.00000  0.00000  0.10234  0.00000  0.00000  0.99995  0.99480
4.860000000e+00  0.00000  1.00000  0.00000  0.05906  0.00000  0.00000  0.99995  0.99638
4.870000000e+00  0.00000  1.00000  0.00000  0.54175  0.00000  0.00000  0.99995  0.99694
4.880000000e+00  0.00000  1.00000  0.00000  0.53529  0.00000  0.00000  0.99995  0.99729
4.890000000e+00  0.00000  1.00000  0.00000  0.46942  0.00000  0.00000  0.99995  0.99714
4.900000000e+00  0.00000  1.00000  0.00000  0.05828  0.00000  0.00000  0.99995  0.99571
4.910000000e+00  0.00000  1.00000  0.00000  0.03069  0.00000  0.00000  0.99995  0.99785
4.920000000e+00  0.00000  1.00000  0.00000  0.21884  0.00000  0.00000  0.99995  0.99819
4.930000000e+00  0.00000  1.00000  0.00000  0.45187  0.00000  0.00000  0.99995  0.99838
4.940000000e+00  0.00000  1.00000  0.00011  0.21982  0.00000  0.00000  0.99995  0.99840
4.950000000e+00  0.00000  1.00000  0.00054  0.04898  0.00000  0.00000  0.99995  0.99725
4.960000000e+00  0.00000  1.00000  0.00127  0.01260  0.00000  0.00000  0.99995  0.99183
4.970000000e+00  0.00000  1.00000  0.01064  0.00527  0.00000  0.00000  0.99995  0.99886
4.980000000e+00  0.00000  1.00000  0.03165  0.11271  0.00000  0.00000  0.99995  0.99896
4.990000000e+00  0.00000  1.00000  0.08107  0.02797  0.00000  0.00000  0.99995  0.99918
5.000000000e+00  0.00000  1.00000  0.07434  0.21086  0.00000  0.00000  0.99995  0.99921
