# ------------------------------------------------------------------------
# NASA-GSFC Planetary Spectrum Generator (PSG, Villanueva et al. 2015)
# Atmospheric transmittance spectrum synthesized with PUMAS (Villanueva et al. 2016, Smith et al. 2009, Edwards 1992)
# Synthesized on Tue Nov 21 15:12:05 2017
# Molecular abundance profile: 
# Molecules considered: N2,CO2,H2O
# Molecular sources: HIT[22],HIT[2],HIT[1]
# Molecular abundances: 1,1,1
# Molecular abundance units: scl,scl,scl
# Collission-Induced-Absorption:  N2-N2(3.33-5.41um)
# Rayleigh scattering included
# ------------------------------------------------------------------------
# Aerosols considered: WaterIce,Cloud
# Aerosols sources: CRISM_Wolff[reff=2.0um 0.31-99.57um],White_GSFC[reff=1.0um 0.10-1000000.00um]
# Aerosols opacities: 1,1
# Aerosols opacity units: scl,scl
# ------------------------------------------------------------------------
# Spectral unit: Wavelength [um]
# Wave/freq Total N2 CO2 H2O WaterIce Cloud Rayleigh CIA
1.000000000e+00  0.00000  1.00000  0.99996  0.97686  0.00000  0.00000  0.97239  1.00000
1.010000000e+00  0.00000  1.00000  0.99999  0.96889  0.00000  0.00000  0.97345  1.00000
1.020000000e+00  0.00000  1.00000  1.00000  0.98545  0.00000  0.00000  0.97446  1.00000
1.030000000e+00  0.00000  1.00000  0.99999  0.98764  0.00000  0.00000  0.97543  1.00000
1.040000000e+00  0.00000  1.00000  0.79575  0.99854  0.00000  0.00000  0.97635  1.00000
1.050000000e+00  0.00000  1.00000  0.98653  0.99943  0.00000  0.00000  0.97723  1.00000
1.060000000e+00  0.00000  1.00000  0.96687  0.99835  0.00000  0.00000  0.97806  1.00000
1.070000000e+00  0.00000  1.00000  0.94036  0.98840  0.00000  0.00000  0.97886  1.00000
1.080000000e+00  0.00000  1.00000  0.99391  0.94370  0.00000  0.00000  0.97963  1.00000
1.090000000e+00  0.00000  1.00000  0.99963  0.89324  0.00000  0.00000  0.98036  1.00000
1.100000000e+00  0.00000  1.00000  0.99828  0.77660  0.00000  0.00000  0.98106  1.00000
1.110000000e+00  0.00000  1.00000  1.00000  0.51638  0.00000  0.00000  0.98172  1.00000
1.120000000e+00  0.00000  1.00000  0.97618  0.08811  0.00000  0.00000  0.98236  1.00000
1.130000000e+00  0.00000  1.00000  0.99655  0.02482  0.00000  0.00000  0.98297  1.00000
1.140000000e+00  0.00000  1.00000  0.99257  0.19927  0.00000  0.00000  0.98356  1.00000
1.150000000e+00  0.00000  1.00000  0.99779  0.10038  0.00000  0.00000  0.98412  1.00000
1.160000000e+00  0.00000  1.00000  0.99754  0.32455  0.00000  0.00000  0.98465  1.00000
1.170000000e+00  0.00000  1.00000  0.99992  0.59166  0.00000  0.00000  0.98517  1.00000
1.180000000e+00  0.00000  1.00000  0.99951  0.72938  0.00000  0.00000  0.98566  1.00000
1.190000000e+00  0.00000  1.00000  0.99995  0.67217  0.00000  0.00000  0.98613  1.00000
1.200000000e+00  0.00000  1.00000  0.99981  0.69716  0.00000  0.00000  0.98659  1.00000
1.210000000e+00  0.00000  1.00000  0.08493  0.80424  0.00000  0.00000  0.98702  1.00000
1.220000000e+00  0.00000  1.00000  0.56778  0.86555  0.00000  0.00000  0.98744  1.00000
1.230000000e+00  0.00000  1.00000  0.39144  0.90080  0.00000  0.00000  0.98784  1.00000
1.240000000e+00  0.00000  1.00000  0.83835  0.98363  0.00000  0.00000  0.98823  1.00000
1.250000000e+00  0.00000  1.00000  0.98859  0.99703  0.00000  0.00000  0.98860  1.00000
1.260000000e+00  0.00000  1.00000  0.95775  0.99714  0.00000  0.00000  0.98895  1.00000
1.270000000e+00  0.00000  1.00000  0.95945  0.99118  0.00000  0.00000  0.98929  1.00000
1.280000000e+00  0.00000  1.00000  0.99903  0.98020  0.00000  0.00000  0.98962  1.00000
1.290000000e+00  0.00000  1.00000  0.88135  0.94643  0.00000  0.00000  0.98994  1.00000
1.300000000e+00  0.00000  1.00000  0.82836  0.85472  0.00000  0.00000  0.99024  1.00000
1.310000000e+00  0.00000  1.00000  0.99206  0.74493  0.00000  0.00000  0.99054  1.00000
1.320000000e+00  0.00000  1.00000  0.41467  0.58052  0.00000  0.00000  0.99082  1.00000
1.330000000e+00  0.00000  1.00000  0.96788  0.43614  0.00000  0.00000  0.99109  1.00000
1.340000000e+00  0.00000  1.00000  0.56780  0.28269  0.00000  0.00000  0.99135  1.00000
1.350000000e+00  0.00000  1.00000  0.85186  0.02336  0.00000  0.00000  0.99160  1.00000
1.360000000e+00  0.00000  1.00000  0.98764  0.00000  0.00000  0.00000  0.99185  1.00000
1.370000000e+00  0.00000  1.00000  0.96986  0.00000  0.00000  0.00000  0.99208  1.00000
1.380000000e+00  0.00000  1.00000  0.96134  0.00001  0.00000  0.00000  0.99231  1.00000
1.390000000e+00  0.00000  1.00000  0.99282  0.00000  0.00000  0.00000  0.99253  1.00000
1.400000000e+00  0.00000  1.00000  0.99611  0.00004  0.00000  0.00000  0.99274  1.00000
1.410000000e+00  0.00000  1.00000  0.99980  0.00001  0.00000  0.00000  0.99294  1.00000
1.420000000e+00  0.00000  1.00000  0.99942  0.00322  0.00000  0.00000  0.99314  1.00000
1.430000000e+00  0.00000  1.00000  0.68443  0.00831  0.00000  0.00000  0.99333  1.00000
1.440000000e+00  0.00000  1.00000  0.00000  0.00922  0.00000  0.00000  0.99351  1.00000
1.450000000e+00  0.00000  1.00000  0.01241  0.04631  0.00000  0.00000  0.99368  1.00000
1.460000000e+00  0.00000  1.00000  0.63632  0.14850  0.00000  0.00000  0.99386  1.00000
1.470000000e+00  0.00000  1.00000  0.97423  0.05147  0.00000  0.00000  0.99402  1.00000
1.480000000e+00  0.00000  1.00000  0.41217  0.11677  0.00000  0.00000  0.99418  1.00000
1.490000000e+00  0.00000  1.00000  0.74778  0.11804  0.00000  0.00000  0.99433  1.00000
1.500000000e+00  0.00000  1.00000  0.55681  0.45702  0.00000  0.00000  0.99448  1.00000
1.510000000e+00  0.00000  1.00000  0.98141  0.59910  0.00000  0.00000  0.99463  1.00000
1.520000000e+00  0.00000  1.00000  0.98623  0.76866  0.00000  0.00000  0.99477  1.00000
1.530000000e+00  0.00000  1.00000  0.32331  0.84613  0.00000  0.00000  0.99490  1.00000
1.540000000e+00  0.00000  1.00000  0.13427  0.94558  0.00000  0.00000  0.99503  1.00000
1.550000000e+00  0.00000  1.00000  0.64850  0.97148  0.00000  0.00000  0.99516  1.00000
1.560000000e+00  0.00000  1.00000  0.93843  0.99220  0.00000  0.00000  0.99528  1.00000
1.570000000e+00  0.00000  1.00000  0.30548  0.98489  0.00000  0.00000  0.99540  1.00000
1.580000000e+00  0.00000  1.00000  0.00019  0.98792  0.00000  0.00000  0.99552  1.00000
1.590000000e+00  0.00000  1.00000  0.33903  0.98895  0.00000  0.00000  0.99563  1.00000
1.600000000e+00  0.00000  1.00000  0.21466  0.98305  0.00000  0.00000  0.99574  1.00000
1.610000000e+00  0.00000  1.00000  0.00210  0.99380  0.00000  0.00000  0.99584  1.00000
1.620000000e+00  0.00000  1.00000  0.01814  0.99383  0.00000  0.00000  0.99594  1.00000
1.630000000e+00  0.00000  1.00000  0.39272  0.99792  0.00000  0.00000  0.99604  1.00000
1.640000000e+00  0.00000  1.00000  0.30644  0.99357  0.00000  0.00000  0.99614  1.00000
1.650000000e+00  0.00000  1.00000  0.23120  0.98265  0.00000  0.00000  0.99623  1.00000
1.660000000e+00  0.00000  1.00000  0.39078  0.98060  0.00000  0.00000  0.99632  1.00000
1.670000000e+00  0.00000  1.00000  0.56121  0.98142  0.00000  0.00000  0.99641  1.00000
1.680000000e+00  0.00000  1.00000  0.80041  0.97130  0.00000  0.00000  0.99649  1.00000
1.690000000e+00  0.00000  1.00000  0.93749  0.97617  0.00000  0.00000  0.99657  1.00000
1.700000000e+00  0.00000  1.00000  0.98474  0.91038  0.00000  0.00000  0.99665  1.00000
1.710000000e+00  0.00000  1.00000  0.92842  0.91176  0.00000  0.00000  0.99673  1.00000
1.720000000e+00  0.00000  1.00000  0.96310  0.92599  0.00000  0.00000  0.99680  1.00000
1.730000000e+00  0.00000  1.00000  0.99262  0.88133  0.00000  0.00000  0.99688  1.00000
1.740000000e+00  0.00000  1.00000  0.99937  0.77900  0.00000  0.00000  0.99695  1.00000
1.750000000e+00  0.00000  1.00000  0.99893  0.71331  0.00000  0.00000  0.99702  1.00000
1.760000000e+00  0.00000  1.00000  0.89702  0.72828  0.00000  0.00000  0.99709  1.00000
1.770000000e+00  0.00000  1.00000  0.95823  0.56893  0.00000  0.00000  0.99715  1.00000
1.780000000e+00  0.00000  1.00000  0.99514  0.40151  0.00000  0.00000  0.99721  1.00000
1.790000000e+00  0.00000  1.00000  0.88219  0.24714  0.00000  0.00000  0.99728  1.00000
1.800000000e+00  0.00000  1.00000  0.95027  0.11927  0.00000  0.00000  0.99734  1.00000
1.810000000e+00  0.00000  1.00000  0.98751  0.01789  0.00000  0.00000  0.99739  1.00000
1.820000000e+00  0.00000  1.00000  0.99559  0.00144  0.00000  0.00000  0.99745  1.00000
1.830000000e+00  0.00000  1.00000  0.99927  0.00002  0.00000  0.00000  0.99751  1.00000
1.840000000e+00  0.00000  1.00000  0.99972  0.00000  0.00000  0.00000  0.99756  1.00000
1.850000000e+00  0.00000  1.00000  0.99755  0.00000  0.00000  0.00000  0.99761  1.00000
1.860000000e+00  0.00000  1.00000  0.99710  0.00000  0.00000  0.00000  0.99766  1.00000
1.870000000e+00  0.00000  1.00000  0.97872  0.00000  0.00000  0.00000  0.99771  1.00000
1.880000000e+00  0.00000  1.00000  0.10561  0.00000  0.00000  0.00000  0.99776  1.00000
1.890000000e+00  0.00000  1.00000  0.12362  0.00001  0.00000  0.00000  0.99781  1.00000
1.900000000e+00  0.00000  1.00000  0.51623  0.00005  0.00000  0.00000  0.99785  1.00000
1.910000000e+00  0.00000  1.00000  0.64531  0.00000  0.00000  0.00000  0.99790  1.00000
1.920000000e+00  0.00000  1.00000  0.86263  0.00002  0.00000  0.00000  0.99794  1.00000
1.930000000e+00  0.00000  1.00000  0.84166  0.00006  0.00000  0.00000  0.99798  1.00000
1.940000000e+00  0.00000  1.00000  0.19283  0.00099  0.00000  0.00000  0.99802  1.00000
1.950000000e+00  0.00000  1.00000  0.00000  0.01094  0.00000  0.00000  0.99806  1.00000
1.960000000e+00  0.00000  1.00000  0.00000  0.02919  0.00000  0.00000  0.99810  1.00000
1.970000000e+00  0.00000  1.00000  0.00000  0.27055  0.00000  0.00000  0.99814  1.00000
1.980000000e+00  0.00000  1.00000  0.00000  0.39910  0.00000  0.00000  0.99818  1.00000
1.990000000e+00  0.00000  1.00000  0.00405  0.46026  0.00000  0.00000  0.99822  1.00000
2.000000000e+00  0.00000  1.00000  0.00000  0.58758  0.00000  0.00000  0.99825  1.00000
2.010000000e+00  0.00000  1.00000  0.00000  0.48841  0.00000  0.00000  0.99829  1.00000
2.020000000e+00  0.00000  1.00000  0.00000  0.63618  0.00000  0.00000  0.99832  1.00000
2.030000000e+00  0.00000  1.00000  0.00000  0.83368  0.00000  0.00000  0.99835  1.00000
2.040000000e+00  0.00000  1.00000  0.00000  0.85945  0.00000  0.00000  0.99838  1.00000
2.050000000e+00  0.00000  1.00000  0.00000  0.93593  0.00000  0.00000  0.99841  1.00000
2.060000000e+00  0.00000  1.00000  0.00000  0.86602  0.00000  0.00000  0.99845  1.00000
2.070000000e+00  0.00000  1.00000  0.00000  0.89207  0.00000  0.00000  0.99848  1.00000
2.080000000e+00  0.00000  1.00000  0.00000  0.92908  0.00000  0.00000  0.99850  1.00000
2.090000000e+00  0.00000  1.00000  0.00000  0.92649  0.00000  0.00000  0.99853  1.00000
2.100000000e+00  0.00000  1.00000  0.00004  0.95667  0.00000  0.00000  0.99856  1.00000
2.110000000e+00  0.00000  1.00000  0.01888  0.96558  0.00000  0.00000  0.99859  1.00000
2.120000000e+00  0.00000  1.00000  0.06716  0.90777  0.00000  0.00000  0.99861  1.00000
2.130000000e+00  0.00000  1.00000  0.43991  0.86915  0.00000  0.00000  0.99864  1.00000
2.140000000e+00  0.00000  1.00000  0.63293  0.97000  0.00000  0.00000  0.99866  1.00000
2.150000000e+00  0.00000  1.00000  0.27493  0.98603  0.00000  0.00000  0.99869  1.00000
2.160000000e+00  0.00000  1.00000  0.34365  0.94513  0.00000  0.00000  0.99871  1.00000
2.170000000e+00  0.00000  1.00000  0.22751  0.88166  0.00000  0.00000  0.99874  1.00000
2.180000000e+00  0.00000  1.00000  0.53959  0.90417  0.00000  0.00000  0.99876  1.00000
2.190000000e+00  0.00000  1.00000  0.83044  0.79598  0.00000  0.00000  0.99878  1.00000
2.200000000e+00  0.00000  1.00000  0.88608  0.87548  0.00000  0.00000  0.99880  1.00000
2.210000000e+00  0.00000  1.00000  0.96460  0.91117  0.00000  0.00000  0.99883  1.00000
2.220000000e+00  0.00000  1.00000  0.95033  0.93234  0.00000  0.00000  0.99885  1.00000
2.230000000e+00  0.00000  1.00000  0.95398  0.95528  0.00000  0.00000  0.99887  1.00000
2.240000000e+00  0.00000  1.00000  0.98688  0.97911  0.00000  0.00000  0.99889  1.00000
2.250000000e+00  0.00000  1.00000  0.97811  0.98305  0.00000  0.00000  0.99891  1.00000
2.260000000e+00  0.00000  1.00000  0.94804  0.99343  0.00000  0.00000  0.99893  1.00000
2.270000000e+00  0.00000  1.00000  0.98748  0.98623  0.00000  0.00000  0.99895  1.00000
2.280000000e+00  0.00000  1.00000  0.97356  0.99751  0.00000  0.00000  0.99896  1.00000
2.290000000e+00  0.00000  1.00000  0.99191  0.98695  0.00000  0.00000  0.99898  1.00000
2.300000000e+00  0.00000  1.00000  0.99600  0.92145  0.00000  0.00000  0.99900  1.00000
2.310000000e+00  0.00000  1.00000  0.99745  0.97518  0.00000  0.00000  0.99902  1.00000
2.320000000e+00  0.00000  1.00000  0.99905  0.93743  0.00000  0.00000  0.99903  1.00000
2.330000000e+00  0.00000  1.00000  0.99989  0.93055  0.00000  0.00000  0.99905  1.00000
2.340000000e+00  0.00000  1.00000  0.99989  0.94453  0.00000  0.00000  0.99907  1.00000
2.350000000e+00  0.00000  1.00000  0.99987  0.85546  0.00000  0.00000  0.99908  1.00000
2.360000000e+00  0.00000  1.00000  0.99967  0.72752  0.00000  0.00000  0.99910  1.00000
2.370000000e+00  0.00000  1.00000  0.99822  0.75200  0.00000  0.00000  0.99911  1.00000
2.380000000e+00  0.00000  1.00000  0.99714  0.57020  0.00000  0.00000  0.99913  1.00000
2.390000000e+00  0.00000  1.00000  0.99065  0.46633  0.00000  0.00000  0.99914  1.00000
2.400000000e+00  0.00000  1.00000  0.98872  0.55326  0.00000  0.00000  0.99916  1.00000
2.410000000e+00  0.00000  1.00000  0.98693  0.38141  0.00000  0.00000  0.99917  1.00000
2.420000000e+00  0.00000  1.00000  0.99684  0.19390  0.00000  0.00000  0.99918  1.00000
2.430000000e+00  0.00000  1.00000  0.99991  0.39677  0.00000  0.00000  0.99920  1.00000
2.440000000e+00  0.00000  1.00000  0.99986  0.09557  0.00000  0.00000  0.99921  1.00000
2.450000000e+00  0.00000  1.00000  0.99965  0.16546  0.00000  0.00000  0.99922  1.00000
2.460000000e+00  0.00000  1.00000  0.99948  0.26224  0.00000  0.00000  0.99923  1.00000
2.470000000e+00  0.00000  1.00000  0.99244  0.22641  0.00000  0.00000  0.99925  1.00000
2.480000000e+00  0.00000  1.00000  0.96978  0.11606  0.00000  0.00000  0.99926  1.00000
2.490000000e+00  0.00000  1.00000  0.32003  0.00808  0.00000  0.00000  0.99927  1.00000
2.500000000e+00  0.00000  1.00000  0.73540  0.00625  0.00000  0.00000  0.99928  1.00000
2.510000000e+00  0.00000  1.00000  0.70441  0.00192  0.00000  0.00000  0.99929  1.00000
2.520000000e+00  0.00000  1.00000  0.68158  0.00070  0.00000  0.00000  0.99930  1.00000
2.530000000e+00  0.00000  1.00000  0.83788  0.00000  0.00000  0.00000  0.99932  1.00000
2.540000000e+00  0.00000  1.00000  0.90085  0.00000  0.00000  0.00000  0.99933  1.00000
2.550000000e+00  0.00000  1.00000  0.97512  0.00000  0.00000  0.00000  0.99934  1.00000
2.560000000e+00  0.00000  1.00000  0.94401  0.00000  0.00000  0.00000  0.99935  1.00000
2.570000000e+00  0.00000  1.00000  0.96695  0.00000  0.00000  0.00000  0.99936  1.00000
2.580000000e+00  0.00000  1.00000  0.78905  0.00000  0.00000  0.00000  0.99937  1.00000
2.590000000e+00  0.00000  1.00000  0.54219  0.00000  0.00000  0.00000  0.99938  1.00000
2.600000000e+00  0.00000  1.00000  0.64633  0.00000  0.00000  0.00000  0.99939  1.00000
2.610000000e+00  0.00000  1.00000  0.18367  0.00000  0.00000  0.00000  0.99940  1.00000
2.620000000e+00  0.00000  1.00000  0.06985  0.00000  0.00000  0.00000  0.99940  1.00000
2.630000000e+00  0.00000  1.00000  0.24615  0.00000  0.00000  0.00000  0.99941  1.00000
2.640000000e+00  0.00000  1.00000  0.20810  0.00000  0.00000  0.00000  0.99942  1.00000
2.650000000e+00  0.00000  1.00000  0.37287  0.00000  0.00000  0.00000  0.99943  1.00000
2.660000000e+00  0.00000  1.00000  0.00063  0.00000  0.00000  0.00000  0.99944  1.00000
2.670000000e+00  0.00000  1.00000  0.00000  0.00000  0.00000  0.00000  0.99945  1.00000
2.680000000e+00  0.00000  1.00000  0.00000  0.00000  0.00000  0.00000  0.99946  1.00000
2.690000000e+00  0.00000  1.00000  0.00000  0.00000  0.00000  0.00000  0.99946  1.00000
2.700000000e+00  0.00000  1.00000  0.00000  0.00000  0.00000  0.00000  0.99947  1.00000
2.710000000e+00  0.00000  1.00000  0.00000  0.00000  0.00000  0.00000  0.99948  1.00000
2.720000000e+00  0.00000  1.00000  0.00000  0.00000  0.00000  0.00000  0.99949  1.00000
2.730000000e+00  0.00000  1.00000  0.00000  0.00000  0.00000  0.00000  0.99950  1.00000
2.740000000e+00  0.00000  1.00000  0.00000  0.00000  0.00000  0.00000  0.99950  1.00000
2.750000000e+00  0.00000  1.00000  0.00000  0.00000  0.00000  0.00000  0.99951  1.00000
2.760000000e+00  0.00000  1.00000  0.00000  0.00000  0.00000  0.00000  0.99952  1.00000
2.770000000e+00  0.00000  1.00000  0.00000  0.00000  0.00000  0.00000  0.99952  1.00000
2.780000000e+00  0.00000  1.00000  0.00000  0.00000  0.00001  0.00000  0.99953  1.00000
2.790000000e+00  0.00000  1.00000  0.00000  0.00000  0.00001  0.00000  0.99954  1.00000
2.800000000e+00  0.00000  1.00000  0.00000  0.00000  0.00002  0.00000  0.99954  1.00000
2.810000000e+00  0.00000  1.00000  0.00000  0.00000  0.00001  0.00000  0.99955  1.00000
2.820000000e+00  0.00000  1.00000  0.00000  0.00000  0.00001  0.00000  0.99956  1.00000
2.830000000e+00  0.00000  1.00000  0.00000  0.00000  0.00001  0.00000  0.99956  1.00000
2.840000000e+00  0.00000  1.00000  0.00000  0.00000  0.00000  0.00000  0.99957  1.00000
2.850000000e+00  0.00000  1.00000  0.00000  0.00001  0.00000  0.00000  0.99957  1.00000
2.860000000e+00  0.00000  1.00000  0.00000  0.00000  0.00000  0.00000  0.99958  1.00000
2.870000000e+00  0.00000  1.00000  0.00000  0.00005  0.00000  0.00000  0.99959  1.00000
2.880000000e+00  0.00000  1.00000  0.00000  0.00017  0.00000  0.00000  0.99959  1.00000
2.890000000e+00  0.00000  1.00000  0.00003  0.00011  0.00000  0.00000  0.99960  1.00000
2.900000000e+00  0.00000  1.00000  0.00416  0.00597  0.00000  0.00000  0.99960  1.00000
2.910000000e+00  0.00000  1.00000  0.08275  0.00154  0.00000  0.00000  0.99961  1.00000
2.920000000e+00  0.00000  1.00000  0.34983  0.00249  0.00000  0.00000  0.99961  1.00000
2.930000000e+00  0.00000  1.00000  0.55913  0.01344  0.00000  0.00000  0.99962  1.00000
2.940000000e+00  0.00000  1.00000  0.68836  0.05156  0.00000  0.00000  0.99962  1.00000
2.950000000e+00  0.00000  1.00000  0.82318  0.00189  0.00000  0.00000  0.99963  1.00000
2.960000000e+00  0.00000  1.00000  0.42048  0.01732  0.00000  0.00000  0.99963  1.00000
2.970000000e+00  0.00000  1.00000  0.05154  0.04776  0.00000  0.00000  0.99964  1.00000
2.980000000e+00  0.00000  1.00000  0.00365  0.00010  0.00000  0.00000  0.99964  1.00000
2.990000000e+00  0.00000  1.00000  0.01421  0.06799  0.00000  0.00000  0.99965  1.00000
3.000000000e+00  0.00000  1.00000  0.28512  0.09861  0.00000  0.00000  0.99965  1.00000
3.010000000e+00  0.00000  1.00000  0.30156  0.07669  0.00000  0.00000  0.99966  1.00000
3.020000000e+00  0.00000  1.00000  0.05609  0.05438  0.00000  0.00000  0.99966  1.00000
3.030000000e+00  0.00000  1.00000  0.11446  0.04793  0.00000  0.00000  0.99967  1.00000
3.040000000e+00  0.00000  1.00000  0.31664  0.00985  0.00000  0.00000  0.99967  1.00000
3.050000000e+00  0.00000  1.00000  0.63616  0.01201  0.00000  0.00000  0.99968  1.00000
3.060000000e+00  0.00000  1.00000  0.68749  0.01781  0.00000  0.00000  0.99968  1.00000
3.070000000e+00  0.00000  1.00000  0.83558  0.01019  0.00000  0.00000  0.99968  1.00000
3.080000000e+00  0.00000  1.00000  0.87158  0.03858  0.00000  0.00000  0.99969  1.00000
3.090000000e+00  0.00000  1.00000  0.93073  0.00134  0.00000  0.00000  0.99969  1.00000
3.100000000e+00  0.00000  1.00000  0.89787  0.00115  0.00000  0.00000  0.99970  1.00000
3.110000000e+00  0.00000  1.00000  0.71758  0.01496  0.00000  0.00000  0.99970  1.00000
3.120000000e+00  0.00000  1.00000  0.49123  0.00205  0.00000  0.00000  0.99970  1.00000
3.130000000e+00  0.00000  1.00000  0.39685  0.07487  0.00000  0.00000  0.99971  1.00000
3.140000000e+00  0.00000  1.00000  0.55600  0.17149  0.00000  0.00000  0.99971  1.00000
3.150000000e+00  0.00000  1.00000  0.75849  0.03516  0.00000  0.00000  0.99971  1.00000
3.160000000e+00  0.00000  1.00000  0.60658  0.12643  0.00000  0.00000  0.99972  1.00000
3.170000000e+00  0.00000  1.00000  0.43481  0.67462  0.00000  0.00000  0.99972  1.00000
3.180000000e+00  0.00000  1.00000  0.49941  0.52952  0.00000  0.00000  0.99973  1.00000
3.190000000e+00  0.00000  1.00000  0.66933  0.24621  0.00000  0.00000  0.99973  1.00000
3.200000000e+00  0.00000  1.00000  0.83481  0.05882  0.00000  0.00000  0.99973  1.00000
3.210000000e+00  0.00000  1.00000  0.93455  0.00005  0.00000  0.00000  0.99974  1.00000
3.220000000e+00  0.00000  1.00000  0.91169  0.00028  0.00000  0.00000  0.99974  1.00000
3.230000000e+00  0.00000  1.00000  0.90492  0.00362  0.00000  0.00000  0.99974  1.00000
3.240000000e+00  0.00000  1.00000  0.95032  0.13629  0.00000  0.00000  0.99974  1.00000
3.250000000e+00  0.00000  1.00000  0.98798  0.04982  0.00000  0.00000  0.99975  1.00000
3.260000000e+00  0.00000  1.00000  0.99660  0.31965  0.00000  0.00000  0.99975  1.00000
3.270000000e+00  0.00000  1.00000  0.99620  0.02262  0.00000  0.00000  0.99975  1.00000
3.280000000e+00  0.00000  1.00000  0.99682  0.06547  0.00000  0.00000  0.99976  1.00000
3.290000000e+00  0.00000  1.00000  0.99855  0.31403  0.00000  0.00000  0.99976  1.00000
3.300000000e+00  0.00000  1.00000  0.99937  0.15131  0.00000  0.00000  0.99976  1.00000
3.310000000e+00  0.00000  1.00000  0.99949  0.02303  0.00000  0.00000  0.99977  1.00000
3.320000000e+00  0.00000  1.00000  0.99901  0.21849  0.00000  0.00000  0.99977  1.00000
3.330000000e+00  0.00000  1.00000  0.99375  0.07032  0.00000  0.00000  0.99977  1.00000
3.340000000e+00  0.00000  1.00000  0.97871  0.38494  0.00000  0.00000  0.99977  0.99984
3.350000000e+00  0.00000  1.00000  0.96600  0.14197  0.00000  0.00000  0.99978  0.99979
3.360000000e+00  0.00000  1.00000  0.86131  0.15060  0.00000  0.00000  0.99978  0.99985
3.370000000e+00  0.00000  1.00000  0.96000  0.20211  0.00000  0.00000  0.99978  0.99974
3.380000000e+00  0.00000  1.00000  0.97138  0.32117  0.00000  0.00000  0.99978  0.99990
3.390000000e+00  0.00000  1.00000  0.98468  0.45204  0.00000  0.00000  0.99979  0.99987
3.400000000e+00  0.00000  1.00000  0.99445  0.67042  0.00000  0.00000  0.99979  0.99994
3.410000000e+00  0.00000  1.00000  0.99797  0.50659  0.00000  0.00000  0.99979  0.99995
3.420000000e+00  0.00000  1.00000  0.99931  0.63822  0.00000  0.00000  0.99979  1.00000
3.430000000e+00  0.00000  1.00000  0.99911  0.88286  0.00000  0.00000  0.99980  0.99991
3.440000000e+00  0.00000  1.00000  0.99932  0.77814  0.00000  0.00000  0.99980  0.99987
3.450000000e+00  0.00000  1.00000  0.99655  0.78147  0.00000  0.00000  0.99980  0.99970
3.460000000e+00  0.00000  1.00000  0.99740  0.73095  0.00000  0.00000  0.99980  0.99988
3.470000000e+00  0.00000  1.00000  0.99906  0.86760  0.00000  0.00000  0.99981  0.99974
3.480000000e+00  0.00000  1.00000  0.99935  0.82027  0.00000  0.00000  0.99981  0.99983
3.490000000e+00  0.00000  1.00000  0.99958  0.85757  0.00000  0.00000  0.99981  0.99982
3.500000000e+00  0.00000  1.00000  0.99960  0.82815  0.00000  0.00000  0.99981  0.99990
3.510000000e+00  0.00000  1.00000  0.99930  0.84319  0.00000  0.00000  0.99981  0.99997
3.520000000e+00  0.00000  1.00000  0.99814  0.78115  0.00000  0.00000  0.99982  0.99996
3.530000000e+00  0.00000  1.00000  0.99509  0.74647  0.00000  0.00000  0.99982  0.99994
3.540000000e+00  0.00000  1.00000  0.98905  0.72658  0.00000  0.00000  0.99982  0.99989
3.550000000e+00  0.00000  1.00000  0.97660  0.69027  0.00000  0.00000  0.99982  0.99991
3.560000000e+00  0.00000  1.00000  0.94893  0.57865  0.00000  0.00000  0.99982  0.99965
3.570000000e+00  0.00000  1.00000  0.90716  0.71381  0.00000  0.00000  0.99983  0.99965
3.580000000e+00  0.00000  1.00000  0.87587  0.65323  0.00000  0.00000  0.99983  0.99936
3.590000000e+00  0.00000  1.00000  0.82058  0.74865  0.00000  0.00000  0.99983  0.99935
3.600000000e+00  0.00000  1.00000  0.66955  0.64829  0.00000  0.00000  0.99983  0.99942
3.610000000e+00  0.00000  1.00000  0.53932  0.83307  0.00000  0.00000  0.99983  0.99945
3.620000000e+00  0.00000  1.00000  0.48704  0.68336  0.00000  0.00000  0.99984  0.99930
3.630000000e+00  0.00000  1.00000  0.67976  0.82269  0.00000  0.00000  0.99984  0.99915
3.640000000e+00  0.00000  1.00000  0.63921  0.72773  0.00000  0.00000  0.99984  0.99889
3.650000000e+00  0.00000  1.00000  0.51398  0.92772  0.00000  0.00000  0.99984  0.99870
3.660000000e+00  0.00000  1.00000  0.61789  0.78123  0.00000  0.00000  0.99984  0.99859
3.670000000e+00  0.00000  1.00000  0.80765  0.78963  0.00000  0.00000  0.99984  0.99845
3.680000000e+00  0.00000  1.00000  0.93380  0.40382  0.00000  0.00000  0.99985  0.99821
3.690000000e+00  0.00000  1.00000  0.96887  0.56003  0.00000  0.00000  0.99985  0.99783
3.700000000e+00  0.00000  1.00000  0.97975  0.78217  0.00000  0.00000  0.99985  0.99756
3.710000000e+00  0.00000  1.00000  0.98898  0.91361  0.00000  0.00000  0.99985  0.99607
3.720000000e+00  0.00000  1.00000  0.97944  0.71183  0.00000  0.00000  0.99985  0.99504
3.730000000e+00  0.00000  1.00000  0.97819  0.84357  0.00000  0.00000  0.99985  0.99455
3.740000000e+00  0.00000  1.00000  0.97754  0.71643  0.00000  0.00000  0.99986  0.99394
3.750000000e+00  0.00000  1.00000  0.94063  0.80691  0.00000  0.00000  0.99986  0.99314
3.760000000e+00  0.00000  1.00000  0.84574  0.76020  0.00000  0.00000  0.99986  0.99221
3.770000000e+00  0.00000  1.00000  0.72141  0.70914  0.00000  0.00000  0.99986  0.99122
3.780000000e+00  0.00000  1.00000  0.54888  0.72615  0.00000  0.00000  0.99986  0.98987
3.790000000e+00  0.00000  1.00000  0.37575  0.78023  0.00000  0.00000  0.99986  0.98824
3.800000000e+00  0.00000  1.00000  0.14834  0.72856  0.00000  0.00000  0.99986  0.98653
3.810000000e+00  0.00000  1.00000  0.03982  0.88360  0.00000  0.00000  0.99987  0.98451
3.820000000e+00  0.00000  1.00000  0.06268  0.70157  0.00000  0.00000  0.99987  0.98238
3.830000000e+00  0.00000  1.00000  0.26020  0.86582  0.00000  0.00000  0.99987  0.97995
3.840000000e+00  0.00000  1.00000  0.12761  0.75573  0.00000  0.00000  0.99987  0.97709
3.850000000e+00  0.00000  1.00000  0.06596  0.87563  0.00000  0.00000  0.99987  0.97374
3.860000000e+00  0.00000  1.00000  0.12027  0.85061  0.00000  0.00000  0.99987  0.96993
3.870000000e+00  0.00000  1.00000  0.28927  0.89139  0.00000  0.00000  0.99987  0.96572
3.880000000e+00  0.00000  1.00000  0.53588  0.88681  0.00000  0.00000  0.99988  0.96091
3.890000000e+00  0.00000  1.00000  0.75620  0.91328  0.00000  0.00000  0.99988  0.95535
3.900000000e+00  0.00000  1.00000  0.90387  0.94482  0.00000  0.00000  0.99988  0.94912
3.910000000e+00  0.00000  1.00000  0.95987  0.90289  0.00000  0.00000  0.99988  0.94203
3.920000000e+00  0.00000  1.00000  0.96441  0.97856  0.00000  0.00000  0.99988  0.93380
3.930000000e+00  0.00000  1.00000  0.92691  0.95327  0.00000  0.00000  0.99988  0.92433
3.940000000e+00  0.00000  1.00000  0.84411  0.97963  0.00000  0.00000  0.99988  0.91340
3.950000000e+00  0.00000  1.00000  0.71846  0.98278  0.00000  0.00000  0.99988  0.90105
3.960000000e+00  0.00000  1.00000  0.50203  0.97147  0.00000  0.00000  0.99989  0.88647
3.970000000e+00  0.00000  1.00000  0.33050  0.99209  0.00000  0.00000  0.99989  0.86981
3.980000000e+00  0.00000  1.00000  0.17961  0.98243  0.00000  0.00000  0.99989  0.85128
3.990000000e+00  0.00000  1.00000  0.13031  0.99453  0.00000  0.00000  0.99989  0.83017
4.000000000e+00  0.00000  1.00000  0.30716  0.99250  0.00000  0.00000  0.99989  0.80612
4.010000000e+00  0.00000  1.00000  0.37991  0.99247  0.00000  0.00000  0.99989  0.77983
4.020000000e+00  0.00000  1.00000  0.16898  0.99796  0.00000  0.00000  0.99989  0.75133
4.030000000e+00  0.00000  1.00000  0.14745  0.99261  0.00000  0.00000  0.99989  0.72124
4.040000000e+00  0.00000  1.00000  0.20609  0.99623  0.00000  0.00000  0.99989  0.68968
4.050000000e+00  0.00000  1.00000  0.34576  0.99654  0.00000  0.00000  0.99989  0.65644
4.060000000e+00  0.00000  1.00000  0.51667  0.99578  0.00000  0.00000  0.99990  0.62315
4.070000000e+00  0.00000  1.00000  0.57132  0.99558  0.00000  0.00000  0.99990  0.58978
4.080000000e+00  0.00000  1.00000  0.28014  0.99788  0.00000  0.00000  0.99990  0.55809
4.090000000e+00  0.00000  1.00000  0.08656  0.99771  0.00000  0.00000  0.99990  0.52857
4.100000000e+00  0.00000  1.00000  0.03842  0.99798  0.00000  0.00000  0.99990  0.50113
4.110000000e+00  0.00000  1.00000  0.04929  0.99266  0.00000  0.00000  0.99990  0.47677
4.120000000e+00  0.00000  1.00000  0.21089  0.99799  0.00000  0.00000  0.99990  0.45587
4.130000000e+00  0.00000  1.00000  0.26053  0.99501  0.00000  0.00000  0.99990  0.43846
4.140000000e+00  0.00000  1.00000  0.11543  0.99669  0.00000  0.00000  0.99990  0.42477
4.150000000e+00  0.00000  1.00000  0.04843  0.99895  0.00000  0.00000  0.99990  0.41459
4.160000000e+00  0.00000  1.00000  0.00022  0.99435  0.00000  0.00000  0.99991  0.40835
4.170000000e+00  0.00000  1.00000  0.00000  0.99665  0.00000  0.00000  0.99991  0.40489
4.180000000e+00  0.00000  1.00000  0.00000  0.99600  0.00000  0.00000  0.99991  0.40625
4.190000000e+00  0.00000  1.00000  0.00000  0.99606  0.00000  0.00000  0.99991  0.40838
4.200000000e+00  0.00000  1.00000  0.00000  0.99551  0.00000  0.00000  0.99991  0.41364
4.210000000e+00  0.00000  1.00000  0.00000  0.99305  0.00000  0.00000  0.99991  0.41678
4.220000000e+00  0.00000  1.00000  0.00000  0.99342  0.00000  0.00000  0.99991  0.41758
4.230000000e+00  0.00000  1.00000  0.00000  0.99274  0.00000  0.00000  0.99991  0.41481
4.240000000e+00  0.00000  1.00000  0.00000  0.99453  0.00000  0.00000  0.99991  0.40653
4.250000000e+00  0.00000  1.00000  0.00000  0.98630  0.00000  0.00000  0.99991  0.39103
4.260000000e+00  0.00000  1.00000  0.00000  0.98303  0.00000  0.00000  0.99991  0.36205
4.270000000e+00  0.00000  1.00000  0.00000  0.99406  0.00000  0.00000  0.99991  0.31925
4.280000000e+00  0.00000  1.00000  0.00000  0.97530  0.00000  0.00000  0.99992  0.28992
4.290000000e+00  0.00000  1.00000  0.00000  0.97171  0.00000  0.00000  0.99992  0.27208
4.300000000e+00  0.00000  1.00000  0.00000  0.96801  0.00000  0.00000  0.99992  0.27683
4.310000000e+00  0.00000  1.00000  0.00000  0.94437  0.00000  0.00000  0.99992  0.30436
4.320000000e+00  0.00000  1.00000  0.00000  0.95568  0.00000  0.00000  0.99992  0.34417
4.330000000e+00  0.00000  1.00000  0.00000  0.95402  0.00000  0.00000  0.99992  0.39856
4.340000000e+00  0.00000  1.00000  0.00000  0.94321  0.00000  0.00000  0.99992  0.44400
4.350000000e+00  0.00000  1.00000  0.00000  0.94067  0.00000  0.00000  0.99992  0.47858
4.360000000e+00  0.00000  1.00000  0.00000  0.91996  0.00000  0.00000  0.99992  0.50362
4.370000000e+00  0.00000  1.00000  0.00000  0.83512  0.00000  0.00000  0.99992  0.52161
4.380000000e+00  0.00000  1.00000  0.00000  0.94208  0.00000  0.00000  0.99992  0.53510
4.390000000e+00  0.00000  1.00000  0.00000  0.92083  0.00000  0.00000  0.99992  0.54737
4.400000000e+00  0.00000  1.00000  0.00000  0.88272  0.00000  0.00000  0.99992  0.55599
4.410000000e+00  0.00000  1.00000  0.00000  0.76810  0.00000  0.00000  0.99992  0.56721
4.420000000e+00  0.00000  1.00000  0.00000  0.96164  0.00000  0.00000  0.99993  0.57793
4.430000000e+00  0.00000  1.00000  0.00000  0.86316  0.00000  0.00000  0.99993  0.59040
4.440000000e+00  0.00000  1.00000  0.00000  0.71229  0.00000  0.00000  0.99993  0.60379
4.450000000e+00  0.00000  1.00000  0.00000  0.77690  0.00000  0.00000  0.99993  0.61952
4.460000000e+00  0.00000  1.00000  0.00000  0.80411  0.00000  0.00000  0.99993  0.63512
4.470000000e+00  0.00000  1.00000  0.00000  0.82184  0.00000  0.00000  0.99993  0.65417
4.480000000e+00  0.00000  1.00000  0.00000  0.80429  0.00000  0.00000  0.99993  0.67200
4.490000000e+00  0.00000  1.00000  0.00000  0.84195  0.00000  0.00000  0.99993  0.69266
4.500000000e+00  0.00000  1.00000  0.00000  0.86706  0.00000  0.00000  0.99993  0.71177
4.510000000e+00  0.00000  1.00000  0.00000  0.85939  0.00000  0.00000  0.99993  0.73265
4.520000000e+00  0.00000  1.00000  0.00000  0.79190  0.00000  0.00000  0.99993  0.75297
4.530000000e+00  0.00000  1.00000  0.00000  0.66882  0.00000  0.00000  0.99993  0.77282
4.540000000e+00  0.00000  1.00000  0.00002  0.64777  0.00000  0.00000  0.99993  0.79236
4.550000000e+00  0.00000  1.00000  0.00023  0.81734  0.00000  0.00000  0.99993  0.81113
4.560000000e+00  0.00000  1.00000  0.00486  0.90816  0.00000  0.00000  0.99993  0.82909
4.570000000e+00  0.00000  1.00000  0.03379  0.81213  0.00000  0.00000  0.99993  0.84536
4.580000000e+00  0.00000  1.00000  0.11588  0.71501  0.00000  0.00000  0.99994  0.86128
4.590000000e+00  0.00000  1.00000  0.16797  0.77779  0.00000  0.00000  0.99994  0.87580
4.600000000e+00  0.00000  1.00000  0.24664  0.80892  0.00000  0.00000  0.99994  0.88915
4.610000000e+00  0.00000  1.00000  0.30618  0.84647  0.00000  0.00000  0.99994  0.90146
4.620000000e+00  0.00000  1.00000  0.25349  0.80265  0.00000  0.00000  0.99994  0.91271
4.630000000e+00  0.00000  1.00000  0.11400  0.60947  0.00000  0.00000  0.99994  0.92285
4.640000000e+00  0.00000  1.00000  0.08741  0.62035  0.00000  0.00000  0.99994  0.93201
4.650000000e+00  0.00000  1.00000  0.07120  0.63772  0.00000  0.00000  0.99994  0.94027
4.660000000e+00  0.00000  1.00000  0.07177  0.57466  0.00000  0.00000  0.99994  0.94769
4.670000000e+00  0.00000  1.00000  0.07863  0.50277  0.00000  0.00000  0.99994  0.95397
4.680000000e+00  0.00000  1.00000  0.02805  0.51066  0.00000  0.00000  0.99994  0.95916
4.690000000e+00  0.00000  1.00000  0.01224  0.22259  0.00000  0.00000  0.99994  0.96423
4.700000000e+00  0.00000  1.00000  0.00139  0.87158  0.00000  0.00000  0.99994  0.96850
4.710000000e+00  0.00000  1.00000  0.00004  0.77411  0.00000  0.00000  0.99994  0.97213
4.720000000e+00  0.00000  1.00000  0.00002  0.45222  0.00000  0.00000  0.99994  0.97557
4.730000000e+00  0.00000  1.00000  0.00000  0.58923  0.00000  0.00000  0.99994  0.97820
4.740000000e+00  0.00000  1.00000  0.00000  0.43150  0.00000  0.00000  0.99994  0.98103
4.750000000e+00  0.00000  1.00000  0.00000  0.67021  0.00000  0.00000  0.99994  0.98332
4.760000000e+00  0.00000  1.00000  0.00000  0.55830  0.00000  0.00000  0.99994  0.98541
4.770000000e+00  0.00000  1.00000  0.00000  0.57120  0.00000  0.00000  0.99994  0.98720
4.780000000e+00  0.00000  1.00000  0.00000  0.44618  0.00000  0.00000  0.99995  0.98822
4.790000000e+00  0.00000  1.00000  0.00000  0.27007  0.00000  0.00000  0.99995  0.98964
4.800000000e+00  0.00000  1.00000  0.00000  0.31409  0.00000  0.00000  0.99995  0.99136
4.810000000e+00  0.00000  1.00000  0.00000  0.48120  0.00000  0.00000  0.99995  0.99256
4.820000000e+00  0.00000  1.00000  0.00000  0.42548  0.00000  0.00000  0.99995  0.99347
4.830000000e+00  0.00000  1.00000  0.00000  0.25757  0.00000  0.00000  0.99995  0.99447
4.840000000e+00  0.00000  1.00000  0.00000  0.46275  0.00000  0.00000  0.99995  0.99262
4.850000000e+00  0.00000  1.00000  0.00000  0.12565  0.00000  0.00000  0.99995  0.99473
4.860000000e+00  0.00000  1.00000  0.00000  0.09242  0.00000  0.00000  0.99995  0.99632
4.870000000e+00  0.00000  1.00000  0.00000  0.59814  0.00000  0.00000  0.99995  0.99689
4.880000000e+00  0.00000  1.00000  0.00000  0.60271  0.00000  0.00000  0.99995  0.99725
4.890000000e+00  0.00000  1.00000  0.00000  0.53742  0.00000  0.00000  0.99995  0.99710
4.900000000e+00  0.00000  1.00000  0.00000  0.08112  0.00000  0.00000  0.99995  0.99566
4.910000000e+00  0.00000  1.00000  0.00000  0.04933  0.00000  0.00000  0.99995  0.99782
4.920000000e+00  0.00000  1.00000  0.00000  0.27894  0.00000  0.00000  0.99995  0.99816
4.930000000e+00  0.00000  1.00000  0.00000  0.51407  0.00000  0.00000  0.99995  0.99835
4.940000000e+00  0.00000  1.00000  0.00011  0.27043  0.00000  0.00000  0.99995  0.99838
4.950000000e+00  0.00000  1.00000  0.00054  0.07937  0.00000  0.00000  0.99995  0.99723
4.960000000e+00  0.00000  1.00000  0.00127  0.02588  0.00000  0.00000  0.99995  0.99177
4.970000000e+00  0.00000  1.00000  0.01070  0.00941  0.00000  0.00000  0.99995  0.99885
4.980000000e+00  0.00000  1.00000  0.03174  0.17207  0.00000  0.00000  0.99995  0.99894
4.990000000e+00  0.00000  1.00000  0.08149  0.04403  0.00000  0.00000  0.99995  0.99917
5.000000000e+00  0.00000  1.00000  0.07477  0.28244  0.00000  0.00000  0.99995  0.99920
