# ------------------------------------------------------------------------
# NASA-GSFC Planetary Spectrum Generator (PSG, Villanueva et al. 2015)
# Atmospheric transmittance spectrum synthesized with PUMAS (Villanueva et al. 2016, Smith et al. 2009, Edwards 1992)
# Synthesized on Tue Nov 21 15:10:59 2017
# Molecular abundance profile: 
# Molecules considered: N2,CO2,H2O
# Molecular sources: HIT[22],HIT[2],HIT[1]
# Molecular abundances: 1,1,1
# Molecular abundance units: scl,scl,scl
# Collission-Induced-Absorption:  N2-N2(3.33-5.41um)
# Rayleigh scattering included
# ------------------------------------------------------------------------
# Aerosols considered: WaterIce,Cloud
# Aerosols sources: CRISM_Wolff[reff=2.0um 0.31-99.57um],White_GSFC[reff=1.0um 0.10-1000000.00um]
# Aerosols opacities: 1,1
# Aerosols opacity units: scl,scl
# ------------------------------------------------------------------------
# Spectral unit: Wavelength [um]
# Wave/freq Total N2 CO2 H2O WaterIce Cloud Rayleigh CIA
1.000000000e+00  0.00000  1.00000  0.99996  0.97447  0.00000  0.00000  0.97247  1.00000
1.010000000e+00  0.00000  1.00000  0.99999  0.96553  0.00000  0.00000  0.97353  1.00000
1.020000000e+00  0.00000  1.00000  1.00000  0.98383  0.00000  0.00000  0.97454  1.00000
1.030000000e+00  0.00000  1.00000  0.99999  0.98630  0.00000  0.00000  0.97551  1.00000
1.040000000e+00  0.00000  1.00000  0.79627  0.99838  0.00000  0.00000  0.97642  1.00000
1.050000000e+00  0.00000  1.00000  0.98661  0.99938  0.00000  0.00000  0.97730  1.00000
1.060000000e+00  0.00000  1.00000  0.96714  0.99819  0.00000  0.00000  0.97813  1.00000
1.070000000e+00  0.00000  1.00000  0.94052  0.98733  0.00000  0.00000  0.97893  1.00000
1.080000000e+00  0.00000  1.00000  0.99395  0.93925  0.00000  0.00000  0.97969  1.00000
1.090000000e+00  0.00000  1.00000  0.99963  0.88508  0.00000  0.00000  0.98042  1.00000
1.100000000e+00  0.00000  1.00000  0.99829  0.76171  0.00000  0.00000  0.98112  1.00000
1.110000000e+00  0.00000  1.00000  1.00000  0.49451  0.00000  0.00000  0.98178  1.00000
1.120000000e+00  0.00000  1.00000  0.97625  0.07752  0.00000  0.00000  0.98242  1.00000
1.130000000e+00  0.00000  1.00000  0.99657  0.01879  0.00000  0.00000  0.98303  1.00000
1.140000000e+00  0.00000  1.00000  0.99261  0.17630  0.00000  0.00000  0.98361  1.00000
1.150000000e+00  0.00000  1.00000  0.99779  0.08854  0.00000  0.00000  0.98417  1.00000
1.160000000e+00  0.00000  1.00000  0.99755  0.30260  0.00000  0.00000  0.98470  1.00000
1.170000000e+00  0.00000  1.00000  0.99992  0.57117  0.00000  0.00000  0.98521  1.00000
1.180000000e+00  0.00000  1.00000  0.99951  0.71505  0.00000  0.00000  0.98571  1.00000
1.190000000e+00  0.00000  1.00000  0.99995  0.65314  0.00000  0.00000  0.98618  1.00000
1.200000000e+00  0.00000  1.00000  0.99982  0.67899  0.00000  0.00000  0.98663  1.00000
1.210000000e+00  0.00000  1.00000  0.08559  0.79180  0.00000  0.00000  0.98706  1.00000
1.220000000e+00  0.00000  1.00000  0.56886  0.85543  0.00000  0.00000  0.98748  1.00000
1.230000000e+00  0.00000  1.00000  0.39393  0.89258  0.00000  0.00000  0.98788  1.00000
1.240000000e+00  0.00000  1.00000  0.83935  0.98223  0.00000  0.00000  0.98826  1.00000
1.250000000e+00  0.00000  1.00000  0.98870  0.99674  0.00000  0.00000  0.98863  1.00000
1.260000000e+00  0.00000  1.00000  0.95790  0.99684  0.00000  0.00000  0.98899  1.00000
1.270000000e+00  0.00000  1.00000  0.95960  0.99031  0.00000  0.00000  0.98933  1.00000
1.280000000e+00  0.00000  1.00000  0.99903  0.97843  0.00000  0.00000  0.98966  1.00000
1.290000000e+00  0.00000  1.00000  0.88207  0.94221  0.00000  0.00000  0.98997  1.00000
1.300000000e+00  0.00000  1.00000  0.82892  0.84518  0.00000  0.00000  0.99027  1.00000
1.310000000e+00  0.00000  1.00000  0.99211  0.73036  0.00000  0.00000  0.99057  1.00000
1.320000000e+00  0.00000  1.00000  0.41574  0.56094  0.00000  0.00000  0.99085  1.00000
1.330000000e+00  0.00000  1.00000  0.96828  0.41282  0.00000  0.00000  0.99112  1.00000
1.340000000e+00  0.00000  1.00000  0.56874  0.26111  0.00000  0.00000  0.99138  1.00000
1.350000000e+00  0.00000  1.00000  0.85265  0.01956  0.00000  0.00000  0.99163  1.00000
1.360000000e+00  0.00000  1.00000  0.98780  0.00000  0.00000  0.00000  0.99187  1.00000
1.370000000e+00  0.00000  1.00000  0.96997  0.00000  0.00000  0.00000  0.99211  1.00000
1.380000000e+00  0.00000  1.00000  0.96147  0.00000  0.00000  0.00000  0.99233  1.00000
1.390000000e+00  0.00000  1.00000  0.99287  0.00000  0.00000  0.00000  0.99255  1.00000
1.400000000e+00  0.00000  1.00000  0.99613  0.00002  0.00000  0.00000  0.99276  1.00000
1.410000000e+00  0.00000  1.00000  0.99980  0.00000  0.00000  0.00000  0.99296  1.00000
1.420000000e+00  0.00000  1.00000  0.99942  0.00224  0.00000  0.00000  0.99316  1.00000
1.430000000e+00  0.00000  1.00000  0.68543  0.00620  0.00000  0.00000  0.99335  1.00000
1.440000000e+00  0.00000  1.00000  0.00000  0.00655  0.00000  0.00000  0.99353  1.00000
1.450000000e+00  0.00000  1.00000  0.01290  0.03842  0.00000  0.00000  0.99370  1.00000
1.460000000e+00  0.00000  1.00000  0.64197  0.12940  0.00000  0.00000  0.99388  1.00000
1.470000000e+00  0.00000  1.00000  0.97487  0.04272  0.00000  0.00000  0.99404  1.00000
1.480000000e+00  0.00000  1.00000  0.41312  0.10253  0.00000  0.00000  0.99420  1.00000
1.490000000e+00  0.00000  1.00000  0.74949  0.10357  0.00000  0.00000  0.99435  1.00000
1.500000000e+00  0.00000  1.00000  0.55794  0.43497  0.00000  0.00000  0.99450  1.00000
1.510000000e+00  0.00000  1.00000  0.98156  0.58315  0.00000  0.00000  0.99464  1.00000
1.520000000e+00  0.00000  1.00000  0.98653  0.75538  0.00000  0.00000  0.99478  1.00000
1.530000000e+00  0.00000  1.00000  0.32576  0.83496  0.00000  0.00000  0.99492  1.00000
1.540000000e+00  0.00000  1.00000  0.13494  0.94070  0.00000  0.00000  0.99505  1.00000
1.550000000e+00  0.00000  1.00000  0.65032  0.96857  0.00000  0.00000  0.99518  1.00000
1.560000000e+00  0.00000  1.00000  0.93881  0.99143  0.00000  0.00000  0.99530  1.00000
1.570000000e+00  0.00000  1.00000  0.30805  0.98321  0.00000  0.00000  0.99542  1.00000
1.580000000e+00  0.00000  1.00000  0.00020  0.98659  0.00000  0.00000  0.99553  1.00000
1.590000000e+00  0.00000  1.00000  0.34216  0.98771  0.00000  0.00000  0.99564  1.00000
1.600000000e+00  0.00000  1.00000  0.21612  0.98112  0.00000  0.00000  0.99575  1.00000
1.610000000e+00  0.00000  1.00000  0.00214  0.99310  0.00000  0.00000  0.99585  1.00000
1.620000000e+00  0.00000  1.00000  0.01879  0.99312  0.00000  0.00000  0.99595  1.00000
1.630000000e+00  0.00000  1.00000  0.39630  0.99772  0.00000  0.00000  0.99605  1.00000
1.640000000e+00  0.00000  1.00000  0.30807  0.99289  0.00000  0.00000  0.99615  1.00000
1.650000000e+00  0.00000  1.00000  0.23200  0.98074  0.00000  0.00000  0.99624  1.00000
1.660000000e+00  0.00000  1.00000  0.39347  0.97868  0.00000  0.00000  0.99633  1.00000
1.670000000e+00  0.00000  1.00000  0.56364  0.97979  0.00000  0.00000  0.99642  1.00000
1.680000000e+00  0.00000  1.00000  0.80147  0.96898  0.00000  0.00000  0.99650  1.00000
1.690000000e+00  0.00000  1.00000  0.93786  0.97453  0.00000  0.00000  0.99658  1.00000
1.700000000e+00  0.00000  1.00000  0.98484  0.90521  0.00000  0.00000  0.99666  1.00000
1.710000000e+00  0.00000  1.00000  0.92864  0.90575  0.00000  0.00000  0.99674  1.00000
1.720000000e+00  0.00000  1.00000  0.96326  0.92195  0.00000  0.00000  0.99682  1.00000
1.730000000e+00  0.00000  1.00000  0.99268  0.87405  0.00000  0.00000  0.99689  1.00000
1.740000000e+00  0.00000  1.00000  0.99938  0.76796  0.00000  0.00000  0.99696  1.00000
1.750000000e+00  0.00000  1.00000  0.99894  0.70135  0.00000  0.00000  0.99703  1.00000
1.760000000e+00  0.00000  1.00000  0.89868  0.71557  0.00000  0.00000  0.99709  1.00000
1.770000000e+00  0.00000  1.00000  0.95899  0.55146  0.00000  0.00000  0.99716  1.00000
1.780000000e+00  0.00000  1.00000  0.99530  0.38168  0.00000  0.00000  0.99722  1.00000
1.790000000e+00  0.00000  1.00000  0.88436  0.23093  0.00000  0.00000  0.99728  1.00000
1.800000000e+00  0.00000  1.00000  0.95112  0.10436  0.00000  0.00000  0.99734  1.00000
1.810000000e+00  0.00000  1.00000  0.98789  0.01392  0.00000  0.00000  0.99740  1.00000
1.820000000e+00  0.00000  1.00000  0.99574  0.00091  0.00000  0.00000  0.99746  1.00000
1.830000000e+00  0.00000  1.00000  0.99930  0.00001  0.00000  0.00000  0.99751  1.00000
1.840000000e+00  0.00000  1.00000  0.99973  0.00000  0.00000  0.00000  0.99757  1.00000
1.850000000e+00  0.00000  1.00000  0.99759  0.00000  0.00000  0.00000  0.99762  1.00000
1.860000000e+00  0.00000  1.00000  0.99713  0.00000  0.00000  0.00000  0.99767  1.00000
1.870000000e+00  0.00000  1.00000  0.97887  0.00000  0.00000  0.00000  0.99772  1.00000
1.880000000e+00  0.00000  1.00000  0.10658  0.00000  0.00000  0.00000  0.99777  1.00000
1.890000000e+00  0.00000  1.00000  0.12482  0.00000  0.00000  0.00000  0.99781  1.00000
1.900000000e+00  0.00000  1.00000  0.51906  0.00002  0.00000  0.00000  0.99786  1.00000
1.910000000e+00  0.00000  1.00000  0.64846  0.00000  0.00000  0.00000  0.99790  1.00000
1.920000000e+00  0.00000  1.00000  0.86440  0.00001  0.00000  0.00000  0.99795  1.00000
1.930000000e+00  0.00000  1.00000  0.84385  0.00003  0.00000  0.00000  0.99799  1.00000
1.940000000e+00  0.00000  1.00000  0.19834  0.00062  0.00000  0.00000  0.99803  1.00000
1.950000000e+00  0.00000  1.00000  0.00000  0.00834  0.00000  0.00000  0.99807  1.00000
1.960000000e+00  0.00000  1.00000  0.00000  0.02357  0.00000  0.00000  0.99811  1.00000
1.970000000e+00  0.00000  1.00000  0.00000  0.25210  0.00000  0.00000  0.99815  1.00000
1.980000000e+00  0.00000  1.00000  0.00000  0.37689  0.00000  0.00000  0.99818  1.00000
1.990000000e+00  0.00000  1.00000  0.00423  0.43836  0.00000  0.00000  0.99822  1.00000
2.000000000e+00  0.00000  1.00000  0.00000  0.56730  0.00000  0.00000  0.99826  1.00000
2.010000000e+00  0.00000  1.00000  0.00000  0.46710  0.00000  0.00000  0.99829  1.00000
2.020000000e+00  0.00000  1.00000  0.00000  0.61702  0.00000  0.00000  0.99832  1.00000
2.030000000e+00  0.00000  1.00000  0.00000  0.82357  0.00000  0.00000  0.99836  1.00000
2.040000000e+00  0.00000  1.00000  0.00000  0.85204  0.00000  0.00000  0.99839  1.00000
2.050000000e+00  0.00000  1.00000  0.00000  0.93115  0.00000  0.00000  0.99842  1.00000
2.060000000e+00  0.00000  1.00000  0.00000  0.85606  0.00000  0.00000  0.99845  1.00000
2.070000000e+00  0.00000  1.00000  0.00000  0.88324  0.00000  0.00000  0.99848  1.00000
2.080000000e+00  0.00000  1.00000  0.00000  0.92256  0.00000  0.00000  0.99851  1.00000
2.090000000e+00  0.00000  1.00000  0.00000  0.92051  0.00000  0.00000  0.99854  1.00000
2.100000000e+00  0.00000  1.00000  0.00004  0.95259  0.00000  0.00000  0.99856  1.00000
2.110000000e+00  0.00000  1.00000  0.01978  0.96197  0.00000  0.00000  0.99859  1.00000
2.120000000e+00  0.00000  1.00000  0.06883  0.90035  0.00000  0.00000  0.99862  1.00000
2.130000000e+00  0.00000  1.00000  0.44395  0.85931  0.00000  0.00000  0.99864  1.00000
2.140000000e+00  0.00000  1.00000  0.63593  0.96708  0.00000  0.00000  0.99867  1.00000
2.150000000e+00  0.00000  1.00000  0.27645  0.98462  0.00000  0.00000  0.99869  1.00000
2.160000000e+00  0.00000  1.00000  0.34474  0.93939  0.00000  0.00000  0.99872  1.00000
2.170000000e+00  0.00000  1.00000  0.22883  0.87377  0.00000  0.00000  0.99874  1.00000
2.180000000e+00  0.00000  1.00000  0.54140  0.89625  0.00000  0.00000  0.99876  1.00000
2.190000000e+00  0.00000  1.00000  0.83144  0.78249  0.00000  0.00000  0.99879  1.00000
2.200000000e+00  0.00000  1.00000  0.88701  0.86622  0.00000  0.00000  0.99881  1.00000
2.210000000e+00  0.00000  1.00000  0.96484  0.90509  0.00000  0.00000  0.99883  1.00000
2.220000000e+00  0.00000  1.00000  0.95051  0.92784  0.00000  0.00000  0.99885  1.00000
2.230000000e+00  0.00000  1.00000  0.95415  0.95224  0.00000  0.00000  0.99887  1.00000
2.240000000e+00  0.00000  1.00000  0.98695  0.97760  0.00000  0.00000  0.99889  1.00000
2.250000000e+00  0.00000  1.00000  0.97824  0.98177  0.00000  0.00000  0.99891  1.00000
2.260000000e+00  0.00000  1.00000  0.94819  0.99287  0.00000  0.00000  0.99893  1.00000
2.270000000e+00  0.00000  1.00000  0.98753  0.98527  0.00000  0.00000  0.99895  1.00000
2.280000000e+00  0.00000  1.00000  0.97367  0.99731  0.00000  0.00000  0.99897  1.00000
2.290000000e+00  0.00000  1.00000  0.99198  0.98592  0.00000  0.00000  0.99898  1.00000
2.300000000e+00  0.00000  1.00000  0.99603  0.91713  0.00000  0.00000  0.99900  1.00000
2.310000000e+00  0.00000  1.00000  0.99747  0.97331  0.00000  0.00000  0.99902  1.00000
2.320000000e+00  0.00000  1.00000  0.99906  0.93322  0.00000  0.00000  0.99904  1.00000
2.330000000e+00  0.00000  1.00000  0.99989  0.92614  0.00000  0.00000  0.99905  1.00000
2.340000000e+00  0.00000  1.00000  0.99990  0.94068  0.00000  0.00000  0.99907  1.00000
2.350000000e+00  0.00000  1.00000  0.99987  0.84701  0.00000  0.00000  0.99908  1.00000
2.360000000e+00  0.00000  1.00000  0.99967  0.71605  0.00000  0.00000  0.99910  1.00000
2.370000000e+00  0.00000  1.00000  0.99823  0.73867  0.00000  0.00000  0.99911  1.00000
2.380000000e+00  0.00000  1.00000  0.99715  0.55312  0.00000  0.00000  0.99913  1.00000
2.390000000e+00  0.00000  1.00000  0.99069  0.44595  0.00000  0.00000  0.99914  1.00000
2.400000000e+00  0.00000  1.00000  0.98875  0.53402  0.00000  0.00000  0.99916  1.00000
2.410000000e+00  0.00000  1.00000  0.98697  0.36192  0.00000  0.00000  0.99917  1.00000
2.420000000e+00  0.00000  1.00000  0.99686  0.17495  0.00000  0.00000  0.99919  1.00000
2.430000000e+00  0.00000  1.00000  0.99991  0.37355  0.00000  0.00000  0.99920  1.00000
2.440000000e+00  0.00000  1.00000  0.99986  0.08389  0.00000  0.00000  0.99921  1.00000
2.450000000e+00  0.00000  1.00000  0.99965  0.15119  0.00000  0.00000  0.99922  1.00000
2.460000000e+00  0.00000  1.00000  0.99949  0.24134  0.00000  0.00000  0.99924  1.00000
2.470000000e+00  0.00000  1.00000  0.99261  0.20712  0.00000  0.00000  0.99925  1.00000
2.480000000e+00  0.00000  1.00000  0.97012  0.10256  0.00000  0.00000  0.99926  1.00000
2.490000000e+00  0.00000  1.00000  0.32450  0.00544  0.00000  0.00000  0.99927  1.00000
2.500000000e+00  0.00000  1.00000  0.73675  0.00493  0.00000  0.00000  0.99928  1.00000
2.510000000e+00  0.00000  1.00000  0.70649  0.00145  0.00000  0.00000  0.99930  1.00000
2.520000000e+00  0.00000  1.00000  0.68344  0.00043  0.00000  0.00000  0.99931  1.00000
2.530000000e+00  0.00000  1.00000  0.83973  0.00000  0.00000  0.00000  0.99932  1.00000
2.540000000e+00  0.00000  1.00000  0.90294  0.00000  0.00000  0.00000  0.99933  1.00000
2.550000000e+00  0.00000  1.00000  0.97569  0.00000  0.00000  0.00000  0.99934  1.00000
2.560000000e+00  0.00000  1.00000  0.94462  0.00000  0.00000  0.00000  0.99935  1.00000
2.570000000e+00  0.00000  1.00000  0.96760  0.00000  0.00000  0.00000  0.99936  1.00000
2.580000000e+00  0.00000  1.00000  0.79176  0.00000  0.00000  0.00000  0.99937  1.00000
2.590000000e+00  0.00000  1.00000  0.54569  0.00000  0.00000  0.00000  0.99938  1.00000
2.600000000e+00  0.00000  1.00000  0.64990  0.00000  0.00000  0.00000  0.99939  1.00000
2.610000000e+00  0.00000  1.00000  0.18864  0.00000  0.00000  0.00000  0.99940  1.00000
2.620000000e+00  0.00000  1.00000  0.07293  0.00000  0.00000  0.00000  0.99941  1.00000
2.630000000e+00  0.00000  1.00000  0.25108  0.00000  0.00000  0.00000  0.99942  1.00000
2.640000000e+00  0.00000  1.00000  0.21388  0.00000  0.00000  0.00000  0.99942  1.00000
2.650000000e+00  0.00000  1.00000  0.38040  0.00000  0.00000  0.00000  0.99943  1.00000
2.660000000e+00  0.00000  1.00000  0.00070  0.00000  0.00000  0.00000  0.99944  1.00000
2.670000000e+00  0.00000  1.00000  0.00000  0.00000  0.00000  0.00000  0.99945  1.00000
2.680000000e+00  0.00000  1.00000  0.00000  0.00000  0.00000  0.00000  0.99946  1.00000
2.690000000e+00  0.00000  1.00000  0.00000  0.00000  0.00000  0.00000  0.99947  1.00000
2.700000000e+00  0.00000  1.00000  0.00000  0.00000  0.00000  0.00000  0.99947  1.00000
2.710000000e+00  0.00000  1.00000  0.00000  0.00000  0.00000  0.00000  0.99948  1.00000
2.720000000e+00  0.00000  1.00000  0.00000  0.00000  0.00000  0.00000  0.99949  1.00000
2.730000000e+00  0.00000  1.00000  0.00000  0.00000  0.00000  0.00000  0.99950  1.00000
2.740000000e+00  0.00000  1.00000  0.00000  0.00000  0.00000  0.00000  0.99950  1.00000
2.750000000e+00  0.00000  1.00000  0.00000  0.00000  0.00000  0.00000  0.99951  1.00000
2.760000000e+00  0.00000  1.00000  0.00000  0.00000  0.00000  0.00000  0.99952  1.00000
2.770000000e+00  0.00000  1.00000  0.00000  0.00000  0.00000  0.00000  0.99953  1.00000
2.780000000e+00  0.00000  1.00000  0.00000  0.00000  0.00000  0.00000  0.99953  1.00000
2.790000000e+00  0.00000  1.00000  0.00000  0.00000  0.00000  0.00000  0.99954  1.00000
2.800000000e+00  0.00000  1.00000  0.00000  0.00000  0.00000  0.00000  0.99955  1.00000
2.810000000e+00  0.00000  1.00000  0.00000  0.00000  0.00000  0.00000  0.99955  1.00000
2.820000000e+00  0.00000  1.00000  0.00000  0.00000  0.00000  0.00000  0.99956  1.00000
2.830000000e+00  0.00000  1.00000  0.00000  0.00000  0.00000  0.00000  0.99956  1.00000
2.840000000e+00  0.00000  1.00000  0.00000  0.00000  0.00000  0.00000  0.99957  1.00000
2.850000000e+00  0.00000  1.00000  0.00000  0.00001  0.00000  0.00000  0.99958  1.00000
2.860000000e+00  0.00000  1.00000  0.00000  0.00000  0.00000  0.00000  0.99958  1.00000
2.870000000e+00  0.00000  1.00000  0.00000  0.00003  0.00000  0.00000  0.99959  1.00000
2.880000000e+00  0.00000  1.00000  0.00000  0.00008  0.00000  0.00000  0.99959  1.00000
2.890000000e+00  0.00000  1.00000  0.00003  0.00006  0.00000  0.00000  0.99960  1.00000
2.900000000e+00  0.00000  1.00000  0.00452  0.00427  0.00000  0.00000  0.99960  1.00000
2.910000000e+00  0.00000  1.00000  0.08629  0.00117  0.00000  0.00000  0.99961  1.00000
2.920000000e+00  0.00000  1.00000  0.35759  0.00176  0.00000  0.00000  0.99962  1.00000
2.930000000e+00  0.00000  1.00000  0.56486  0.01024  0.00000  0.00000  0.99962  1.00000
2.940000000e+00  0.00000  1.00000  0.69178  0.04253  0.00000  0.00000  0.99963  1.00000
2.950000000e+00  0.00000  1.00000  0.82668  0.00130  0.00000  0.00000  0.99963  1.00000
2.960000000e+00  0.00000  1.00000  0.42577  0.01320  0.00000  0.00000  0.99964  1.00000
2.970000000e+00  0.00000  1.00000  0.05313  0.04021  0.00000  0.00000  0.99964  1.00000
2.980000000e+00  0.00000  1.00000  0.00377  0.00007  0.00000  0.00000  0.99965  1.00000
2.990000000e+00  0.00000  1.00000  0.01440  0.05761  0.00000  0.00000  0.99965  1.00000
3.000000000e+00  0.00000  1.00000  0.28650  0.08858  0.00000  0.00000  0.99965  1.00000
3.010000000e+00  0.00000  1.00000  0.30373  0.06652  0.00000  0.00000  0.99966  1.00000
3.020000000e+00  0.00000  1.00000  0.05699  0.04577  0.00000  0.00000  0.99966  1.00000
3.030000000e+00  0.00000  1.00000  0.11641  0.03981  0.00000  0.00000  0.99967  1.00000
3.040000000e+00  0.00000  1.00000  0.32037  0.00699  0.00000  0.00000  0.99967  1.00000
3.050000000e+00  0.00000  1.00000  0.63890  0.00879  0.00000  0.00000  0.99968  1.00000
3.060000000e+00  0.00000  1.00000  0.68942  0.01467  0.00000  0.00000  0.99968  1.00000
3.070000000e+00  0.00000  1.00000  0.83657  0.00772  0.00000  0.00000  0.99968  1.00000
3.080000000e+00  0.00000  1.00000  0.87260  0.03071  0.00000  0.00000  0.99969  1.00000
3.090000000e+00  0.00000  1.00000  0.93170  0.00079  0.00000  0.00000  0.99969  1.00000
3.100000000e+00  0.00000  1.00000  0.89936  0.00070  0.00000  0.00000  0.99970  1.00000
3.110000000e+00  0.00000  1.00000  0.71958  0.01144  0.00000  0.00000  0.99970  1.00000
3.120000000e+00  0.00000  1.00000  0.49299  0.00155  0.00000  0.00000  0.99970  1.00000
3.130000000e+00  0.00000  1.00000  0.39810  0.06353  0.00000  0.00000  0.99971  1.00000
3.140000000e+00  0.00000  1.00000  0.55705  0.14892  0.00000  0.00000  0.99971  1.00000
3.150000000e+00  0.00000  1.00000  0.75968  0.02827  0.00000  0.00000  0.99972  1.00000
3.160000000e+00  0.00000  1.00000  0.60796  0.10859  0.00000  0.00000  0.99972  1.00000
3.170000000e+00  0.00000  1.00000  0.43646  0.65613  0.00000  0.00000  0.99972  1.00000
3.180000000e+00  0.00000  1.00000  0.50176  0.50729  0.00000  0.00000  0.99973  1.00000
3.190000000e+00  0.00000  1.00000  0.67172  0.22129  0.00000  0.00000  0.99973  1.00000
3.200000000e+00  0.00000  1.00000  0.83646  0.05027  0.00000  0.00000  0.99973  1.00000
3.210000000e+00  0.00000  1.00000  0.93552  0.00002  0.00000  0.00000  0.99974  1.00000
3.220000000e+00  0.00000  1.00000  0.91252  0.00014  0.00000  0.00000  0.99974  1.00000
3.230000000e+00  0.00000  1.00000  0.90588  0.00236  0.00000  0.00000  0.99974  1.00000
3.240000000e+00  0.00000  1.00000  0.95107  0.11778  0.00000  0.00000  0.99975  1.00000
3.250000000e+00  0.00000  1.00000  0.98823  0.04104  0.00000  0.00000  0.99975  1.00000
3.260000000e+00  0.00000  1.00000  0.99667  0.28485  0.00000  0.00000  0.99975  1.00000
3.270000000e+00  0.00000  1.00000  0.99627  0.01768  0.00000  0.00000  0.99975  1.00000
3.280000000e+00  0.00000  1.00000  0.99690  0.05407  0.00000  0.00000  0.99976  1.00000
3.290000000e+00  0.00000  1.00000  0.99859  0.28972  0.00000  0.00000  0.99976  1.00000
3.300000000e+00  0.00000  1.00000  0.99938  0.13694  0.00000  0.00000  0.99976  1.00000
3.310000000e+00  0.00000  1.00000  0.99950  0.01730  0.00000  0.00000  0.99977  1.00000
3.320000000e+00  0.00000  1.00000  0.99902  0.19395  0.00000  0.00000  0.99977  1.00000
3.330000000e+00  0.00000  1.00000  0.99379  0.06061  0.00000  0.00000  0.99977  1.00000
3.340000000e+00  0.00000  1.00000  0.97879  0.36137  0.00000  0.00000  0.99977  0.99988
3.350000000e+00  0.00000  1.00000  0.96611  0.12812  0.00000  0.00000  0.99978  0.99984
3.360000000e+00  0.00000  1.00000  0.86167  0.13328  0.00000  0.00000  0.99978  0.99989
3.370000000e+00  0.00000  1.00000  0.96015  0.18333  0.00000  0.00000  0.99978  0.99981
3.380000000e+00  0.00000  1.00000  0.97149  0.29996  0.00000  0.00000  0.99979  0.99993
3.390000000e+00  0.00000  1.00000  0.98475  0.43725  0.00000  0.00000  0.99979  0.99990
3.400000000e+00  0.00000  1.00000  0.99448  0.65351  0.00000  0.00000  0.99979  0.99995
3.410000000e+00  0.00000  1.00000  0.99799  0.49226  0.00000  0.00000  0.99979  0.99996
3.420000000e+00  0.00000  1.00000  0.99932  0.62290  0.00000  0.00000  0.99980  1.00000
3.430000000e+00  0.00000  1.00000  0.99912  0.87417  0.00000  0.00000  0.99980  0.99994
3.440000000e+00  0.00000  1.00000  0.99932  0.76693  0.00000  0.00000  0.99980  0.99990
3.450000000e+00  0.00000  1.00000  0.99658  0.76739  0.00000  0.00000  0.99980  0.99978
3.460000000e+00  0.00000  1.00000  0.99741  0.71738  0.00000  0.00000  0.99980  0.99992
3.470000000e+00  0.00000  1.00000  0.99907  0.85741  0.00000  0.00000  0.99981  0.99981
3.480000000e+00  0.00000  1.00000  0.99935  0.80692  0.00000  0.00000  0.99981  0.99987
3.490000000e+00  0.00000  1.00000  0.99958  0.84521  0.00000  0.00000  0.99981  0.99987
3.500000000e+00  0.00000  1.00000  0.99961  0.81421  0.00000  0.00000  0.99981  0.99993
3.510000000e+00  0.00000  1.00000  0.99932  0.82926  0.00000  0.00000  0.99982  0.99998
3.520000000e+00  0.00000  1.00000  0.99818  0.76274  0.00000  0.00000  0.99982  0.99997
3.530000000e+00  0.00000  1.00000  0.99518  0.72714  0.00000  0.00000  0.99982  0.99996
3.540000000e+00  0.00000  1.00000  0.98921  0.70679  0.00000  0.00000  0.99982  0.99992
3.550000000e+00  0.00000  1.00000  0.97687  0.66912  0.00000  0.00000  0.99982  0.99994
3.560000000e+00  0.00000  1.00000  0.94940  0.55185  0.00000  0.00000  0.99983  0.99975
3.570000000e+00  0.00000  1.00000  0.90781  0.69504  0.00000  0.00000  0.99983  0.99974
3.580000000e+00  0.00000  1.00000  0.87655  0.62839  0.00000  0.00000  0.99983  0.99953
3.590000000e+00  0.00000  1.00000  0.82136  0.73184  0.00000  0.00000  0.99983  0.99952
3.600000000e+00  0.00000  1.00000  0.67068  0.62639  0.00000  0.00000  0.99983  0.99958
3.610000000e+00  0.00000  1.00000  0.54045  0.82111  0.00000  0.00000  0.99983  0.99960
3.620000000e+00  0.00000  1.00000  0.48806  0.66134  0.00000  0.00000  0.99984  0.99949
3.630000000e+00  0.00000  1.00000  0.68049  0.80945  0.00000  0.00000  0.99984  0.99938
3.640000000e+00  0.00000  1.00000  0.63994  0.70784  0.00000  0.00000  0.99984  0.99919
3.650000000e+00  0.00000  1.00000  0.51487  0.91988  0.00000  0.00000  0.99984  0.99905
3.660000000e+00  0.00000  1.00000  0.61891  0.76198  0.00000  0.00000  0.99984  0.99897
3.670000000e+00  0.00000  1.00000  0.80848  0.77299  0.00000  0.00000  0.99985  0.99887
3.680000000e+00  0.00000  1.00000  0.93420  0.38078  0.00000  0.00000  0.99985  0.99869
3.690000000e+00  0.00000  1.00000  0.96902  0.53227  0.00000  0.00000  0.99985  0.99841
3.700000000e+00  0.00000  1.00000  0.97983  0.76337  0.00000  0.00000  0.99985  0.99821
3.710000000e+00  0.00000  1.00000  0.98903  0.90478  0.00000  0.00000  0.99985  0.99646
3.720000000e+00  0.00000  1.00000  0.97951  0.69134  0.00000  0.00000  0.99985  0.99533
3.730000000e+00  0.00000  1.00000  0.97828  0.83160  0.00000  0.00000  0.99985  0.99484
3.740000000e+00  0.00000  1.00000  0.97769  0.69738  0.00000  0.00000  0.99986  0.99427
3.750000000e+00  0.00000  1.00000  0.94096  0.79242  0.00000  0.00000  0.99986  0.99350
3.760000000e+00  0.00000  1.00000  0.84639  0.74427  0.00000  0.00000  0.99986  0.99266
3.770000000e+00  0.00000  1.00000  0.72251  0.68954  0.00000  0.00000  0.99986  0.99170
3.780000000e+00  0.00000  1.00000  0.55079  0.70897  0.00000  0.00000  0.99986  0.99045
3.790000000e+00  0.00000  1.00000  0.37782  0.76539  0.00000  0.00000  0.99986  0.98892
3.800000000e+00  0.00000  1.00000  0.14962  0.71228  0.00000  0.00000  0.99987  0.98728
3.810000000e+00  0.00000  1.00000  0.04027  0.87475  0.00000  0.00000  0.99987  0.98533
3.820000000e+00  0.00000  1.00000  0.06312  0.68270  0.00000  0.00000  0.99987  0.98322
3.830000000e+00  0.00000  1.00000  0.26121  0.85682  0.00000  0.00000  0.99987  0.98082
3.840000000e+00  0.00000  1.00000  0.12832  0.74079  0.00000  0.00000  0.99987  0.97802
3.850000000e+00  0.00000  1.00000  0.06650  0.86638  0.00000  0.00000  0.99987  0.97477
3.860000000e+00  0.00000  1.00000  0.12125  0.83958  0.00000  0.00000  0.99987  0.97106
3.870000000e+00  0.00000  1.00000  0.29112  0.88249  0.00000  0.00000  0.99987  0.96697
3.880000000e+00  0.00000  1.00000  0.53806  0.87740  0.00000  0.00000  0.99988  0.96230
3.890000000e+00  0.00000  1.00000  0.75780  0.90623  0.00000  0.00000  0.99988  0.95691
3.900000000e+00  0.00000  1.00000  0.90462  0.93988  0.00000  0.00000  0.99988  0.95083
3.910000000e+00  0.00000  1.00000  0.96018  0.89492  0.00000  0.00000  0.99988  0.94395
3.920000000e+00  0.00000  1.00000  0.96464  0.97660  0.00000  0.00000  0.99988  0.93587
3.930000000e+00  0.00000  1.00000  0.92731  0.94916  0.00000  0.00000  0.99988  0.92664
3.940000000e+00  0.00000  1.00000  0.84492  0.97780  0.00000  0.00000  0.99988  0.91596
3.950000000e+00  0.00000  1.00000  0.71975  0.98118  0.00000  0.00000  0.99988  0.90392
3.960000000e+00  0.00000  1.00000  0.50365  0.96901  0.00000  0.00000  0.99989  0.88965
3.970000000e+00  0.00000  1.00000  0.33188  0.99136  0.00000  0.00000  0.99989  0.87338
3.980000000e+00  0.00000  1.00000  0.18054  0.98090  0.00000  0.00000  0.99989  0.85525
3.990000000e+00  0.00000  1.00000  0.13100  0.99413  0.00000  0.00000  0.99989  0.83453
4.000000000e+00  0.00000  1.00000  0.30801  0.99184  0.00000  0.00000  0.99989  0.81074
4.010000000e+00  0.00000  1.00000  0.38090  0.99182  0.00000  0.00000  0.99989  0.78473
4.020000000e+00  0.00000  1.00000  0.16985  0.99780  0.00000  0.00000  0.99989  0.75645
4.030000000e+00  0.00000  1.00000  0.14857  0.99201  0.00000  0.00000  0.99989  0.72648
4.040000000e+00  0.00000  1.00000  0.20813  0.99593  0.00000  0.00000  0.99989  0.69493
4.050000000e+00  0.00000  1.00000  0.34915  0.99622  0.00000  0.00000  0.99990  0.66154
4.060000000e+00  0.00000  1.00000  0.52171  0.99546  0.00000  0.00000  0.99990  0.62799
4.070000000e+00  0.00000  1.00000  0.57795  0.99520  0.00000  0.00000  0.99990  0.59430
4.080000000e+00  0.00000  1.00000  0.28688  0.99768  0.00000  0.00000  0.99990  0.56230
4.090000000e+00  0.00000  1.00000  0.09053  0.99751  0.00000  0.00000  0.99990  0.53241
4.100000000e+00  0.00000  1.00000  0.04078  0.99784  0.00000  0.00000  0.99990  0.50452
4.110000000e+00  0.00000  1.00000  0.05190  0.99210  0.00000  0.00000  0.99990  0.47956
4.120000000e+00  0.00000  1.00000  0.21575  0.99785  0.00000  0.00000  0.99990  0.45818
4.130000000e+00  0.00000  1.00000  0.26558  0.99463  0.00000  0.00000  0.99990  0.44032
4.140000000e+00  0.00000  1.00000  0.11952  0.99643  0.00000  0.00000  0.99990  0.42621
4.150000000e+00  0.00000  1.00000  0.05104  0.99886  0.00000  0.00000  0.99990  0.41566
4.160000000e+00  0.00000  1.00000  0.00023  0.99395  0.00000  0.00000  0.99991  0.40906
4.170000000e+00  0.00000  1.00000  0.00000  0.99639  0.00000  0.00000  0.99991  0.40528
4.180000000e+00  0.00000  1.00000  0.00000  0.99568  0.00000  0.00000  0.99991  0.40636
4.190000000e+00  0.00000  1.00000  0.00000  0.99581  0.00000  0.00000  0.99991  0.40833
4.200000000e+00  0.00000  1.00000  0.00000  0.99518  0.00000  0.00000  0.99991  0.41350
4.210000000e+00  0.00000  1.00000  0.00000  0.99256  0.00000  0.00000  0.99991  0.41667
4.220000000e+00  0.00000  1.00000  0.00000  0.99303  0.00000  0.00000  0.99991  0.41755
4.230000000e+00  0.00000  1.00000  0.00000  0.99227  0.00000  0.00000  0.99991  0.41494
4.240000000e+00  0.00000  1.00000  0.00000  0.99417  0.00000  0.00000  0.99991  0.40695
4.250000000e+00  0.00000  1.00000  0.00000  0.98550  0.00000  0.00000  0.99991  0.39185
4.260000000e+00  0.00000  1.00000  0.00000  0.98200  0.00000  0.00000  0.99991  0.36309
4.270000000e+00  0.00000  1.00000  0.00000  0.99369  0.00000  0.00000  0.99992  0.32014
4.280000000e+00  0.00000  1.00000  0.00000  0.97407  0.00000  0.00000  0.99992  0.29041
4.290000000e+00  0.00000  1.00000  0.00000  0.97003  0.00000  0.00000  0.99992  0.27228
4.300000000e+00  0.00000  1.00000  0.00000  0.96606  0.00000  0.00000  0.99992  0.27691
4.310000000e+00  0.00000  1.00000  0.00000  0.94157  0.00000  0.00000  0.99992  0.30455
4.320000000e+00  0.00000  1.00000  0.00000  0.95305  0.00000  0.00000  0.99992  0.34469
4.330000000e+00  0.00000  1.00000  0.00000  0.95121  0.00000  0.00000  0.99992  0.39940
4.340000000e+00  0.00000  1.00000  0.00000  0.94042  0.00000  0.00000  0.99992  0.44525
4.350000000e+00  0.00000  1.00000  0.00000  0.93727  0.00000  0.00000  0.99992  0.47992
4.360000000e+00  0.00000  1.00000  0.00000  0.91560  0.00000  0.00000  0.99992  0.50495
4.370000000e+00  0.00000  1.00000  0.00000  0.82797  0.00000  0.00000  0.99992  0.52294
4.380000000e+00  0.00000  1.00000  0.00000  0.93928  0.00000  0.00000  0.99992  0.53642
4.390000000e+00  0.00000  1.00000  0.00000  0.91613  0.00000  0.00000  0.99992  0.54868
4.400000000e+00  0.00000  1.00000  0.00000  0.87639  0.00000  0.00000  0.99992  0.55736
4.410000000e+00  0.00000  1.00000  0.00000  0.75811  0.00000  0.00000  0.99993  0.56866
4.420000000e+00  0.00000  1.00000  0.00000  0.95924  0.00000  0.00000  0.99993  0.57952
4.430000000e+00  0.00000  1.00000  0.00000  0.85630  0.00000  0.00000  0.99993  0.59223
4.440000000e+00  0.00000  1.00000  0.00000  0.69971  0.00000  0.00000  0.99993  0.60583
4.450000000e+00  0.00000  1.00000  0.00000  0.76641  0.00000  0.00000  0.99993  0.62177
4.460000000e+00  0.00000  1.00000  0.00000  0.79442  0.00000  0.00000  0.99993  0.63764
4.470000000e+00  0.00000  1.00000  0.00000  0.81372  0.00000  0.00000  0.99993  0.65690
4.480000000e+00  0.00000  1.00000  0.00000  0.79434  0.00000  0.00000  0.99993  0.67506
4.490000000e+00  0.00000  1.00000  0.00000  0.83492  0.00000  0.00000  0.99993  0.69594
4.500000000e+00  0.00000  1.00000  0.00000  0.85976  0.00000  0.00000  0.99993  0.71524
4.510000000e+00  0.00000  1.00000  0.00000  0.85167  0.00000  0.00000  0.99993  0.73628
4.520000000e+00  0.00000  1.00000  0.00000  0.78133  0.00000  0.00000  0.99993  0.75677
4.530000000e+00  0.00000  1.00000  0.00000  0.65441  0.00000  0.00000  0.99993  0.77674
4.540000000e+00  0.00000  1.00000  0.00003  0.63444  0.00000  0.00000  0.99993  0.79631
4.550000000e+00  0.00000  1.00000  0.00030  0.80966  0.00000  0.00000  0.99993  0.81511
4.560000000e+00  0.00000  1.00000  0.00572  0.90283  0.00000  0.00000  0.99993  0.83304
4.570000000e+00  0.00000  1.00000  0.03748  0.80238  0.00000  0.00000  0.99994  0.84926
4.580000000e+00  0.00000  1.00000  0.12361  0.70404  0.00000  0.00000  0.99994  0.86506
4.590000000e+00  0.00000  1.00000  0.17716  0.76694  0.00000  0.00000  0.99994  0.87942
4.600000000e+00  0.00000  1.00000  0.25710  0.80069  0.00000  0.00000  0.99994  0.89263
4.610000000e+00  0.00000  1.00000  0.31592  0.83831  0.00000  0.00000  0.99994  0.90476
4.620000000e+00  0.00000  1.00000  0.26097  0.79252  0.00000  0.00000  0.99994  0.91583
4.630000000e+00  0.00000  1.00000  0.11892  0.59796  0.00000  0.00000  0.99994  0.92580
4.640000000e+00  0.00000  1.00000  0.09145  0.60663  0.00000  0.00000  0.99994  0.93478
4.650000000e+00  0.00000  1.00000  0.07477  0.62198  0.00000  0.00000  0.99994  0.94285
4.660000000e+00  0.00000  1.00000  0.07568  0.55854  0.00000  0.00000  0.99994  0.95008
4.670000000e+00  0.00000  1.00000  0.08286  0.48634  0.00000  0.00000  0.99994  0.95620
4.680000000e+00  0.00000  1.00000  0.02972  0.49574  0.00000  0.00000  0.99994  0.96110
4.690000000e+00  0.00000  1.00000  0.01307  0.21023  0.00000  0.00000  0.99994  0.96624
4.700000000e+00  0.00000  1.00000  0.00153  0.86277  0.00000  0.00000  0.99994  0.97040
4.710000000e+00  0.00000  1.00000  0.00004  0.76159  0.00000  0.00000  0.99994  0.97390
4.720000000e+00  0.00000  1.00000  0.00002  0.43295  0.00000  0.00000  0.99994  0.97720
4.730000000e+00  0.00000  1.00000  0.00000  0.57538  0.00000  0.00000  0.99994  0.97967
4.740000000e+00  0.00000  1.00000  0.00000  0.41859  0.00000  0.00000  0.99994  0.98252
4.750000000e+00  0.00000  1.00000  0.00000  0.65514  0.00000  0.00000  0.99994  0.98472
4.760000000e+00  0.00000  1.00000  0.00000  0.54067  0.00000  0.00000  0.99994  0.98671
4.770000000e+00  0.00000  1.00000  0.00000  0.55313  0.00000  0.00000  0.99995  0.98844
4.780000000e+00  0.00000  1.00000  0.00000  0.42452  0.00000  0.00000  0.99995  0.98918
4.790000000e+00  0.00000  1.00000  0.00000  0.25282  0.00000  0.00000  0.99995  0.99055
4.800000000e+00  0.00000  1.00000  0.00000  0.29886  0.00000  0.00000  0.99995  0.99243
4.810000000e+00  0.00000  1.00000  0.00000  0.46218  0.00000  0.00000  0.99995  0.99360
4.820000000e+00  0.00000  1.00000  0.00000  0.40493  0.00000  0.00000  0.99995  0.99442
4.830000000e+00  0.00000  1.00000  0.00000  0.23824  0.00000  0.00000  0.99995  0.99538
4.840000000e+00  0.00000  1.00000  0.00000  0.43981  0.00000  0.00000  0.99995  0.99251
4.850000000e+00  0.00000  1.00000  0.00000  0.11724  0.00000  0.00000  0.99995  0.99513
4.860000000e+00  0.00000  1.00000  0.00000  0.07878  0.00000  0.00000  0.99995  0.99705
4.870000000e+00  0.00000  1.00000  0.00000  0.57765  0.00000  0.00000  0.99995  0.99758
4.880000000e+00  0.00000  1.00000  0.00000  0.58155  0.00000  0.00000  0.99995  0.99785
4.890000000e+00  0.00000  1.00000  0.00000  0.51525  0.00000  0.00000  0.99995  0.99748
4.900000000e+00  0.00000  1.00000  0.00000  0.07195  0.00000  0.00000  0.99995  0.99536
4.910000000e+00  0.00000  1.00000  0.00000  0.04223  0.00000  0.00000  0.99995  0.99820
4.920000000e+00  0.00000  1.00000  0.00000  0.25785  0.00000  0.00000  0.99995  0.99853
4.930000000e+00  0.00000  1.00000  0.00000  0.49343  0.00000  0.00000  0.99995  0.99867
4.940000000e+00  0.00000  1.00000  0.00012  0.24972  0.00000  0.00000  0.99995  0.99867
4.950000000e+00  0.00000  1.00000  0.00057  0.06725  0.00000  0.00000  0.99995  0.99693
4.960000000e+00  0.00000  1.00000  0.00134  0.02042  0.00000  0.00000  0.99995  0.98936
4.970000000e+00  0.00000  1.00000  0.01107  0.00762  0.00000  0.00000  0.99995  0.99898
4.980000000e+00  0.00000  1.00000  0.03253  0.14833  0.00000  0.00000  0.99995  0.99905
4.990000000e+00  0.00000  1.00000  0.08314  0.03740  0.00000  0.00000  0.99995  0.99927
5.000000000e+00  0.00000  1.00000  0.07608  0.25518  0.00000  0.00000  0.99995  0.99929
