# ----------------------------------------------------------------------------------------------
# NASA-GSFC Planetary Spectrum Generator (PSG, Villanueva et al. 2015)
# Atmospheric layering information considered by PUMAS
# Synthesized on Tue Nov 21 15:10:05 2017
# Radiative transfer method: correlated-k
# Synthesis spectral resolution [cm-1] and resolving power: 8.913678 5.010e+02
# Scattering parameters (nmax, lmax): 0 0
# ----------------------------------------------------------------------------------------------
# Molecular abundance profile: 
# Molecules considered: N2,CO2,H2O
# Molecular sources: HIT[22],HIT[2],HIT[1]
# Molecular abundances: 1,1,1
# Molecular abundance units: scl,scl,scl
# Collission-Induced-Absorption:  N2-N2(3.33-5.41um)
# Rayleigh scattering included
# ----------------------------------------------------------------------------------------------
# Aerosols considered: WaterIce,Cloud
# Aerosols sources: CRISM_Wolff[reff=2.0um 0.31-99.57um],White_GSFC[reff=1.0um 0.10-1000000.00um]
# Aerosols abundances: 1,1
# Aerosols abundance units: scl,scl
# Aerosols sizes [um]: 156.221269029,14.0
# ----------------------------------------------------------------------------------------------
# Input layer-by-layer atmospheric profile
# Molecular abundances in molec/molec and aerosols in kg/kg
# ----------------------------------------------------------------------------------------------
# Alt[km] Pressure[bar] Temp[K]         N2        CO2        H2O   WaterIce      Cloud
# ----------------------------------------------------------------------------------------------
    0.000   1.400e+00   294.943   7.387e-01  2.955e-01  1.833e-02  3.529e-10  1.586e-04
    0.261   1.358e+00   294.000   7.391e-01  2.956e-01  1.778e-02  4.972e-15  8.935e-05
    0.640   1.300e+00   293.200   7.399e-01  2.960e-01  1.631e-02  2.456e-26  5.906e-05
    1.251   1.210e+00   291.500   7.420e-01  2.968e-01  1.269e-02  2.268e-12  3.188e-05
    2.090   1.096e+00   288.600   7.442e-01  2.977e-01  8.922e-03  1.307e-08  2.153e-05
    3.151   9.655e-01   284.000   7.458e-01  2.983e-01  6.231e-03  1.459e-07  1.928e-05
    4.418   8.274e-01   277.600   7.466e-01  2.987e-01  4.787e-03  6.279e-07  2.272e-05
    5.780   6.982e-01   270.200   7.474e-01  2.990e-01  3.463e-03  1.195e-06  3.239e-05
    7.116   5.884e-01   263.000   7.480e-01  2.992e-01  2.382e-03  2.447e-06  5.237e-05
    8.429   4.950e-01   256.300   7.485e-01  2.994e-01  1.579e-03  4.342e-06  6.188e-05
    9.724   4.156e-01   249.900   7.488e-01  2.995e-01  9.925e-04  9.349e-06  4.193e-05
   11.000   3.482e-01   243.500   7.491e-01  2.996e-01  6.164e-04  1.210e-05  1.691e-05
   12.270   2.908e-01   237.100   7.492e-01  2.997e-01  3.690e-04  1.197e-05  5.366e-06
   13.520   2.421e-01   230.100   7.493e-01  2.997e-01  1.988e-04  5.802e-06  2.194e-07
   14.770   2.007e-01   222.900   7.494e-01  2.998e-01  9.640e-05  4.543e-06  0.000e+00
   16.010   1.655e-01   215.800   7.494e-01  2.998e-01  4.238e-05  3.813e-06  0.000e+00
   17.250   1.355e-01   209.700   7.494e-01  2.998e-01  1.927e-05  2.943e-06  0.000e+00
   18.510   1.101e-01   206.000   7.494e-01  2.998e-01  1.227e-05  1.633e-06  0.000e+00
   19.820   8.867e-02   205.500   7.494e-01  2.998e-01  1.107e-05  3.329e-07  0.000e+00
   21.000   7.287e-02   206.100   7.494e-01  2.998e-01  1.086e-05  2.605e-08  0.000e+00
   22.020   6.152e-02   206.500   7.494e-01  2.998e-01  1.071e-05  1.566e-08  0.000e+00
   23.070   5.168e-02   206.500   7.494e-01  2.998e-01  1.055e-05  1.300e-08  0.000e+00
   24.160   4.319e-02   205.900   7.494e-01  2.998e-01  1.040e-05  1.080e-08  0.000e+00
   25.260   3.592e-02   204.800   7.494e-01  2.998e-01  1.031e-05  1.008e-08  0.000e+00
   26.390   2.973e-02   203.300   7.494e-01  2.998e-01  1.034e-05  9.936e-09  0.000e+00
   27.540   2.448e-02   201.500   7.494e-01  2.998e-01  1.056e-05  2.357e-08  0.000e+00
   28.710   2.006e-02   199.400   7.494e-01  2.998e-01  1.070e-05  8.797e-08  0.000e+00
   29.900   1.635e-02   197.100   7.494e-01  2.998e-01  1.060e-05  1.666e-07  0.000e+00
   31.100   1.326e-02   194.700   7.494e-01  2.998e-01  1.031e-05  2.224e-07  0.000e+00
   32.310   1.071e-02   192.700   7.494e-01  2.998e-01  9.975e-06  2.744e-07  0.000e+00
   33.540   8.600e-03   191.200   7.494e-01  2.998e-01  9.684e-06  2.542e-07  0.000e+00
   34.790   6.873e-03   190.400   7.494e-01  2.998e-01  9.431e-06  1.883e-07  0.000e+00
   36.070   5.465e-03   189.600   7.494e-01  2.998e-01  9.143e-06  1.455e-07  0.000e+00
   37.360   4.325e-03   188.600   7.494e-01  2.998e-01  8.814e-06  1.304e-07  0.000e+00
   38.680   3.405e-03   187.000   7.494e-01  2.998e-01  8.381e-06  1.380e-07  0.000e+00
   40.010   2.667e-03   185.000   7.494e-01  2.998e-01  7.898e-06  1.603e-07  0.000e+00
   41.350   2.079e-03   182.700   7.494e-01  2.998e-01  7.604e-06  1.609e-07  0.000e+00
   42.700   1.613e-03   181.000   7.494e-01  2.998e-01  7.522e-06  1.579e-07  0.000e+00
   44.070   1.245e-03   180.700   7.494e-01  2.998e-01  7.643e-06  9.445e-08  0.000e+00
   45.470   9.559e-04   181.500   7.494e-01  2.998e-01  7.828e-06  5.050e-08  0.000e+00
   60.410   3.776e-04   181.500   7.494e-01  2.998e-01  7.828e-06  5.050e-08  0.000e+00
   66.320   2.615e-04   181.500   7.494e-01  2.998e-01  7.828e-06  5.050e-08  0.000e+00
   74.570   1.566e-04   181.500   7.494e-01  2.998e-01  7.828e-06  5.050e-08  0.000e+00
   86.090   7.656e-05   181.500   7.494e-01  2.998e-01  7.828e-06  5.050e-08  0.000e+00
  102.200   2.820e-05   181.500   7.494e-01  2.998e-01  7.828e-06  5.050e-08  0.000e+00
  124.600   6.996e-06   181.500   7.494e-01  2.998e-01  7.828e-06  5.050e-08  0.000e+00
  155.900   1.000e-06   181.500   7.494e-01  2.998e-01  7.828e-06  5.050e-08  0.000e+00
#
# ----------------------------------------------------------------------------------------------
# Curtis-Godson integrated layer information used by the radiative transfer analysis
# Oblique molecular layer columns in molec/m2 and aerosols in kg/m2
# ----------------------------------------------------------------------------------------------
# Low[km]  High[km]  Path[km] Pressure[bar] Temp[K]   Airmass   dcol[m-2]         N2        CO2        H2O   WaterIce      Cloud
# ----------------------------------------------------------------------------------------------
    0.000     0.261     0.390   1.379e+00   294.475    1.4980   1.327e+28  9.808e+27  3.923e+27  2.397e+26  3.345e-08  9.103e-02
    0.261     0.640     0.568   1.329e+00   293.603    1.4978   1.866e+28  1.380e+28  5.519e+27  3.179e+26  6.061e-13  7.754e-02
    0.640     1.251     0.915   1.255e+00   292.360    1.4977   2.848e+28  2.110e+28  8.440e+27  4.114e+26  1.998e-10  7.145e-02
    1.251     2.090     1.256   1.153e+00   290.073    1.4975   3.617e+28  2.688e+28  1.075e+28  3.879e+26  3.070e-06  5.425e-02
    2.090     3.151     1.588   1.031e+00   286.344    1.4972   4.139e+28  3.083e+28  1.233e+28  3.113e+26  1.266e-04  4.789e-02
    3.151     4.418     1.896   8.962e-01   280.872    1.4968   4.378e+28  3.267e+28  1.307e+28  2.405e+26  8.071e-04  5.192e-02
    4.418     5.780     2.038   7.625e-01   273.990    1.4964   4.102e+28  3.064e+28  1.226e+28  1.684e+26  2.034e-03  6.316e-02
    5.780     7.116     1.999   6.431e-01   266.688    1.4959   3.485e+28  2.606e+28  1.042e+28  1.012e+26  3.422e-03  8.170e-02
    7.116     8.429     1.964   5.415e-01   259.734    1.4955   2.961e+28  2.215e+28  8.861e+27  5.812e+25  5.508e-03  9.548e-02
    8.429     9.724     1.936   4.552e-01   253.182    1.4951   2.517e+28  1.884e+28  7.537e+27  3.198e+25  9.228e-03  7.352e-02
    9.724    11.000     1.907   3.818e-01   246.782    1.4947   2.134e+28  1.598e+28  6.391e+27  1.695e+25  1.286e-02  3.372e-02
   11.000    12.270     1.898   3.194e-01   240.384    1.4943   1.823e+28  1.366e+28  5.463e+27  8.850e+24  1.244e-02  1.055e-02
   12.270    13.520     1.867   2.663e-01   233.692    1.4939   1.539e+28  1.153e+28  4.612e+27  4.269e+24  7.502e-03  1.467e-03
   13.520    14.770     1.867   2.213e-01   226.596    1.4935   1.318e+28  9.878e+27  3.951e+27  1.883e+24  3.860e-03  9.481e-08
   14.770    16.010     1.851   1.830e-01   219.447    1.4931   1.116e+28  8.365e+27  3.346e+27  7.419e+23  2.644e-03  0.000e+00
   16.010    17.250     1.851   1.504e-01   212.839    1.4927   9.455e+27  7.085e+27  2.835e+27  2.804e+23  1.808e-03  0.000e+00
   17.250    18.510     1.880   1.228e-01   207.910    1.4924   8.020e+27  6.010e+27  2.405e+27  1.253e+23  1.021e-03  0.000e+00
   18.510    19.820     1.954   9.939e-02   205.759    1.4920   6.815e+27  5.107e+27  2.043e+27  7.961e+22  3.249e-04  0.000e+00
   19.820    21.000     1.760   8.078e-02   205.790    1.4916   4.991e+27  3.740e+27  1.496e+27  5.474e+22  3.555e-05  0.000e+00
   21.000    22.020     1.521   6.720e-02   206.294    1.4912   3.582e+27  2.685e+27  1.074e+27  3.864e+22  4.178e-06  0.000e+00
   22.020    23.070     1.565   5.660e-02   206.500    1.4909   3.102e+27  2.325e+27  9.300e+26  3.298e+22  2.520e-06  0.000e+00
   23.070    24.160     1.625   4.744e-02   206.209    1.4906   2.702e+27  2.025e+27  8.099e+26  2.830e+22  1.823e-06  0.000e+00
   24.160    25.260     1.639   3.955e-02   205.367    1.4902   2.282e+27  1.710e+27  6.841e+26  2.363e+22  1.352e-06  0.000e+00
   25.260    26.390     1.684   3.282e-02   204.073    1.4899   1.957e+27  1.466e+27  5.867e+26  2.020e+22  1.111e-06  0.000e+00
   26.390    27.540     1.713   2.710e-02   202.428    1.4895   1.657e+27  1.242e+27  4.968e+26  1.731e+22  1.463e-06  0.000e+00
   27.540    28.710     1.742   2.227e-02   200.484    1.4892   1.398e+27  1.048e+27  4.192e+26  1.486e+22  3.798e-06  0.000e+00
   28.710    29.900     1.772   1.820e-02   198.288    1.4888   1.175e+27  8.804e+26  3.522e+26  1.251e+22  8.117e-06  0.000e+00
   29.900    31.100     1.786   1.480e-02   195.940    1.4884   9.746e+26  7.303e+26  2.922e+26  1.019e+22  1.062e-05  0.000e+00
   31.100    32.310     1.801   1.198e-02   193.734    1.4881   8.042e+26  6.027e+26  2.411e+26  8.161e+21  1.125e-05  0.000e+00
   32.310    33.540     1.830   9.654e-03   191.977    1.4877   6.643e+26  4.978e+26  1.992e+26  6.533e+21  9.965e-06  0.000e+00
   33.540    34.790     1.859   7.736e-03   190.815    1.4873   5.440e+26  4.077e+26  1.631e+26  5.202e+21  6.812e-06  0.000e+00
   34.790    36.070     1.903   6.169e-03   190.015    1.4869   4.459e+26  3.341e+26  1.337e+26  4.143e+21  4.217e-06  0.000e+00
   36.070    37.360     1.918   4.895e-03   189.119    1.4865   3.581e+26  2.683e+26  1.074e+26  3.217e+21  2.804e-06  0.000e+00
   37.360    38.680     1.962   3.865e-03   187.831    1.4861   2.912e+26  2.182e+26  8.729e+25  2.505e+21  2.213e-06  0.000e+00
   38.680    40.010     1.976   3.036e-03   186.039    1.4857   2.325e+26  1.743e+26  6.972e+25  1.894e+21  1.957e-06  0.000e+00
   40.010    41.350     1.990   2.373e-03   183.896    1.4853   1.852e+26  1.388e+26  5.552e+25  1.436e+21  1.686e-06  0.000e+00
   41.350    42.700     2.005   1.846e-03   181.885    1.4849   1.467e+26  1.099e+26  4.397e+25  1.109e+21  1.326e-06  0.000e+00
   42.700    44.070     2.034   1.429e-03   180.857    1.4845   1.158e+26  8.679e+25  3.472e+25  8.778e+20  8.199e-07  0.000e+00
   44.070    45.470     2.078   1.101e-03   181.082    1.4841   9.098e+25  6.818e+25  2.727e+25  7.033e+20  3.673e-07  0.000e+00
   45.470    60.410    22.136   6.673e-04   181.500    1.4816   5.502e+26  4.123e+26  1.649e+26  4.307e+21  1.575e-06  0.000e+00
   60.410    66.320     8.738   3.196e-04   181.500    1.4785   1.102e+26  8.259e+25  3.304e+25  8.627e+20  3.156e-07  0.000e+00
   66.320    74.570    12.180   2.091e-04   181.500    1.4764   9.946e+25  7.454e+25  2.982e+25  7.786e+20  2.848e-07  0.000e+00
   74.570    86.090    16.975   1.166e-04   181.500    1.4735   7.578e+25  5.679e+25  2.272e+25  5.932e+20  2.170e-07  0.000e+00
   86.090   102.200    23.674   5.244e-05   181.500    1.4695   4.576e+25  3.429e+25  1.372e+25  3.582e+20  1.310e-07  0.000e+00
  102.200   124.600    32.795   1.767e-05   181.500    1.4641   1.992e+25  1.493e+25  5.973e+24  1.559e+20  5.705e-08  0.000e+00
  124.600   155.900    45.593   4.052e-06   181.500    1.4567   5.618e+24  4.210e+24  1.684e+24  4.398e+19  1.609e-08  0.000e+00
# ----------------------------------------------------------------------------------------------
# Integrated atmospheric columns                       1.4955   4.446e+29  3.318e+29  1.327e+29  2.302e+27  6.371e-02  7.537e-01
# ----------------------------------------------------------------------------------------------
