# ----------------------------------------------------------------------------------------------
# NASA-GSFC Planetary Spectrum Generator (PSG, Villanueva et al. 2015)
# Atmospheric layering information considered by PUMAS
# Synthesized on Tue Nov 21 15:09:28 2017
# Radiative transfer method: correlated-k
# Synthesis spectral resolution [cm-1] and resolving power: 8.913678 5.010e+02
# Scattering parameters (nmax, lmax): 0 0
# ----------------------------------------------------------------------------------------------
# Molecular abundance profile: 
# Molecules considered: N2,CO2,H2O
# Molecular sources: HIT[22],HIT[2],HIT[1]
# Molecular abundances: 1,1,1
# Molecular abundance units: scl,scl,scl
# Collission-Induced-Absorption:  N2-N2(3.33-5.41um)
# Rayleigh scattering included
# ----------------------------------------------------------------------------------------------
# Aerosols considered: WaterIce,Cloud
# Aerosols sources: CRISM_Wolff[reff=2.0um 0.31-99.57um],White_GSFC[reff=1.0um 0.10-1000000.00um]
# Aerosols abundances: 1,1
# Aerosols abundance units: scl,scl
# Aerosols sizes [um]: 156.189876682,14.0
# ----------------------------------------------------------------------------------------------
# Input layer-by-layer atmospheric profile
# Molecular abundances in molec/molec and aerosols in kg/kg
# ----------------------------------------------------------------------------------------------
# Alt[km] Pressure[bar] Temp[K]         N2        CO2        H2O   WaterIce      Cloud
# ----------------------------------------------------------------------------------------------
    0.000   1.401e+00   296.606   7.381e-01  2.952e-01  1.947e-02  7.591e-11  1.465e-04
    0.262   1.360e+00   295.500   7.385e-01  2.954e-01  1.872e-02  3.409e-27  8.849e-05
    0.643   1.301e+00   294.400   7.399e-01  2.960e-01  1.632e-02  2.916e-26  5.194e-05
    1.256   1.211e+00   292.400   7.423e-01  2.969e-01  1.230e-02  2.593e-12  2.525e-05
    2.098   1.097e+00   289.300   7.444e-01  2.978e-01  8.580e-03  1.124e-08  1.505e-05
    3.161   9.665e-01   284.500   7.460e-01  2.984e-01  5.837e-03  1.030e-07  1.241e-05
    4.431   8.282e-01   278.000   7.468e-01  2.987e-01  4.412e-03  4.276e-07  1.659e-05
    5.794   6.989e-01   270.400   7.475e-01  2.990e-01  3.218e-03  1.034e-06  2.844e-05
    7.130   5.889e-01   262.900   7.481e-01  2.993e-01  2.226e-03  2.805e-06  5.041e-05
    8.443   4.955e-01   256.000   7.486e-01  2.994e-01  1.466e-03  5.046e-06  5.799e-05
    9.736   4.160e-01   249.400   7.489e-01  2.996e-01  9.063e-04  8.744e-06  3.684e-05
   11.010   3.485e-01   242.800   7.491e-01  2.996e-01  5.533e-04  1.029e-05  1.394e-05
   12.270   2.911e-01   236.200   7.492e-01  2.997e-01  3.271e-04  1.006e-05  4.573e-06
   13.520   2.423e-01   229.300   7.493e-01  2.997e-01  1.728e-04  5.026e-06  2.095e-07
   14.770   2.008e-01   222.300   7.494e-01  2.998e-01  8.339e-05  3.820e-06  0.000e+00
   16.000   1.656e-01   215.500   7.494e-01  2.998e-01  3.773e-05  3.164e-06  0.000e+00
   17.250   1.356e-01   209.700   7.494e-01  2.998e-01  1.833e-05  2.545e-06  0.000e+00
   18.510   1.101e-01   206.200   7.494e-01  2.998e-01  1.217e-05  1.403e-06  0.000e+00
   19.820   8.868e-02   205.700   7.494e-01  2.998e-01  1.107e-05  2.141e-07  0.000e+00
   21.000   7.287e-02   206.200   7.494e-01  2.998e-01  1.086e-05  2.213e-08  0.000e+00
   22.020   6.152e-02   206.400   7.494e-01  2.998e-01  1.072e-05  1.766e-08  0.000e+00
   23.070   5.168e-02   206.300   7.494e-01  2.998e-01  1.056e-05  1.701e-08  0.000e+00
   24.150   4.319e-02   205.600   7.494e-01  2.998e-01  1.042e-05  1.755e-08  0.000e+00
   25.260   3.592e-02   204.400   7.494e-01  2.998e-01  1.033e-05  1.945e-08  0.000e+00
   26.390   2.973e-02   202.900   7.494e-01  2.998e-01  1.041e-05  2.409e-08  0.000e+00
   27.540   2.448e-02   201.000   7.494e-01  2.998e-01  1.065e-05  4.933e-08  0.000e+00
   28.700   2.006e-02   198.900   7.494e-01  2.998e-01  1.075e-05  1.113e-07  0.000e+00
   29.880   1.635e-02   196.700   7.494e-01  2.998e-01  1.056e-05  1.828e-07  0.000e+00
   31.080   1.326e-02   194.400   7.494e-01  2.998e-01  1.025e-05  2.413e-07  0.000e+00
   32.290   1.071e-02   192.300   7.494e-01  2.998e-01  9.957e-06  3.096e-07  0.000e+00
   33.520   8.600e-03   190.800   7.494e-01  2.998e-01  9.711e-06  3.277e-07  0.000e+00
   34.770   6.873e-03   189.700   7.494e-01  2.998e-01  9.495e-06  3.021e-07  0.000e+00
   36.040   5.465e-03   188.700   7.494e-01  2.998e-01  9.262e-06  3.119e-07  0.000e+00
   37.330   4.325e-03   187.400   7.494e-01  2.998e-01  8.961e-06  3.698e-07  0.000e+00
   38.630   3.405e-03   185.700   7.494e-01  2.998e-01  8.525e-06  4.794e-07  0.000e+00
   39.950   2.667e-03   183.600   7.494e-01  2.998e-01  8.004e-06  5.979e-07  0.000e+00
   41.280   2.079e-03   181.400   7.494e-01  2.998e-01  7.625e-06  6.096e-07  0.000e+00
   42.630   1.613e-03   179.700   7.494e-01  2.998e-01  7.472e-06  4.728e-07  0.000e+00
   43.990   1.245e-03   179.900   7.494e-01  2.998e-01  7.590e-06  2.396e-07  0.000e+00
   45.380   9.559e-04   181.300   7.494e-01  2.998e-01  7.803e-06  1.780e-07  0.000e+00
   60.260   3.776e-04   181.300   7.494e-01  2.998e-01  7.803e-06  1.780e-07  0.000e+00
   66.140   2.615e-04   181.300   7.494e-01  2.998e-01  7.803e-06  1.780e-07  0.000e+00
   74.350   1.566e-04   181.300   7.494e-01  2.998e-01  7.803e-06  1.780e-07  0.000e+00
   85.810   7.656e-05   181.300   7.494e-01  2.998e-01  7.803e-06  1.780e-07  0.000e+00
  101.800   2.820e-05   181.300   7.494e-01  2.998e-01  7.803e-06  1.780e-07  0.000e+00
  124.100   6.996e-06   181.300   7.494e-01  2.998e-01  7.803e-06  1.780e-07  0.000e+00
  155.300   1.000e-06   181.300   7.494e-01  2.998e-01  7.803e-06  1.780e-07  0.000e+00
#
# ----------------------------------------------------------------------------------------------
# Curtis-Godson integrated layer information used by the radiative transfer analysis
# Oblique molecular layer columns in molec/m2 and aerosols in kg/m2
# ----------------------------------------------------------------------------------------------
# Low[km]  High[km]  Path[km] Pressure[bar] Temp[K]   Airmass   dcol[m-2]         N2        CO2        H2O   WaterIce      Cloud
# ----------------------------------------------------------------------------------------------
    0.000     0.262     0.392   1.381e+00   296.057    1.4980   1.329e+28  9.809e+27  3.923e+27  2.537e+26  6.578e-09  8.684e-02
    0.262     0.643     0.571   1.331e+00   294.955    1.4978   1.868e+28  1.380e+28  5.522e+27  3.269e+26  1.261e-23  7.282e-02
    0.643     1.256     0.918   1.256e+00   293.412    1.4977   2.849e+28  2.111e+28  8.446e+27  4.057e+26  2.287e-10  6.004e-02
    1.256     2.098     1.261   1.154e+00   290.874    1.4975   3.623e+28  2.693e+28  1.077e+28  3.753e+26  2.731e-06  4.066e-02
    2.098     3.161     1.591   1.032e+00   286.946    1.4972   4.142e+28  3.087e+28  1.235e+28  2.960e+26  9.548e-05  3.221e-02
    3.161     4.431     1.901   8.971e-01   281.323    1.4968   4.386e+28  3.273e+28  1.309e+28  2.240e+26  5.585e-04  3.569e-02
    4.431     5.794     2.040   7.633e-01   274.292    1.4964   4.105e+28  3.067e+28  1.227e+28  1.559e+26  1.582e-03  5.084e-02
    5.794     7.130     1.999   6.437e-01   266.742    1.4959   3.488e+28  2.608e+28  1.043e+28  9.430e+25  3.468e-03  7.539e-02
    7.130     8.443     1.964   5.420e-01   259.536    1.4955   2.966e+28  2.219e+28  8.878e+27  5.425e+25  6.372e-03  9.084e-02
    8.443     9.736     1.933   4.556e-01   252.784    1.4951   2.520e+28  1.887e+28  7.546e+27  2.950e+25  9.544e-03  6.699e-02
    9.736    11.010     1.904   3.821e-01   246.185    1.4947   2.137e+28  1.601e+28  6.403e+27  1.539e+25  1.149e-02  2.891e-02
   11.010    12.270     1.883   3.197e-01   239.586    1.4943   1.817e+28  1.361e+28  5.443e+27  7.871e+24  1.048e-02  8.782e-03
   12.270    13.520     1.867   2.666e-01   232.841    1.4939   1.546e+28  1.158e+28  4.633e+27  3.769e+24  6.417e-03  1.293e-03
   13.520    14.770     1.867   2.215e-01   225.894    1.4935   1.323e+28  9.915e+27  3.966e+27  1.640e+24  3.310e-03  9.092e-08
   14.770    16.000     1.837   1.831e-01   218.994    1.4931   1.110e+28  8.319e+27  3.328e+27  6.461e+23  2.197e-03  0.000e+00
   16.000    17.250     1.866   1.505e-01   212.685    1.4927   9.544e+27  7.152e+27  2.861e+27  2.592e+23  1.544e-03  0.000e+00
   17.250    18.510     1.880   1.228e-01   208.007    1.4924   8.020e+27  6.010e+27  2.404e+27  1.214e+23  8.805e-04  0.000e+00
   18.510    19.820     1.954   9.939e-02   205.959    1.4920   6.809e+27  5.102e+27  2.041e+27  7.919e+22  2.524e-04  0.000e+00
   19.820    21.000     1.760   8.078e-02   205.942    1.4916   4.987e+27  3.737e+27  1.495e+27  5.470e+22  2.483e-05  0.000e+00
   21.000    22.020     1.521   6.720e-02   206.297    1.4912   3.582e+27  2.685e+27  1.074e+27  3.866e+22  4.038e-06  0.000e+00
   22.020    23.070     1.565   5.660e-02   206.351    1.4909   3.104e+27  2.326e+27  9.307e+26  3.304e+22  3.053e-06  0.000e+00
   23.070    24.150     1.610   4.744e-02   205.961    1.4906   2.680e+27  2.008e+27  8.035e+26  2.812e+22  2.625e-06  0.000e+00
   24.150    25.260     1.654   3.955e-02   205.018    1.4902   2.307e+27  1.729e+27  6.915e+26  2.393e+22  2.414e-06  0.000e+00
   25.260    26.390     1.684   3.282e-02   203.673    1.4899   1.961e+27  1.469e+27  5.878e+26  2.033e+22  2.403e-06  0.000e+00
   26.390    27.540     1.713   2.710e-02   201.980    1.4895   1.661e+27  1.245e+27  4.979e+26  1.748e+22  3.280e-06  0.000e+00
   27.540    28.700     1.727   2.227e-02   199.984    1.4892   1.390e+27  1.041e+27  4.166e+26  1.487e+22  5.924e-06  0.000e+00
   28.700    29.880     1.757   1.820e-02   197.836    1.4888   1.168e+27  8.750e+26  3.500e+26  1.244e+22  9.464e-06  0.000e+00
   29.880    31.080     1.786   1.480e-02   195.589    1.4884   9.763e+26  7.316e+26  2.927e+26  1.016e+22  1.161e-05  0.000e+00
   31.080    32.290     1.801   1.198e-02   193.386    1.4881   8.057e+26  6.038e+26  2.415e+26  8.144e+21  1.247e-05  0.000e+00
   32.290    33.520     1.830   9.654e-03   191.577    1.4877   6.657e+26  4.989e+26  1.996e+26  6.549e+21  1.201e-05  0.000e+00
   33.520    34.770     1.859   7.736e-03   190.270    1.4873   5.456e+26  4.089e+26  1.636e+26  5.241e+21  9.752e-06  0.000e+00
   34.770    36.040     1.888   6.169e-03   189.219    1.4869   4.443e+26  3.329e+26  1.332e+26  4.168e+21  7.729e-06  0.000e+00
   36.040    37.330     1.918   4.895e-03   188.075    1.4865   3.601e+26  2.698e+26  1.079e+26  3.283e+21  6.920e-06  0.000e+00
   37.330    38.630     1.932   3.865e-03   186.583    1.4862   2.887e+26  2.163e+26  8.654e+25  2.526e+21  6.877e-06  0.000e+00
   38.630    39.950     1.961   3.036e-03   184.691    1.4858   2.325e+26  1.742e+26  6.970e+25  1.923e+21  7.042e-06  0.000e+00
   39.950    41.280     1.976   2.373e-03   182.544    1.4853   1.852e+26  1.388e+26  5.551e+25  1.448e+21  6.337e-06  0.000e+00
   41.280    42.630     2.005   1.846e-03   180.585    1.4849   1.477e+26  1.107e+26  4.429e+25  1.115e+21  4.533e-06  0.000e+00
   42.630    43.990     2.019   1.429e-03   179.796    1.4845   1.156e+26  8.666e+25  3.467e+25  8.706e+20  2.283e-06  0.000e+00
   43.990    45.380     2.063   1.101e-03   180.568    1.4841   9.058e+25  6.788e+25  2.716e+25  6.967e+20  1.072e-06  0.000e+00
   45.380    60.260    22.047   6.673e-04   181.300    1.4817   5.486e+26  4.111e+26  1.645e+26  4.280e+21  5.537e-06  0.000e+00
   60.260    66.140     8.694   3.196e-04   181.300    1.4786   1.098e+26  8.227e+25  3.291e+25  8.566e+20  1.108e-06  0.000e+00
   66.140    74.350    12.122   2.091e-04   181.300    1.4765   9.909e+25  7.426e+25  2.971e+25  7.732e+20  1.000e-06  0.000e+00
   74.350    85.810    16.887   1.166e-04   181.300    1.4736   7.548e+25  5.656e+25  2.263e+25  5.889e+20  7.618e-07  0.000e+00
   85.810   101.800    23.500   5.244e-05   181.300    1.4696   4.547e+25  3.408e+25  1.363e+25  3.548e+20  4.590e-07  0.000e+00
  101.800   124.100    32.652   1.767e-05   181.300    1.4642   1.986e+25  1.488e+25  5.953e+24  1.549e+20  2.004e-07  0.000e+00
  124.100   155.300    45.452   4.052e-06   181.300    1.4568   5.607e+24  4.202e+24  1.681e+24  4.375e+19  5.659e-08  0.000e+00
# ----------------------------------------------------------------------------------------------
# Integrated atmospheric columns                       1.4955   4.450e+29  3.322e+29  1.329e+29  2.246e+27  5.835e-02  6.513e-01
# ----------------------------------------------------------------------------------------------
