# ------------------------------------------------------------------------
# Radiance spectrum
# NASA-GSFC Planetary Spectrum Generator (PSG) (Villanueva et al. 2015)
# Synthesized on Tue Nov 21 15:11:05 2017
# ------------------------------------------------------------------------
# Atmospheric radiances synthesized with PUMAS (Villanueva et al. 2016, Smith et al. 2009, Edwards 1992)
# Molecular abundance profile: 
# Molecules considered: N2,CO2,H2O
# Molecular sources: HIT[22],HIT[2],HIT[1]
# Molecular abundances: 1,1,1
# Molecular abundance units: scl,scl,scl
# Collission-Induced-Absorption:  N2-N2(3.71-5.00um)
# Rayleigh scattering included
# ------------------------------------------------------------------------
# Spectral unit: Wavelength [um]
# Radiance unit: Spectral radiance [W/sr/m2/um]
# Wave/freq Total Stellar TRAPPIST-1-e
1.000000000e+00  3.68049e-03  3.68049e-03  1.97800e-35
1.010000000e+00  3.70309e-03  3.70309e-03  5.01678e-35
1.020000000e+00  3.72363e-03  3.72363e-03  7.53727e-35
1.030000000e+00  3.74214e-03  3.74214e-03  1.19717e-34
1.040000000e+00  3.75867e-03  3.75867e-03  1.40351e-32
1.050000000e+00  3.77327e-03  3.77327e-03  9.41924e-34
1.060000000e+00  3.78601e-03  3.78601e-03  3.84773e-33
1.070000000e+00  3.79691e-03  3.79691e-03  1.74753e-32
1.080000000e+00  3.80605e-03  3.80605e-03  3.79638e-33
1.090000000e+00  3.81347e-03  3.81347e-03  4.82551e-33
1.100000000e+00  3.81922e-03  3.81922e-03  1.65161e-32
1.110000000e+00  3.82337e-03  3.82337e-03  5.96009e-32
1.120000000e+00  3.82595e-03  3.82595e-03  9.63796e-31
1.130000000e+00  3.82703e-03  3.82703e-03  2.25645e-30
1.140000000e+00  3.82666e-03  3.82666e-03  1.34441e-30
1.150000000e+00  3.82489e-03  3.82489e-03  3.51662e-30
1.160000000e+00  3.82177e-03  3.82177e-03  1.44270e-30
1.170000000e+00  3.81734e-03  3.81734e-03  4.82963e-31
1.180000000e+00  3.81168e-03  3.81168e-03  9.03008e-31
1.190000000e+00  3.80481e-03  3.80481e-03  1.78441e-30
1.200000000e+00  3.79679e-03  3.79679e-03  2.08226e-30
1.210000000e+00  3.78768e-03  3.78768e-03  1.81924e-28
1.220000000e+00  3.77751e-03  3.77751e-03  1.36130e-28
1.230000000e+00  3.76632e-03  3.76632e-03  1.40593e-28
1.240000000e+00  3.75418e-03  3.75418e-03  4.98938e-29
1.250000000e+00  3.74111e-03  3.74111e-03  8.50744e-30
1.260000000e+00  3.72717e-03  3.72717e-03  3.31411e-29
1.270000000e+00  3.71239e-03  3.71239e-03  4.53300e-29
1.280000000e+00  3.69682e-03  3.69682e-03  1.44667e-29
1.290000000e+00  3.68049e-03  3.68049e-03  1.72762e-28
1.300000000e+00  3.66345e-03  3.66345e-03  4.60176e-28
1.310000000e+00  3.64573e-03  3.64573e-03  9.47592e-29
1.320000000e+00  3.62736e-03  3.62736e-03  3.90491e-27
1.330000000e+00  3.60839e-03  3.60839e-03  4.36482e-28
1.340000000e+00  3.58885e-03  3.58885e-03  4.85748e-27
1.350000000e+00  3.56877e-03  3.56877e-03  5.36099e-27
1.360000000e+00  3.54817e-03  3.54817e-03  2.13557e-26
1.370000000e+00  3.52711e-03  3.52711e-03  3.29112e-26
1.380000000e+00  3.50559e-03  3.50559e-03  3.80790e-26
1.390000000e+00  3.48366e-03  3.48366e-03  4.35368e-26
1.400000000e+00  3.46134e-03  3.46134e-03  5.33669e-26
1.410000000e+00  3.43866e-03  3.43866e-03  8.23188e-26
1.420000000e+00  3.41564e-03  3.41564e-03  2.92712e-26
1.430000000e+00  3.39231e-03  3.39231e-03  6.31526e-26
1.440000000e+00  3.36870e-03  3.36870e-03  6.52074e-25
1.450000000e+00  3.34482e-03  3.34482e-03  4.79782e-25
1.460000000e+00  3.32070e-03  3.32070e-03  9.50604e-26
1.470000000e+00  3.29636e-03  3.29636e-03  1.62120e-25
1.480000000e+00  3.27183e-03  3.27183e-03  4.90012e-25
1.490000000e+00  3.24711e-03  3.24711e-03  3.00695e-25
1.500000000e+00  3.22224e-03  3.22224e-03  6.52801e-25
1.510000000e+00  3.19723e-03  3.19723e-03  2.73153e-25
1.520000000e+00  3.17209e-03  3.17209e-03  3.12061e-25
1.530000000e+00  3.14685e-03  3.14685e-03  1.61044e-24
1.540000000e+00  3.12152e-03  3.12152e-03  3.74515e-24
1.550000000e+00  3.09611e-03  3.09611e-03  1.28543e-24
1.560000000e+00  3.07064e-03  3.07064e-03  7.34892e-25
1.570000000e+00  3.04513e-03  3.04513e-03  5.94616e-24
1.580000000e+00  3.01959e-03  3.01959e-03  2.06877e-23
1.590000000e+00  2.99402e-03  2.99402e-03  5.41784e-24
1.600000000e+00  2.96846e-03  2.96846e-03  1.22264e-23
1.610000000e+00  2.94289e-03  2.94289e-03  3.98730e-23
1.620000000e+00  2.91734e-03  2.91734e-03  2.39627e-23
1.630000000e+00  2.89182e-03  2.89182e-03  1.02189e-23
1.640000000e+00  2.86634e-03  2.86634e-03  2.06718e-23
1.650000000e+00  2.84091e-03  2.84091e-03  3.31232e-23
1.660000000e+00  2.81553e-03  2.81553e-03  1.98640e-23
1.670000000e+00  2.79021e-03  2.79021e-03  1.71539e-23
1.680000000e+00  2.76497e-03  2.76497e-03  1.26753e-23
1.690000000e+00  2.73981e-03  2.73981e-03  6.67984e-24
1.700000000e+00  2.71474e-03  2.71474e-03  5.25912e-24
1.710000000e+00  2.68977e-03  2.68977e-03  1.23777e-23
1.720000000e+00  2.66490e-03  2.66490e-03  8.84112e-24
1.730000000e+00  2.64013e-03  2.64013e-03  7.35027e-24
1.740000000e+00  2.61549e-03  2.61549e-03  8.35999e-24
1.750000000e+00  2.59096e-03  2.59096e-03  1.13992e-23
1.760000000e+00  2.56656e-03  2.56656e-03  1.77794e-23
1.770000000e+00  2.54229e-03  2.54229e-03  2.21516e-23
1.780000000e+00  2.51815e-03  2.51815e-03  2.31458e-23
1.790000000e+00  2.49415e-03  2.49415e-03  3.41069e-23
1.800000000e+00  2.47030e-03  2.47030e-03  5.03875e-23
1.810000000e+00  2.44660e-03  2.44660e-03  1.08600e-22
1.820000000e+00  2.42304e-03  2.42304e-03  3.17224e-22
1.830000000e+00  2.39964e-03  2.39964e-03  5.18672e-22
1.840000000e+00  2.37640e-03  2.37640e-03  1.08340e-21
1.850000000e+00  2.35332e-03  2.35332e-03  1.12380e-21
1.860000000e+00  2.33041e-03  2.33041e-03  1.57635e-21
1.870000000e+00  2.30765e-03  2.30765e-03  1.43722e-21
1.880000000e+00  2.28507e-03  2.28507e-03  3.83944e-21
1.890000000e+00  2.26266e-03  2.26266e-03  3.79795e-21
1.900000000e+00  2.24041e-03  2.24041e-03  2.26453e-21
1.910000000e+00  2.21834e-03  2.21834e-03  3.69086e-21
1.920000000e+00  2.19645e-03  2.19645e-03  2.78831e-21
1.930000000e+00  2.17473e-03  2.17473e-03  3.09632e-21
1.940000000e+00  2.15319e-03  2.15319e-03  5.17441e-21
1.950000000e+00  2.13183e-03  2.13183e-03  2.91978e-20
1.960000000e+00  2.11065e-03  2.11065e-03  2.36857e-20
1.970000000e+00  2.08964e-03  2.08964e-03  3.22160e-20
1.980000000e+00  2.06882e-03  2.06882e-03  4.41968e-20
1.990000000e+00  2.04818e-03  2.04818e-03  3.07603e-20
2.000000000e+00  2.02772e-03  2.02772e-03  5.54963e-20
2.010000000e+00  2.00745e-03  2.00745e-03  2.53309e-20
2.020000000e+00  1.98735e-03  1.98735e-03  4.52690e-20
2.030000000e+00  1.96744e-03  1.96744e-03  1.04541e-19
2.040000000e+00  1.94771e-03  1.94771e-03  1.13167e-19
2.050000000e+00  1.92816e-03  1.92816e-03  1.34710e-19
2.060000000e+00  1.90880e-03  1.90880e-03  1.22145e-19
2.070000000e+00  1.88961e-03  1.88961e-03  1.60584e-19
2.080000000e+00  1.87061e-03  1.87061e-03  2.06585e-19
2.090000000e+00  1.85179e-03  1.85179e-03  2.15376e-19
2.100000000e+00  1.83315e-03  1.83315e-03  1.85208e-19
2.110000000e+00  1.81469e-03  1.81469e-03  1.22113e-19
2.120000000e+00  1.79641e-03  1.79641e-03  1.08917e-19
2.130000000e+00  1.77831e-03  1.77831e-03  4.24097e-20
2.140000000e+00  1.76039e-03  1.76039e-03  3.03220e-20
2.150000000e+00  1.74264e-03  1.74264e-03  1.19095e-19
2.160000000e+00  1.72507e-03  1.72507e-03  1.25431e-19
2.170000000e+00  1.70768e-03  1.70768e-03  1.54394e-19
2.180000000e+00  1.69046e-03  1.69046e-03  8.26975e-20
2.190000000e+00  1.67341e-03  1.67341e-03  3.56569e-20
2.200000000e+00  1.65654e-03  1.65654e-03  2.34903e-20
2.210000000e+00  1.63984e-03  1.63984e-03  1.82647e-20
2.220000000e+00  1.62331e-03  1.62331e-03  2.69250e-20
2.230000000e+00  1.60695e-03  1.60695e-03  2.74762e-20
2.240000000e+00  1.59076e-03  1.59076e-03  1.88160e-20
2.250000000e+00  1.57474e-03  1.57474e-03  2.28251e-20
2.260000000e+00  1.55889e-03  1.55889e-03  4.25014e-20
2.270000000e+00  1.54319e-03  1.54319e-03  2.97203e-20
2.280000000e+00  1.52767e-03  1.52767e-03  4.03993e-20
2.290000000e+00  1.51230e-03  1.51230e-03  3.80108e-20
2.300000000e+00  1.49710e-03  1.49710e-03  4.60321e-20
2.310000000e+00  1.48206e-03  1.48206e-03  5.49844e-20
2.320000000e+00  1.46718e-03  1.46718e-03  6.68194e-20
2.330000000e+00  1.45245e-03  1.45245e-03  8.22405e-20
2.340000000e+00  1.43788e-03  1.43788e-03  1.00434e-19
2.350000000e+00  1.42347e-03  1.42347e-03  1.22371e-19
2.360000000e+00  1.40921e-03  1.40921e-03  1.51303e-19
2.370000000e+00  1.39510e-03  1.39510e-03  1.75339e-19
2.380000000e+00  1.38115e-03  1.38115e-03  2.22247e-19
2.390000000e+00  1.36734e-03  1.36734e-03  2.73098e-19
2.400000000e+00  1.35368e-03  1.35368e-03  3.23497e-19
2.410000000e+00  1.34017e-03  1.34017e-03  4.00545e-19
2.420000000e+00  1.32681e-03  1.32681e-03  5.09197e-19
2.430000000e+00  1.31359e-03  1.31359e-03  4.99450e-19
2.440000000e+00  1.30051e-03  1.30051e-03  1.03188e-18
2.450000000e+00  1.28757e-03  1.28757e-03  9.58382e-19
2.460000000e+00  1.27478e-03  1.27478e-03  8.62858e-19
2.470000000e+00  1.26212e-03  1.26212e-03  1.19998e-18
2.480000000e+00  1.24960e-03  1.24960e-03  2.07116e-18
2.490000000e+00  1.23722e-03  1.23722e-03  3.81331e-18
2.500000000e+00  1.22498e-03  1.22498e-03  3.96732e-18
2.510000000e+00  1.21286e-03  1.21286e-03  4.28819e-18
2.520000000e+00  1.20088e-03  1.20088e-03  5.59561e-18
2.530000000e+00  1.18903e-03  1.18903e-03  6.28762e-18
2.540000000e+00  1.17731e-03  1.17731e-03  1.06633e-17
2.550000000e+00  1.16572e-03  1.16572e-03  1.67930e-17
2.560000000e+00  1.15425e-03  1.15425e-03  1.34521e-17
2.570000000e+00  1.14291e-03  1.14291e-03  3.46472e-17
2.580000000e+00  1.13170e-03  1.13170e-03  5.03559e-17
2.590000000e+00  1.12060e-03  1.12060e-03  6.60110e-17
2.600000000e+00  1.10963e-03  1.10963e-03  8.03768e-17
2.610000000e+00  1.09878e-03  1.09878e-03  9.22618e-17
2.620000000e+00  1.08805e-03  1.08805e-03  1.07452e-16
2.630000000e+00  1.07744e-03  1.07744e-03  1.06022e-16
2.640000000e+00  1.06694e-03  1.06694e-03  1.06331e-16
2.650000000e+00  1.05656e-03  1.05656e-03  1.03401e-16
2.660000000e+00  1.04629e-03  1.04629e-03  1.85563e-16
2.670000000e+00  1.03614e-03  1.03614e-03  1.05265e-16
2.680000000e+00  1.02610e-03  1.02610e-03  1.38271e-17
2.690000000e+00  1.01616e-03  1.01616e-03  5.40285e-18
2.700000000e+00  1.00634e-03  1.00634e-03  8.33080e-18
2.710000000e+00  9.96623e-04  9.96623e-04  1.02843e-17
2.720000000e+00  9.87014e-04  9.87014e-04  3.03188e-17
2.730000000e+00  9.77511e-04  9.77511e-04  8.53626e-17
2.740000000e+00  9.68112e-04  9.68112e-04  1.05018e-16
2.750000000e+00  9.58816e-04  9.58816e-04  5.41489e-17
2.760000000e+00  9.49622e-04  9.49622e-04  1.79125e-17
2.770000000e+00  9.40529e-04  9.40529e-04  1.91211e-17
2.780000000e+00  9.31536e-04  9.31536e-04  1.80008e-17
2.790000000e+00  9.22641e-04  9.22641e-04  2.75183e-17
2.800000000e+00  9.13844e-04  9.13844e-04  6.04854e-17
2.810000000e+00  9.05143e-04  9.05143e-04  1.12893e-16
2.820000000e+00  8.96538e-04  8.96538e-04  1.70871e-16
2.830000000e+00  8.88027e-04  8.88027e-04  2.36996e-16
2.840000000e+00  8.79608e-04  8.79608e-04  3.94118e-16
2.850000000e+00  8.71282e-04  8.71282e-04  3.55961e-16
2.860000000e+00  8.63047e-04  8.63047e-04  5.67639e-16
2.870000000e+00  8.54902e-04  8.54902e-04  1.18999e-15
2.880000000e+00  8.46846e-04  8.46846e-04  1.62056e-15
2.890000000e+00  8.38878e-04  8.38878e-04  2.24000e-15
2.900000000e+00  8.30996e-04  8.30996e-04  2.78717e-15
2.910000000e+00  8.23201e-04  8.23201e-04  2.92778e-15
2.920000000e+00  8.15490e-04  8.15490e-04  3.01448e-15
2.930000000e+00  8.07863e-04  8.07863e-04  2.97723e-15
2.940000000e+00  8.00320e-04  8.00320e-04  2.94897e-15
2.950000000e+00  7.92858e-04  7.92858e-04  2.93981e-15
2.960000000e+00  7.85477e-04  7.85477e-04  2.86345e-15
2.970000000e+00  7.78176e-04  7.78176e-04  2.70887e-15
2.980000000e+00  7.70954e-04  7.70954e-04  2.51320e-15
2.990000000e+00  7.63811e-04  7.63811e-04  2.50168e-15
3.000000000e+00  7.56745e-04  7.56745e-04  2.69862e-15
3.010000000e+00  7.49755e-04  7.49755e-04  2.93691e-15
3.020000000e+00  7.42841e-04  7.42841e-04  2.83983e-15
3.030000000e+00  7.36001e-04  7.36001e-04  2.98620e-15
3.040000000e+00  7.29236e-04  7.29236e-04  3.13791e-15
3.050000000e+00  7.22543e-04  7.22543e-04  3.22918e-15
3.060000000e+00  7.15922e-04  7.15922e-04  3.28195e-15
3.070000000e+00  7.09372e-04  7.09372e-04  3.36010e-15
3.080000000e+00  7.02893e-04  7.02893e-04  3.44463e-15
3.090000000e+00  6.96483e-04  6.96483e-04  3.56726e-15
3.100000000e+00  6.90142e-04  6.90142e-04  3.69974e-15
3.110000000e+00  6.83869e-04  6.83869e-04  3.82097e-15
3.120000000e+00  6.77663e-04  6.77663e-04  3.91105e-15
3.130000000e+00  6.71523e-04  6.71523e-04  4.01267e-15
3.140000000e+00  6.65449e-04  6.65449e-04  4.17394e-15
3.150000000e+00  6.59440e-04  6.59440e-04  4.33782e-15
3.160000000e+00  6.53494e-04  6.53494e-04  4.43388e-15
3.170000000e+00  6.47612e-04  6.47612e-04  4.53520e-15
3.180000000e+00  6.41793e-04  6.41793e-04  4.69057e-15
3.190000000e+00  6.36035e-04  6.36035e-04  4.84775e-15
3.200000000e+00  6.30339e-04  6.30339e-04  4.96069e-15
3.210000000e+00  6.24702e-04  6.24702e-04  5.02006e-15
3.220000000e+00  6.19126e-04  6.19126e-04  5.06058e-15
3.230000000e+00  6.13608e-04  6.13608e-04  5.10218e-15
3.240000000e+00  6.08149e-04  6.08149e-04  5.12593e-15
3.250000000e+00  6.02747e-04  6.02747e-04  5.15953e-15
3.260000000e+00  5.97402e-04  5.97402e-04  5.15923e-15
3.270000000e+00  5.92114e-04  5.92114e-04  5.14955e-15
3.280000000e+00  5.86881e-04  5.86881e-04  5.10710e-15
3.290000000e+00  5.81702e-04  5.81702e-04  5.03991e-15
3.300000000e+00  5.76579e-04  5.76579e-04  4.99136e-15
3.310000000e+00  5.71508e-04  5.71508e-04  4.91688e-15
3.320000000e+00  5.66491e-04  5.66491e-04  4.79180e-15
3.330000000e+00  5.61527e-04  5.61527e-04  4.73578e-15
3.340000000e+00  5.56614e-04  5.56614e-04  4.61350e-15
3.350000000e+00  5.51752e-04  5.51752e-04  4.51989e-15
3.360000000e+00  5.46941e-04  5.46941e-04  4.44598e-15
3.370000000e+00  5.42180e-04  5.42180e-04  4.23742e-15
3.380000000e+00  5.37468e-04  5.37468e-04  4.05306e-15
3.390000000e+00  5.32805e-04  5.32805e-04  3.90188e-15
3.400000000e+00  5.28190e-04  5.28190e-04  3.81734e-15
3.410000000e+00  5.23623e-04  5.23623e-04  3.72715e-15
3.420000000e+00  5.19104e-04  5.19104e-04  3.61145e-15
3.430000000e+00  5.14631e-04  5.14631e-04  3.47914e-15
3.440000000e+00  5.10203e-04  5.10203e-04  3.32994e-15
3.450000000e+00  5.05822e-04  5.05822e-04  3.17739e-15
3.460000000e+00  5.01485e-04  5.01485e-04  3.11070e-15
3.470000000e+00  4.97193e-04  4.97193e-04  3.06513e-15
3.480000000e+00  4.92945e-04  4.92945e-04  3.01136e-15
3.490000000e+00  4.88741e-04  4.88741e-04  2.94438e-15
3.500000000e+00  4.84579e-04  4.84579e-04  2.86347e-15
3.510000000e+00  4.80460e-04  4.80460e-04  2.76983e-15
3.520000000e+00  4.76383e-04  4.76383e-04  2.68901e-15
3.530000000e+00  4.72347e-04  4.72347e-04  2.68315e-15
3.540000000e+00  4.68352e-04  4.68352e-04  2.67579e-15
3.550000000e+00  4.64398e-04  4.64398e-04  2.66623e-15
3.560000000e+00  4.60484e-04  4.60484e-04  2.66792e-15
3.570000000e+00  4.56609e-04  4.56609e-04  2.68686e-15
3.580000000e+00  4.52774e-04  4.52774e-04  2.72247e-15
3.590000000e+00  4.48977e-04  4.48977e-04  2.87674e-15
3.600000000e+00  4.45219e-04  4.45219e-04  3.38637e-15
3.610000000e+00  4.41498e-04  4.41498e-04  4.01129e-15
3.620000000e+00  4.37815e-04  4.37815e-04  4.46608e-15
3.630000000e+00  4.34169e-04  4.34169e-04  3.92532e-15
3.640000000e+00  4.30559e-04  4.30559e-04  4.18670e-15
3.650000000e+00  4.26986e-04  4.26986e-04  4.74176e-15
3.660000000e+00  4.23448e-04  4.23448e-04  4.17107e-15
3.670000000e+00  4.19945e-04  4.19945e-04  3.46035e-15
3.680000000e+00  4.16478e-04  4.16478e-04  3.24692e-15
3.690000000e+00  4.13044e-04  4.13044e-04  3.28310e-15
3.700000000e+00  4.09645e-04  4.09645e-04  3.35627e-15
3.710000000e+00  4.06280e-04  4.06280e-04  3.41528e-15
3.720000000e+00  4.02948e-04  4.02948e-04  3.58507e-15
3.730000000e+00  3.99649e-04  3.99649e-04  3.69058e-15
3.740000000e+00  3.96383e-04  3.96383e-04  3.80815e-15
3.750000000e+00  3.93148e-04  3.93148e-04  4.05870e-15
3.760000000e+00  3.89946e-04  3.89946e-04  4.71818e-15
3.770000000e+00  3.86775e-04  3.86775e-04  5.65915e-15
3.780000000e+00  3.83635e-04  3.83635e-04  6.69461e-15
3.790000000e+00  3.80526e-04  3.80526e-04  8.34307e-15
3.800000000e+00  3.77448e-04  3.77448e-04  1.23848e-14
3.810000000e+00  3.74400e-04  3.74400e-04  1.78231e-14
3.820000000e+00  3.71381e-04  3.71381e-04  1.79202e-14
3.830000000e+00  3.68392e-04  3.68392e-04  1.35813e-14
3.840000000e+00  3.65432e-04  3.65432e-04  1.70469e-14
3.850000000e+00  3.62500e-04  3.62500e-04  1.95596e-14
3.860000000e+00  3.59597e-04  3.59597e-04  1.71954e-14
3.870000000e+00  3.56723e-04  3.56723e-04  1.30810e-14
3.880000000e+00  3.53876e-04  3.53876e-04  1.02812e-14
3.890000000e+00  3.51056e-04  3.51056e-04  9.15052e-15
3.900000000e+00  3.48264e-04  3.48264e-04  8.82946e-15
3.910000000e+00  3.45499e-04  3.45499e-04  9.05140e-15
3.920000000e+00  3.42760e-04  3.42760e-04  9.59566e-15
3.930000000e+00  3.40048e-04  3.40048e-04  1.05078e-14
3.940000000e+00  3.37361e-04  3.37361e-04  1.19053e-14
3.950000000e+00  3.34701e-04  3.34701e-04  1.37857e-14
3.960000000e+00  3.32066e-04  3.32066e-04  1.73318e-14
3.970000000e+00  3.29456e-04  3.29456e-04  2.15484e-14
3.980000000e+00  3.26870e-04  3.26870e-04  2.80034e-14
3.990000000e+00  3.24310e-04  3.24310e-04  3.23666e-14
4.000000000e+00  3.21774e-04  3.21774e-04  2.84294e-14
4.010000000e+00  3.19262e-04  3.19262e-04  2.71165e-14
4.020000000e+00  3.16773e-04  3.16773e-04  3.47764e-14
4.030000000e+00  3.14309e-04  3.14309e-04  3.57682e-14
4.040000000e+00  3.11867e-04  3.11867e-04  3.27211e-14
4.050000000e+00  3.09449e-04  3.09449e-04  2.84237e-14
4.060000000e+00  3.07053e-04  3.07053e-04  2.47472e-14
4.070000000e+00  3.04680e-04  3.04680e-04  2.44730e-14
4.080000000e+00  3.02329e-04  3.02329e-04  2.87565e-14
4.090000000e+00  3.00000e-04  3.00000e-04  3.51344e-14
4.100000000e+00  2.97693e-04  2.97693e-04  4.03833e-14
4.110000000e+00  2.95408e-04  2.95408e-04  4.07534e-14
4.120000000e+00  2.93144e-04  2.93144e-04  3.87991e-14
4.130000000e+00  2.90901e-04  2.90901e-04  4.00960e-14
4.140000000e+00  2.88679e-04  2.88679e-04  4.59645e-14
4.150000000e+00  2.86478e-04  2.86478e-04  4.61383e-14
4.160000000e+00  2.84297e-04  2.84297e-04  8.01697e-14
4.170000000e+00  2.82136e-04  2.82136e-04  1.59775e-13
4.180000000e+00  2.79995e-04  2.79995e-04  1.40696e-13
4.190000000e+00  2.77874e-04  2.77874e-04  8.65268e-14
4.200000000e+00  2.75773e-04  2.75773e-04  4.92978e-14
4.210000000e+00  2.73691e-04  2.73691e-04  2.61828e-14
4.220000000e+00  2.71628e-04  2.71628e-04  1.76273e-14
4.230000000e+00  2.69584e-04  2.69584e-04  1.72229e-14
4.240000000e+00  2.67559e-04  2.67559e-04  1.78199e-14
4.250000000e+00  2.65552e-04  2.65552e-04  1.84267e-14
4.260000000e+00  2.63564e-04  2.63564e-04  1.90323e-14
4.270000000e+00  2.61594e-04  2.61594e-04  1.96710e-14
4.280000000e+00  2.59642e-04  2.59642e-04  2.03330e-14
4.290000000e+00  2.57707e-04  2.57707e-04  2.10039e-14
4.300000000e+00  2.55790e-04  2.55790e-04  2.16829e-14
4.310000000e+00  2.53891e-04  2.53891e-04  2.24357e-14
4.320000000e+00  2.52009e-04  2.52009e-04  2.35989e-14
4.330000000e+00  2.50144e-04  2.50144e-04  2.63912e-14
4.340000000e+00  2.48295e-04  2.48295e-04  3.07368e-14
4.350000000e+00  2.46463e-04  2.46463e-04  3.51774e-14
4.360000000e+00  2.44648e-04  2.44648e-04  3.64297e-14
4.370000000e+00  2.42849e-04  2.42849e-04  3.89181e-14
4.380000000e+00  2.41067e-04  2.41067e-04  4.62479e-14
4.390000000e+00  2.39300e-04  2.39300e-04  5.71633e-14
4.400000000e+00  2.37549e-04  2.37549e-04  5.01191e-14
4.410000000e+00  2.35814e-04  2.35814e-04  5.20461e-14
4.420000000e+00  2.34094e-04  2.34094e-04  5.88526e-14
4.430000000e+00  2.32390e-04  2.32390e-04  7.04596e-14
4.440000000e+00  2.30700e-04  2.30700e-04  8.68287e-14
4.450000000e+00  2.29026e-04  2.29026e-04  1.14496e-13
4.460000000e+00  2.27367e-04  2.27367e-04  1.58534e-13
4.470000000e+00  2.25722e-04  2.25722e-04  1.98427e-13
4.480000000e+00  2.24092e-04  2.24092e-04  2.74517e-13
4.490000000e+00  2.22476e-04  2.22476e-04  3.32728e-13
4.500000000e+00  2.20874e-04  2.20874e-04  3.70772e-13
4.510000000e+00  2.19287e-04  2.19287e-04  3.91903e-13
4.520000000e+00  2.17714e-04  2.17714e-04  3.73812e-13
4.530000000e+00  2.16154e-04  2.16154e-04  3.23608e-13
4.540000000e+00  2.14608e-04  2.14608e-04  2.81815e-13
4.550000000e+00  2.13075e-04  2.13075e-04  2.45743e-13
4.560000000e+00  2.11556e-04  2.11556e-04  2.33034e-13
4.570000000e+00  2.10051e-04  2.10051e-04  2.20664e-13
4.580000000e+00  2.08558e-04  2.08558e-04  2.15899e-13
4.590000000e+00  2.07078e-04  2.07078e-04  2.13347e-13
4.600000000e+00  2.05611e-04  2.05611e-04  2.12129e-13
4.610000000e+00  2.04157e-04  2.04157e-04  2.12682e-13
4.620000000e+00  2.02716e-04  2.02716e-04  2.32399e-13
4.630000000e+00  2.01287e-04  2.01287e-04  2.42503e-13
4.640000000e+00  1.99870e-04  1.99870e-04  2.39572e-13
4.650000000e+00  1.98466e-04  1.98466e-04  2.40070e-13
4.660000000e+00  1.97073e-04  1.97073e-04  2.36441e-13
4.670000000e+00  1.95693e-04  1.95693e-04  2.34935e-13
4.680000000e+00  1.94324e-04  1.94324e-04  2.68771e-13
4.690000000e+00  1.92967e-04  1.92967e-04  2.89217e-13
4.700000000e+00  1.91622e-04  1.91622e-04  3.28725e-13
4.710000000e+00  1.90288e-04  1.90288e-04  4.33278e-13
4.720000000e+00  1.88966e-04  1.88966e-04  4.10274e-13
4.730000000e+00  1.87655e-04  1.87655e-04  4.84391e-13
4.740000000e+00  1.86355e-04  1.86355e-04  5.30372e-13
4.750000000e+00  1.85066e-04  1.85066e-04  5.56141e-13
4.760000000e+00  1.83788e-04  1.83788e-04  5.70175e-13
4.770000000e+00  1.82521e-04  1.82521e-04  5.78065e-13
4.780000000e+00  1.81265e-04  1.81265e-04  5.97979e-13
4.790000000e+00  1.80019e-04  1.80019e-04  6.55149e-13
4.800000000e+00  1.78783e-04  1.78783e-04  7.03150e-13
4.810000000e+00  1.77559e-04  1.77559e-04  7.31042e-13
4.820000000e+00  1.76344e-04  1.76344e-04  5.48566e-13
4.830000000e+00  1.75140e-04  1.75140e-04  6.78225e-13
4.840000000e+00  1.73945e-04  1.73945e-04  7.29029e-13
4.850000000e+00  1.72761e-04  1.72761e-04  7.48220e-13
4.860000000e+00  1.71587e-04  1.71587e-04  7.27005e-13
4.870000000e+00  1.70422e-04  1.70422e-04  7.72708e-13
4.880000000e+00  1.69267e-04  1.69267e-04  8.35503e-13
4.890000000e+00  1.68122e-04  1.68122e-04  8.06743e-13
4.900000000e+00  1.66986e-04  1.66986e-04  8.74974e-13
4.910000000e+00  1.65860e-04  1.65860e-04  8.67796e-13
4.920000000e+00  1.64743e-04  1.64743e-04  7.69930e-13
4.930000000e+00  1.63635e-04  1.63635e-04  7.25084e-13
4.940000000e+00  1.62536e-04  1.62536e-04  6.91965e-13
4.950000000e+00  1.61447e-04  1.61447e-04  7.06499e-13
4.960000000e+00  1.60366e-04  1.60366e-04  6.43366e-13
4.970000000e+00  1.59294e-04  1.59294e-04  5.85356e-13
4.980000000e+00  1.58232e-04  1.58232e-04  5.44167e-13
4.990000000e+00  1.57177e-04  1.57177e-04  4.61974e-13
5.000000000e+00  1.56132e-04  1.56132e-04  5.36580e-13
