# ------------------------------------------------------------------------
# Radiance spectrum
# NASA-GSFC Planetary Spectrum Generator (PSG) (Villanueva et al. 2015)
# Synthesized on Tue Nov 21 15:11:57 2017
# ------------------------------------------------------------------------
# Atmospheric radiances synthesized with PUMAS (Villanueva et al. 2016, Smith et al. 2009, Edwards 1992)
# Molecular abundance profile: 
# Molecules considered: N2,CO2,H2O
# Molecular sources: HIT[22],HIT[2],HIT[1]
# Molecular abundances: 1,1,1
# Molecular abundance units: scl,scl,scl
# Collission-Induced-Absorption:  N2-N2(3.33-5.41um)
# Rayleigh scattering included
# ------------------------------------------------------------------------
# Spectral unit: Wavelength [um]
# Radiance unit: Spectral radiance [W/sr/m2/um]
# Wave/freq Total Stellar TRAPPIST-1-e
1.000000000e+00  3.68049e-03  3.68049e-03  1.22406e-10
1.010000000e+00  3.70309e-03  3.70309e-03  1.23190e-10
1.020000000e+00  3.72363e-03  3.72363e-03  1.23910e-10
1.030000000e+00  3.74214e-03  3.74214e-03  1.24564e-10
1.040000000e+00  3.75867e-03  3.75867e-03  1.22975e-10
1.050000000e+00  3.77327e-03  3.77327e-03  1.25661e-10
1.060000000e+00  3.78601e-03  3.78601e-03  1.26003e-10
1.070000000e+00  3.79691e-03  3.79691e-03  1.25912e-10
1.080000000e+00  3.80605e-03  3.80605e-03  1.26835e-10
1.090000000e+00  3.81347e-03  3.81347e-03  1.27184e-10
1.100000000e+00  3.81922e-03  3.81922e-03  1.27393e-10
1.110000000e+00  3.82337e-03  3.82337e-03  1.27574e-10
1.120000000e+00  3.82595e-03  3.82595e-03  1.27185e-10
1.130000000e+00  3.82703e-03  3.82703e-03  1.27086e-10
1.140000000e+00  3.82666e-03  3.82666e-03  1.27547e-10
1.150000000e+00  3.82489e-03  3.82489e-03  1.27409e-10
1.160000000e+00  3.82177e-03  3.82177e-03  1.27688e-10
1.170000000e+00  3.81735e-03  3.81734e-03  1.27649e-10
1.180000000e+00  3.81168e-03  3.81168e-03  1.27482e-10
1.190000000e+00  3.80481e-03  3.80481e-03  1.27284e-10
1.200000000e+00  3.79680e-03  3.79679e-03  1.27067e-10
1.210000000e+00  3.78768e-03  3.78768e-03  1.19124e-10
1.220000000e+00  3.77751e-03  3.77751e-03  1.21954e-10
1.230000000e+00  3.76632e-03  3.76632e-03  1.23095e-10
1.240000000e+00  3.75418e-03  3.75418e-03  1.24639e-10
1.250000000e+00  3.74111e-03  3.74111e-03  1.25349e-10
1.260000000e+00  3.72717e-03  3.72717e-03  1.24622e-10
1.270000000e+00  3.71239e-03  3.71239e-03  1.24130e-10
1.280000000e+00  3.69682e-03  3.69682e-03  1.24032e-10
1.290000000e+00  3.68049e-03  3.68049e-03  1.22978e-10
1.300000000e+00  3.66345e-03  3.66345e-03  1.21909e-10
1.310000000e+00  3.64573e-03  3.64573e-03  1.22358e-10
1.320000000e+00  3.62736e-03  3.62736e-03  1.17875e-10
1.330000000e+00  3.60839e-03  3.60839e-03  1.21097e-10
1.340000000e+00  3.58885e-03  3.58885e-03  1.17816e-10
1.350000000e+00  3.56877e-03  3.56877e-03  1.19084e-10
1.360000000e+00  3.54817e-03  3.54817e-03  1.17698e-10
1.370000000e+00  3.52711e-03  3.52711e-03  1.16705e-10
1.380000000e+00  3.50559e-03  3.50559e-03  1.16011e-10
1.390000000e+00  3.48366e-03  3.48366e-03  1.15803e-10
1.400000000e+00  3.46134e-03  3.46134e-03  1.15151e-10
1.410000000e+00  3.43866e-03  3.43866e-03  1.14183e-10
1.420000000e+00  3.41564e-03  3.41564e-03  1.14657e-10
1.430000000e+00  3.39231e-03  3.39231e-03  1.13574e-10
1.440000000e+00  3.36870e-03  3.36870e-03  9.60115e-11
1.450000000e+00  3.34482e-03  3.34482e-03  1.04604e-10
1.460000000e+00  3.32070e-03  3.32070e-03  1.11007e-10
1.470000000e+00  3.29636e-03  3.29636e-03  1.10206e-10
1.480000000e+00  3.27183e-03  3.27183e-03  1.06778e-10
1.490000000e+00  3.24711e-03  3.24711e-03  1.07923e-10
1.500000000e+00  3.22224e-03  3.22224e-03  1.04897e-10
1.510000000e+00  3.19723e-03  3.19723e-03  1.07053e-10
1.520000000e+00  3.17209e-03  3.17209e-03  1.06318e-10
1.530000000e+00  3.14685e-03  3.14685e-03  1.02059e-10
1.540000000e+00  3.12152e-03  3.12152e-03  9.97179e-11
1.550000000e+00  3.09611e-03  3.09611e-03  1.02876e-10
1.560000000e+00  3.07064e-03  3.07064e-03  1.02770e-10
1.570000000e+00  3.04513e-03  3.04513e-03  9.82577e-11
1.580000000e+00  3.01959e-03  3.01959e-03  8.97625e-11
1.590000000e+00  2.99402e-03  2.99402e-03  9.86077e-11
1.600000000e+00  2.96846e-03  2.96846e-03  9.49487e-11
1.610000000e+00  2.94289e-03  2.94289e-03  8.78156e-11
1.620000000e+00  2.91734e-03  2.91734e-03  9.30328e-11
1.630000000e+00  2.89182e-03  2.89182e-03  9.49471e-11
1.640000000e+00  2.86634e-03  2.86634e-03  9.27291e-11
1.650000000e+00  2.84091e-03  2.84091e-03  9.23273e-11
1.660000000e+00  2.81553e-03  2.81553e-03  9.29431e-11
1.670000000e+00  2.79021e-03  2.79021e-03  9.23528e-11
1.680000000e+00  2.76497e-03  2.76497e-03  9.18633e-11
1.690000000e+00  2.73981e-03  2.73981e-03  9.19903e-11
1.700000000e+00  2.71474e-03  2.71474e-03  9.13607e-11
1.710000000e+00  2.68977e-03  2.68977e-03  9.00633e-11
1.720000000e+00  2.66490e-03  2.66490e-03  8.96275e-11
1.730000000e+00  2.64013e-03  2.64013e-03  8.89333e-11
1.740000000e+00  2.61549e-03  2.61549e-03  8.81251e-11
1.750000000e+00  2.59096e-03  2.59096e-03  8.72854e-11
1.760000000e+00  2.56656e-03  2.56656e-03  8.64144e-11
1.770000000e+00  2.54229e-03  2.54229e-03  8.56162e-11
1.780000000e+00  2.51815e-03  2.51815e-03  8.48205e-11
1.790000000e+00  2.49415e-03  2.49415e-03  8.39850e-11
1.800000000e+00  2.47030e-03  2.47030e-03  8.31737e-11
1.810000000e+00  2.44660e-03  2.44660e-03  8.23152e-11
1.820000000e+00  2.42304e-03  2.42304e-03  8.12167e-11
1.830000000e+00  2.39964e-03  2.39964e-03  8.01073e-11
1.840000000e+00  2.37640e-03  2.37640e-03  7.88709e-11
1.850000000e+00  2.35332e-03  2.35332e-03  7.82115e-11
1.860000000e+00  2.33041e-03  2.33041e-03  7.72932e-11
1.870000000e+00  2.30765e-03  2.30765e-03  7.66649e-11
1.880000000e+00  2.28507e-03  2.28507e-03  7.34928e-11
1.890000000e+00  2.26266e-03  2.26266e-03  7.25798e-11
1.900000000e+00  2.24041e-03  2.24041e-03  7.36838e-11
1.910000000e+00  2.21834e-03  2.21834e-03  7.32173e-11
1.920000000e+00  2.19645e-03  2.19645e-03  7.29362e-11
1.930000000e+00  2.17473e-03  2.17473e-03  7.21844e-11
1.940000000e+00  2.15319e-03  2.15319e-03  7.03905e-11
1.950000000e+00  2.13183e-03  2.13183e-03  6.17859e-11
1.960000000e+00  2.11065e-03  2.11065e-03  4.48235e-11
1.970000000e+00  2.08964e-03  2.08964e-03  4.65763e-11
1.980000000e+00  2.06882e-03  2.06882e-03  5.94374e-11
1.990000000e+00  2.04818e-03  2.04818e-03  6.23047e-11
2.000000000e+00  2.02772e-03  2.02772e-03  5.52587e-11
2.010000000e+00  2.00745e-03  2.00745e-03  3.17248e-11
2.020000000e+00  1.98735e-03  1.98735e-03  3.64053e-11
2.030000000e+00  1.96744e-03  1.96744e-03  5.21371e-11
2.040000000e+00  1.94771e-03  1.94771e-03  5.20015e-11
2.050000000e+00  1.92816e-03  1.92816e-03  5.16930e-11
2.060000000e+00  1.90880e-03  1.90880e-03  4.21195e-11
2.070000000e+00  1.88961e-03  1.88961e-03  4.45343e-11
2.080000000e+00  1.87061e-03  1.87061e-03  5.02084e-11
2.090000000e+00  1.85179e-03  1.85179e-03  5.18320e-11
2.100000000e+00  1.83315e-03  1.83315e-03  5.42097e-11
2.110000000e+00  1.81469e-03  1.81469e-03  5.63990e-11
2.120000000e+00  1.79641e-03  1.79641e-03  5.69587e-11
2.130000000e+00  1.77831e-03  1.77831e-03  5.82048e-11
2.140000000e+00  1.76039e-03  1.76039e-03  5.81757e-11
2.150000000e+00  1.74264e-03  1.74264e-03  5.56777e-11
2.160000000e+00  1.72507e-03  1.72507e-03  5.52088e-11
2.170000000e+00  1.70768e-03  1.70768e-03  5.46950e-11
2.180000000e+00  1.69046e-03  1.69046e-03  5.51588e-11
2.190000000e+00  1.67341e-03  1.67341e-03  5.55920e-11
2.200000000e+00  1.65654e-03  1.65654e-03  5.52550e-11
2.210000000e+00  1.63984e-03  1.63984e-03  5.47388e-11
2.220000000e+00  1.62331e-03  1.62331e-03  5.40069e-11
2.230000000e+00  1.60695e-03  1.60695e-03  5.35047e-11
2.240000000e+00  1.59076e-03  1.59076e-03  5.31207e-11
2.250000000e+00  1.57474e-03  1.57474e-03  5.25523e-11
2.260000000e+00  1.55889e-03  1.55889e-03  5.18366e-11
2.270000000e+00  1.54319e-03  1.54319e-03  5.14144e-11
2.280000000e+00  1.52767e-03  1.52767e-03  5.08421e-11
2.290000000e+00  1.51230e-03  1.51230e-03  5.03694e-11
2.300000000e+00  1.49710e-03  1.49710e-03  4.98213e-11
2.310000000e+00  1.48206e-03  1.48206e-03  4.92836e-11
2.320000000e+00  1.46718e-03  1.46718e-03  4.87514e-11
2.330000000e+00  1.45245e-03  1.45245e-03  4.82153e-11
2.340000000e+00  1.43788e-03  1.43788e-03  4.76831e-11
2.350000000e+00  1.42347e-03  1.42347e-03  4.71559e-11
2.360000000e+00  1.40921e-03  1.40921e-03  4.66313e-11
2.370000000e+00  1.39510e-03  1.39510e-03  4.61127e-11
2.380000000e+00  1.38115e-03  1.38115e-03  4.55850e-11
2.390000000e+00  1.36734e-03  1.36734e-03  4.50468e-11
2.400000000e+00  1.35368e-03  1.35368e-03  4.45113e-11
2.410000000e+00  1.34017e-03  1.34017e-03  4.39977e-11
2.420000000e+00  1.32681e-03  1.32681e-03  4.35499e-11
2.430000000e+00  1.31359e-03  1.31359e-03  4.30852e-11
2.440000000e+00  1.30051e-03  1.30051e-03  4.24825e-11
2.450000000e+00  1.28757e-03  1.28757e-03  4.20501e-11
2.460000000e+00  1.27478e-03  1.27478e-03  4.15962e-11
2.470000000e+00  1.26212e-03  1.26212e-03  4.10787e-11
2.480000000e+00  1.24960e-03  1.24960e-03  4.04380e-11
2.490000000e+00  1.23722e-03  1.23722e-03  3.93828e-11
2.500000000e+00  1.22498e-03  1.22498e-03  3.89215e-11
2.510000000e+00  1.21286e-03  1.21286e-03  3.84401e-11
2.520000000e+00  1.20088e-03  1.20088e-03  3.78874e-11
2.530000000e+00  1.18903e-03  1.18903e-03  3.78632e-11
2.540000000e+00  1.17731e-03  1.17731e-03  3.73018e-11
2.550000000e+00  1.16572e-03  1.16572e-03  3.64737e-11
2.560000000e+00  1.15425e-03  1.15425e-03  3.61589e-11
2.570000000e+00  1.14291e-03  1.14291e-03  3.46254e-11
2.580000000e+00  1.13170e-03  1.13170e-03  3.34967e-11
2.590000000e+00  1.12060e-03  1.12060e-03  3.25105e-11
2.600000000e+00  1.10963e-03  1.10963e-03  3.08932e-11
2.610000000e+00  1.09878e-03  1.09878e-03  3.08941e-11
2.620000000e+00  1.08805e-03  1.08805e-03  3.01953e-11
2.630000000e+00  1.07744e-03  1.07744e-03  3.04747e-11
2.640000000e+00  1.06694e-03  1.06694e-03  2.97443e-11
2.650000000e+00  1.05656e-03  1.05656e-03  3.00911e-11
2.660000000e+00  1.04629e-03  1.04629e-03  2.63832e-11
2.670000000e+00  1.03614e-03  1.03614e-03  1.60421e-11
2.680000000e+00  1.02610e-03  1.02610e-03  3.43237e-12
2.690000000e+00  1.01616e-03  1.01616e-03  1.04058e-12
2.700000000e+00  1.00634e-03  1.00634e-03  1.37377e-12
2.710000000e+00  9.96623e-04  9.96623e-04  1.41834e-12
2.720000000e+00  9.87014e-04  9.87014e-04  3.48702e-12
2.730000000e+00  9.77511e-04  9.77511e-04  6.26827e-12
2.740000000e+00  9.68112e-04  9.68112e-04  6.14255e-12
2.750000000e+00  9.58816e-04  9.58816e-04  3.36981e-12
2.760000000e+00  9.49622e-04  9.49622e-04  9.61169e-13
2.770000000e+00  9.40529e-04  9.40529e-04  7.38986e-13
2.780000000e+00  9.31536e-04  9.31536e-04  5.30177e-13
2.790000000e+00  9.22641e-04  9.22641e-04  6.87305e-13
2.800000000e+00  9.13844e-04  9.13844e-04  1.14627e-12
2.810000000e+00  9.05143e-04  9.05143e-04  1.57939e-12
2.820000000e+00  8.96538e-04  8.96538e-04  1.71995e-12
2.830000000e+00  8.88027e-04  8.88027e-04  1.71802e-12
2.840000000e+00  8.79608e-04  8.79608e-04  1.83616e-12
2.850000000e+00  8.71282e-04  8.71282e-04  1.37553e-12
2.860000000e+00  8.63047e-04  8.63047e-04  1.90936e-12
2.870000000e+00  8.54902e-04  8.54902e-04  2.90561e-12
2.880000000e+00  8.46846e-04  8.46846e-04  3.67621e-12
2.890000000e+00  8.38878e-04  8.38878e-04  4.85250e-12
2.900000000e+00  8.30996e-04  8.30996e-04  6.30911e-12
2.910000000e+00  8.23201e-04  8.23201e-04  7.30366e-12
2.920000000e+00  8.15490e-04  8.15490e-04  7.90958e-12
2.930000000e+00  8.07863e-04  8.07863e-04  8.25756e-12
2.940000000e+00  8.00320e-04  8.00320e-04  8.56357e-12
2.950000000e+00  7.92858e-04  7.92858e-04  8.92056e-12
2.960000000e+00  7.85477e-04  7.85477e-04  9.04802e-12
2.970000000e+00  7.78176e-04  7.78176e-04  8.80593e-12
2.980000000e+00  7.70954e-04  7.70954e-04  8.45473e-12
2.990000000e+00  7.63811e-04  7.63811e-04  8.45827e-12
3.000000000e+00  7.56745e-04  7.56745e-04  8.87303e-12
3.010000000e+00  7.49755e-04  7.49755e-04  9.41285e-12
3.020000000e+00  7.42841e-04  7.42841e-04  9.22149e-12
3.030000000e+00  7.36001e-04  7.36001e-04  9.49561e-12
3.040000000e+00  7.29236e-04  7.29236e-04  9.78653e-12
3.050000000e+00  7.22543e-04  7.22543e-04  9.96702e-12
3.060000000e+00  7.15922e-04  7.15922e-04  1.00669e-11
3.070000000e+00  7.09372e-04  7.09372e-04  1.02203e-11
3.080000000e+00  7.02893e-04  7.02893e-04  1.03033e-11
3.090000000e+00  6.96483e-04  6.96483e-04  1.02832e-11
3.100000000e+00  6.90142e-04  6.90142e-04  1.02712e-11
3.110000000e+00  6.83869e-04  6.83869e-04  1.02255e-11
3.120000000e+00  6.77663e-04  6.77663e-04  1.01001e-11
3.130000000e+00  6.71523e-04  6.71523e-04  1.00005e-11
3.140000000e+00  6.65449e-04  6.65449e-04  1.00484e-11
3.150000000e+00  6.59440e-04  6.59440e-04  1.01450e-11
3.160000000e+00  6.53495e-04  6.53494e-04  1.01771e-11
3.170000000e+00  6.47612e-04  6.47612e-04  1.01873e-11
3.180000000e+00  6.41793e-04  6.41793e-04  1.02811e-11
3.190000000e+00  6.36035e-04  6.36035e-04  1.03802e-11
3.200000000e+00  6.30339e-04  6.30339e-04  1.05258e-11
3.210000000e+00  6.24702e-04  6.24702e-04  1.07118e-11
3.220000000e+00  6.19126e-04  6.19126e-04  1.09197e-11
3.230000000e+00  6.13608e-04  6.13608e-04  1.11113e-11
3.240000000e+00  6.08149e-04  6.08149e-04  1.13575e-11
3.250000000e+00  6.02747e-04  6.02747e-04  1.15369e-11
3.260000000e+00  5.97402e-04  5.97402e-04  1.17710e-11
3.270000000e+00  5.92114e-04  5.92114e-04  1.19941e-11
3.280000000e+00  5.86881e-04  5.86881e-04  1.22664e-11
3.290000000e+00  5.81702e-04  5.81702e-04  1.25402e-11
3.300000000e+00  5.76579e-04  5.76579e-04  1.27686e-11
3.310000000e+00  5.71508e-04  5.71508e-04  1.30087e-11
3.320000000e+00  5.66491e-04  5.66491e-04  1.32841e-11
3.330000000e+00  5.61527e-04  5.61527e-04  1.34722e-11
3.340000000e+00  5.56614e-04  5.56614e-04  1.36918e-11
3.350000000e+00  5.51752e-04  5.51752e-04  1.38692e-11
3.360000000e+00  5.46941e-04  5.46941e-04  1.39301e-11
3.370000000e+00  5.42180e-04  5.42180e-04  1.42700e-11
3.380000000e+00  5.37468e-04  5.37468e-04  1.44768e-11
3.390000000e+00  5.32805e-04  5.32805e-04  1.46386e-11
3.400000000e+00  5.28190e-04  5.28190e-04  1.47294e-11
3.410000000e+00  5.23623e-04  5.23623e-04  1.48064e-11
3.420000000e+00  5.19104e-04  5.19104e-04  1.48848e-11
3.430000000e+00  5.14631e-04  5.14631e-04  1.49582e-11
3.440000000e+00  5.10203e-04  5.10203e-04  1.50290e-11
3.450000000e+00  5.05822e-04  5.05822e-04  1.50855e-11
3.460000000e+00  5.01485e-04  5.01485e-04  1.50803e-11
3.470000000e+00  4.97193e-04  4.97193e-04  1.50558e-11
3.480000000e+00  4.92945e-04  4.92945e-04  1.50282e-11
3.490000000e+00  4.88741e-04  4.88741e-04  1.50004e-11
3.500000000e+00  4.84579e-04  4.84579e-04  1.49717e-11
3.510000000e+00  4.80460e-04  4.80460e-04  1.49422e-11
3.520000000e+00  4.76383e-04  4.76383e-04  1.48999e-11
3.530000000e+00  4.72347e-04  4.72347e-04  1.48220e-11
3.540000000e+00  4.68352e-04  4.68352e-04  1.47418e-11
3.550000000e+00  4.64398e-04  4.64398e-04  1.46597e-11
3.560000000e+00  4.60484e-04  4.60484e-04  1.45710e-11
3.570000000e+00  4.56609e-04  4.56609e-04  1.44691e-11
3.580000000e+00  4.52774e-04  4.52774e-04  1.43561e-11
3.590000000e+00  4.48977e-04  4.48977e-04  1.42099e-11
3.600000000e+00  4.45219e-04  4.45219e-04  1.39837e-11
3.610000000e+00  4.41498e-04  4.41498e-04  1.37956e-11
3.620000000e+00  4.37815e-04  4.37815e-04  1.36193e-11
3.630000000e+00  4.34169e-04  4.34169e-04  1.36166e-11
3.640000000e+00  4.30559e-04  4.30559e-04  1.35091e-11
3.650000000e+00  4.26986e-04  4.26986e-04  1.33571e-11
3.660000000e+00  4.23448e-04  4.23448e-04  1.33514e-11
3.670000000e+00  4.19945e-04  4.19945e-04  1.33755e-11
3.680000000e+00  4.16478e-04  4.16478e-04  1.33248e-11
3.690000000e+00  4.13044e-04  4.13044e-04  1.32191e-11
3.700000000e+00  4.09645e-04  4.09645e-04  1.31169e-11
3.710000000e+00  4.06280e-04  4.06280e-04  1.30192e-11
3.720000000e+00  4.02948e-04  4.02948e-04  1.28942e-11
3.730000000e+00  3.99649e-04  3.99649e-04  1.27913e-11
3.740000000e+00  3.96383e-04  3.96383e-04  1.26925e-11
3.750000000e+00  3.93148e-04  3.93148e-04  1.25650e-11
3.760000000e+00  3.89946e-04  3.89946e-04  1.23842e-11
3.770000000e+00  3.86775e-04  3.86775e-04  1.21889e-11
3.780000000e+00  3.83635e-04  3.83635e-04  1.19918e-11
3.790000000e+00  3.80526e-04  3.80526e-04  1.17726e-11
3.800000000e+00  3.77448e-04  3.77448e-04  1.13983e-11
3.810000000e+00  3.74400e-04  3.74400e-04  1.09449e-11
3.820000000e+00  3.71381e-04  3.71381e-04  1.09189e-11
3.830000000e+00  3.68392e-04  3.68392e-04  1.11038e-11
3.840000000e+00  3.65432e-04  3.65432e-04  1.08410e-11
3.850000000e+00  3.62500e-04  3.62500e-04  1.06562e-11
3.860000000e+00  3.59597e-04  3.59597e-04  1.07369e-11
3.870000000e+00  3.56723e-04  3.56723e-04  1.09102e-11
3.880000000e+00  3.53876e-04  3.53876e-04  1.09605e-11
3.890000000e+00  3.51056e-04  3.51056e-04  1.09449e-11
3.900000000e+00  3.48264e-04  3.48264e-04  1.09077e-11
3.910000000e+00  3.45499e-04  3.45499e-04  1.08349e-11
3.920000000e+00  3.42760e-04  3.42760e-04  1.07320e-11
3.930000000e+00  3.40048e-04  3.40048e-04  1.05978e-11
3.940000000e+00  3.37361e-04  3.37361e-04  1.04377e-11
3.950000000e+00  3.34701e-04  3.34701e-04  1.02638e-11
3.960000000e+00  3.32066e-04  3.32066e-04  1.00351e-11
3.970000000e+00  3.29456e-04  3.29456e-04  9.84326e-12
3.980000000e+00  3.26870e-04  3.26870e-04  9.53009e-12
3.990000000e+00  3.24310e-04  3.24310e-04  9.32378e-12
4.000000000e+00  3.21774e-04  3.21774e-04  9.39767e-12
4.010000000e+00  3.19262e-04  3.19262e-04  9.39649e-12
4.020000000e+00  3.16773e-04  3.16773e-04  9.13497e-12
4.030000000e+00  3.14309e-04  3.14309e-04  9.06031e-12
4.040000000e+00  3.11867e-04  3.11867e-04  9.07996e-12
4.050000000e+00  3.09449e-04  3.09449e-04  9.14351e-12
4.060000000e+00  3.07053e-04  3.07053e-04  9.21076e-12
4.070000000e+00  3.04680e-04  3.04680e-04  9.16995e-12
4.080000000e+00  3.02329e-04  3.02329e-04  9.01453e-12
4.090000000e+00  3.00000e-04  3.00000e-04  8.85652e-12
4.100000000e+00  2.97694e-04  2.97693e-04  8.73615e-12
4.110000000e+00  2.95408e-04  2.95408e-04  8.68663e-12
4.120000000e+00  2.93144e-04  2.93144e-04  8.65203e-12
4.130000000e+00  2.90901e-04  2.90901e-04  8.57349e-12
4.140000000e+00  2.88679e-04  2.88679e-04  8.44132e-12
4.150000000e+00  2.86478e-04  2.86478e-04  8.39724e-12
4.160000000e+00  2.84297e-04  2.84297e-04  8.01339e-12
4.170000000e+00  2.82136e-04  2.82136e-04  6.91291e-12
4.180000000e+00  2.79995e-04  2.79995e-04  5.31759e-12
4.190000000e+00  2.77874e-04  2.77874e-04  3.53694e-12
4.200000000e+00  2.75773e-04  2.75773e-04  1.84109e-12
4.210000000e+00  2.73691e-04  2.73691e-04  6.27302e-13
4.220000000e+00  2.71628e-04  2.71628e-04  2.44631e-13
4.230000000e+00  2.69584e-04  2.69584e-04  1.08360e-13
4.240000000e+00  2.67559e-04  2.67559e-04  7.11196e-14
4.250000000e+00  2.65552e-04  2.65552e-04  6.40836e-14
4.260000000e+00  2.63564e-04  2.63564e-04  8.54020e-14
4.270000000e+00  2.61594e-04  2.61594e-04  9.56803e-14
4.280000000e+00  2.59642e-04  2.59642e-04  6.85135e-14
4.290000000e+00  2.57707e-04  2.57707e-04  7.06308e-14
4.300000000e+00  2.55790e-04  2.55790e-04  8.71336e-14
4.310000000e+00  2.53891e-04  2.53891e-04  1.13099e-13
4.320000000e+00  2.52009e-04  2.52009e-04  1.54883e-13
4.330000000e+00  2.50144e-04  2.50144e-04  2.33069e-13
4.340000000e+00  2.48295e-04  2.48295e-04  3.08963e-13
4.350000000e+00  2.46463e-04  2.46463e-04  3.67936e-13
4.360000000e+00  2.44648e-04  2.44648e-04  3.61347e-13
4.370000000e+00  2.42849e-04  2.42849e-04  3.79638e-13
4.380000000e+00  2.41067e-04  2.41067e-04  4.97552e-13
4.390000000e+00  2.39300e-04  2.39300e-04  7.01486e-13
4.400000000e+00  2.37549e-04  2.37549e-04  4.97852e-13
4.410000000e+00  2.35814e-04  2.35814e-04  5.03708e-13
4.420000000e+00  2.34094e-04  2.34094e-04  6.05927e-13
4.430000000e+00  2.32390e-04  2.32390e-04  8.01658e-13
4.440000000e+00  2.30700e-04  2.30700e-04  1.08070e-12
4.450000000e+00  2.29026e-04  2.29026e-04  1.53078e-12
4.460000000e+00  2.27367e-04  2.27367e-04  2.11677e-12
4.470000000e+00  2.25722e-04  2.25722e-04  2.53810e-12
4.480000000e+00  2.24092e-04  2.24092e-04  3.27743e-12
4.490000000e+00  2.22476e-04  2.22476e-04  3.82655e-12
4.500000000e+00  2.20874e-04  2.20874e-04  4.25091e-12
4.510000000e+00  2.19287e-04  2.19287e-04  4.69216e-12
4.520000000e+00  2.17714e-04  2.17714e-04  4.99032e-12
4.530000000e+00  2.16154e-04  2.16154e-04  5.30977e-12
4.540000000e+00  2.14608e-04  2.14608e-04  5.51014e-12
4.550000000e+00  2.13075e-04  2.13075e-04  5.63756e-12
4.560000000e+00  2.11556e-04  2.11556e-04  5.67466e-12
4.570000000e+00  2.10051e-04  2.10051e-04  5.69661e-12
4.580000000e+00  2.08558e-04  2.08558e-04  5.69491e-12
4.590000000e+00  2.07078e-04  2.07078e-04  5.68332e-12
4.600000000e+00  2.05611e-04  2.05611e-04  5.66795e-12
4.610000000e+00  2.04157e-04  2.04157e-04  5.64385e-12
4.620000000e+00  2.02716e-04  2.02716e-04  5.54403e-12
4.630000000e+00  2.01287e-04  2.01287e-04  5.48839e-12
4.640000000e+00  1.99870e-04  1.99870e-04  5.49165e-12
4.650000000e+00  1.98466e-04  1.98466e-04  5.47591e-12
4.660000000e+00  1.97073e-04  1.97073e-04  5.47859e-12
4.670000000e+00  1.95693e-04  1.95693e-04  5.45815e-12
4.680000000e+00  1.94324e-04  1.94324e-04  5.34908e-12
4.690000000e+00  1.92967e-04  1.92967e-04  5.27691e-12
4.700000000e+00  1.91622e-04  1.91622e-04  5.18069e-12
4.710000000e+00  1.90288e-04  1.90288e-04  4.58142e-12
4.720000000e+00  1.88966e-04  1.88966e-04  4.97039e-12
4.730000000e+00  1.87655e-04  1.87655e-04  4.81268e-12
4.740000000e+00  1.86355e-04  1.86355e-04  4.71298e-12
4.750000000e+00  1.85066e-04  1.85066e-04  4.61831e-12
4.760000000e+00  1.83788e-04  1.83788e-04  4.54060e-12
4.770000000e+00  1.82521e-04  1.82521e-04  4.56707e-12
4.780000000e+00  1.81265e-04  1.81265e-04  4.26792e-12
4.790000000e+00  1.80019e-04  1.80019e-04  4.14084e-12
4.800000000e+00  1.78783e-04  1.78783e-04  4.08088e-12
4.810000000e+00  1.77559e-04  1.77559e-04  3.84997e-12
4.820000000e+00  1.76344e-04  1.76344e-04  2.68354e-12
4.830000000e+00  1.75140e-04  1.75140e-04  3.24678e-12
4.840000000e+00  1.73945e-04  1.73945e-04  3.40827e-12
4.850000000e+00  1.72761e-04  1.72761e-04  3.37637e-12
4.860000000e+00  1.71587e-04  1.71587e-04  3.17714e-12
4.870000000e+00  1.70422e-04  1.70422e-04  3.36579e-12
4.880000000e+00  1.69267e-04  1.69267e-04  3.56965e-12
4.890000000e+00  1.68122e-04  1.68122e-04  3.46276e-12
4.900000000e+00  1.66986e-04  1.66986e-04  3.96411e-12
4.910000000e+00  1.65860e-04  1.65860e-04  4.14149e-12
4.920000000e+00  1.64743e-04  1.64743e-04  3.74977e-12
4.930000000e+00  1.63635e-04  1.63635e-04  4.26242e-12
4.940000000e+00  1.62536e-04  1.62536e-04  4.32464e-12
4.950000000e+00  1.61447e-04  1.61447e-04  4.27698e-12
4.960000000e+00  1.60366e-04  1.60366e-04  4.30845e-12
4.970000000e+00  1.59294e-04  1.59294e-04  4.42598e-12
4.980000000e+00  1.58232e-04  1.58232e-04  4.43706e-12
4.990000000e+00  1.57177e-04  1.57177e-04  4.47136e-12
5.000000000e+00  1.56132e-04  1.56132e-04  4.29813e-12
