# ----------------------------------------------------------------------------------------------
# NASA-GSFC Planetary Spectrum Generator (PSG, Villanueva et al. 2015)
# Atmospheric layering information considered by PUMAS
# Synthesized on Tue Nov 21 15:09:44 2017
# Radiative transfer method: correlated-k
# Synthesis spectral resolution [cm-1] and resolving power: 8.913678 5.010e+02
# Scattering parameters (nmax, lmax): 0 0
# ----------------------------------------------------------------------------------------------
# Molecular abundance profile: 
# Molecules considered: N2,CO2,H2O
# Molecular sources: HIT[22],HIT[2],HIT[1]
# Molecular abundances: 1,1,1
# Molecular abundance units: scl,scl,scl
# Collission-Induced-Absorption:  N2-N2(3.33-5.41um)
# Rayleigh scattering included
# ----------------------------------------------------------------------------------------------
# Aerosols considered: WaterIce,Cloud
# Aerosols sources: CRISM_Wolff[reff=2.0um 0.31-99.57um],White_GSFC[reff=1.0um 0.10-1000000.00um]
# Aerosols abundances: 1,1
# Aerosols abundance units: scl,scl
# Aerosols sizes [um]: 156.269557935,14.0
# ----------------------------------------------------------------------------------------------
# Input layer-by-layer atmospheric profile
# Molecular abundances in molec/molec and aerosols in kg/kg
# ----------------------------------------------------------------------------------------------
# Alt[km] Pressure[bar] Temp[K]         N2        CO2        H2O   WaterIce      Cloud
# ----------------------------------------------------------------------------------------------
    0.000   1.400e+00   296.522   7.381e-01  2.952e-01  1.946e-02  2.074e-10  1.637e-04
    0.262   1.359e+00   295.100   7.385e-01  2.954e-01  1.872e-02  3.417e-27  9.535e-05
    0.642   1.300e+00   294.000   7.398e-01  2.959e-01  1.658e-02  2.677e-26  5.648e-05
    1.255   1.210e+00   292.000   7.421e-01  2.968e-01  1.256e-02  2.692e-12  2.889e-05
    2.095   1.096e+00   289.000   7.443e-01  2.977e-01  8.833e-03  1.218e-08  1.861e-05
    3.157   9.659e-01   284.300   7.459e-01  2.984e-01  6.047e-03  1.247e-07  1.567e-05
    4.426   8.277e-01   277.800   7.467e-01  2.987e-01  4.591e-03  5.219e-07  1.894e-05
    5.788   6.984e-01   270.300   7.475e-01  2.990e-01  3.333e-03  1.082e-06  2.966e-05
    7.125   5.885e-01   263.000   7.481e-01  2.992e-01  2.302e-03  2.510e-06  5.069e-05
    8.438   4.951e-01   256.200   7.485e-01  2.994e-01  1.528e-03  4.488e-06  6.018e-05
    9.732   4.158e-01   249.700   7.489e-01  2.996e-01  9.568e-04  9.179e-06  4.022e-05
   11.010   3.483e-01   243.200   7.491e-01  2.996e-01  5.922e-04  1.157e-05  1.596e-05
   12.270   2.909e-01   236.600   7.492e-01  2.997e-01  3.528e-04  1.144e-05  5.130e-06
   13.530   2.422e-01   229.800   7.493e-01  2.997e-01  1.886e-04  5.559e-06  2.174e-07
   14.770   2.007e-01   222.600   7.494e-01  2.998e-01  9.129e-05  4.297e-06  0.000e+00
   16.010   1.655e-01   215.700   7.494e-01  2.998e-01  4.054e-05  3.586e-06  0.000e+00
   17.250   1.355e-01   209.700   7.494e-01  2.998e-01  1.889e-05  2.806e-06  0.000e+00
   18.510   1.101e-01   206.100   7.494e-01  2.998e-01  1.223e-05  1.516e-06  0.000e+00
   19.820   8.867e-02   205.600   7.494e-01  2.998e-01  1.107e-05  2.599e-07  0.000e+00
   21.000   7.287e-02   206.100   7.494e-01  2.998e-01  1.086e-05  2.418e-08  0.000e+00
   22.020   6.152e-02   206.500   7.494e-01  2.998e-01  1.071e-05  1.679e-08  0.000e+00
   23.080   5.168e-02   206.400   7.494e-01  2.998e-01  1.055e-05  1.475e-08  0.000e+00
   24.160   4.319e-02   205.700   7.494e-01  2.998e-01  1.041e-05  1.314e-08  0.000e+00
   25.260   3.592e-02   204.600   7.494e-01  2.998e-01  1.032e-05  1.354e-08  0.000e+00
   26.390   2.973e-02   203.100   7.494e-01  2.998e-01  1.038e-05  1.564e-08  0.000e+00
   27.540   2.448e-02   201.300   7.494e-01  2.998e-01  1.061e-05  3.379e-08  0.000e+00
   28.710   2.006e-02   199.200   7.494e-01  2.998e-01  1.073e-05  9.751e-08  0.000e+00
   29.890   1.635e-02   196.900   7.494e-01  2.998e-01  1.058e-05  1.760e-07  0.000e+00
   31.090   1.326e-02   194.600   7.494e-01  2.998e-01  1.029e-05  2.335e-07  0.000e+00
   32.300   1.071e-02   192.500   7.494e-01  2.998e-01  9.971e-06  2.923e-07  0.000e+00
   33.530   8.600e-03   191.000   7.494e-01  2.998e-01  9.701e-06  2.911e-07  0.000e+00
   34.780   6.873e-03   190.000   7.494e-01  2.998e-01  9.469e-06  2.469e-07  0.000e+00
   36.060   5.465e-03   189.200   7.494e-01  2.998e-01  9.211e-06  2.310e-07  0.000e+00
   37.350   4.325e-03   188.000   7.494e-01  2.998e-01  8.900e-06  2.440e-07  0.000e+00
   38.660   3.405e-03   186.400   7.494e-01  2.998e-01  8.472e-06  2.823e-07  0.000e+00
   39.980   2.667e-03   184.400   7.494e-01  2.998e-01  7.973e-06  3.318e-07  0.000e+00
   41.320   2.079e-03   182.200   7.494e-01  2.998e-01  7.633e-06  3.142e-07  0.000e+00
   42.670   1.613e-03   180.500   7.494e-01  2.998e-01  7.509e-06  2.504e-07  0.000e+00
   44.030   1.245e-03   180.400   7.494e-01  2.998e-01  7.625e-06  1.374e-07  0.000e+00
   45.430   9.559e-04   181.600   7.494e-01  2.998e-01  7.820e-06  7.222e-08  0.000e+00
   60.360   3.776e-04   181.600   7.494e-01  2.998e-01  7.820e-06  7.222e-08  0.000e+00
   66.260   2.615e-04   181.600   7.494e-01  2.998e-01  7.820e-06  7.222e-08  0.000e+00
   74.510   1.566e-04   181.600   7.494e-01  2.998e-01  7.820e-06  7.222e-08  0.000e+00
   86.010   7.656e-05   181.600   7.494e-01  2.998e-01  7.820e-06  7.222e-08  0.000e+00
  102.100   2.820e-05   181.600   7.494e-01  2.998e-01  7.820e-06  7.222e-08  0.000e+00
  124.500   6.996e-06   181.600   7.494e-01  2.998e-01  7.820e-06  7.222e-08  0.000e+00
  155.700   1.000e-06   181.600   7.494e-01  2.998e-01  7.820e-06  7.222e-08  0.000e+00
#
# ----------------------------------------------------------------------------------------------
# Curtis-Godson integrated layer information used by the radiative transfer analysis
# Oblique molecular layer columns in molec/m2 and aerosols in kg/m2
# ----------------------------------------------------------------------------------------------
# Low[km]  High[km]  Path[km] Pressure[bar] Temp[K]   Airmass   dcol[m-2]         N2        CO2        H2O   WaterIce      Cloud
# ----------------------------------------------------------------------------------------------
    0.000     0.262     0.392   1.380e+00   295.816    1.4980   1.328e+28  9.802e+27  3.921e+27  2.535e+26  1.795e-08  9.539e-02
    0.262     0.642     0.570   1.330e+00   294.555    1.4978   1.866e+28  1.379e+28  5.516e+27  3.291e+26  1.192e-23  7.871e-02
    0.642     1.255     0.918   1.255e+00   293.012    1.4977   2.850e+28  2.111e+28  8.445e+27  4.132e+26  2.374e-10  6.677e-02
    1.255     2.095     1.258   1.153e+00   290.523    1.4975   3.616e+28  2.687e+28  1.075e+28  3.839e+26  2.938e-06  4.809e-02
    2.095     3.157     1.590   1.031e+00   286.695    1.4972   4.139e+28  3.084e+28  1.233e+28  3.054e+26  1.113e-04  4.019e-02
    3.157     4.426     1.899   8.966e-01   281.123    1.4968   4.383e+28  3.271e+28  1.308e+28  2.324e+26  6.790e-04  4.279e-02
    4.426     5.788     2.038   7.628e-01   274.141    1.4964   4.101e+28  3.064e+28  1.226e+28  1.617e+26  1.771e-03  5.528e-02
    5.788     7.125     2.000   6.432e-01   266.740    1.4959   3.488e+28  2.608e+28  1.043e+28  9.761e+25  3.323e-03  7.711e-02
    7.125     8.438     1.964   5.416e-01   259.685    1.4955   2.962e+28  2.216e+28  8.865e+27  5.622e+25  5.675e-03  9.268e-02
    8.438     9.732     1.935   4.553e-01   253.033    1.4951   2.517e+28  1.885e+28  7.540e+27  3.090e+25  9.275e-03  7.107e-02
    9.732    11.010     1.910   3.819e-01   246.534    1.4947   2.140e+28  1.603e+28  6.411e+27  1.636e+25  1.250e-02  3.223e-02
   11.010    12.270     1.883   3.195e-01   239.986    1.4943   1.812e+28  1.358e+28  5.431e+27  8.434e+24  1.183e-02  9.951e-03
   12.270    13.530     1.882   2.664e-01   233.289    1.4939   1.554e+28  1.165e+28  4.659e+27  4.109e+24  7.251e-03  1.430e-03
   13.530    14.770     1.852   2.214e-01   226.296    1.4935   1.310e+28  9.814e+27  3.926e+27  1.773e+24  3.652e-03  9.411e-08
   14.770    16.010     1.851   1.830e-01   219.245    1.4931   1.117e+28  8.373e+27  3.349e+27  7.063e+23  2.496e-03  0.000e+00
   16.010    17.250     1.851   1.504e-01   212.788    1.4927   9.457e+27  7.087e+27  2.835e+27  2.711e+23  1.711e-03  0.000e+00
   17.250    18.510     1.880   1.228e-01   207.958    1.4924   8.019e+27  6.009e+27  2.404e+27  1.237e+23  9.621e-04  0.000e+00
   18.510    19.820     1.954   9.939e-02   205.859    1.4920   6.812e+27  5.105e+27  2.042e+27  7.943e+22  2.838e-04  0.000e+00
   19.820    21.000     1.760   8.078e-02   205.842    1.4916   4.989e+27  3.739e+27  1.496e+27  5.472e+22  2.920e-05  0.000e+00
   21.000    22.020     1.521   6.720e-02   206.294    1.4912   3.582e+27  2.685e+27  1.074e+27  3.864e+22  4.138e-06  0.000e+00
   22.020    23.080     1.580   5.660e-02   206.451    1.4909   3.132e+27  2.347e+27  9.391e+26  3.330e+22  2.803e-06  0.000e+00
   23.080    24.160     1.610   4.744e-02   206.061    1.4906   2.679e+27  2.007e+27  8.031e+26  2.808e+22  2.120e-06  0.000e+00
   24.160    25.260     1.639   3.955e-02   205.167    1.4902   2.284e+27  1.712e+27  6.848e+26  2.368e+22  1.727e-06  0.000e+00
   25.260    26.390     1.684   3.282e-02   203.873    1.4899   1.959e+27  1.468e+27  5.872e+26  2.027e+22  1.614e-06  0.000e+00
   26.390    27.540     1.713   2.710e-02   202.228    1.4895   1.659e+27  1.243e+27  4.973e+26  1.740e+22  2.190e-06  0.000e+00
   27.540    28.710     1.742   2.227e-02   200.284    1.4892   1.399e+27  1.049e+27  4.196e+26  1.493e+22  4.692e-06  0.000e+00
   28.710    29.890     1.757   1.820e-02   198.088    1.4888   1.166e+27  8.739e+26  3.496e+26  1.243e+22  8.705e-06  0.000e+00
   29.890    31.090     1.786   1.480e-02   195.789    1.4884   9.753e+26  7.309e+26  2.924e+26  1.018e+22  1.120e-05  0.000e+00
   31.090    32.300     1.801   1.198e-02   193.586    1.4881   8.049e+26  6.032e+26  2.413e+26  8.157e+21  1.190e-05  0.000e+00
   32.300    33.530     1.830   9.654e-03   191.777    1.4877   6.650e+26  4.984e+26  1.994e+26  6.544e+21  1.100e-05  0.000e+00
   33.530    34.780     1.859   7.736e-03   190.519    1.4873   5.449e+26  4.083e+26  1.634e+26  5.225e+21  8.318e-06  0.000e+00
   34.780    36.060     1.903   6.169e-03   189.615    1.4869   4.468e+26  3.348e+26  1.340e+26  4.175e+21  6.060e-06  0.000e+00
   36.060    37.350     1.918   4.895e-03   188.623    1.4865   3.590e+26  2.691e+26  1.076e+26  3.253e+21  4.829e-06  0.000e+00
   37.350    38.660     1.947   3.865e-03   187.231    1.4861   2.899e+26  2.172e+26  8.690e+25  2.520e+21  4.306e-06  0.000e+00
   38.660    39.980     1.961   3.036e-03   185.439    1.4857   2.315e+26  1.735e+26  6.942e+25  1.906e+21  4.010e-06  0.000e+00
   39.980    41.320     1.990   2.373e-03   183.344    1.4853   1.857e+26  1.392e+26  5.568e+25  1.450e+21  3.405e-06  0.000e+00
   41.320    42.670     2.005   1.846e-03   181.385    1.4849   1.471e+26  1.102e+26  4.409e+25  1.114e+21  2.355e-06  0.000e+00
   42.670    44.030     2.019   1.429e-03   180.452    1.4845   1.152e+26  8.635e+25  3.454e+25  8.716e+20  1.246e-06  0.000e+00
   44.030    45.430     2.078   1.101e-03   180.973    1.4841   9.103e+25  6.822e+25  2.729e+25  7.025e+20  5.308e-07  0.000e+00
   45.430    60.360    22.121   6.673e-04   181.600    1.4816   5.495e+26  4.118e+26  1.647e+26  4.297e+21  2.250e-06  0.000e+00
   60.360    66.260     8.723   3.196e-04   181.600    1.4785   1.100e+26  8.241e+25  3.297e+25  8.599e+20  4.503e-07  0.000e+00
   66.260    74.510    12.181   2.091e-04   181.600    1.4764   9.941e+25  7.450e+25  2.980e+25  7.774e+20  4.071e-07  0.000e+00
   74.510    86.010    16.946   1.166e-04   181.600    1.4736   7.561e+25  5.666e+25  2.267e+25  5.913e+20  3.096e-07  0.000e+00
   86.010   102.100    23.645   5.244e-05   181.600    1.4696   4.568e+25  3.423e+25  1.369e+25  3.572e+20  1.871e-07  0.000e+00
  102.100   124.500    32.796   1.767e-05   181.600    1.4641   1.991e+25  1.492e+25  5.969e+24  1.557e+20  8.154e-08  0.000e+00
  124.500   155.700    45.449   4.052e-06   181.600    1.4567   5.597e+24  4.194e+24  1.678e+24  4.377e+19  2.292e-08  0.000e+00
# ----------------------------------------------------------------------------------------------
# Integrated atmospheric columns                       1.4955   4.447e+29  3.319e+29  1.328e+29  2.296e+27  6.165e-02  7.117e-01
# ----------------------------------------------------------------------------------------------
