# ----------------------------------------------------------------------------------------------
# NASA-GSFC Planetary Spectrum Generator (PSG, Villanueva et al. 2015)
# Atmospheric layering information considered by PUMAS
# Synthesized on Tue Nov 21 15:09:59 2017
# Radiative transfer method: correlated-k
# Synthesis spectral resolution [cm-1] and resolving power: 8.913678 5.010e+02
# Scattering parameters (nmax, lmax): 0 0
# ----------------------------------------------------------------------------------------------
# Molecular abundance profile: 
# Molecules considered: N2,CO2,H2O
# Molecular sources: HIT[22],HIT[2],HIT[1]
# Molecular abundances: 1,1,1
# Molecular abundance units: scl,scl,scl
# Collission-Induced-Absorption:  N2-N2(3.33-5.41um)
# Rayleigh scattering included
# ----------------------------------------------------------------------------------------------
# Aerosols considered: WaterIce,Cloud
# Aerosols sources: CRISM_Wolff[reff=2.0um 0.31-99.57um],White_GSFC[reff=1.0um 0.10-1000000.00um]
# Aerosols abundances: 1,1
# Aerosols abundance units: scl,scl
# Aerosols sizes [um]: 156.245814802,14.0
# ----------------------------------------------------------------------------------------------
# Input layer-by-layer atmospheric profile
# Molecular abundances in molec/molec and aerosols in kg/kg
# ----------------------------------------------------------------------------------------------
# Alt[km] Pressure[bar] Temp[K]         N2        CO2        H2O   WaterIce      Cloud
# ----------------------------------------------------------------------------------------------
    0.000   1.400e+00   295.343   7.386e-01  2.954e-01  1.862e-02  3.212e-10  1.578e-04
    0.261   1.358e+00   294.300   7.389e-01  2.956e-01  1.804e-02  2.508e-15  9.056e-05
    0.640   1.300e+00   293.400   7.398e-01  2.959e-01  1.645e-02  2.489e-26  5.913e-05
    1.252   1.210e+00   291.600   7.420e-01  2.968e-01  1.268e-02  2.385e-12  3.132e-05
    2.091   1.096e+00   288.700   7.442e-01  2.977e-01  8.927e-03  1.288e-08  2.107e-05
    3.152   9.656e-01   284.000   7.458e-01  2.983e-01  6.206e-03  1.417e-07  1.859e-05
    4.420   8.274e-01   277.600   7.466e-01  2.987e-01  4.751e-03  6.069e-07  2.189e-05
    5.782   6.982e-01   270.300   7.474e-01  2.990e-01  3.437e-03  1.167e-06  3.173e-05
    7.118   5.884e-01   263.000   7.480e-01  2.992e-01  2.366e-03  2.438e-06  5.189e-05
    8.431   4.950e-01   256.300   7.485e-01  2.994e-01  1.569e-03  4.329e-06  6.148e-05
    9.726   4.156e-01   249.900   7.488e-01  2.995e-01  9.859e-04  9.305e-06  4.166e-05
   11.000   3.482e-01   243.500   7.491e-01  2.996e-01  6.124e-04  1.203e-05  1.679e-05
   12.270   2.908e-01   237.000   7.492e-01  2.997e-01  3.664e-04  1.190e-05  5.336e-06
   13.520   2.421e-01   230.100   7.493e-01  2.997e-01  1.972e-04  5.769e-06  2.191e-07
   14.770   2.007e-01   222.900   7.494e-01  2.998e-01  9.557e-05  4.508e-06  0.000e+00
   16.010   1.655e-01   215.800   7.494e-01  2.998e-01  4.208e-05  3.780e-06  0.000e+00
   17.250   1.355e-01   209.700   7.494e-01  2.998e-01  1.920e-05  2.922e-06  0.000e+00
   18.520   1.101e-01   206.000   7.494e-01  2.998e-01  1.226e-05  1.607e-06  0.000e+00
   19.820   8.867e-02   205.500   7.494e-01  2.998e-01  1.107e-05  3.172e-07  0.000e+00
   21.000   7.287e-02   206.100   7.494e-01  2.998e-01  1.086e-05  2.582e-08  0.000e+00
   22.020   6.152e-02   206.500   7.494e-01  2.998e-01  1.071e-05  1.596e-08  0.000e+00
   23.070   5.168e-02   206.500   7.494e-01  2.998e-01  1.055e-05  1.343e-08  0.000e+00
   24.160   4.319e-02   205.800   7.494e-01  2.998e-01  1.041e-05  1.132e-08  0.000e+00
   25.260   3.592e-02   204.700   7.494e-01  2.998e-01  1.031e-05  1.076e-08  0.000e+00
   26.390   2.973e-02   203.200   7.494e-01  2.998e-01  1.035e-05  1.099e-08  0.000e+00
   27.540   2.448e-02   201.400   7.494e-01  2.998e-01  1.057e-05  2.521e-08  0.000e+00
   28.710   2.006e-02   199.400   7.494e-01  2.998e-01  1.071e-05  8.978e-08  0.000e+00
   29.900   1.635e-02   197.000   7.494e-01  2.998e-01  1.059e-05  1.688e-07  0.000e+00
   31.100   1.326e-02   194.700   7.494e-01  2.998e-01  1.031e-05  2.248e-07  0.000e+00
   32.310   1.071e-02   192.600   7.494e-01  2.998e-01  9.974e-06  2.782e-07  0.000e+00
   33.540   8.600e-03   191.200   7.494e-01  2.998e-01  9.687e-06  2.608e-07  0.000e+00
   34.790   6.873e-03   190.300   7.494e-01  2.998e-01  9.439e-06  1.987e-07  0.000e+00
   36.070   5.465e-03   189.500   7.494e-01  2.998e-01  9.158e-06  1.599e-07  0.000e+00
   37.360   4.325e-03   188.500   7.494e-01  2.998e-01  8.833e-06  1.472e-07  0.000e+00
   38.670   3.405e-03   186.900   7.494e-01  2.998e-01  8.402e-06  1.567e-07  0.000e+00
   40.000   2.667e-03   184.900   7.494e-01  2.998e-01  7.915e-06  1.814e-07  0.000e+00
   41.340   2.079e-03   182.700   7.494e-01  2.998e-01  7.610e-06  1.780e-07  0.000e+00
   42.690   1.613e-03   180.900   7.494e-01  2.998e-01  7.521e-06  1.685e-07  0.000e+00
   44.060   1.245e-03   180.700   7.494e-01  2.998e-01  7.641e-06  9.959e-08  0.000e+00
   45.460   9.559e-04   181.600   7.494e-01  2.998e-01  7.827e-06  4.986e-08  0.000e+00
   60.410   3.776e-04   181.600   7.494e-01  2.998e-01  7.827e-06  4.986e-08  0.000e+00
   66.320   2.615e-04   181.600   7.494e-01  2.998e-01  7.827e-06  4.986e-08  0.000e+00
   74.570   1.566e-04   181.600   7.494e-01  2.998e-01  7.827e-06  4.986e-08  0.000e+00
   86.080   7.656e-05   181.600   7.494e-01  2.998e-01  7.827e-06  4.986e-08  0.000e+00
  102.200   2.820e-05   181.600   7.494e-01  2.998e-01  7.827e-06  4.986e-08  0.000e+00
  124.600   6.996e-06   181.600   7.494e-01  2.998e-01  7.827e-06  4.986e-08  0.000e+00
  155.900   1.000e-06   181.600   7.494e-01  2.998e-01  7.827e-06  4.986e-08  0.000e+00
#
# ----------------------------------------------------------------------------------------------
# Curtis-Godson integrated layer information used by the radiative transfer analysis
# Oblique molecular layer columns in molec/m2 and aerosols in kg/m2
# ----------------------------------------------------------------------------------------------
# Low[km]  High[km]  Path[km] Pressure[bar] Temp[K]   Airmass   dcol[m-2]         N2        CO2        H2O   WaterIce      Cloud
# ----------------------------------------------------------------------------------------------
    0.000     0.261     0.391   1.379e+00   294.825    1.4980   1.327e+28  9.802e+27  3.921e+27  2.432e+26  2.995e-08  9.129e-02
    0.261     0.640     0.569   1.329e+00   293.854    1.4978   1.866e+28  1.379e+28  5.517e+27  3.216e+26  3.057e-13  7.814e-02
    0.640     1.252     0.916   1.255e+00   292.511    1.4977   2.848e+28  2.110e+28  8.441e+27  4.132e+26  2.102e-10  7.096e-02
    1.252     2.091     1.256   1.153e+00   290.173    1.4975   3.616e+28  2.687e+28  1.075e+28  3.878e+26  3.046e-06  5.318e-02
    2.091     3.152     1.588   1.031e+00   286.395    1.4972   4.138e+28  3.083e+28  1.233e+28  3.108e+26  1.236e-04  4.653e-02
    3.152     4.420     1.898   8.963e-01   280.872    1.4968   4.382e+28  3.270e+28  1.308e+28  2.394e+26  7.822e-04  5.008e-02
    4.420     5.782     2.038   7.626e-01   274.039    1.4964   4.102e+28  3.064e+28  1.226e+28  1.671e+26  1.977e-03  6.137e-02
    5.782     7.118     1.999   6.431e-01   266.739    1.4959   3.485e+28  2.606e+28  1.042e+28  1.004e+26  3.379e-03  8.051e-02
    7.118     8.431     1.964   5.415e-01   259.734    1.4955   2.961e+28  2.215e+28  8.861e+27  5.774e+25  5.490e-03  9.474e-02
    8.431     9.726     1.936   4.552e-01   253.182    1.4951   2.517e+28  1.884e+28  7.537e+27  3.178e+25  9.192e-03  7.305e-02
    9.726    11.000     1.904   3.818e-01   246.782    1.4947   2.130e+28  1.595e+28  6.381e+27  1.681e+25  1.277e-02  3.344e-02
   11.000    12.270     1.898   3.194e-01   240.335    1.4943   1.824e+28  1.366e+28  5.464e+27  8.792e+24  1.237e-02  1.049e-02
   12.270    13.520     1.867   2.663e-01   233.640    1.4939   1.539e+28  1.153e+28  4.613e+27  4.238e+24  7.461e-03  1.461e-03
   13.520    14.770     1.867   2.213e-01   226.596    1.4935   1.318e+28  9.878e+27  3.951e+27  1.867e+24  3.834e-03  9.468e-08
   14.770    16.010     1.851   1.830e-01   219.447    1.4931   1.116e+28  8.365e+27  3.346e+27  7.360e+23  2.622e-03  0.000e+00
   16.010    17.250     1.851   1.504e-01   212.839    1.4927   9.455e+27  7.085e+27  2.835e+27  2.788e+23  1.793e-03  0.000e+00
   17.250    18.520     1.895   1.228e-01   207.910    1.4924   8.084e+27  6.058e+27  2.424e+27  1.260e+23  1.018e-03  0.000e+00
   18.520    19.820     1.940   9.939e-02   205.759    1.4920   6.763e+27  5.068e+27  2.028e+27  7.897e+22  3.137e-04  0.000e+00
   19.820    21.000     1.760   8.078e-02   205.790    1.4916   4.991e+27  3.740e+27  1.496e+27  5.474e+22  3.427e-05  0.000e+00
   21.000    22.020     1.521   6.720e-02   206.294    1.4912   3.582e+27  2.685e+27  1.074e+27  3.864e+22  4.193e-06  0.000e+00
   22.020    23.070     1.565   5.660e-02   206.500    1.4909   3.102e+27  2.325e+27  9.300e+26  3.298e+22  2.585e-06  0.000e+00
   23.070    24.160     1.625   4.744e-02   206.161    1.4906   2.702e+27  2.025e+27  8.101e+26  2.832e+22  1.896e-06  0.000e+00
   24.160    25.260     1.639   3.955e-02   205.267    1.4902   2.283e+27  1.711e+27  6.845e+26  2.366e+22  1.430e-06  0.000e+00
   25.260    26.390     1.684   3.282e-02   203.973    1.4899   1.958e+27  1.467e+27  5.870e+26  2.022e+22  1.207e-06  0.000e+00
   26.390    27.540     1.713   2.710e-02   202.328    1.4895   1.658e+27  1.242e+27  4.971e+26  1.734e+22  1.589e-06  0.000e+00
   27.540    28.710     1.742   2.227e-02   200.432    1.4892   1.398e+27  1.048e+27  4.193e+26  1.488e+22  3.952e-06  0.000e+00
   28.710    29.900     1.772   1.820e-02   198.239    1.4888   1.175e+27  8.806e+26  3.523e+26  1.252e+22  8.255e-06  0.000e+00
   29.900    31.100     1.786   1.480e-02   195.889    1.4884   9.748e+26  7.305e+26  2.922e+26  1.019e+22  1.075e-05  0.000e+00
   31.100    32.310     1.801   1.198e-02   193.686    1.4881   8.044e+26  6.028e+26  2.412e+26  8.163e+21  1.139e-05  0.000e+00
   32.310    33.540     1.830   9.654e-03   191.925    1.4877   6.645e+26  4.980e+26  1.992e+26  6.535e+21  1.016e-05  0.000e+00
   33.540    34.790     1.859   7.736e-03   190.767    1.4873   5.442e+26  4.078e+26  1.631e+26  5.206e+21  7.081e-06  0.000e+00
   34.790    36.070     1.903   6.169e-03   189.915    1.4869   4.461e+26  3.343e+26  1.337e+26  4.150e+21  4.536e-06  0.000e+00
   36.070    37.360     1.918   4.895e-03   189.019    1.4865   3.583e+26  2.685e+26  1.074e+26  3.225e+21  3.123e-06  0.000e+00
   37.360    38.670     1.947   3.865e-03   187.731    1.4861   2.891e+26  2.167e+26  8.667e+25  2.493e+21  2.487e-06  0.000e+00
   38.670    40.000     1.976   3.036e-03   185.939    1.4857   2.327e+26  1.744e+26  6.975e+25  1.900e+21  2.220e-06  0.000e+00
   40.000    41.340     1.990   2.373e-03   183.844    1.4853   1.852e+26  1.388e+26  5.553e+25  1.439e+21  1.888e-06  0.000e+00
   41.340    42.690     2.005   1.846e-03   181.837    1.4849   1.467e+26  1.099e+26  4.398e+25  1.110e+21  1.442e-06  0.000e+00
   42.690    44.060     2.034   1.429e-03   180.804    1.4845   1.158e+26  8.681e+25  3.473e+25  8.779e+20  8.706e-07  0.000e+00
   44.060    45.460     2.078   1.101e-03   181.130    1.4841   9.095e+25  6.816e+25  2.727e+25  7.030e+20  3.765e-07  0.000e+00
   45.460    60.410    22.150   6.673e-04   181.600    1.4816   5.502e+26  4.123e+26  1.650e+26  4.307e+21  1.556e-06  0.000e+00
   60.410    66.320     8.738   3.196e-04   181.600    1.4785   1.101e+26  8.255e+25  3.302e+25  8.621e+20  3.114e-07  0.000e+00
   66.320    74.570    12.180   2.091e-04   181.600    1.4764   9.941e+25  7.450e+25  2.980e+25  7.781e+20  2.811e-07  0.000e+00
   74.570    86.080    16.960   1.166e-04   181.600    1.4735   7.568e+25  5.671e+25  2.269e+25  5.923e+20  2.140e-07  0.000e+00
   86.080   102.200    23.689   5.244e-05   181.600    1.4695   4.576e+25  3.430e+25  1.372e+25  3.582e+20  1.294e-07  0.000e+00
  102.200   124.600    32.795   1.767e-05   181.600    1.4641   1.991e+25  1.492e+25  5.969e+24  1.558e+20  5.629e-08  0.000e+00
  124.600   155.900    45.593   4.052e-06   181.600    1.4567   5.615e+24  4.208e+24  1.683e+24  4.395e+19  1.587e-08  0.000e+00
# ----------------------------------------------------------------------------------------------
# Integrated atmospheric columns                       1.4955   4.446e+29  3.318e+29  1.327e+29  2.306e+27  6.325e-02  7.452e-01
# ----------------------------------------------------------------------------------------------
