# ------------------------------------------------------------------------
# Radiance spectrum
# NASA-GSFC Planetary Spectrum Generator (PSG) (Villanueva et al. 2015)
# Synthesized on Tue Nov 21 15:09:41 2017
# ------------------------------------------------------------------------
# Atmospheric radiances synthesized with PUMAS (Villanueva et al. 2016, Smith et al. 2009, Edwards 1992)
# Molecular abundance profile: 
# Molecules considered: N2,CO2,H2O
# Molecular sources: HIT[22],HIT[2],HIT[1]
# Molecular abundances: 1,1,1
# Molecular abundance units: scl,scl,scl
# Collission-Induced-Absorption:  N2-N2(3.33-5.41um)
# Rayleigh scattering included
# ------------------------------------------------------------------------
# Spectral unit: Wavelength [um]
# Radiance unit: Spectral radiance [W/sr/m2/um]
# Wave/freq Total Stellar TRAPPIST-1-e
1.000000000e+00  3.68049e-03  3.68049e-03  6.54927e-10
1.010000000e+00  3.70309e-03  3.70309e-03  6.58784e-10
1.020000000e+00  3.72363e-03  3.72363e-03  6.62287e-10
1.030000000e+00  3.74214e-03  3.74214e-03  6.65427e-10
1.040000000e+00  3.75867e-03  3.75867e-03  6.50426e-10
1.050000000e+00  3.77328e-03  3.77327e-03  6.70500e-10
1.060000000e+00  3.78601e-03  3.78601e-03  6.71727e-10
1.070000000e+00  3.79691e-03  3.79691e-03  6.69524e-10
1.080000000e+00  3.80605e-03  3.80605e-03  6.75651e-10
1.090000000e+00  3.81347e-03  3.81347e-03  6.77146e-10
1.100000000e+00  3.81923e-03  3.81922e-03  6.77863e-10
1.110000000e+00  3.82337e-03  3.82337e-03  6.78428e-10
1.120000000e+00  3.82595e-03  3.82595e-03  6.74632e-10
1.130000000e+00  3.82703e-03  3.82703e-03  6.72671e-10
1.140000000e+00  3.82666e-03  3.82666e-03  6.76313e-10
1.150000000e+00  3.82489e-03  3.82489e-03  6.74693e-10
1.160000000e+00  3.82177e-03  3.82177e-03  6.76979e-10
1.170000000e+00  3.81735e-03  3.81734e-03  6.76575e-10
1.180000000e+00  3.81168e-03  3.81168e-03  6.75310e-10
1.190000000e+00  3.80481e-03  3.80481e-03  6.73894e-10
1.200000000e+00  3.79680e-03  3.79679e-03  6.72412e-10
1.210000000e+00  3.78768e-03  3.78768e-03  5.69131e-10
1.220000000e+00  3.77751e-03  3.77751e-03  6.15340e-10
1.230000000e+00  3.76632e-03  3.76632e-03  6.35122e-10
1.240000000e+00  3.75418e-03  3.75418e-03  6.54875e-10
1.250000000e+00  3.74111e-03  3.74111e-03  6.61622e-10
1.260000000e+00  3.72717e-03  3.72717e-03  6.56782e-10
1.270000000e+00  3.71239e-03  3.71239e-03  6.54147e-10
1.280000000e+00  3.69682e-03  3.69682e-03  6.53922e-10
1.290000000e+00  3.68050e-03  3.68049e-03  6.46549e-10
1.300000000e+00  3.66345e-03  3.66345e-03  6.37325e-10
1.310000000e+00  3.64573e-03  3.64573e-03  6.44213e-10
1.320000000e+00  3.62737e-03  3.62736e-03  5.95494e-10
1.330000000e+00  3.60839e-03  3.60839e-03  6.36890e-10
1.340000000e+00  3.58885e-03  3.58885e-03  6.05655e-10
1.350000000e+00  3.56877e-03  3.56877e-03  6.22099e-10
1.360000000e+00  3.54817e-03  3.54817e-03  6.10324e-10
1.370000000e+00  3.52711e-03  3.52711e-03  6.02840e-10
1.380000000e+00  3.50559e-03  3.50559e-03  5.99977e-10
1.390000000e+00  3.48366e-03  3.48366e-03  6.00603e-10
1.400000000e+00  3.46134e-03  3.46134e-03  5.97515e-10
1.410000000e+00  3.43866e-03  3.43866e-03  5.91294e-10
1.420000000e+00  3.41564e-03  3.41564e-03  6.00570e-10
1.430000000e+00  3.39231e-03  3.39231e-03  5.92462e-10
1.440000000e+00  3.36870e-03  3.36870e-03  2.90837e-10
1.450000000e+00  3.34482e-03  3.34482e-03  4.90470e-10
1.460000000e+00  3.32070e-03  3.32070e-03  5.79891e-10
1.470000000e+00  3.29637e-03  3.29636e-03  5.76251e-10
1.480000000e+00  3.27183e-03  3.27183e-03  5.35686e-10
1.490000000e+00  3.24712e-03  3.24711e-03  5.61726e-10
1.500000000e+00  3.22224e-03  3.22224e-03  5.33871e-10
1.510000000e+00  3.19723e-03  3.19723e-03  5.60620e-10
1.520000000e+00  3.17209e-03  3.17209e-03  5.56891e-10
1.530000000e+00  3.14685e-03  3.14685e-03  5.15447e-10
1.540000000e+00  3.12152e-03  3.12152e-03  4.75183e-10
1.550000000e+00  3.09611e-03  3.09611e-03  5.31857e-10
1.560000000e+00  3.07064e-03  3.07064e-03  5.37328e-10
1.570000000e+00  3.04513e-03  3.04513e-03  4.80834e-10
1.580000000e+00  3.01959e-03  3.01959e-03  3.37952e-10
1.590000000e+00  2.99402e-03  2.99402e-03  5.01104e-10
1.600000000e+00  2.96846e-03  2.96846e-03  4.64766e-10
1.610000000e+00  2.94289e-03  2.94289e-03  3.31209e-10
1.620000000e+00  2.91734e-03  2.91734e-03  4.47960e-10
1.630000000e+00  2.89182e-03  2.89182e-03  4.85821e-10
1.640000000e+00  2.86634e-03  2.86634e-03  4.63136e-10
1.650000000e+00  2.84091e-03  2.84091e-03  4.50635e-10
1.660000000e+00  2.81553e-03  2.81553e-03  4.74343e-10
1.670000000e+00  2.79021e-03  2.79021e-03  4.75677e-10
1.680000000e+00  2.76497e-03  2.76497e-03  4.77043e-10
1.690000000e+00  2.73981e-03  2.73981e-03  4.80418e-10
1.700000000e+00  2.71474e-03  2.71474e-03  4.77789e-10
1.710000000e+00  2.68977e-03  2.68977e-03  4.69730e-10
1.720000000e+00  2.66490e-03  2.66490e-03  4.68429e-10
1.730000000e+00  2.64013e-03  2.64013e-03  4.65159e-10
1.740000000e+00  2.61549e-03  2.61549e-03  4.60972e-10
1.750000000e+00  2.59096e-03  2.59096e-03  4.56542e-10
1.760000000e+00  2.56656e-03  2.56656e-03  4.51644e-10
1.770000000e+00  2.54229e-03  2.54229e-03  4.47609e-10
1.780000000e+00  2.51815e-03  2.51815e-03  4.43598e-10
1.790000000e+00  2.49415e-03  2.49415e-03  4.38966e-10
1.800000000e+00  2.47030e-03  2.47030e-03  4.34741e-10
1.810000000e+00  2.44660e-03  2.44660e-03  4.29892e-10
1.820000000e+00  2.42304e-03  2.42304e-03  4.21888e-10
1.830000000e+00  2.39965e-03  2.39964e-03  4.14269e-10
1.840000000e+00  2.37640e-03  2.37640e-03  4.03932e-10
1.850000000e+00  2.35332e-03  2.35332e-03  4.01326e-10
1.860000000e+00  2.33041e-03  2.33041e-03  3.93938e-10
1.870000000e+00  2.30765e-03  2.30765e-03  3.94567e-10
1.880000000e+00  2.28507e-03  2.28507e-03  3.50929e-10
1.890000000e+00  2.26266e-03  2.26266e-03  3.51037e-10
1.900000000e+00  2.24041e-03  2.24041e-03  3.77465e-10
1.910000000e+00  2.21834e-03  2.21834e-03  3.73901e-10
1.920000000e+00  2.19645e-03  2.19645e-03  3.77945e-10
1.930000000e+00  2.17473e-03  2.17473e-03  3.74682e-10
1.940000000e+00  2.15319e-03  2.15319e-03  3.58986e-10
1.950000000e+00  2.13183e-03  2.13183e-03  2.04275e-10
1.960000000e+00  2.11065e-03  2.11065e-03  7.49299e-11
1.970000000e+00  2.08964e-03  2.08964e-03  8.07751e-11
1.980000000e+00  2.06882e-03  2.06882e-03  2.08258e-10
1.990000000e+00  2.04818e-03  2.04818e-03  2.78889e-10
2.000000000e+00  2.02772e-03  2.02772e-03  1.73184e-10
2.010000000e+00  2.00745e-03  2.00745e-03  4.92795e-11
2.020000000e+00  1.98735e-03  1.98735e-03  5.93430e-11
2.030000000e+00  1.96744e-03  1.96744e-03  1.33861e-10
2.040000000e+00  1.94771e-03  1.94771e-03  1.57709e-10
2.050000000e+00  1.92816e-03  1.92816e-03  1.43887e-10
2.060000000e+00  1.90880e-03  1.90880e-03  7.38388e-11
2.070000000e+00  1.88961e-03  1.88961e-03  7.95967e-11
2.080000000e+00  1.87061e-03  1.87061e-03  1.38676e-10
2.090000000e+00  1.85179e-03  1.85179e-03  1.74271e-10
2.100000000e+00  1.83315e-03  1.83315e-03  2.24042e-10
2.110000000e+00  1.81469e-03  1.81469e-03  2.66472e-10
2.120000000e+00  1.79641e-03  1.79641e-03  2.77308e-10
2.130000000e+00  1.77831e-03  1.77831e-03  3.01196e-10
2.140000000e+00  1.76039e-03  1.76039e-03  3.03529e-10
2.150000000e+00  1.74264e-03  1.74264e-03  2.77608e-10
2.160000000e+00  1.72507e-03  1.72507e-03  2.75185e-10
2.170000000e+00  1.70768e-03  1.70768e-03  2.71779e-10
2.180000000e+00  1.69046e-03  1.69046e-03  2.84443e-10
2.190000000e+00  1.67341e-03  1.67341e-03  2.91329e-10
2.200000000e+00  1.65654e-03  1.65654e-03  2.90942e-10
2.210000000e+00  1.63984e-03  1.63984e-03  2.88830e-10
2.220000000e+00  1.62331e-03  1.62331e-03  2.84890e-10
2.230000000e+00  1.60696e-03  1.60695e-03  2.82435e-10
2.240000000e+00  1.59076e-03  1.59076e-03  2.80910e-10
2.250000000e+00  1.57474e-03  1.57474e-03  2.78037e-10
2.260000000e+00  1.55889e-03  1.55889e-03  2.73964e-10
2.270000000e+00  1.54320e-03  1.54319e-03  2.72476e-10
2.280000000e+00  1.52767e-03  1.52767e-03  2.69563e-10
2.290000000e+00  1.51230e-03  1.51230e-03  2.67421e-10
2.300000000e+00  1.49710e-03  1.49710e-03  2.64755e-10
2.310000000e+00  1.48206e-03  1.48206e-03  2.62142e-10
2.320000000e+00  1.46718e-03  1.46718e-03  2.59574e-10
2.330000000e+00  1.45245e-03  1.45245e-03  2.56991e-10
2.340000000e+00  1.43788e-03  1.43788e-03  2.54431e-10
2.350000000e+00  1.42347e-03  1.42347e-03  2.51899e-10
2.360000000e+00  1.40921e-03  1.40921e-03  2.49394e-10
2.370000000e+00  1.39510e-03  1.39510e-03  2.46946e-10
2.380000000e+00  1.38115e-03  1.38115e-03  2.44443e-10
2.390000000e+00  1.36734e-03  1.36734e-03  2.41887e-10
2.400000000e+00  1.35368e-03  1.35368e-03  2.39366e-10
2.410000000e+00  1.34017e-03  1.34017e-03  2.36966e-10
2.420000000e+00  1.32681e-03  1.32681e-03  2.34895e-10
2.430000000e+00  1.31359e-03  1.31359e-03  2.32864e-10
2.440000000e+00  1.30051e-03  1.30051e-03  2.29618e-10
2.450000000e+00  1.28757e-03  1.28757e-03  2.27921e-10
2.460000000e+00  1.27478e-03  1.27478e-03  2.26109e-10
2.470000000e+00  1.26212e-03  1.26212e-03  2.23700e-10
2.480000000e+00  1.24960e-03  1.24960e-03  2.20105e-10
2.490000000e+00  1.23722e-03  1.23722e-03  2.12291e-10
2.500000000e+00  1.22498e-03  1.22498e-03  2.11795e-10
2.510000000e+00  1.21286e-03  1.21286e-03  2.10015e-10
2.520000000e+00  1.20088e-03  1.20088e-03  2.06892e-10
2.530000000e+00  1.18903e-03  1.18903e-03  2.08607e-10
2.540000000e+00  1.17731e-03  1.17731e-03  2.04977e-10
2.550000000e+00  1.16572e-03  1.16572e-03  1.99841e-10
2.560000000e+00  1.15425e-03  1.15425e-03  2.00278e-10
2.570000000e+00  1.14291e-03  1.14291e-03  1.85955e-10
2.580000000e+00  1.13170e-03  1.13170e-03  1.76903e-10
2.590000000e+00  1.12060e-03  1.12060e-03  1.69914e-10
2.600000000e+00  1.10963e-03  1.10963e-03  1.55601e-10
2.610000000e+00  1.09878e-03  1.09878e-03  1.62020e-10
2.620000000e+00  1.08805e-03  1.08805e-03  1.59424e-10
2.630000000e+00  1.07744e-03  1.07744e-03  1.66831e-10
2.640000000e+00  1.06694e-03  1.06694e-03  1.63705e-10
2.650000000e+00  1.05656e-03  1.05656e-03  1.73541e-10
2.660000000e+00  1.04629e-03  1.04629e-03  1.39294e-10
2.670000000e+00  1.03614e-03  1.03614e-03  1.99563e-11
2.680000000e+00  1.02610e-03  1.02610e-03  3.69205e-12
2.690000000e+00  1.01616e-03  1.01616e-03  1.05714e-12
2.700000000e+00  1.00634e-03  1.00634e-03  1.54327e-12
2.710000000e+00  9.96623e-04  9.96623e-04  1.59182e-12
2.720000000e+00  9.87014e-04  9.87014e-04  3.83080e-12
2.730000000e+00  9.77511e-04  9.77511e-04  7.06759e-12
2.740000000e+00  9.68112e-04  9.68112e-04  6.87848e-12
2.750000000e+00  9.58816e-04  9.58816e-04  3.65111e-12
2.760000000e+00  9.49622e-04  9.49622e-04  1.05067e-12
2.770000000e+00  9.40529e-04  9.40529e-04  8.25549e-13
2.780000000e+00  9.31536e-04  9.31536e-04  5.97234e-13
2.790000000e+00  9.22641e-04  9.22641e-04  7.32612e-13
2.800000000e+00  9.13844e-04  9.13844e-04  1.20395e-12
2.810000000e+00  9.05143e-04  9.05143e-04  1.66673e-12
2.820000000e+00  8.96538e-04  8.96538e-04  1.83587e-12
2.830000000e+00  8.88027e-04  8.88027e-04  1.86987e-12
2.840000000e+00  8.79608e-04  8.79608e-04  2.30164e-12
2.850000000e+00  8.71282e-04  8.71282e-04  1.52029e-12
2.860000000e+00  8.63047e-04  8.63047e-04  2.97957e-12
2.870000000e+00  8.54902e-04  8.54902e-04  9.01868e-12
2.880000000e+00  8.46846e-04  8.46846e-04  1.51564e-11
2.890000000e+00  8.38878e-04  8.38878e-04  2.51969e-11
2.900000000e+00  8.30996e-04  8.30996e-04  3.70401e-11
2.910000000e+00  8.23201e-04  8.23201e-04  4.33533e-11
2.920000000e+00  8.15490e-04  8.15490e-04  4.70374e-11
2.930000000e+00  8.07863e-04  8.07863e-04  4.82030e-11
2.940000000e+00  8.00320e-04  8.00320e-04  4.94667e-11
2.950000000e+00  7.92858e-04  7.92858e-04  5.10819e-11
2.960000000e+00  7.85477e-04  7.85477e-04  5.08211e-11
2.970000000e+00  7.78176e-04  7.78176e-04  4.68754e-11
2.980000000e+00  7.70955e-04  7.70954e-04  4.13088e-11
2.990000000e+00  7.63811e-04  7.63811e-04  4.01646e-11
3.000000000e+00  7.56745e-04  7.56745e-04  4.49631e-11
3.010000000e+00  7.49755e-04  7.49755e-04  4.99283e-11
3.020000000e+00  7.42841e-04  7.42841e-04  4.62505e-11
3.030000000e+00  7.36002e-04  7.36001e-04  4.89859e-11
3.040000000e+00  7.29236e-04  7.29236e-04  5.20028e-11
3.050000000e+00  7.22543e-04  7.22543e-04  5.34537e-11
3.060000000e+00  7.15922e-04  7.15922e-04  5.35659e-11
3.070000000e+00  7.09372e-04  7.09372e-04  5.46022e-11
3.080000000e+00  7.02893e-04  7.02893e-04  5.50300e-11
3.090000000e+00  6.96483e-04  6.96483e-04  5.47232e-11
3.100000000e+00  6.90142e-04  6.90142e-04  5.46210e-11
3.110000000e+00  6.83869e-04  6.83869e-04  5.40715e-11
3.120000000e+00  6.77663e-04  6.77663e-04  5.23523e-11
3.130000000e+00  6.71523e-04  6.71523e-04  5.10322e-11
3.140000000e+00  6.65449e-04  6.65449e-04  5.18208e-11
3.150000000e+00  6.59440e-04  6.59440e-04  5.31682e-11
3.160000000e+00  6.53495e-04  6.53494e-04  5.28159e-11
3.170000000e+00  6.47613e-04  6.47612e-04  5.22536e-11
3.180000000e+00  6.41793e-04  6.41793e-04  5.32960e-11
3.190000000e+00  6.36035e-04  6.36035e-04  5.44086e-11
3.200000000e+00  6.30339e-04  6.30339e-04  5.52372e-11
3.210000000e+00  6.24703e-04  6.24702e-04  5.60657e-11
3.220000000e+00  6.19126e-04  6.19126e-04  5.72168e-11
3.230000000e+00  6.13608e-04  6.13608e-04  5.80069e-11
3.240000000e+00  6.08149e-04  6.08149e-04  5.95703e-11
3.250000000e+00  6.02747e-04  6.02747e-04  6.03850e-11
3.260000000e+00  5.97402e-04  5.97402e-04  6.17846e-11
3.270000000e+00  5.92114e-04  5.92114e-04  6.26349e-11
3.280000000e+00  5.86881e-04  5.86881e-04  6.41247e-11
3.290000000e+00  5.81703e-04  5.81702e-04  6.56499e-11
3.300000000e+00  5.76579e-04  5.76579e-04  6.66856e-11
3.310000000e+00  5.71509e-04  5.71508e-04  6.78670e-11
3.320000000e+00  5.66491e-04  5.66491e-04  6.95018e-11
3.330000000e+00  5.61527e-04  5.61527e-04  7.03086e-11
3.340000000e+00  5.56614e-04  5.56614e-04  7.15918e-11
3.350000000e+00  5.51752e-04  5.51752e-04  7.24172e-11
3.360000000e+00  5.46941e-04  5.46941e-04  7.23501e-11
3.370000000e+00  5.42180e-04  5.42180e-04  7.45003e-11
3.380000000e+00  5.37468e-04  5.37468e-04  7.56247e-11
3.390000000e+00  5.32805e-04  5.32805e-04  7.65190e-11
3.400000000e+00  5.28190e-04  5.28190e-04  7.70307e-11
3.410000000e+00  5.23623e-04  5.23623e-04  7.74361e-11
3.420000000e+00  5.19104e-04  5.19104e-04  7.78655e-11
3.430000000e+00  5.14631e-04  5.14631e-04  7.82594e-11
3.440000000e+00  5.10204e-04  5.10203e-04  7.86379e-11
3.450000000e+00  5.05822e-04  5.05822e-04  7.89398e-11
3.460000000e+00  5.01485e-04  5.01485e-04  7.89301e-11
3.470000000e+00  4.97193e-04  4.97193e-04  7.88291e-11
3.480000000e+00  4.92945e-04  4.92945e-04  7.87079e-11
3.490000000e+00  4.88741e-04  4.88741e-04  7.85879e-11
3.500000000e+00  4.84579e-04  4.84579e-04  7.84636e-11
3.510000000e+00  4.80460e-04  4.80460e-04  7.83355e-11
3.520000000e+00  4.76383e-04  4.76383e-04  7.81424e-11
3.530000000e+00  4.72347e-04  4.72347e-04  7.77658e-11
3.540000000e+00  4.68352e-04  4.68352e-04  7.73771e-11
3.550000000e+00  4.64398e-04  4.64398e-04  7.69730e-11
3.560000000e+00  4.60484e-04  4.60484e-04  7.65134e-11
3.570000000e+00  4.56609e-04  4.56609e-04  7.59540e-11
3.580000000e+00  4.52774e-04  4.52774e-04  7.53193e-11
3.590000000e+00  4.48977e-04  4.48977e-04  7.43714e-11
3.600000000e+00  4.45219e-04  4.45219e-04  7.25731e-11
3.610000000e+00  4.41498e-04  4.41498e-04  7.07084e-11
3.620000000e+00  4.37815e-04  4.37815e-04  6.93338e-11
3.630000000e+00  4.34169e-04  4.34169e-04  7.03232e-11
3.640000000e+00  4.30559e-04  4.30559e-04  6.95384e-11
3.650000000e+00  4.26986e-04  4.26986e-04  6.82078e-11
3.660000000e+00  4.23448e-04  4.23448e-04  6.92027e-11
3.670000000e+00  4.19945e-04  4.19945e-04  7.03559e-11
3.680000000e+00  4.16478e-04  4.16478e-04  7.04927e-11
3.690000000e+00  4.13045e-04  4.13044e-04  7.00388e-11
3.700000000e+00  4.09645e-04  4.09645e-04  6.95660e-11
3.710000000e+00  4.06280e-04  4.06280e-04  6.91317e-11
3.720000000e+00  4.02948e-04  4.02948e-04  6.85067e-11
3.730000000e+00  3.99649e-04  3.99649e-04  6.80199e-11
3.740000000e+00  3.96383e-04  3.96383e-04  6.75615e-11
3.750000000e+00  3.93148e-04  3.93148e-04  6.68901e-11
3.760000000e+00  3.89946e-04  3.89946e-04  6.56891e-11
3.770000000e+00  3.86775e-04  3.86775e-04  6.42304e-11
3.780000000e+00  3.83635e-04  3.83635e-04  6.27924e-11
3.790000000e+00  3.80527e-04  3.80526e-04  6.09663e-11
3.800000000e+00  3.77448e-04  3.77448e-04  5.69309e-11
3.810000000e+00  3.74400e-04  3.74400e-04  5.15924e-11
3.820000000e+00  3.71381e-04  3.71381e-04  5.18741e-11
3.830000000e+00  3.68392e-04  3.68392e-04  5.56828e-11
3.840000000e+00  3.65432e-04  3.65432e-04  5.29480e-11
3.850000000e+00  3.62500e-04  3.62500e-04  5.12950e-11
3.860000000e+00  3.59597e-04  3.59597e-04  5.33660e-11
3.870000000e+00  3.56723e-04  3.56723e-04  5.64494e-11
3.880000000e+00  3.53876e-04  3.53876e-04  5.82610e-11
3.890000000e+00  3.51056e-04  3.51056e-04  5.88132e-11
3.900000000e+00  3.48264e-04  3.48264e-04  5.89029e-11
3.910000000e+00  3.45499e-04  3.45499e-04  5.86252e-11
3.920000000e+00  3.42760e-04  3.42760e-04  5.81272e-11
3.930000000e+00  3.40048e-04  3.40048e-04  5.73997e-11
3.940000000e+00  3.37361e-04  3.37361e-04  5.64084e-11
3.950000000e+00  3.34701e-04  3.34701e-04  5.52324e-11
3.960000000e+00  3.32066e-04  3.32066e-04  5.33573e-11
3.970000000e+00  3.29456e-04  3.29456e-04  5.14632e-11
3.980000000e+00  3.26870e-04  3.26870e-04  4.83773e-11
3.990000000e+00  3.24310e-04  3.24310e-04  4.64702e-11
4.000000000e+00  3.21774e-04  3.21774e-04  4.82506e-11
4.010000000e+00  3.19262e-04  3.19262e-04  4.89372e-11
4.020000000e+00  3.16773e-04  3.16773e-04  4.61006e-11
4.030000000e+00  3.14309e-04  3.14309e-04  4.59915e-11
4.040000000e+00  3.11867e-04  3.11867e-04  4.72756e-11
4.050000000e+00  3.09449e-04  3.09449e-04  4.88517e-11
4.060000000e+00  3.07053e-04  3.07053e-04  5.01673e-11
4.070000000e+00  3.04680e-04  3.04680e-04  5.02468e-11
4.080000000e+00  3.02329e-04  3.02329e-04  4.90903e-11
4.090000000e+00  3.00000e-04  3.00000e-04  4.75965e-11
4.100000000e+00  2.97694e-04  2.97693e-04  4.64216e-11
4.110000000e+00  2.95408e-04  2.95408e-04  4.63720e-11
4.120000000e+00  2.93144e-04  2.93144e-04  4.66705e-11
4.130000000e+00  2.90901e-04  2.90901e-04  4.63782e-11
4.140000000e+00  2.88679e-04  2.88679e-04  4.52388e-11
4.150000000e+00  2.86478e-04  2.86478e-04  4.53674e-11
4.160000000e+00  2.84297e-04  2.84297e-04  4.11183e-11
4.170000000e+00  2.82136e-04  2.82136e-04  1.78425e-11
4.180000000e+00  2.79995e-04  2.79995e-04  7.12083e-12
4.190000000e+00  2.77874e-04  2.77874e-04  4.42004e-12
4.200000000e+00  2.75773e-04  2.75773e-04  2.12314e-12
4.210000000e+00  2.73691e-04  2.73691e-04  6.53306e-13
4.220000000e+00  2.71628e-04  2.71628e-04  1.76470e-13
4.230000000e+00  2.69584e-04  2.69584e-04  9.02943e-14
4.240000000e+00  2.67559e-04  2.67559e-04  6.82071e-14
4.250000000e+00  2.65552e-04  2.65552e-04  6.39770e-14
4.260000000e+00  2.63564e-04  2.63564e-04  7.87561e-14
4.270000000e+00  2.61594e-04  2.61594e-04  8.51961e-14
4.280000000e+00  2.59642e-04  2.59642e-04  6.86642e-14
4.290000000e+00  2.57707e-04  2.57707e-04  7.02281e-14
4.300000000e+00  2.55790e-04  2.55790e-04  8.13918e-14
4.310000000e+00  2.53891e-04  2.53891e-04  9.59659e-14
4.320000000e+00  2.52009e-04  2.52009e-04  1.20905e-13
4.330000000e+00  2.50144e-04  2.50144e-04  1.89357e-13
4.340000000e+00  2.48295e-04  2.48295e-04  2.85221e-13
4.350000000e+00  2.46463e-04  2.46463e-04  3.77348e-13
4.360000000e+00  2.44648e-04  2.44648e-04  3.80847e-13
4.370000000e+00  2.42849e-04  2.42849e-04  4.15410e-13
4.380000000e+00  2.41067e-04  2.41067e-04  5.72714e-13
4.390000000e+00  2.39300e-04  2.39300e-04  8.19338e-13
4.400000000e+00  2.37549e-04  2.37549e-04  5.88194e-13
4.410000000e+00  2.35814e-04  2.35814e-04  5.91812e-13
4.420000000e+00  2.34094e-04  2.34094e-04  7.08279e-13
4.430000000e+00  2.32390e-04  2.32390e-04  9.30020e-13
4.440000000e+00  2.30700e-04  2.30700e-04  1.24738e-12
4.450000000e+00  2.29026e-04  2.29026e-04  1.78337e-12
4.460000000e+00  2.27367e-04  2.27367e-04  2.54644e-12
4.470000000e+00  2.25722e-04  2.25722e-04  3.10459e-12
4.480000000e+00  2.24092e-04  2.24092e-04  4.10424e-12
4.490000000e+00  2.22476e-04  2.22476e-04  5.18787e-12
4.500000000e+00  2.20874e-04  2.20874e-04  8.20707e-12
4.510000000e+00  2.19287e-04  2.19287e-04  1.37762e-11
4.520000000e+00  2.17714e-04  2.17714e-04  1.93613e-11
4.530000000e+00  2.16154e-04  2.16154e-04  2.49768e-11
4.540000000e+00  2.14608e-04  2.14608e-04  2.81891e-11
4.550000000e+00  2.13075e-04  2.13075e-04  3.02052e-11
4.560000000e+00  2.11556e-04  2.11556e-04  3.07528e-11
4.570000000e+00  2.10051e-04  2.10051e-04  3.12795e-11
4.580000000e+00  2.08558e-04  2.08558e-04  3.14284e-11
4.590000000e+00  2.07078e-04  2.07078e-04  3.14866e-11
4.600000000e+00  2.05611e-04  2.05611e-04  3.14573e-11
4.610000000e+00  2.04157e-04  2.04157e-04  3.13289e-11
4.620000000e+00  2.02716e-04  2.02716e-04  3.02992e-11
4.630000000e+00  2.01287e-04  2.01287e-04  2.98187e-11
4.640000000e+00  1.99870e-04  1.99870e-04  2.99303e-11
4.650000000e+00  1.98466e-04  1.98466e-04  2.98378e-11
4.660000000e+00  1.97073e-04  1.97073e-04  3.00104e-11
4.670000000e+00  1.95693e-04  1.95693e-04  2.99383e-11
4.680000000e+00  1.94324e-04  1.94324e-04  2.85779e-11
4.690000000e+00  1.92967e-04  1.92967e-04  2.77620e-11
4.700000000e+00  1.91622e-04  1.91622e-04  2.67741e-11
4.710000000e+00  1.90288e-04  1.90288e-04  1.89947e-11
4.720000000e+00  1.88966e-04  1.88966e-04  2.35631e-11
4.730000000e+00  1.87655e-04  1.87655e-04  2.08579e-11
4.740000000e+00  1.86355e-04  1.86355e-04  1.91132e-11
4.750000000e+00  1.85066e-04  1.85066e-04  1.79059e-11
4.760000000e+00  1.83788e-04  1.83788e-04  1.72509e-11
4.770000000e+00  1.82521e-04  1.82521e-04  1.77749e-11
4.780000000e+00  1.81265e-04  1.81265e-04  1.48192e-11
4.790000000e+00  1.80019e-04  1.80019e-04  1.22884e-11
4.800000000e+00  1.78783e-04  1.78783e-04  1.00588e-11
4.810000000e+00  1.77559e-04  1.77559e-04  6.75860e-12
4.820000000e+00  1.76344e-04  1.76344e-04  3.65275e-12
4.830000000e+00  1.75140e-04  1.75140e-04  4.23550e-12
4.840000000e+00  1.73945e-04  1.73945e-04  4.42933e-12
4.850000000e+00  1.72761e-04  1.72761e-04  4.28362e-12
4.860000000e+00  1.71587e-04  1.71587e-04  3.98729e-12
4.870000000e+00  1.70422e-04  1.70422e-04  4.30044e-12
4.880000000e+00  1.69267e-04  1.69267e-04  5.15600e-12
4.890000000e+00  1.68122e-04  1.68122e-04  6.12359e-12
4.900000000e+00  1.66986e-04  1.66986e-04  9.38702e-12
4.910000000e+00  1.65860e-04  1.65860e-04  1.24486e-11
4.920000000e+00  1.64743e-04  1.64743e-04  1.15358e-11
4.930000000e+00  1.63635e-04  1.63635e-04  1.72376e-11
4.940000000e+00  1.62536e-04  1.62536e-04  1.86381e-11
4.950000000e+00  1.61447e-04  1.61447e-04  1.81710e-11
4.960000000e+00  1.60366e-04  1.60366e-04  1.98623e-11
4.970000000e+00  1.59294e-04  1.59294e-04  2.15293e-11
4.980000000e+00  1.58232e-04  1.58232e-04  2.22271e-11
4.990000000e+00  1.57177e-04  1.57177e-04  2.38435e-11
5.000000000e+00  1.56132e-04  1.56132e-04  2.21467e-11
