# ------------------------------------------------------------------------
# NASA-GSFC Planetary Spectrum Generator (PSG, Villanueva et al. 2015)
# Atmospheric transmittance spectrum synthesized with PUMAS (Villanueva et al. 2016, Smith et al. 2009, Edwards 1992)
# Synthesized on Tue Nov 21 15:11:44 2017
# Molecular abundance profile: 
# Molecules considered: N2,CO2,H2O
# Molecular sources: HIT[22],HIT[2],HIT[1]
# Molecular abundances: 1,1,1
# Molecular abundance units: scl,scl,scl
# Collission-Induced-Absorption:  N2-N2(3.33-5.41um)
# Rayleigh scattering included
# ------------------------------------------------------------------------
# Aerosols considered: WaterIce,Cloud
# Aerosols sources: CRISM_Wolff[reff=2.0um 0.31-99.57um],White_GSFC[reff=1.0um 0.10-1000000.00um]
# Aerosols opacities: 1,1
# Aerosols opacity units: scl,scl
# ------------------------------------------------------------------------
# Spectral unit: Wavelength [um]
# Wave/freq Total N2 CO2 H2O WaterIce Cloud Rayleigh CIA
1.000000000e+00  0.00000  1.00000  0.99996  0.97792  0.00000  0.00000  0.97238  1.00000
1.010000000e+00  0.00000  1.00000  0.99999  0.97013  0.00000  0.00000  0.97344  1.00000
1.020000000e+00  0.00000  1.00000  1.00000  0.98605  0.00000  0.00000  0.97446  1.00000
1.030000000e+00  0.00000  1.00000  0.99999  0.98819  0.00000  0.00000  0.97542  1.00000
1.040000000e+00  0.00000  1.00000  0.79561  0.99861  0.00000  0.00000  0.97634  1.00000
1.050000000e+00  0.00000  1.00000  0.98653  0.99947  0.00000  0.00000  0.97722  1.00000
1.060000000e+00  0.00000  1.00000  0.96700  0.99844  0.00000  0.00000  0.97806  1.00000
1.070000000e+00  0.00000  1.00000  0.94032  0.98902  0.00000  0.00000  0.97886  1.00000
1.080000000e+00  0.00000  1.00000  0.99393  0.94599  0.00000  0.00000  0.97962  1.00000
1.090000000e+00  0.00000  1.00000  0.99963  0.89701  0.00000  0.00000  0.98035  1.00000
1.100000000e+00  0.00000  1.00000  0.99828  0.78372  0.00000  0.00000  0.98105  1.00000
1.110000000e+00  0.00000  1.00000  1.00000  0.52913  0.00000  0.00000  0.98172  1.00000
1.120000000e+00  0.00000  1.00000  0.97617  0.09455  0.00000  0.00000  0.98236  1.00000
1.130000000e+00  0.00000  1.00000  0.99656  0.02806  0.00000  0.00000  0.98297  1.00000
1.140000000e+00  0.00000  1.00000  0.99259  0.21103  0.00000  0.00000  0.98355  1.00000
1.150000000e+00  0.00000  1.00000  0.99779  0.10693  0.00000  0.00000  0.98411  1.00000
1.160000000e+00  0.00000  1.00000  0.99754  0.33857  0.00000  0.00000  0.98465  1.00000
1.170000000e+00  0.00000  1.00000  0.99992  0.60407  0.00000  0.00000  0.98516  1.00000
1.180000000e+00  0.00000  1.00000  0.99951  0.73676  0.00000  0.00000  0.98566  1.00000
1.190000000e+00  0.00000  1.00000  0.99995  0.68087  0.00000  0.00000  0.98613  1.00000
1.200000000e+00  0.00000  1.00000  0.99982  0.70511  0.00000  0.00000  0.98658  1.00000
1.210000000e+00  0.00000  1.00000  0.08467  0.81040  0.00000  0.00000  0.98702  1.00000
1.220000000e+00  0.00000  1.00000  0.56809  0.87050  0.00000  0.00000  0.98744  1.00000
1.230000000e+00  0.00000  1.00000  0.39222  0.90457  0.00000  0.00000  0.98784  1.00000
1.240000000e+00  0.00000  1.00000  0.83867  0.98448  0.00000  0.00000  0.98822  1.00000
1.250000000e+00  0.00000  1.00000  0.98864  0.99720  0.00000  0.00000  0.98859  1.00000
1.260000000e+00  0.00000  1.00000  0.95776  0.99729  0.00000  0.00000  0.98895  1.00000
1.270000000e+00  0.00000  1.00000  0.95946  0.99165  0.00000  0.00000  0.98929  1.00000
1.280000000e+00  0.00000  1.00000  0.99903  0.98108  0.00000  0.00000  0.98962  1.00000
1.290000000e+00  0.00000  1.00000  0.88163  0.94909  0.00000  0.00000  0.98994  1.00000
1.300000000e+00  0.00000  1.00000  0.82834  0.86020  0.00000  0.00000  0.99024  1.00000
1.310000000e+00  0.00000  1.00000  0.99208  0.75338  0.00000  0.00000  0.99053  1.00000
1.320000000e+00  0.00000  1.00000  0.41428  0.59116  0.00000  0.00000  0.99082  1.00000
1.330000000e+00  0.00000  1.00000  0.96808  0.44833  0.00000  0.00000  0.99109  1.00000
1.340000000e+00  0.00000  1.00000  0.56748  0.29495  0.00000  0.00000  0.99135  1.00000
1.350000000e+00  0.00000  1.00000  0.85211  0.02638  0.00000  0.00000  0.99160  1.00000
1.360000000e+00  0.00000  1.00000  0.98772  0.00000  0.00000  0.00000  0.99185  1.00000
1.370000000e+00  0.00000  1.00000  0.96987  0.00000  0.00000  0.00000  0.99208  1.00000
1.380000000e+00  0.00000  1.00000  0.96134  0.00001  0.00000  0.00000  0.99231  1.00000
1.390000000e+00  0.00000  1.00000  0.99285  0.00000  0.00000  0.00000  0.99252  1.00000
1.400000000e+00  0.00000  1.00000  0.99612  0.00006  0.00000  0.00000  0.99273  1.00000
1.410000000e+00  0.00000  1.00000  0.99980  0.00001  0.00000  0.00000  0.99294  1.00000
1.420000000e+00  0.00000  1.00000  0.99942  0.00399  0.00000  0.00000  0.99313  1.00000
1.430000000e+00  0.00000  1.00000  0.68410  0.00997  0.00000  0.00000  0.99332  1.00000
1.440000000e+00  0.00000  1.00000  0.00000  0.01100  0.00000  0.00000  0.99351  1.00000
1.450000000e+00  0.00000  1.00000  0.01259  0.05101  0.00000  0.00000  0.99368  1.00000
1.460000000e+00  0.00000  1.00000  0.63930  0.15944  0.00000  0.00000  0.99385  1.00000
1.470000000e+00  0.00000  1.00000  0.97457  0.05639  0.00000  0.00000  0.99402  1.00000
1.480000000e+00  0.00000  1.00000  0.41164  0.12539  0.00000  0.00000  0.99418  1.00000
1.490000000e+00  0.00000  1.00000  0.74846  0.12720  0.00000  0.00000  0.99433  1.00000
1.500000000e+00  0.00000  1.00000  0.55678  0.47031  0.00000  0.00000  0.99448  1.00000
1.510000000e+00  0.00000  1.00000  0.98147  0.60909  0.00000  0.00000  0.99463  1.00000
1.520000000e+00  0.00000  1.00000  0.98639  0.77644  0.00000  0.00000  0.99477  1.00000
1.530000000e+00  0.00000  1.00000  0.32402  0.85277  0.00000  0.00000  0.99490  1.00000
1.540000000e+00  0.00000  1.00000  0.13395  0.94835  0.00000  0.00000  0.99503  1.00000
1.550000000e+00  0.00000  1.00000  0.64903  0.97292  0.00000  0.00000  0.99516  1.00000
1.560000000e+00  0.00000  1.00000  0.93856  0.99264  0.00000  0.00000  0.99528  1.00000
1.570000000e+00  0.00000  1.00000  0.30661  0.98562  0.00000  0.00000  0.99540  1.00000
1.580000000e+00  0.00000  1.00000  0.00019  0.98851  0.00000  0.00000  0.99551  1.00000
1.590000000e+00  0.00000  1.00000  0.34021  0.98946  0.00000  0.00000  0.99563  1.00000
1.600000000e+00  0.00000  1.00000  0.21506  0.98383  0.00000  0.00000  0.99573  1.00000
1.610000000e+00  0.00000  1.00000  0.00209  0.99410  0.00000  0.00000  0.99584  1.00000
1.620000000e+00  0.00000  1.00000  0.01836  0.99411  0.00000  0.00000  0.99594  1.00000
1.630000000e+00  0.00000  1.00000  0.39420  0.99804  0.00000  0.00000  0.99604  1.00000
1.640000000e+00  0.00000  1.00000  0.30659  0.99389  0.00000  0.00000  0.99613  1.00000
1.650000000e+00  0.00000  1.00000  0.23062  0.98347  0.00000  0.00000  0.99623  1.00000
1.660000000e+00  0.00000  1.00000  0.39164  0.98160  0.00000  0.00000  0.99632  1.00000
1.670000000e+00  0.00000  1.00000  0.56206  0.98240  0.00000  0.00000  0.99640  1.00000
1.680000000e+00  0.00000  1.00000  0.80068  0.97283  0.00000  0.00000  0.99649  1.00000
1.690000000e+00  0.00000  1.00000  0.93761  0.97742  0.00000  0.00000  0.99657  1.00000
1.700000000e+00  0.00000  1.00000  0.98477  0.91381  0.00000  0.00000  0.99665  1.00000
1.710000000e+00  0.00000  1.00000  0.92835  0.91578  0.00000  0.00000  0.99673  1.00000
1.720000000e+00  0.00000  1.00000  0.96314  0.92879  0.00000  0.00000  0.99680  1.00000
1.730000000e+00  0.00000  1.00000  0.99265  0.88593  0.00000  0.00000  0.99688  1.00000
1.740000000e+00  0.00000  1.00000  0.99938  0.78597  0.00000  0.00000  0.99695  1.00000
1.750000000e+00  0.00000  1.00000  0.99893  0.72043  0.00000  0.00000  0.99702  1.00000
1.760000000e+00  0.00000  1.00000  0.89790  0.73672  0.00000  0.00000  0.99708  1.00000
1.770000000e+00  0.00000  1.00000  0.95863  0.58036  0.00000  0.00000  0.99715  1.00000
1.780000000e+00  0.00000  1.00000  0.99523  0.41573  0.00000  0.00000  0.99721  1.00000
1.790000000e+00  0.00000  1.00000  0.88335  0.26012  0.00000  0.00000  0.99727  1.00000
1.800000000e+00  0.00000  1.00000  0.95072  0.13057  0.00000  0.00000  0.99733  1.00000
1.810000000e+00  0.00000  1.00000  0.98772  0.02122  0.00000  0.00000  0.99739  1.00000
1.820000000e+00  0.00000  1.00000  0.99567  0.00189  0.00000  0.00000  0.99745  1.00000
1.830000000e+00  0.00000  1.00000  0.99929  0.00003  0.00000  0.00000  0.99750  1.00000
1.840000000e+00  0.00000  1.00000  0.99972  0.00000  0.00000  0.00000  0.99756  1.00000
1.850000000e+00  0.00000  1.00000  0.99757  0.00000  0.00000  0.00000  0.99761  1.00000
1.860000000e+00  0.00000  1.00000  0.99711  0.00000  0.00000  0.00000  0.99766  1.00000
1.870000000e+00  0.00000  1.00000  0.97877  0.00000  0.00000  0.00000  0.99771  1.00000
1.880000000e+00  0.00000  1.00000  0.10548  0.00000  0.00000  0.00000  0.99776  1.00000
1.890000000e+00  0.00000  1.00000  0.12367  0.00001  0.00000  0.00000  0.99781  1.00000
1.900000000e+00  0.00000  1.00000  0.51733  0.00007  0.00000  0.00000  0.99785  1.00000
1.910000000e+00  0.00000  1.00000  0.64680  0.00000  0.00000  0.00000  0.99790  1.00000
1.920000000e+00  0.00000  1.00000  0.86351  0.00003  0.00000  0.00000  0.99794  1.00000
1.930000000e+00  0.00000  1.00000  0.84276  0.00008  0.00000  0.00000  0.99798  1.00000
1.940000000e+00  0.00000  1.00000  0.19560  0.00134  0.00000  0.00000  0.99802  1.00000
1.950000000e+00  0.00000  1.00000  0.00000  0.01296  0.00000  0.00000  0.99806  1.00000
1.960000000e+00  0.00000  1.00000  0.00000  0.03393  0.00000  0.00000  0.99810  1.00000
1.970000000e+00  0.00000  1.00000  0.00000  0.28414  0.00000  0.00000  0.99814  1.00000
1.980000000e+00  0.00000  1.00000  0.00000  0.41346  0.00000  0.00000  0.99818  1.00000
1.990000000e+00  0.00000  1.00000  0.00410  0.47388  0.00000  0.00000  0.99821  1.00000
2.000000000e+00  0.00000  1.00000  0.00000  0.59983  0.00000  0.00000  0.99825  1.00000
2.010000000e+00  0.00000  1.00000  0.00000  0.50192  0.00000  0.00000  0.99828  1.00000
2.020000000e+00  0.00000  1.00000  0.00000  0.64789  0.00000  0.00000  0.99832  1.00000
2.030000000e+00  0.00000  1.00000  0.00000  0.83967  0.00000  0.00000  0.99835  1.00000
2.040000000e+00  0.00000  1.00000  0.00000  0.86468  0.00000  0.00000  0.99838  1.00000
2.050000000e+00  0.00000  1.00000  0.00000  0.93907  0.00000  0.00000  0.99841  1.00000
2.060000000e+00  0.00000  1.00000  0.00000  0.87148  0.00000  0.00000  0.99844  1.00000
2.070000000e+00  0.00000  1.00000  0.00000  0.89674  0.00000  0.00000  0.99847  1.00000
2.080000000e+00  0.00000  1.00000  0.00000  0.93207  0.00000  0.00000  0.99850  1.00000
2.090000000e+00  0.00000  1.00000  0.00000  0.92939  0.00000  0.00000  0.99853  1.00000
2.100000000e+00  0.00000  1.00000  0.00004  0.95862  0.00000  0.00000  0.99856  1.00000
2.110000000e+00  0.00000  1.00000  0.01925  0.96710  0.00000  0.00000  0.99859  1.00000
2.120000000e+00  0.00000  1.00000  0.06779  0.91102  0.00000  0.00000  0.99861  1.00000
2.130000000e+00  0.00000  1.00000  0.44174  0.87293  0.00000  0.00000  0.99864  1.00000
2.140000000e+00  0.00000  1.00000  0.63430  0.97128  0.00000  0.00000  0.99866  1.00000
2.150000000e+00  0.00000  1.00000  0.27530  0.98673  0.00000  0.00000  0.99869  1.00000
2.160000000e+00  0.00000  1.00000  0.34330  0.94736  0.00000  0.00000  0.99871  1.00000
2.170000000e+00  0.00000  1.00000  0.22743  0.88508  0.00000  0.00000  0.99874  1.00000
2.180000000e+00  0.00000  1.00000  0.54008  0.90749  0.00000  0.00000  0.99876  1.00000
2.190000000e+00  0.00000  1.00000  0.83076  0.80229  0.00000  0.00000  0.99878  1.00000
2.200000000e+00  0.00000  1.00000  0.88650  0.87988  0.00000  0.00000  0.99880  1.00000
2.210000000e+00  0.00000  1.00000  0.96469  0.91441  0.00000  0.00000  0.99883  1.00000
2.220000000e+00  0.00000  1.00000  0.95031  0.93493  0.00000  0.00000  0.99885  1.00000
2.230000000e+00  0.00000  1.00000  0.95398  0.95727  0.00000  0.00000  0.99887  1.00000
2.240000000e+00  0.00000  1.00000  0.98691  0.98010  0.00000  0.00000  0.99889  1.00000
2.250000000e+00  0.00000  1.00000  0.97816  0.98405  0.00000  0.00000  0.99891  1.00000
2.260000000e+00  0.00000  1.00000  0.94801  0.99381  0.00000  0.00000  0.99893  1.00000
2.270000000e+00  0.00000  1.00000  0.98748  0.98708  0.00000  0.00000  0.99894  1.00000
2.280000000e+00  0.00000  1.00000  0.97358  0.99768  0.00000  0.00000  0.99896  1.00000
2.290000000e+00  0.00000  1.00000  0.99195  0.98771  0.00000  0.00000  0.99898  1.00000
2.300000000e+00  0.00000  1.00000  0.99601  0.92506  0.00000  0.00000  0.99900  1.00000
2.310000000e+00  0.00000  1.00000  0.99746  0.97657  0.00000  0.00000  0.99902  1.00000
2.320000000e+00  0.00000  1.00000  0.99906  0.94084  0.00000  0.00000  0.99903  1.00000
2.330000000e+00  0.00000  1.00000  0.99989  0.93399  0.00000  0.00000  0.99905  1.00000
2.340000000e+00  0.00000  1.00000  0.99989  0.94709  0.00000  0.00000  0.99907  1.00000
2.350000000e+00  0.00000  1.00000  0.99987  0.86211  0.00000  0.00000  0.99908  1.00000
2.360000000e+00  0.00000  1.00000  0.99967  0.73550  0.00000  0.00000  0.99910  1.00000
2.370000000e+00  0.00000  1.00000  0.99823  0.76095  0.00000  0.00000  0.99911  1.00000
2.380000000e+00  0.00000  1.00000  0.99714  0.58105  0.00000  0.00000  0.99913  1.00000
2.390000000e+00  0.00000  1.00000  0.99066  0.48090  0.00000  0.00000  0.99914  1.00000
2.400000000e+00  0.00000  1.00000  0.98871  0.56512  0.00000  0.00000  0.99916  1.00000
2.410000000e+00  0.00000  1.00000  0.98692  0.39466  0.00000  0.00000  0.99917  1.00000
2.420000000e+00  0.00000  1.00000  0.99685  0.20674  0.00000  0.00000  0.99918  1.00000
2.430000000e+00  0.00000  1.00000  0.99991  0.41048  0.00000  0.00000  0.99920  1.00000
2.440000000e+00  0.00000  1.00000  0.99986  0.10304  0.00000  0.00000  0.99921  1.00000
2.450000000e+00  0.00000  1.00000  0.99965  0.17507  0.00000  0.00000  0.99922  1.00000
2.460000000e+00  0.00000  1.00000  0.99948  0.27566  0.00000  0.00000  0.99923  1.00000
2.470000000e+00  0.00000  1.00000  0.99253  0.23866  0.00000  0.00000  0.99925  1.00000
2.480000000e+00  0.00000  1.00000  0.96993  0.12551  0.00000  0.00000  0.99926  1.00000
2.490000000e+00  0.00000  1.00000  0.32194  0.00999  0.00000  0.00000  0.99927  1.00000
2.500000000e+00  0.00000  1.00000  0.73580  0.00743  0.00000  0.00000  0.99928  1.00000
2.510000000e+00  0.00000  1.00000  0.70521  0.00238  0.00000  0.00000  0.99929  1.00000
2.520000000e+00  0.00000  1.00000  0.68216  0.00097  0.00000  0.00000  0.99930  1.00000
2.530000000e+00  0.00000  1.00000  0.83876  0.00000  0.00000  0.00000  0.99932  1.00000
2.540000000e+00  0.00000  1.00000  0.90198  0.00000  0.00000  0.00000  0.99933  1.00000
2.550000000e+00  0.00000  1.00000  0.97543  0.00000  0.00000  0.00000  0.99934  1.00000
2.560000000e+00  0.00000  1.00000  0.94430  0.00000  0.00000  0.00000  0.99935  1.00000
2.570000000e+00  0.00000  1.00000  0.96730  0.00000  0.00000  0.00000  0.99936  1.00000
2.580000000e+00  0.00000  1.00000  0.79039  0.00000  0.00000  0.00000  0.99937  1.00000
2.590000000e+00  0.00000  1.00000  0.54360  0.00000  0.00000  0.00000  0.99938  1.00000
2.600000000e+00  0.00000  1.00000  0.64794  0.00000  0.00000  0.00000  0.99939  1.00000
2.610000000e+00  0.00000  1.00000  0.18599  0.00000  0.00000  0.00000  0.99940  1.00000
2.620000000e+00  0.00000  1.00000  0.07119  0.00000  0.00000  0.00000  0.99940  1.00000
2.630000000e+00  0.00000  1.00000  0.24832  0.00000  0.00000  0.00000  0.99941  1.00000
2.640000000e+00  0.00000  1.00000  0.21072  0.00000  0.00000  0.00000  0.99942  1.00000
2.650000000e+00  0.00000  1.00000  0.37650  0.00000  0.00000  0.00000  0.99943  1.00000
2.660000000e+00  0.00000  1.00000  0.00066  0.00000  0.00000  0.00000  0.99944  1.00000
2.670000000e+00  0.00000  1.00000  0.00000  0.00000  0.00000  0.00000  0.99945  1.00000
2.680000000e+00  0.00000  1.00000  0.00000  0.00000  0.00000  0.00000  0.99946  1.00000
2.690000000e+00  0.00000  1.00000  0.00000  0.00000  0.00000  0.00000  0.99946  1.00000
2.700000000e+00  0.00000  1.00000  0.00000  0.00000  0.00000  0.00000  0.99947  1.00000
2.710000000e+00  0.00000  1.00000  0.00000  0.00000  0.00000  0.00000  0.99948  1.00000
2.720000000e+00  0.00000  1.00000  0.00000  0.00000  0.00000  0.00000  0.99949  1.00000
2.730000000e+00  0.00000  1.00000  0.00000  0.00000  0.00000  0.00000  0.99949  1.00000
2.740000000e+00  0.00000  1.00000  0.00000  0.00000  0.00000  0.00000  0.99950  1.00000
2.750000000e+00  0.00000  1.00000  0.00000  0.00000  0.00000  0.00000  0.99951  1.00000
2.760000000e+00  0.00000  1.00000  0.00000  0.00000  0.00000  0.00000  0.99952  1.00000
2.770000000e+00  0.00000  1.00000  0.00000  0.00000  0.00000  0.00000  0.99952  1.00000
2.780000000e+00  0.00000  1.00000  0.00000  0.00000  0.00000  0.00000  0.99953  1.00000
2.790000000e+00  0.00000  1.00000  0.00000  0.00000  0.00001  0.00000  0.99954  1.00000
2.800000000e+00  0.00000  1.00000  0.00000  0.00000  0.00001  0.00000  0.99954  1.00000
2.810000000e+00  0.00000  1.00000  0.00000  0.00000  0.00001  0.00000  0.99955  1.00000
2.820000000e+00  0.00000  1.00000  0.00000  0.00000  0.00001  0.00000  0.99956  1.00000
2.830000000e+00  0.00000  1.00000  0.00000  0.00000  0.00000  0.00000  0.99956  1.00000
2.840000000e+00  0.00000  1.00000  0.00000  0.00000  0.00000  0.00000  0.99957  1.00000
2.850000000e+00  0.00000  1.00000  0.00000  0.00002  0.00000  0.00000  0.99957  1.00000
2.860000000e+00  0.00000  1.00000  0.00000  0.00000  0.00000  0.00000  0.99958  1.00000
2.870000000e+00  0.00000  1.00000  0.00000  0.00008  0.00000  0.00000  0.99959  1.00000
2.880000000e+00  0.00000  1.00000  0.00000  0.00025  0.00000  0.00000  0.99959  1.00000
2.890000000e+00  0.00000  1.00000  0.00003  0.00017  0.00000  0.00000  0.99960  1.00000
2.900000000e+00  0.00000  1.00000  0.00433  0.00743  0.00000  0.00000  0.99960  1.00000
2.910000000e+00  0.00000  1.00000  0.08449  0.00186  0.00000  0.00000  0.99961  1.00000
2.920000000e+00  0.00000  1.00000  0.35390  0.00314  0.00000  0.00000  0.99961  1.00000
2.930000000e+00  0.00000  1.00000  0.56205  0.01621  0.00000  0.00000  0.99962  1.00000
2.940000000e+00  0.00000  1.00000  0.69002  0.05859  0.00000  0.00000  0.99962  1.00000
2.950000000e+00  0.00000  1.00000  0.82506  0.00245  0.00000  0.00000  0.99963  1.00000
2.960000000e+00  0.00000  1.00000  0.42299  0.02052  0.00000  0.00000  0.99963  1.00000
2.970000000e+00  0.00000  1.00000  0.05214  0.05330  0.00000  0.00000  0.99964  1.00000
2.980000000e+00  0.00000  1.00000  0.00365  0.00012  0.00000  0.00000  0.99964  1.00000
2.990000000e+00  0.00000  1.00000  0.01413  0.07568  0.00000  0.00000  0.99965  1.00000
3.000000000e+00  0.00000  1.00000  0.28522  0.10664  0.00000  0.00000  0.99965  1.00000
3.010000000e+00  0.00000  1.00000  0.30203  0.08491  0.00000  0.00000  0.99966  1.00000
3.020000000e+00  0.00000  1.00000  0.05615  0.06029  0.00000  0.00000  0.99966  1.00000
3.030000000e+00  0.00000  1.00000  0.11504  0.05319  0.00000  0.00000  0.99967  1.00000
3.040000000e+00  0.00000  1.00000  0.31809  0.01186  0.00000  0.00000  0.99967  1.00000
3.050000000e+00  0.00000  1.00000  0.63730  0.01437  0.00000  0.00000  0.99968  1.00000
3.060000000e+00  0.00000  1.00000  0.68832  0.01971  0.00000  0.00000  0.99968  1.00000
3.070000000e+00  0.00000  1.00000  0.83592  0.01180  0.00000  0.00000  0.99968  1.00000
3.080000000e+00  0.00000  1.00000  0.87205  0.04349  0.00000  0.00000  0.99969  1.00000
3.090000000e+00  0.00000  1.00000  0.93124  0.00172  0.00000  0.00000  0.99969  1.00000
3.100000000e+00  0.00000  1.00000  0.89863  0.00146  0.00000  0.00000  0.99970  1.00000
3.110000000e+00  0.00000  1.00000  0.71828  0.01713  0.00000  0.00000  0.99970  1.00000
3.120000000e+00  0.00000  1.00000  0.49137  0.00237  0.00000  0.00000  0.99970  1.00000
3.130000000e+00  0.00000  1.00000  0.39653  0.08105  0.00000  0.00000  0.99971  1.00000
3.140000000e+00  0.00000  1.00000  0.55576  0.18441  0.00000  0.00000  0.99971  1.00000
3.150000000e+00  0.00000  1.00000  0.75879  0.03900  0.00000  0.00000  0.99971  1.00000
3.160000000e+00  0.00000  1.00000  0.60667  0.13649  0.00000  0.00000  0.99972  1.00000
3.170000000e+00  0.00000  1.00000  0.43484  0.68609  0.00000  0.00000  0.99972  1.00000
3.180000000e+00  0.00000  1.00000  0.50006  0.54369  0.00000  0.00000  0.99973  1.00000
3.190000000e+00  0.00000  1.00000  0.67033  0.26009  0.00000  0.00000  0.99973  1.00000
3.200000000e+00  0.00000  1.00000  0.83562  0.06346  0.00000  0.00000  0.99973  1.00000
3.210000000e+00  0.00000  1.00000  0.93506  0.00007  0.00000  0.00000  0.99974  1.00000
3.220000000e+00  0.00000  1.00000  0.91208  0.00039  0.00000  0.00000  0.99974  1.00000
3.230000000e+00  0.00000  1.00000  0.90539  0.00446  0.00000  0.00000  0.99974  1.00000
3.240000000e+00  0.00000  1.00000  0.95073  0.14604  0.00000  0.00000  0.99974  1.00000
3.250000000e+00  0.00000  1.00000  0.98812  0.05532  0.00000  0.00000  0.99975  1.00000
3.260000000e+00  0.00000  1.00000  0.99664  0.33753  0.00000  0.00000  0.99975  1.00000
3.270000000e+00  0.00000  1.00000  0.99624  0.02546  0.00000  0.00000  0.99975  1.00000
3.280000000e+00  0.00000  1.00000  0.99686  0.07210  0.00000  0.00000  0.99976  1.00000
3.290000000e+00  0.00000  1.00000  0.99857  0.32789  0.00000  0.00000  0.99976  1.00000
3.300000000e+00  0.00000  1.00000  0.99937  0.15978  0.00000  0.00000  0.99976  1.00000
3.310000000e+00  0.00000  1.00000  0.99949  0.02668  0.00000  0.00000  0.99977  1.00000
3.320000000e+00  0.00000  1.00000  0.99902  0.23304  0.00000  0.00000  0.99977  1.00000
3.330000000e+00  0.00000  1.00000  0.99376  0.07661  0.00000  0.00000  0.99977  1.00000
3.340000000e+00  0.00000  1.00000  0.97871  0.39986  0.00000  0.00000  0.99977  0.99988
3.350000000e+00  0.00000  1.00000  0.96598  0.15127  0.00000  0.00000  0.99978  0.99984
3.360000000e+00  0.00000  1.00000  0.86125  0.16242  0.00000  0.00000  0.99978  0.99989
3.370000000e+00  0.00000  1.00000  0.96000  0.21489  0.00000  0.00000  0.99978  0.99981
3.380000000e+00  0.00000  1.00000  0.97138  0.33664  0.00000  0.00000  0.99978  0.99993
3.390000000e+00  0.00000  1.00000  0.98470  0.46402  0.00000  0.00000  0.99979  0.99990
3.400000000e+00  0.00000  1.00000  0.99446  0.68323  0.00000  0.00000  0.99979  0.99995
3.410000000e+00  0.00000  1.00000  0.99798  0.51726  0.00000  0.00000  0.99979  0.99996
3.420000000e+00  0.00000  1.00000  0.99931  0.64990  0.00000  0.00000  0.99979  1.00000
3.430000000e+00  0.00000  1.00000  0.99912  0.88896  0.00000  0.00000  0.99980  0.99994
3.440000000e+00  0.00000  1.00000  0.99932  0.78777  0.00000  0.00000  0.99980  0.99990
3.450000000e+00  0.00000  1.00000  0.99656  0.78998  0.00000  0.00000  0.99980  0.99978
3.460000000e+00  0.00000  1.00000  0.99740  0.73980  0.00000  0.00000  0.99980  0.99991
3.470000000e+00  0.00000  1.00000  0.99906  0.87358  0.00000  0.00000  0.99981  0.99981
3.480000000e+00  0.00000  1.00000  0.99935  0.82731  0.00000  0.00000  0.99981  0.99987
3.490000000e+00  0.00000  1.00000  0.99958  0.86361  0.00000  0.00000  0.99981  0.99987
3.500000000e+00  0.00000  1.00000  0.99960  0.83548  0.00000  0.00000  0.99981  0.99993
3.510000000e+00  0.00000  1.00000  0.99931  0.84939  0.00000  0.00000  0.99981  0.99998
3.520000000e+00  0.00000  1.00000  0.99816  0.78975  0.00000  0.00000  0.99982  0.99997
3.530000000e+00  0.00000  1.00000  0.99514  0.75547  0.00000  0.00000  0.99982  0.99996
3.540000000e+00  0.00000  1.00000  0.98914  0.73585  0.00000  0.00000  0.99982  0.99992
3.550000000e+00  0.00000  1.00000  0.97674  0.70043  0.00000  0.00000  0.99982  0.99994
3.560000000e+00  0.00000  1.00000  0.94917  0.59013  0.00000  0.00000  0.99982  0.99974
3.570000000e+00  0.00000  1.00000  0.90745  0.72207  0.00000  0.00000  0.99983  0.99974
3.580000000e+00  0.00000  1.00000  0.87613  0.66351  0.00000  0.00000  0.99983  0.99952
3.590000000e+00  0.00000  1.00000  0.82076  0.75582  0.00000  0.00000  0.99983  0.99952
3.600000000e+00  0.00000  1.00000  0.66966  0.65758  0.00000  0.00000  0.99983  0.99957
3.610000000e+00  0.00000  1.00000  0.53917  0.83791  0.00000  0.00000  0.99983  0.99960
3.620000000e+00  0.00000  1.00000  0.48662  0.69202  0.00000  0.00000  0.99984  0.99948
3.630000000e+00  0.00000  1.00000  0.67945  0.82784  0.00000  0.00000  0.99984  0.99937
3.640000000e+00  0.00000  1.00000  0.63878  0.73535  0.00000  0.00000  0.99984  0.99918
3.650000000e+00  0.00000  1.00000  0.51352  0.93079  0.00000  0.00000  0.99984  0.99904
3.660000000e+00  0.00000  1.00000  0.61774  0.78836  0.00000  0.00000  0.99984  0.99896
3.670000000e+00  0.00000  1.00000  0.80781  0.79653  0.00000  0.00000  0.99984  0.99886
3.680000000e+00  0.00000  1.00000  0.93395  0.41418  0.00000  0.00000  0.99985  0.99868
3.690000000e+00  0.00000  1.00000  0.96889  0.57354  0.00000  0.00000  0.99985  0.99840
3.700000000e+00  0.00000  1.00000  0.97974  0.79044  0.00000  0.00000  0.99985  0.99819
3.710000000e+00  0.00000  1.00000  0.98898  0.91734  0.00000  0.00000  0.99985  0.99643
3.720000000e+00  0.00000  1.00000  0.97943  0.72013  0.00000  0.00000  0.99985  0.99529
3.730000000e+00  0.00000  1.00000  0.97819  0.84846  0.00000  0.00000  0.99985  0.99480
3.740000000e+00  0.00000  1.00000  0.97760  0.72424  0.00000  0.00000  0.99986  0.99422
3.750000000e+00  0.00000  1.00000  0.94075  0.81313  0.00000  0.00000  0.99986  0.99345
3.760000000e+00  0.00000  1.00000  0.84585  0.76689  0.00000  0.00000  0.99986  0.99260
3.770000000e+00  0.00000  1.00000  0.72155  0.71747  0.00000  0.00000  0.99986  0.99164
3.780000000e+00  0.00000  1.00000  0.54933  0.73366  0.00000  0.00000  0.99986  0.99038
3.790000000e+00  0.00000  1.00000  0.37619  0.78696  0.00000  0.00000  0.99986  0.98883
3.800000000e+00  0.00000  1.00000  0.14840  0.73602  0.00000  0.00000  0.99986  0.98718
3.810000000e+00  0.00000  1.00000  0.03968  0.88777  0.00000  0.00000  0.99987  0.98521
3.820000000e+00  0.00000  1.00000  0.06237  0.71061  0.00000  0.00000  0.99987  0.98309
3.830000000e+00  0.00000  1.00000  0.25985  0.87010  0.00000  0.00000  0.99987  0.98067
3.840000000e+00  0.00000  1.00000  0.12721  0.76346  0.00000  0.00000  0.99987  0.97785
3.850000000e+00  0.00000  1.00000  0.06568  0.88019  0.00000  0.00000  0.99987  0.97457
3.860000000e+00  0.00000  1.00000  0.12012  0.85613  0.00000  0.00000  0.99987  0.97083
3.870000000e+00  0.00000  1.00000  0.28948  0.89619  0.00000  0.00000  0.99987  0.96671
3.880000000e+00  0.00000  1.00000  0.53646  0.89160  0.00000  0.00000  0.99988  0.96201
3.890000000e+00  0.00000  1.00000  0.75679  0.91717  0.00000  0.00000  0.99988  0.95657
3.900000000e+00  0.00000  1.00000  0.90418  0.94759  0.00000  0.00000  0.99988  0.95045
3.910000000e+00  0.00000  1.00000  0.96000  0.90741  0.00000  0.00000  0.99988  0.94352
3.920000000e+00  0.00000  1.00000  0.96451  0.97974  0.00000  0.00000  0.99988  0.93539
3.930000000e+00  0.00000  1.00000  0.92703  0.95578  0.00000  0.00000  0.99988  0.92609
3.940000000e+00  0.00000  1.00000  0.84431  0.98073  0.00000  0.00000  0.99988  0.91532
3.950000000e+00  0.00000  1.00000  0.71874  0.98376  0.00000  0.00000  0.99988  0.90320
3.960000000e+00  0.00000  1.00000  0.50218  0.97312  0.00000  0.00000  0.99989  0.88883
3.970000000e+00  0.00000  1.00000  0.33031  0.99256  0.00000  0.00000  0.99989  0.87245
3.980000000e+00  0.00000  1.00000  0.17918  0.98348  0.00000  0.00000  0.99989  0.85420
3.990000000e+00  0.00000  1.00000  0.12982  0.99492  0.00000  0.00000  0.99989  0.83334
4.000000000e+00  0.00000  1.00000  0.30665  0.99296  0.00000  0.00000  0.99989  0.80940
4.010000000e+00  0.00000  1.00000  0.37944  0.99295  0.00000  0.00000  0.99989  0.78323
4.020000000e+00  0.00000  1.00000  0.16856  0.99810  0.00000  0.00000  0.99989  0.75479
4.030000000e+00  0.00000  1.00000  0.14728  0.99310  0.00000  0.00000  0.99989  0.72466
4.040000000e+00  0.00000  1.00000  0.20651  0.99648  0.00000  0.00000  0.99989  0.69294
4.050000000e+00  0.00000  1.00000  0.34705  0.99675  0.00000  0.00000  0.99989  0.65940
4.060000000e+00  0.00000  1.00000  0.51914  0.99607  0.00000  0.00000  0.99990  0.62570
4.070000000e+00  0.00000  1.00000  0.57476  0.99586  0.00000  0.00000  0.99990  0.59187
4.080000000e+00  0.00000  1.00000  0.28345  0.99801  0.00000  0.00000  0.99990  0.55976
4.090000000e+00  0.00000  1.00000  0.08843  0.99786  0.00000  0.00000  0.99990  0.52977
4.100000000e+00  0.00000  1.00000  0.03948  0.99813  0.00000  0.00000  0.99990  0.50181
4.110000000e+00  0.00000  1.00000  0.05043  0.99316  0.00000  0.00000  0.99990  0.47679
4.120000000e+00  0.00000  1.00000  0.21305  0.99814  0.00000  0.00000  0.99990  0.45538
4.130000000e+00  0.00000  1.00000  0.26279  0.99535  0.00000  0.00000  0.99990  0.43749
4.140000000e+00  0.00000  1.00000  0.11721  0.99691  0.00000  0.00000  0.99990  0.42336
4.150000000e+00  0.00000  1.00000  0.04961  0.99902  0.00000  0.00000  0.99990  0.41280
4.160000000e+00  0.00000  1.00000  0.00022  0.99475  0.00000  0.00000  0.99991  0.40620
4.170000000e+00  0.00000  1.00000  0.00000  0.99688  0.00000  0.00000  0.99991  0.40241
4.180000000e+00  0.00000  1.00000  0.00000  0.99626  0.00000  0.00000  0.99991  0.40349
4.190000000e+00  0.00000  1.00000  0.00000  0.99636  0.00000  0.00000  0.99991  0.40546
4.200000000e+00  0.00000  1.00000  0.00000  0.99583  0.00000  0.00000  0.99991  0.41064
4.210000000e+00  0.00000  1.00000  0.00000  0.99355  0.00000  0.00000  0.99991  0.41381
4.220000000e+00  0.00000  1.00000  0.00000  0.99393  0.00000  0.00000  0.99991  0.41469
4.230000000e+00  0.00000  1.00000  0.00000  0.99329  0.00000  0.00000  0.99991  0.41208
4.240000000e+00  0.00000  1.00000  0.00000  0.99494  0.00000  0.00000  0.99991  0.40408
4.250000000e+00  0.00000  1.00000  0.00000  0.98732  0.00000  0.00000  0.99991  0.38897
4.260000000e+00  0.00000  1.00000  0.00000  0.98433  0.00000  0.00000  0.99991  0.36021
4.270000000e+00  0.00000  1.00000  0.00000  0.99450  0.00000  0.00000  0.99991  0.31728
4.280000000e+00  0.00000  1.00000  0.00000  0.97713  0.00000  0.00000  0.99992  0.28760
4.290000000e+00  0.00000  1.00000  0.00000  0.97380  0.00000  0.00000  0.99992  0.26951
4.300000000e+00  0.00000  1.00000  0.00000  0.97034  0.00000  0.00000  0.99992  0.27413
4.310000000e+00  0.00000  1.00000  0.00000  0.94808  0.00000  0.00000  0.99992  0.30172
4.320000000e+00  0.00000  1.00000  0.00000  0.95872  0.00000  0.00000  0.99992  0.34182
4.330000000e+00  0.00000  1.00000  0.00000  0.95698  0.00000  0.00000  0.99992  0.39653
4.340000000e+00  0.00000  1.00000  0.00000  0.94652  0.00000  0.00000  0.99992  0.44243
4.350000000e+00  0.00000  1.00000  0.00000  0.94477  0.00000  0.00000  0.99992  0.47716
4.360000000e+00  0.00000  1.00000  0.00000  0.92513  0.00000  0.00000  0.99992  0.50224
4.370000000e+00  0.00000  1.00000  0.00000  0.84369  0.00000  0.00000  0.99992  0.52028
4.380000000e+00  0.00000  1.00000  0.00000  0.94530  0.00000  0.00000  0.99992  0.53380
4.390000000e+00  0.00000  1.00000  0.00000  0.92555  0.00000  0.00000  0.99992  0.54610
4.400000000e+00  0.00000  1.00000  0.00000  0.88987  0.00000  0.00000  0.99992  0.55481
4.410000000e+00  0.00000  1.00000  0.00000  0.77924  0.00000  0.00000  0.99992  0.56614
4.420000000e+00  0.00000  1.00000  0.00000  0.96385  0.00000  0.00000  0.99993  0.57704
4.430000000e+00  0.00000  1.00000  0.00000  0.86967  0.00000  0.00000  0.99993  0.58979
4.440000000e+00  0.00000  1.00000  0.00000  0.72412  0.00000  0.00000  0.99993  0.60345
4.450000000e+00  0.00000  1.00000  0.00000  0.78769  0.00000  0.00000  0.99993  0.61945
4.460000000e+00  0.00000  1.00000  0.00000  0.81364  0.00000  0.00000  0.99993  0.63538
4.470000000e+00  0.00000  1.00000  0.00000  0.83026  0.00000  0.00000  0.99993  0.65473
4.480000000e+00  0.00000  1.00000  0.00000  0.81533  0.00000  0.00000  0.99993  0.67298
4.490000000e+00  0.00000  1.00000  0.00000  0.84968  0.00000  0.00000  0.99993  0.69396
4.500000000e+00  0.00000  1.00000  0.00000  0.87404  0.00000  0.00000  0.99993  0.71336
4.510000000e+00  0.00000  1.00000  0.00000  0.86680  0.00000  0.00000  0.99993  0.73451
4.520000000e+00  0.00000  1.00000  0.00000  0.80232  0.00000  0.00000  0.99993  0.75511
4.530000000e+00  0.00000  1.00000  0.00000  0.68246  0.00000  0.00000  0.99993  0.77520
4.540000000e+00  0.00000  1.00000  0.00002  0.66183  0.00000  0.00000  0.99993  0.79488
4.550000000e+00  0.00000  1.00000  0.00027  0.82427  0.00000  0.00000  0.99993  0.81380
4.560000000e+00  0.00000  1.00000  0.00529  0.91319  0.00000  0.00000  0.99993  0.83184
4.570000000e+00  0.00000  1.00000  0.03569  0.82112  0.00000  0.00000  0.99993  0.84817
4.580000000e+00  0.00000  1.00000  0.11991  0.72715  0.00000  0.00000  0.99994  0.86408
4.590000000e+00  0.00000  1.00000  0.17281  0.78724  0.00000  0.00000  0.99994  0.87853
4.600000000e+00  0.00000  1.00000  0.25217  0.81619  0.00000  0.00000  0.99994  0.89184
4.610000000e+00  0.00000  1.00000  0.31132  0.85293  0.00000  0.00000  0.99994  0.90405
4.620000000e+00  0.00000  1.00000  0.25735  0.81105  0.00000  0.00000  0.99994  0.91519
4.630000000e+00  0.00000  1.00000  0.11647  0.62284  0.00000  0.00000  0.99994  0.92524
4.640000000e+00  0.00000  1.00000  0.08936  0.63375  0.00000  0.00000  0.99994  0.93428
4.650000000e+00  0.00000  1.00000  0.07290  0.65103  0.00000  0.00000  0.99994  0.94241
4.660000000e+00  0.00000  1.00000  0.07368  0.58944  0.00000  0.00000  0.99994  0.94969
4.670000000e+00  0.00000  1.00000  0.08068  0.51772  0.00000  0.00000  0.99994  0.95586
4.680000000e+00  0.00000  1.00000  0.02881  0.52571  0.00000  0.00000  0.99994  0.96080
4.690000000e+00  0.00000  1.00000  0.01260  0.23366  0.00000  0.00000  0.99994  0.96598
4.700000000e+00  0.00000  1.00000  0.00145  0.87956  0.00000  0.00000  0.99994  0.97017
4.710000000e+00  0.00000  1.00000  0.00004  0.78497  0.00000  0.00000  0.99994  0.97370
4.720000000e+00  0.00000  1.00000  0.00002  0.46849  0.00000  0.00000  0.99994  0.97702
4.730000000e+00  0.00000  1.00000  0.00000  0.60120  0.00000  0.00000  0.99994  0.97951
4.740000000e+00  0.00000  1.00000  0.00000  0.44476  0.00000  0.00000  0.99994  0.98238
4.750000000e+00  0.00000  1.00000  0.00000  0.68285  0.00000  0.00000  0.99994  0.98460
4.760000000e+00  0.00000  1.00000  0.00000  0.57134  0.00000  0.00000  0.99994  0.98660
4.770000000e+00  0.00000  1.00000  0.00000  0.58499  0.00000  0.00000  0.99994  0.98835
4.780000000e+00  0.00000  1.00000  0.00000  0.46509  0.00000  0.00000  0.99995  0.98910
4.790000000e+00  0.00000  1.00000  0.00000  0.28703  0.00000  0.00000  0.99995  0.99047
4.800000000e+00  0.00000  1.00000  0.00000  0.32882  0.00000  0.00000  0.99995  0.99237
4.810000000e+00  0.00000  1.00000  0.00000  0.49800  0.00000  0.00000  0.99995  0.99355
4.820000000e+00  0.00000  1.00000  0.00000  0.44415  0.00000  0.00000  0.99995  0.99437
4.830000000e+00  0.00000  1.00000  0.00000  0.27248  0.00000  0.00000  0.99995  0.99534
4.840000000e+00  0.00000  1.00000  0.00000  0.48118  0.00000  0.00000  0.99995  0.99245
4.850000000e+00  0.00000  1.00000  0.00000  0.13309  0.00000  0.00000  0.99995  0.99509
4.860000000e+00  0.00000  1.00000  0.00000  0.10337  0.00000  0.00000  0.99995  0.99702
4.870000000e+00  0.00000  1.00000  0.00000  0.61328  0.00000  0.00000  0.99995  0.99755
4.880000000e+00  0.00000  1.00000  0.00000  0.62101  0.00000  0.00000  0.99995  0.99783
4.890000000e+00  0.00000  1.00000  0.00000  0.55616  0.00000  0.00000  0.99995  0.99746
4.900000000e+00  0.00000  1.00000  0.00000  0.08868  0.00000  0.00000  0.99995  0.99533
4.910000000e+00  0.00000  1.00000  0.00000  0.05571  0.00000  0.00000  0.99995  0.99819
4.920000000e+00  0.00000  1.00000  0.00000  0.29679  0.00000  0.00000  0.99995  0.99852
4.930000000e+00  0.00000  1.00000  0.00000  0.53115  0.00000  0.00000  0.99995  0.99865
4.940000000e+00  0.00000  1.00000  0.00011  0.28465  0.00000  0.00000  0.99995  0.99865
4.950000000e+00  0.00000  1.00000  0.00054  0.08954  0.00000  0.00000  0.99995  0.99691
4.960000000e+00  0.00000  1.00000  0.00129  0.03104  0.00000  0.00000  0.99995  0.98929
4.970000000e+00  0.00000  1.00000  0.01077  0.01100  0.00000  0.00000  0.99995  0.99897
4.980000000e+00  0.00000  1.00000  0.03191  0.19105  0.00000  0.00000  0.99995  0.99904
4.990000000e+00  0.00000  1.00000  0.08191  0.04956  0.00000  0.00000  0.99995  0.99926
5.000000000e+00  0.00000  1.00000  0.07516  0.30349  0.00000  0.00000  0.99995  0.99928
