results_atm.txt
# ------------------------------------------------------------------------
# Atmospheric radiances synthesized with PUMAS (Villanueva et al. 2016, Smith et al. 2009, Edwards 1992)
# Molecular abundance profile: 
# Molecules considered: N2,CO2,H2O
# Molecular sources: HIT[22],HIT[2],HIT[1]
# Molecular abundances: 1,1,1
# Molecular abundance units: scl,scl,scl
# Collission-Induced-Absorption:  N2-N2(3.33-5.41um)
# Rayleigh scattering included
# ------------------------------------------------------------------------
# Wave/freq TRAPPIST-1-e
1.000000000e+00  4.46745e-10
1.010000000e+00  4.49365e-10
1.020000000e+00  4.51745e-10
1.030000000e+00  4.53877e-10
1.040000000e+00  4.41927e-10
1.050000000e+00  4.57300e-10
1.060000000e+00  4.57988e-10
1.070000000e+00  4.56064e-10
1.080000000e+00  4.60756e-10
1.090000000e+00  4.61832e-10
1.100000000e+00  4.62293e-10
1.110000000e+00  4.62677e-10
1.120000000e+00  4.59540e-10
1.130000000e+00  4.58197e-10
1.140000000e+00  4.61013e-10
1.150000000e+00  4.59762e-10
1.160000000e+00  4.61634e-10
1.170000000e+00  4.61440e-10
1.180000000e+00  4.60562e-10
1.190000000e+00  4.59593e-10
1.200000000e+00  4.58599e-10
1.210000000e+00  3.81110e-10
1.220000000e+00  4.16130e-10
1.230000000e+00  4.29988e-10
1.240000000e+00  4.45564e-10
1.250000000e+00  4.51220e-10
1.260000000e+00  4.47588e-10
1.270000000e+00  4.45767e-10
1.280000000e+00  4.46059e-10
1.290000000e+00  4.40330e-10
1.300000000e+00  4.33833e-10
1.310000000e+00  4.39386e-10
1.320000000e+00  4.02768e-10
1.330000000e+00  4.34313e-10
1.340000000e+00  4.10904e-10
1.350000000e+00  4.23455e-10
1.360000000e+00  4.15053e-10
1.370000000e+00  4.09757e-10
1.380000000e+00  4.07795e-10
1.390000000e+00  4.08645e-10
1.400000000e+00  4.06605e-10
1.410000000e+00  4.02054e-10
1.420000000e+00  4.09431e-10
1.430000000e+00  4.03452e-10
1.440000000e+00  1.82350e-10
1.450000000e+00  3.27379e-10
1.460000000e+00  3.94928e-10
1.470000000e+00  3.92766e-10
1.480000000e+00  3.62762e-10
1.490000000e+00  3.82139e-10
1.500000000e+00  3.61542e-10
1.510000000e+00  3.82405e-10
1.520000000e+00  3.79960e-10
1.530000000e+00  3.48188e-10
1.540000000e+00  3.18856e-10
1.550000000e+00  3.61755e-10
1.560000000e+00  3.66208e-10
1.570000000e+00  3.23840e-10
1.580000000e+00  2.18741e-10
1.590000000e+00  3.39570e-10
1.600000000e+00  3.12291e-10
1.610000000e+00  2.14426e-10
1.620000000e+00  3.00324e-10
1.630000000e+00  3.28739e-10
1.640000000e+00  3.12436e-10
1.650000000e+00  3.03881e-10
1.660000000e+00  3.21452e-10
1.670000000e+00  3.22575e-10
1.680000000e+00  3.23976e-10
1.690000000e+00  3.27429e-10
1.700000000e+00  3.25916e-10
1.710000000e+00  3.19863e-10
1.720000000e+00  3.19423e-10
1.730000000e+00  3.17374e-10
1.740000000e+00  3.14540e-10
1.750000000e+00  3.11496e-10
1.760000000e+00  3.08048e-10
1.770000000e+00  3.05341e-10
1.780000000e+00  3.02638e-10
1.790000000e+00  2.99403e-10
1.800000000e+00  2.96526e-10
1.810000000e+00  2.93141e-10
1.820000000e+00  2.87401e-10
1.830000000e+00  2.82012e-10
1.840000000e+00  2.74582e-10
1.850000000e+00  2.72885e-10
1.860000000e+00  2.67695e-10
1.870000000e+00  2.68347e-10
1.880000000e+00  2.35853e-10
1.890000000e+00  2.35730e-10
1.900000000e+00  2.55762e-10
1.910000000e+00  2.53872e-10
1.920000000e+00  2.57149e-10
1.930000000e+00  2.55022e-10
1.940000000e+00  2.43029e-10
1.950000000e+00  1.30792e-10
1.960000000e+00  4.40499e-11
1.970000000e+00  4.82923e-11
1.980000000e+00  1.33384e-10
1.990000000e+00  1.84560e-10
2.000000000e+00  1.10596e-10
2.010000000e+00  2.58123e-11
2.020000000e+00  3.33650e-11
2.030000000e+00  8.26827e-11
2.040000000e+00  9.84333e-11
2.050000000e+00  8.94694e-11
2.060000000e+00  4.40629e-11
2.070000000e+00  4.80058e-11
2.080000000e+00  8.64765e-11
2.090000000e+00  1.11117e-10
2.100000000e+00  1.46500e-10
2.110000000e+00  1.77294e-10
2.120000000e+00  1.85756e-10
2.130000000e+00  2.03829e-10
2.140000000e+00  2.06060e-10
2.150000000e+00  1.86768e-10
2.160000000e+00  1.85351e-10
2.170000000e+00  1.83058e-10
2.180000000e+00  1.92438e-10
2.190000000e+00  1.98227e-10
2.200000000e+00  1.98167e-10
2.210000000e+00  1.96811e-10
2.220000000e+00  1.93948e-10
2.230000000e+00  1.92330e-10
2.240000000e+00  1.91482e-10
2.250000000e+00  1.89502e-10
2.260000000e+00  1.86550e-10
2.270000000e+00  1.85676e-10
2.280000000e+00  1.83656e-10
2.290000000e+00  1.82277e-10
2.300000000e+00  1.80453e-10
2.310000000e+00  1.78669e-10
2.320000000e+00  1.76921e-10
2.330000000e+00  1.75155e-10
2.340000000e+00  1.73405e-10
2.350000000e+00  1.71673e-10
2.360000000e+00  1.69958e-10
2.370000000e+00  1.68281e-10
2.380000000e+00  1.66556e-10
2.390000000e+00  1.64780e-10
2.400000000e+00  1.63031e-10
2.410000000e+00  1.61379e-10
2.420000000e+00  1.60007e-10
2.430000000e+00  1.58649e-10
2.440000000e+00  1.56331e-10
2.450000000e+00  1.55222e-10
2.460000000e+00  1.54026e-10
2.470000000e+00  1.52355e-10
2.480000000e+00  1.49801e-10
2.490000000e+00  1.43969e-10
2.500000000e+00  1.43673e-10
2.510000000e+00  1.42479e-10
2.520000000e+00  1.40332e-10
2.530000000e+00  1.41858e-10
2.540000000e+00  1.39440e-10
2.550000000e+00  1.35830e-10
2.560000000e+00  1.36217e-10
2.570000000e+00  1.26066e-10
2.580000000e+00  1.19700e-10
2.590000000e+00  1.14660e-10
2.600000000e+00  1.04691e-10
2.610000000e+00  1.09258e-10
2.620000000e+00  1.07519e-10
2.630000000e+00  1.13069e-10
2.640000000e+00  1.10959e-10
2.650000000e+00  1.18173e-10
2.660000000e+00  9.33032e-11
2.670000000e+00  1.19545e-11
2.680000000e+00  1.61026e-12
2.690000000e+00  5.13037e-13
2.700000000e+00  6.83457e-13
2.710000000e+00  6.87323e-13
2.720000000e+00  1.70045e-12
2.730000000e+00  3.79508e-12
2.740000000e+00  3.78847e-12
2.750000000e+00  1.72743e-12
2.760000000e+00  4.49048e-13
2.770000000e+00  3.55906e-13
2.780000000e+00  2.58693e-13
2.790000000e+00  3.03495e-13
2.800000000e+00  5.34242e-13
2.810000000e+00  8.32456e-13
2.820000000e+00  9.88848e-13
2.830000000e+00  1.05378e-12
2.840000000e+00  1.33407e-12
2.850000000e+00  8.88740e-13
2.860000000e+00  1.74482e-12
2.870000000e+00  5.52425e-12
2.880000000e+00  9.64601e-12
2.890000000e+00  1.64780e-11
2.900000000e+00  2.48094e-11
2.910000000e+00  2.93620e-11
2.920000000e+00  3.20183e-11
2.930000000e+00  3.28411e-11
2.940000000e+00  3.36881e-11
2.950000000e+00  3.48392e-11
2.960000000e+00  3.45470e-11
2.970000000e+00  3.15850e-11
2.980000000e+00  2.74892e-11
2.990000000e+00  2.65957e-11
3.000000000e+00  3.01702e-11
3.010000000e+00  3.36891e-11
3.020000000e+00  3.09626e-11
3.030000000e+00  3.29370e-11
3.040000000e+00  3.51403e-11
3.050000000e+00  3.62203e-11
3.060000000e+00  3.63215e-11
3.070000000e+00  3.71036e-11
3.080000000e+00  3.74358e-11
3.090000000e+00  3.72355e-11
3.100000000e+00  3.71712e-11
3.110000000e+00  3.67756e-11
3.120000000e+00  3.55206e-11
3.130000000e+00  3.45472e-11
3.140000000e+00  3.51248e-11
3.150000000e+00  3.60799e-11
3.160000000e+00  3.58285e-11
3.170000000e+00  3.54130e-11
3.180000000e+00  3.61584e-11
3.190000000e+00  3.69554e-11
3.200000000e+00  3.75923e-11
3.210000000e+00  3.81541e-11
3.220000000e+00  3.89319e-11
3.230000000e+00  3.94734e-11
3.240000000e+00  4.05945e-11
3.250000000e+00  4.11385e-11
3.260000000e+00  4.21402e-11
3.270000000e+00  4.26797e-11
3.280000000e+00  4.37077e-11
3.290000000e+00  4.47653e-11
3.300000000e+00  4.54500e-11
3.310000000e+00  4.62508e-11
3.320000000e+00  4.74079e-11
3.330000000e+00  4.79190e-11
3.340000000e+00  4.88116e-11
3.350000000e+00  4.93424e-11
3.360000000e+00  4.91257e-11
3.370000000e+00  5.07703e-11
3.380000000e+00  5.15579e-11
3.390000000e+00  5.21900e-11
3.400000000e+00  5.25532e-11
3.410000000e+00  5.28285e-11
3.420000000e+00  5.31252e-11
3.430000000e+00  5.33940e-11
3.440000000e+00  5.36516e-11
3.450000000e+00  5.38545e-11
3.460000000e+00  5.38458e-11
3.470000000e+00  5.37789e-11
3.480000000e+00  5.36949e-11
3.490000000e+00  5.36123e-11
3.500000000e+00  5.35263e-11
3.510000000e+00  5.34372e-11
3.520000000e+00  5.33037e-11
3.530000000e+00  5.30440e-11
3.540000000e+00  5.27748e-11
3.550000000e+00  5.24919e-11
3.560000000e+00  5.21613e-11
3.570000000e+00  5.17453e-11
3.580000000e+00  5.12668e-11
3.590000000e+00  5.05553e-11
3.600000000e+00  4.92143e-11
3.610000000e+00  4.78902e-11
3.620000000e+00  4.68814e-11
3.630000000e+00  4.76446e-11
3.640000000e+00  4.71131e-11
3.650000000e+00  4.61697e-11
3.660000000e+00  4.69402e-11
3.670000000e+00  4.78395e-11
3.680000000e+00  4.80027e-11
3.690000000e+00  4.77031e-11
3.700000000e+00  4.73876e-11
3.710000000e+00  4.71037e-11
3.720000000e+00  4.66590e-11
3.730000000e+00  4.63312e-11
3.740000000e+00  4.60298e-11
3.750000000e+00  4.55493e-11
3.760000000e+00  4.46551e-11
3.770000000e+00  4.35836e-11
3.780000000e+00  4.25069e-11
3.790000000e+00  4.11664e-11
3.800000000e+00  3.81974e-11
3.810000000e+00  3.42844e-11
3.820000000e+00  3.45700e-11
3.830000000e+00  3.73990e-11
3.840000000e+00  3.54266e-11
3.850000000e+00  3.42263e-11
3.860000000e+00  3.58002e-11
3.870000000e+00  3.81336e-11
3.880000000e+00  3.94841e-11
3.890000000e+00  3.99360e-11
3.900000000e+00  4.00724e-11
3.910000000e+00  3.99184e-11
3.920000000e+00  3.95820e-11
3.930000000e+00  3.90566e-11
3.940000000e+00  3.83254e-11
3.950000000e+00  3.74568e-11
3.960000000e+00  3.60849e-11
3.970000000e+00  3.47411e-11
3.980000000e+00  3.24826e-11
3.990000000e+00  3.11003e-11
4.000000000e+00  3.24375e-11
4.010000000e+00  3.29781e-11
4.020000000e+00  3.09332e-11
4.030000000e+00  3.08731e-11
4.040000000e+00  3.18199e-11
4.050000000e+00  3.29939e-11
4.060000000e+00  3.40083e-11
4.070000000e+00  3.41087e-11
4.080000000e+00  3.32529e-11
4.090000000e+00  3.21886e-11
4.100000000e+00  3.13827e-11
4.110000000e+00  3.13851e-11
4.120000000e+00  3.16258e-11
4.130000000e+00  3.14349e-11
4.140000000e+00  3.06332e-11
4.150000000e+00  3.07531e-11
4.160000000e+00  2.75359e-11
4.170000000e+00  1.11472e-11
4.180000000e+00  4.30302e-12
4.190000000e+00  2.25596e-12
4.200000000e+00  9.25484e-13
4.210000000e+00  3.21829e-13
4.220000000e+00  1.15118e-13
4.230000000e+00  6.56590e-14
4.240000000e+00  5.12580e-14
4.250000000e+00  4.88299e-14
4.260000000e+00  5.88178e-14
4.270000000e+00  6.34020e-14
4.280000000e+00  5.27908e-14
4.290000000e+00  5.42411e-14
4.300000000e+00  6.19465e-14
4.310000000e+00  7.18352e-14
4.320000000e+00  8.67458e-14
4.330000000e+00  1.23186e-13
4.340000000e+00  1.67477e-13
4.350000000e+00  2.06907e-13
4.360000000e+00  2.09433e-13
4.370000000e+00  2.24947e-13
4.380000000e+00  2.87231e-13
4.390000000e+00  3.85998e-13
4.400000000e+00  2.95871e-13
4.410000000e+00  2.98587e-13
4.420000000e+00  3.46112e-13
4.430000000e+00  4.37041e-13
4.440000000e+00  5.88226e-13
4.450000000e+00  8.77848e-13
4.460000000e+00  1.36987e-12
4.470000000e+00  1.77780e-12
4.480000000e+00  2.53790e-12
4.490000000e+00  3.26135e-12
4.500000000e+00  5.12605e-12
4.510000000e+00  8.74763e-12
4.520000000e+00  1.25736e-11
4.530000000e+00  1.65960e-11
4.540000000e+00  1.89581e-11
4.550000000e+00  2.04669e-11
4.560000000e+00  2.09032e-11
4.570000000e+00  2.13032e-11
4.580000000e+00  2.14265e-11
4.590000000e+00  2.14851e-11
4.600000000e+00  2.14769e-11
4.610000000e+00  2.13833e-11
4.620000000e+00  2.06037e-11
4.630000000e+00  2.02410e-11
4.640000000e+00  2.03404e-11
4.650000000e+00  2.02818e-11
4.660000000e+00  2.04140e-11
4.670000000e+00  2.03688e-11
4.680000000e+00  1.93730e-11
4.690000000e+00  1.87870e-11
4.700000000e+00  1.80478e-11
4.710000000e+00  1.26286e-11
4.720000000e+00  1.57835e-11
4.730000000e+00  1.38330e-11
4.740000000e+00  1.25882e-11
4.750000000e+00  1.17316e-11
4.760000000e+00  1.12992e-11
4.770000000e+00  1.16380e-11
4.780000000e+00  9.67106e-12
4.790000000e+00  7.88526e-12
4.800000000e+00  6.37251e-12
4.810000000e+00  4.29150e-12
4.820000000e+00  2.35637e-12
4.830000000e+00  2.78511e-12
4.840000000e+00  2.93132e-12
4.850000000e+00  2.86631e-12
4.860000000e+00  2.67271e-12
4.870000000e+00  2.87265e-12
4.880000000e+00  3.36413e-12
4.890000000e+00  3.98516e-12
4.900000000e+00  6.06049e-12
4.910000000e+00  8.02932e-12
4.920000000e+00  7.59676e-12
4.930000000e+00  1.14418e-11
4.940000000e+00  1.24007e-11
4.950000000e+00  1.20932e-11
4.960000000e+00  1.32969e-11
4.970000000e+00  1.45243e-11
4.980000000e+00  1.50558e-11
4.990000000e+00  1.62123e-11
5.000000000e+00  1.49157e-11
results_cfg.txt
<OBJECT-SUMMARY>Target: TRAPPIST-1 e for date (2017/05/25 15:22 UT); geometry: Observatory.
<OBJECT>Exoplanet
<OBJECT-NAME>TRAPPIST-1 e
<OBJECT-DATE>2017/05/25 15:22
<OBJECT-DIAMETER>11697
<OBJECT-GRAVITY>3.703632e+24
<OBJECT-GRAVITY-UNIT>kg
<OBJECT-STAR-DISTANCE>0.028170
<OBJECT-STAR-VELOCITY>0
<OBJECT-SOLAR-LONGITUDE>0
<OBJECT-SOLAR-LATITUDE>0
<OBJECT-SEASON>60
<OBJECT-SEASON-YEAR>2016
<OBJECT-STAR-TYPE>M
<OBJECT-STAR-TEMPERATURE>2559.0
<OBJECT-STAR-RADIUS>0.12
<OBJECT-OBS-LONGITUDE>0.0
<OBJECT-OBS-LATITUDE>89.860
<GEOMETRY>Observatory
<GEOMETRY-OFFSET-UNIT>arcsec
<GEOMETRY-OBS-ALTITUDE>12.10
<GEOMETRY-ALTITUDE-UNIT>pc
<GEOMETRY-OBS-ANGLE>48.121
<GEOMETRY-SOLAR-ANGLE>66.029
<GEOMETRY-PLANET-FRACTION>9.985186e-01
<GEOMETRY-STAR-DISTANCE>0.000000e+00
<GEOMETRY-STAR-FRACTION>0.000000e+00
<GEOMETRY-SOLAR-ANGLE>66.029
<GEOMETRY-PHASE>300.000
<ATMOSPHERE-STRUCTURE>Equilibrium
<ATMOSPHERE-WEIGHT>34.1487961809
<ATMOSPHERE-PRESSURE>1.4001411133
<ATMOSPHERE-PUNIT>bar
<ATMOSPHERE-NGAS>3
<ATMOSPHERE-GAS>N2,CO2,H2O
<ATMOSPHERE-TYPE>HIT[22],HIT[2],HIT[1]
<ATMOSPHERE-ABUN>1,1,1
<ATMOSPHERE-UNIT>scl,scl,scl
<ATMOSPHERE-NAERO>2
<ATMOSPHERE-AEROS>WaterIce,Cloud
<ATMOSPHERE-ATYPE>CRISM_Wolff[reff=2.0um 0.31-99.57um],White_GSFC[reff=1.0um 0.10-1000000.00um]
<ATMOSPHERE-AABUN>1,1
<ATMOSPHERE-AUNIT>scl,scl
<ATMOSPHERE-NMAX>0
<ATMOSPHERE-LMAX>0
<ATMOSPHERE-ASIZE>155.971642059,14.0
<ATMOSPHERE-LAYERS-MOLECULES>Altitude,N2,CO2,H2O,WaterIce,Cloud
<ATMOSPHERE-LAYERS>47
<ATMOSPHERE-LAYER-1>1.390E+00,2.926E+02,6.397E-02,7.397E-01,2.959E-01,1.666E-02,4.821E-10,1.680E-04
<ATMOSPHERE-LAYER-2>1.358E+00,2.924E+02,2.590E-01,7.399E-01,2.960E-01,1.626E-02,4.969E-15,8.997E-05
<ATMOSPHERE-LAYER-3>1.300E+00,2.922E+02,6.367E-01,7.405E-01,2.962E-01,1.524E-02,2.314E-26,5.729E-05
<ATMOSPHERE-LAYER-4>1.210E+00,2.908E+02,1.246E+00,7.421E-01,2.969E-01,1.248E-02,2.596E-12,3.466E-05
<ATMOSPHERE-LAYER-5>1.096E+00,2.882E+02,2.084E+00,7.443E-01,2.977E-01,8.847E-03,1.412E-08,2.395E-05
<ATMOSPHERE-LAYER-6>9.656E-01,2.837E+02,3.143E+00,7.458E-01,2.983E-01,6.234E-03,1.655E-07,2.237E-05
<ATMOSPHERE-LAYER-7>8.275E-01,2.773E+02,4.409E+00,7.466E-01,2.986E-01,4.882E-03,7.261E-07,2.662E-05
<ATMOSPHERE-LAYER-8>6.983E-01,2.700E+02,5.770E+00,7.474E-01,2.990E-01,3.535E-03,1.362E-06,3.535E-05
<ATMOSPHERE-LAYER-9>5.884E-01,2.629E+02,7.105E+00,7.480E-01,2.992E-01,2.404E-03,2.636E-06,5.291E-05
<ATMOSPHERE-LAYER-10>4.950E-01,2.563E+02,8.418E+00,7.485E-01,2.994E-01,1.579E-03,4.658E-06,6.184E-05
<ATMOSPHERE-LAYER-11>4.157E-01,2.500E+02,9.713E+00,7.488E-01,2.995E-01,1.004E-03,9.649E-06,4.248E-05
<ATMOSPHERE-LAYER-12>3.482E-01,2.438E+02,1.099E+01,7.490E-01,2.996E-01,6.256E-04,1.221E-05,1.708E-05
<ATMOSPHERE-LAYER-13>2.909E-01,2.374E+02,1.226E+01,7.492E-01,2.997E-01,3.763E-04,1.207E-05,5.431E-06
<ATMOSPHERE-LAYER-14>2.421E-01,2.305E+02,1.352E+01,7.493E-01,2.997E-01,2.039E-04,5.870E-06,2.200E-07
<ATMOSPHERE-LAYER-15>2.007E-01,2.232E+02,1.476E+01,7.494E-01,2.998E-01,9.918E-05,4.631E-06,0.000E+00
<ATMOSPHERE-LAYER-16>1.655E-01,2.160E+02,1.600E+01,7.494E-01,2.998E-01,4.353E-05,3.896E-06,0.000E+00
<ATMOSPHERE-LAYER-17>1.355E-01,2.097E+02,1.725E+01,7.494E-01,2.998E-01,1.952E-05,2.996E-06,0.000E+00
<ATMOSPHERE-LAYER-18>1.101E-01,2.059E+02,1.851E+01,7.494E-01,2.998E-01,1.228E-05,1.765E-06,0.000E+00
<ATMOSPHERE-LAYER-19>8.867E-02,2.055E+02,1.981E+01,7.494E-01,2.998E-01,1.106E-05,3.899E-07,0.000E+00
<ATMOSPHERE-LAYER-20>7.287E-02,2.062E+02,2.099E+01,7.494E-01,2.998E-01,1.086E-05,2.579E-08,0.000E+00
<ATMOSPHERE-LAYER-21>6.152E-02,2.066E+02,2.202E+01,7.494E-01,2.998E-01,1.070E-05,1.372E-08,0.000E+00
<ATMOSPHERE-LAYER-22>5.168E-02,2.066E+02,2.307E+01,7.494E-01,2.998E-01,1.054E-05,1.009E-08,0.000E+00
<ATMOSPHERE-LAYER-23>4.319E-02,2.060E+02,2.415E+01,7.494E-01,2.998E-01,1.040E-05,7.630E-09,0.000E+00
<ATMOSPHERE-LAYER-24>3.592E-02,2.049E+02,2.526E+01,7.494E-01,2.998E-01,1.030E-05,6.326E-09,0.000E+00
<ATMOSPHERE-LAYER-25>2.973E-02,2.034E+02,2.639E+01,7.494E-01,2.998E-01,1.032E-05,5.719E-09,0.000E+00
<ATMOSPHERE-LAYER-26>2.448E-02,2.016E+02,2.754E+01,7.494E-01,2.998E-01,1.053E-05,1.777E-08,0.000E+00
<ATMOSPHERE-LAYER-27>2.006E-02,1.995E+02,2.871E+01,7.494E-01,2.998E-01,1.069E-05,7.951E-08,0.000E+00
<ATMOSPHERE-LAYER-28>1.635E-02,1.972E+02,2.990E+01,7.494E-01,2.998E-01,1.061E-05,1.553E-07,0.000E+00
<ATMOSPHERE-LAYER-29>1.326E-02,1.948E+02,3.110E+01,7.494E-01,2.998E-01,1.033E-05,2.092E-07,0.000E+00
<ATMOSPHERE-LAYER-30>1.071E-02,1.928E+02,3.231E+01,7.494E-01,2.998E-01,9.968E-06,2.559E-07,0.000E+00
<ATMOSPHERE-LAYER-31>8.600E-03,1.915E+02,3.355E+01,7.494E-01,2.998E-01,9.663E-06,2.262E-07,0.000E+00
<ATMOSPHERE-LAYER-32>6.873E-03,1.906E+02,3.480E+01,7.494E-01,2.998E-01,9.387E-06,1.497E-07,0.000E+00
<ATMOSPHERE-LAYER-33>5.465E-03,1.899E+02,3.608E+01,7.494E-01,2.998E-01,9.061E-06,1.032E-07,0.000E+00
<ATMOSPHERE-LAYER-34>4.325E-03,1.889E+02,3.737E+01,7.494E-01,2.998E-01,8.708E-06,9.037E-08,0.000E+00
<ATMOSPHERE-LAYER-35>3.405E-03,1.873E+02,3.869E+01,7.494E-01,2.998E-01,8.276E-06,9.562E-08,0.000E+00
<ATMOSPHERE-LAYER-36>2.667E-03,1.853E+02,4.002E+01,7.494E-01,2.998E-01,7.825E-06,1.113E-07,0.000E+00
<ATMOSPHERE-LAYER-37>2.079E-03,1.830E+02,4.136E+01,7.494E-01,2.998E-01,7.575E-06,1.293E-07,0.000E+00
<ATMOSPHERE-LAYER-38>1.613E-03,1.812E+02,4.272E+01,7.494E-01,2.998E-01,7.522E-06,1.361E-07,0.000E+00
<ATMOSPHERE-LAYER-39>1.245E-03,1.807E+02,4.409E+01,7.494E-01,2.998E-01,7.648E-06,8.740E-08,0.000E+00
<ATMOSPHERE-LAYER-40>9.559E-04,1.811E+02,4.549E+01,7.494E-01,2.998E-01,7.831E-06,6.546E-08,0.000E+00
<ATMOSPHERE-LAYER-41>3.776E-04,1.811E+02,6.041E+01,7.494E-01,2.998E-01,7.831E-06,6.546E-08,0.000E+00
<ATMOSPHERE-LAYER-42>2.615E-04,1.811E+02,6.631E+01,7.494E-01,2.998E-01,7.831E-06,6.546E-08,0.000E+00
<ATMOSPHERE-LAYER-43>1.566E-04,1.811E+02,7.455E+01,7.494E-01,2.998E-01,7.831E-06,6.546E-08,0.000E+00
<ATMOSPHERE-LAYER-44>7.656E-05,1.811E+02,8.604E+01,7.494E-01,2.998E-01,7.831E-06,6.546E-08,0.000E+00
<ATMOSPHERE-LAYER-45>2.820E-05,1.811E+02,1.021E+02,7.494E-01,2.998E-01,7.831E-06,6.546E-08,0.000E+00
<ATMOSPHERE-LAYER-46>6.996E-06,1.811E+02,1.245E+02,7.494E-01,2.998E-01,7.831E-06,6.546E-08,0.000E+00
<ATMOSPHERE-LAYER-47>1.000E-06,1.811E+02,1.557E+02,7.494E-01,2.998E-01,7.831E-06,6.546E-08,0.000E+00
<SURFACE-TEMPERATURE>292.6710815
<SURFACE-ALBEDO>0.1459557
<SURFACE-EMISSIVITY>0.8540443
results_lyr.txt
# ----------------------------------------------------------------------------------------------
# NASA-GSFC Planetary Spectrum Generator (PSG, Villanueva et al. 2015)
# Atmospheric layering information considered by PUMAS
# Synthesized on Tue Nov 21 15:10:20 2017
# Radiative transfer method: correlated-k
# Synthesis spectral resolution [cm-1] and resolving power: 8.913678 5.010e+02
# Scattering parameters (nmax, lmax): 0 0
# ----------------------------------------------------------------------------------------------
# Molecular abundance profile: 
# Molecules considered: N2,CO2,H2O
# Molecular sources: HIT[22],HIT[2],HIT[1]
# Molecular abundances: 1,1,1
# Molecular abundance units: scl,scl,scl
# Collission-Induced-Absorption:  N2-N2(3.33-5.41um)
# Rayleigh scattering included
# ----------------------------------------------------------------------------------------------
# Aerosols considered: WaterIce,Cloud
# Aerosols sources: CRISM_Wolff[reff=2.0um 0.31-99.57um],White_GSFC[reff=1.0um 0.10-1000000.00um]
# Aerosols abundances: 1,1
# Aerosols abundance units: scl,scl
# Aerosols sizes [um]: 155.971642059,14.0
# ----------------------------------------------------------------------------------------------
# Input layer-by-layer atmospheric profile
# Molecular abundances in molec/molec and aerosols in kg/kg
# ----------------------------------------------------------------------------------------------
# Alt[km] Pressure[bar] Temp[K]         N2        CO2        H2O   WaterIce      Cloud
# ----------------------------------------------------------------------------------------------
    0.000   1.400e+00   292.671   7.397e-01  2.959e-01  1.666e-02  4.821e-10  1.680e-04
    0.259   1.358e+00   292.400   7.399e-01  2.960e-01  1.626e-02  4.969e-15  8.997e-05
    0.637   1.300e+00   292.200   7.405e-01  2.962e-01  1.524e-02  2.314e-26  5.729e-05
    1.246   1.210e+00   290.800   7.421e-01  2.969e-01  1.248e-02  2.596e-12  3.466e-05
    2.084   1.096e+00   288.200   7.443e-01  2.977e-01  8.847e-03  1.412e-08  2.395e-05
    3.143   9.656e-01   283.700   7.458e-01  2.983e-01  6.234e-03  1.655e-07  2.237e-05
    4.409   8.275e-01   277.300   7.466e-01  2.986e-01  4.882e-03  7.261e-07  2.662e-05
    5.770   6.983e-01   270.000   7.474e-01  2.990e-01  3.535e-03  1.362e-06  3.535e-05
    7.105   5.884e-01   262.900   7.480e-01  2.992e-01  2.404e-03  2.636e-06  5.291e-05
    8.418   4.950e-01   256.300   7.485e-01  2.994e-01  1.579e-03  4.658e-06  6.184e-05
    9.713   4.157e-01   250.000   7.488e-01  2.995e-01  1.004e-03  9.649e-06  4.248e-05
   10.990   3.482e-01   243.800   7.490e-01  2.996e-01  6.256e-04  1.221e-05  1.708e-05
   12.260   2.909e-01   237.400   7.492e-01  2.997e-01  3.763e-04  1.207e-05  5.431e-06
   13.520   2.421e-01   230.500   7.493e-01  2.997e-01  2.039e-04  5.870e-06  2.200e-07
   14.760   2.007e-01   223.200   7.494e-01  2.998e-01  9.918e-05  4.631e-06  0.000e+00
   16.000   1.655e-01   216.000   7.494e-01  2.998e-01  4.353e-05  3.896e-06  0.000e+00
   17.250   1.355e-01   209.700   7.494e-01  2.998e-01  1.952e-05  2.996e-06  0.000e+00
   18.510   1.101e-01   205.900   7.494e-01  2.998e-01  1.228e-05  1.765e-06  0.000e+00
   19.810   8.867e-02   205.500   7.494e-01  2.998e-01  1.106e-05  3.899e-07  0.000e+00
   20.990   7.287e-02   206.200   7.494e-01  2.998e-01  1.086e-05  2.579e-08  0.000e+00
   22.020   6.152e-02   206.600   7.494e-01  2.998e-01  1.070e-05  1.372e-08  0.000e+00
   23.070   5.168e-02   206.600   7.494e-01  2.998e-01  1.054e-05  1.009e-08  0.000e+00
   24.150   4.319e-02   206.000   7.494e-01  2.998e-01  1.040e-05  7.630e-09  0.000e+00
   25.260   3.592e-02   204.900   7.494e-01  2.998e-01  1.030e-05  6.326e-09  0.000e+00
   26.390   2.973e-02   203.400   7.494e-01  2.998e-01  1.032e-05  5.719e-09  0.000e+00
   27.540   2.448e-02   201.600   7.494e-01  2.998e-01  1.053e-05  1.777e-08  0.000e+00
   28.710   2.006e-02   199.500   7.494e-01  2.998e-01  1.069e-05  7.951e-08  0.000e+00
   29.900   1.635e-02   197.200   7.494e-01  2.998e-01  1.061e-05  1.553e-07  0.000e+00
   31.100   1.326e-02   194.800   7.494e-01  2.998e-01  1.033e-05  2.092e-07  0.000e+00
   32.310   1.071e-02   192.800   7.494e-01  2.998e-01  9.968e-06  2.559e-07  0.000e+00
   33.550   8.600e-03   191.500   7.494e-01  2.998e-01  9.663e-06  2.262e-07  0.000e+00
   34.800   6.873e-03   190.600   7.494e-01  2.998e-01  9.387e-06  1.497e-07  0.000e+00
   36.080   5.465e-03   189.900   7.494e-01  2.998e-01  9.061e-06  1.032e-07  0.000e+00
   37.370   4.325e-03   188.900   7.494e-01  2.998e-01  8.708e-06  9.037e-08  0.000e+00
   38.690   3.405e-03   187.300   7.494e-01  2.998e-01  8.276e-06  9.562e-08  0.000e+00
   40.020   2.667e-03   185.300   7.494e-01  2.998e-01  7.825e-06  1.113e-07  0.000e+00
   41.360   2.079e-03   183.000   7.494e-01  2.998e-01  7.575e-06  1.293e-07  0.000e+00
   42.720   1.613e-03   181.200   7.494e-01  2.998e-01  7.522e-06  1.361e-07  0.000e+00
   44.090   1.245e-03   180.700   7.494e-01  2.998e-01  7.648e-06  8.740e-08  0.000e+00
   45.490   9.559e-04   181.100   7.494e-01  2.998e-01  7.831e-06  6.546e-08  0.000e+00
   60.410   3.776e-04   181.100   7.494e-01  2.998e-01  7.831e-06  6.546e-08  0.000e+00
   66.310   2.615e-04   181.100   7.494e-01  2.998e-01  7.831e-06  6.546e-08  0.000e+00
   74.550   1.566e-04   181.100   7.494e-01  2.998e-01  7.831e-06  6.546e-08  0.000e+00
   86.040   7.656e-05   181.100   7.494e-01  2.998e-01  7.831e-06  6.546e-08  0.000e+00
  102.100   2.820e-05   181.100   7.494e-01  2.998e-01  7.831e-06  6.546e-08  0.000e+00
  124.500   6.996e-06   181.100   7.494e-01  2.998e-01  7.831e-06  6.546e-08  0.000e+00
  155.700   1.000e-06   181.100   7.494e-01  2.998e-01  7.831e-06  6.546e-08  0.000e+00
#
# ----------------------------------------------------------------------------------------------
# Curtis-Godson integrated layer information used by the radiative transfer analysis
# Oblique molecular layer columns in molec/m2 and aerosols in kg/m2
# ----------------------------------------------------------------------------------------------
# Low[km]  High[km]  Path[km] Pressure[bar] Temp[K]   Airmass   dcol[m-2]         N2        CO2        H2O   WaterIce      Cloud
# ----------------------------------------------------------------------------------------------
    0.000     0.259     0.388   1.379e+00   292.537    1.4980   1.328e+28  9.825e+27  3.930e+27  2.186e+26  4.538e-08  9.433e-02
    0.259     0.637     0.566   1.329e+00   292.301    1.4979   1.866e+28  1.381e+28  5.526e+27  2.939e+26  6.065e-13  7.678e-02
    0.637     1.246     0.913   1.255e+00   291.509    1.4977   2.848e+28  2.111e+28  8.444e+27  3.938e+26  2.284e-10  7.294e-02
    1.246     2.084     1.255   1.153e+00   289.521    1.4975   3.620e+28  2.690e+28  1.076e+28  3.833e+26  3.339e-06  5.965e-02
    2.084     3.143     1.585   1.031e+00   285.993    1.4972   4.136e+28  3.082e+28  1.233e+28  3.098e+26  1.413e-04  5.434e-02
    3.143     4.409     1.895   8.963e-01   280.572    1.4968   4.380e+28  3.268e+28  1.307e+28  2.429e+26  9.267e-04  6.056e-02
    4.409     5.770     2.037   7.627e-01   273.739    1.4964   4.104e+28  3.065e+28  1.226e+28  1.719e+26  2.335e-03  7.137e-02
    5.770     7.105     1.997   6.431e-01   266.538    1.4959   3.485e+28  2.606e+28  1.042e+28  1.027e+26  3.782e-03  8.562e-02
    7.105     8.418     1.964   5.415e-01   259.683    1.4955   2.961e+28  2.216e+28  8.863e+27  5.843e+25  5.922e-03  9.596e-02
    8.418     9.713     1.936   4.552e-01   253.230    1.4951   2.517e+28  1.884e+28  7.537e+27  3.215e+25  9.691e-03  7.393e-02
    9.713    10.990     1.909   3.818e-01   246.980    1.4947   2.134e+28  1.598e+28  6.392e+27  1.717e+25  1.312e-02  3.413e-02
   10.990    12.260     1.898   3.194e-01   240.684    1.4943   1.821e+28  1.364e+28  5.457e+27  8.991e+24  1.254e-02  1.066e-02
   12.260    13.520     1.882   2.664e-01   234.041    1.4939   1.549e+28  1.161e+28  4.643e+27  4.394e+24  7.627e-03  1.491e-03
   13.520    14.760     1.852   2.213e-01   226.947    1.4935   1.306e+28  9.784e+27  3.914e+27  1.915e+24  3.881e-03  9.490e-08
   14.760    16.000     1.851   1.830e-01   219.698    1.4931   1.115e+28  8.355e+27  3.343e+27  7.619e+23  2.695e-03  0.000e+00
   16.000    17.250     1.866   1.504e-01   212.941    1.4927   9.527e+27  7.139e+27  2.856e+27  2.885e+23  1.858e-03  0.000e+00
   17.250    18.510     1.880   1.228e-01   207.861    1.4924   8.022e+27  6.012e+27  2.405e+27  1.263e+23  1.067e-03  0.000e+00
   18.510    19.810     1.940   9.939e-02   205.707    1.4920   6.765e+27  5.069e+27  2.028e+27  7.902e+22  3.588e-04  0.000e+00
   19.810    20.990     1.760   8.078e-02   205.838    1.4916   4.989e+27  3.739e+27  1.496e+27  5.470e+22  3.969e-05  0.000e+00
   20.990    22.020     1.536   6.720e-02   206.394    1.4912   3.616e+27  2.710e+27  1.084e+27  3.899e+22  3.957e-06  0.000e+00
   22.020    23.070     1.565   5.660e-02   206.600    1.4909   3.101e+27  2.324e+27  9.296e+26  3.294e+22  2.086e-06  0.000e+00
   23.070    24.150     1.610   4.744e-02   206.309    1.4906   2.676e+27  2.005e+27  8.021e+26  2.802e+22  1.341e-06  0.000e+00
   24.150    25.260     1.654   3.955e-02   205.467    1.4902   2.302e+27  1.725e+27  6.900e+26  2.382e+22  9.106e-07  0.000e+00
   25.260    26.390     1.684   3.282e-02   204.173    1.4899   1.956e+27  1.466e+27  5.864e+26  2.016e+22  6.684e-07  0.000e+00
   26.390    27.540     1.713   2.710e-02   202.528    1.4895   1.656e+27  1.241e+27  4.966e+26  1.726e+22  9.810e-07  0.000e+00
   27.540    28.710     1.742   2.227e-02   200.584    1.4892   1.397e+27  1.047e+27  4.189e+26  1.482e+22  3.190e-06  0.000e+00
   28.710    29.900     1.772   1.820e-02   198.388    1.4888   1.174e+27  8.800e+26  3.520e+26  1.251e+22  7.456e-06  0.000e+00
   29.900    31.100     1.786   1.480e-02   196.040    1.4884   9.741e+26  7.300e+26  2.920e+26  1.020e+22  9.943e-06  0.000e+00
   31.100    32.310     1.801   1.198e-02   193.834    1.4881   8.038e+26  6.024e+26  2.410e+26  8.162e+21  1.053e-05  0.000e+00
   32.310    33.550     1.845   9.655e-03   192.173    1.4877   6.690e+26  5.014e+26  2.006e+26  6.570e+21  9.153e-06  0.000e+00
   33.550    34.800     1.859   7.736e-03   191.067    1.4873   5.433e+26  4.071e+26  1.629e+26  5.177e+21  5.753e-06  0.000e+00
   34.800    36.080     1.903   6.169e-03   190.263    1.4869   4.453e+26  3.337e+26  1.335e+26  4.110e+21  3.179e-06  0.000e+00
   36.080    37.370     1.918   4.895e-03   189.419    1.4865   3.575e+26  2.679e+26  1.072e+26  3.178e+21  1.964e-06  0.000e+00
   37.370    38.690     1.962   3.865e-03   188.131    1.4861   2.907e+26  2.178e+26  8.715e+25  2.470e+21  1.531e-06  0.000e+00
   38.690    40.020     1.976   3.036e-03   186.339    1.4857   2.322e+26  1.740e+26  6.960e+25  1.871e+21  1.355e-06  0.000e+00
   40.020    41.360     1.990   2.373e-03   184.196    1.4853   1.849e+26  1.385e+26  5.543e+25  1.424e+21  1.255e-06  0.000e+00
   41.360    42.720     2.019   1.846e-03   182.137    1.4849   1.475e+26  1.106e+26  4.423e+25  1.114e+21  1.109e-06  0.000e+00
   42.720    44.090     2.034   1.429e-03   180.961    1.4845   1.157e+26  8.674e+25  3.470e+25  8.776e+20  7.286e-07  0.000e+00
   44.090    45.490     2.078   1.101e-03   180.891    1.4841   9.107e+25  6.825e+25  2.730e+25  7.044e+20  3.945e-07  0.000e+00
   45.490    60.410    22.106   6.673e-04   181.100    1.4816   5.506e+26  4.126e+26  1.651e+26  4.312e+21  2.044e-06  0.000e+00
   60.410    66.310     8.723   3.196e-04   181.100    1.4785   1.103e+26  8.263e+25  3.306e+25  8.635e+20  4.093e-07  0.000e+00
   66.310    74.550    12.166   2.091e-04   181.100    1.4764   9.956e+25  7.461e+25  2.985e+25  7.797e+20  3.696e-07  0.000e+00
   74.550    86.040    16.931   1.166e-04   181.100    1.4735   7.575e+25  5.677e+25  2.271e+25  5.932e+20  2.812e-07  0.000e+00
   86.040   102.100    23.601   5.244e-05   181.100    1.4696   4.572e+25  3.426e+25  1.371e+25  3.580e+20  1.697e-07  0.000e+00
  102.100   124.500    32.796   1.767e-05   181.100    1.4641   1.997e+25  1.496e+25  5.986e+24  1.564e+20  7.411e-08  0.000e+00
  124.500   155.700    45.449   4.052e-06   181.100    1.4567   5.612e+24  4.206e+24  1.683e+24  4.395e+19  2.083e-08  0.000e+00
# ----------------------------------------------------------------------------------------------
# Integrated atmospheric columns                       1.4955   4.446e+29  3.319e+29  1.328e+29  2.242e+27  6.606e-02  7.918e-01
# ----------------------------------------------------------------------------------------------
results_rad.txt
# ------------------------------------------------------------------------
# Radiance spectrum
# NASA-GSFC Planetary Spectrum Generator (PSG) (Villanueva et al. 2015)
# Synthesized on Tue Nov 21 15:10:20 2017
# ------------------------------------------------------------------------
# Atmospheric radiances synthesized with PUMAS (Villanueva et al. 2016, Smith et al. 2009, Edwards 1992)
# Molecular abundance profile: 
# Molecules considered: N2,CO2,H2O
# Molecular sources: HIT[22],HIT[2],HIT[1]
# Molecular abundances: 1,1,1
# Molecular abundance units: scl,scl,scl
# Collission-Induced-Absorption:  N2-N2(3.33-5.41um)
# Rayleigh scattering included
# ------------------------------------------------------------------------
# Spectral unit: Wavelength [um]
# Radiance unit: Spectral radiance [W/sr/m2/um]
# Wave/freq Total Stellar TRAPPIST-1-e
1.000000000e+00  3.68049e-03  3.68049e-03  4.46745e-10
1.010000000e+00  3.70309e-03  3.70309e-03  4.49365e-10
1.020000000e+00  3.72363e-03  3.72363e-03  4.51745e-10
1.030000000e+00  3.74214e-03  3.74214e-03  4.53877e-10
1.040000000e+00  3.75867e-03  3.75867e-03  4.41927e-10
1.050000000e+00  3.77328e-03  3.77327e-03  4.57300e-10
1.060000000e+00  3.78601e-03  3.78601e-03  4.57988e-10
1.070000000e+00  3.79691e-03  3.79691e-03  4.56064e-10
1.080000000e+00  3.80605e-03  3.80605e-03  4.60756e-10
1.090000000e+00  3.81347e-03  3.81347e-03  4.61832e-10
1.100000000e+00  3.81922e-03  3.81922e-03  4.62293e-10
1.110000000e+00  3.82337e-03  3.82337e-03  4.62677e-10
1.120000000e+00  3.82595e-03  3.82595e-03  4.59540e-10
1.130000000e+00  3.82703e-03  3.82703e-03  4.58197e-10
1.140000000e+00  3.82666e-03  3.82666e-03  4.61013e-10
1.150000000e+00  3.82489e-03  3.82489e-03  4.59762e-10
1.160000000e+00  3.82177e-03  3.82177e-03  4.61634e-10
1.170000000e+00  3.81735e-03  3.81734e-03  4.61440e-10
1.180000000e+00  3.81168e-03  3.81168e-03  4.60562e-10
1.190000000e+00  3.80481e-03  3.80481e-03  4.59593e-10
1.200000000e+00  3.79680e-03  3.79679e-03  4.58599e-10
1.210000000e+00  3.78768e-03  3.78768e-03  3.81110e-10
1.220000000e+00  3.77751e-03  3.77751e-03  4.16130e-10
1.230000000e+00  3.76632e-03  3.76632e-03  4.29988e-10
1.240000000e+00  3.75418e-03  3.75418e-03  4.45564e-10
1.250000000e+00  3.74111e-03  3.74111e-03  4.51220e-10
1.260000000e+00  3.72717e-03  3.72717e-03  4.47588e-10
1.270000000e+00  3.71239e-03  3.71239e-03  4.45767e-10
1.280000000e+00  3.69682e-03  3.69682e-03  4.46059e-10
1.290000000e+00  3.68049e-03  3.68049e-03  4.40330e-10
1.300000000e+00  3.66345e-03  3.66345e-03  4.33833e-10
1.310000000e+00  3.64573e-03  3.64573e-03  4.39386e-10
1.320000000e+00  3.62736e-03  3.62736e-03  4.02768e-10
1.330000000e+00  3.60839e-03  3.60839e-03  4.34313e-10
1.340000000e+00  3.58885e-03  3.58885e-03  4.10904e-10
1.350000000e+00  3.56877e-03  3.56877e-03  4.23455e-10
1.360000000e+00  3.54817e-03  3.54817e-03  4.15053e-10
1.370000000e+00  3.52711e-03  3.52711e-03  4.09757e-10
1.380000000e+00  3.50559e-03  3.50559e-03  4.07795e-10
1.390000000e+00  3.48366e-03  3.48366e-03  4.08645e-10
1.400000000e+00  3.46134e-03  3.46134e-03  4.06605e-10
1.410000000e+00  3.43866e-03  3.43866e-03  4.02054e-10
1.420000000e+00  3.41564e-03  3.41564e-03  4.09431e-10
1.430000000e+00  3.39231e-03  3.39231e-03  4.03452e-10
1.440000000e+00  3.36870e-03  3.36870e-03  1.82350e-10
1.450000000e+00  3.34482e-03  3.34482e-03  3.27379e-10
1.460000000e+00  3.32070e-03  3.32070e-03  3.94928e-10
1.470000000e+00  3.29636e-03  3.29636e-03  3.92766e-10
1.480000000e+00  3.27183e-03  3.27183e-03  3.62762e-10
1.490000000e+00  3.24712e-03  3.24711e-03  3.82139e-10
1.500000000e+00  3.22224e-03  3.22224e-03  3.61542e-10
1.510000000e+00  3.19723e-03  3.19723e-03  3.82405e-10
1.520000000e+00  3.17209e-03  3.17209e-03  3.79960e-10
1.530000000e+00  3.14685e-03  3.14685e-03  3.48188e-10
1.540000000e+00  3.12152e-03  3.12152e-03  3.18856e-10
1.550000000e+00  3.09611e-03  3.09611e-03  3.61755e-10
1.560000000e+00  3.07064e-03  3.07064e-03  3.66208e-10
1.570000000e+00  3.04513e-03  3.04513e-03  3.23840e-10
1.580000000e+00  3.01959e-03  3.01959e-03  2.18741e-10
1.590000000e+00  2.99402e-03  2.99402e-03  3.39570e-10
1.600000000e+00  2.96846e-03  2.96846e-03  3.12291e-10
1.610000000e+00  2.94289e-03  2.94289e-03  2.14426e-10
1.620000000e+00  2.91734e-03  2.91734e-03  3.00324e-10
1.630000000e+00  2.89182e-03  2.89182e-03  3.28739e-10
1.640000000e+00  2.86634e-03  2.86634e-03  3.12436e-10
1.650000000e+00  2.84091e-03  2.84091e-03  3.03881e-10
1.660000000e+00  2.81553e-03  2.81553e-03  3.21452e-10
1.670000000e+00  2.79021e-03  2.79021e-03  3.22575e-10
1.680000000e+00  2.76497e-03  2.76497e-03  3.23976e-10
1.690000000e+00  2.73981e-03  2.73981e-03  3.27429e-10
1.700000000e+00  2.71474e-03  2.71474e-03  3.25916e-10
1.710000000e+00  2.68977e-03  2.68977e-03  3.19863e-10
1.720000000e+00  2.66490e-03  2.66490e-03  3.19423e-10
1.730000000e+00  2.64013e-03  2.64013e-03  3.17374e-10
1.740000000e+00  2.61549e-03  2.61549e-03  3.14540e-10
1.750000000e+00  2.59096e-03  2.59096e-03  3.11496e-10
1.760000000e+00  2.56656e-03  2.56656e-03  3.08048e-10
1.770000000e+00  2.54229e-03  2.54229e-03  3.05341e-10
1.780000000e+00  2.51815e-03  2.51815e-03  3.02638e-10
1.790000000e+00  2.49415e-03  2.49415e-03  2.99403e-10
1.800000000e+00  2.47030e-03  2.47030e-03  2.96526e-10
1.810000000e+00  2.44660e-03  2.44660e-03  2.93141e-10
1.820000000e+00  2.42304e-03  2.42304e-03  2.87401e-10
1.830000000e+00  2.39964e-03  2.39964e-03  2.82012e-10
1.840000000e+00  2.37640e-03  2.37640e-03  2.74582e-10
1.850000000e+00  2.35332e-03  2.35332e-03  2.72885e-10
1.860000000e+00  2.33041e-03  2.33041e-03  2.67695e-10
1.870000000e+00  2.30765e-03  2.30765e-03  2.68347e-10
1.880000000e+00  2.28507e-03  2.28507e-03  2.35853e-10
1.890000000e+00  2.26266e-03  2.26266e-03  2.35730e-10
1.900000000e+00  2.24041e-03  2.24041e-03  2.55762e-10
1.910000000e+00  2.21834e-03  2.21834e-03  2.53872e-10
1.920000000e+00  2.19645e-03  2.19645e-03  2.57149e-10
1.930000000e+00  2.17473e-03  2.17473e-03  2.55022e-10
1.940000000e+00  2.15319e-03  2.15319e-03  2.43029e-10
1.950000000e+00  2.13183e-03  2.13183e-03  1.30792e-10
1.960000000e+00  2.11065e-03  2.11065e-03  4.40499e-11
1.970000000e+00  2.08964e-03  2.08964e-03  4.82923e-11
1.980000000e+00  2.06882e-03  2.06882e-03  1.33384e-10
1.990000000e+00  2.04818e-03  2.04818e-03  1.84560e-10
2.000000000e+00  2.02772e-03  2.02772e-03  1.10596e-10
2.010000000e+00  2.00745e-03  2.00745e-03  2.58123e-11
2.020000000e+00  1.98735e-03  1.98735e-03  3.33650e-11
2.030000000e+00  1.96744e-03  1.96744e-03  8.26827e-11
2.040000000e+00  1.94771e-03  1.94771e-03  9.84333e-11
2.050000000e+00  1.92816e-03  1.92816e-03  8.94694e-11
2.060000000e+00  1.90880e-03  1.90880e-03  4.40629e-11
2.070000000e+00  1.88961e-03  1.88961e-03  4.80058e-11
2.080000000e+00  1.87061e-03  1.87061e-03  8.64765e-11
2.090000000e+00  1.85179e-03  1.85179e-03  1.11117e-10
2.100000000e+00  1.83315e-03  1.83315e-03  1.46500e-10
2.110000000e+00  1.81469e-03  1.81469e-03  1.77294e-10
2.120000000e+00  1.79641e-03  1.79641e-03  1.85756e-10
2.130000000e+00  1.77831e-03  1.77831e-03  2.03829e-10
2.140000000e+00  1.76039e-03  1.76039e-03  2.06060e-10
2.150000000e+00  1.74264e-03  1.74264e-03  1.86768e-10
2.160000000e+00  1.72507e-03  1.72507e-03  1.85351e-10
2.170000000e+00  1.70768e-03  1.70768e-03  1.83058e-10
2.180000000e+00  1.69046e-03  1.69046e-03  1.92438e-10
2.190000000e+00  1.67341e-03  1.67341e-03  1.98227e-10
2.200000000e+00  1.65654e-03  1.65654e-03  1.98167e-10
2.210000000e+00  1.63984e-03  1.63984e-03  1.96811e-10
2.220000000e+00  1.62331e-03  1.62331e-03  1.93948e-10
2.230000000e+00  1.60696e-03  1.60695e-03  1.92330e-10
2.240000000e+00  1.59076e-03  1.59076e-03  1.91482e-10
2.250000000e+00  1.57474e-03  1.57474e-03  1.89502e-10
2.260000000e+00  1.55889e-03  1.55889e-03  1.86550e-10
2.270000000e+00  1.54320e-03  1.54319e-03  1.85676e-10
2.280000000e+00  1.52767e-03  1.52767e-03  1.83656e-10
2.290000000e+00  1.51230e-03  1.51230e-03  1.82277e-10
2.300000000e+00  1.49710e-03  1.49710e-03  1.80453e-10
2.310000000e+00  1.48206e-03  1.48206e-03  1.78669e-10
2.320000000e+00  1.46718e-03  1.46718e-03  1.76921e-10
2.330000000e+00  1.45245e-03  1.45245e-03  1.75155e-10
2.340000000e+00  1.43788e-03  1.43788e-03  1.73405e-10
2.350000000e+00  1.42347e-03  1.42347e-03  1.71673e-10
2.360000000e+00  1.40921e-03  1.40921e-03  1.69958e-10
2.370000000e+00  1.39510e-03  1.39510e-03  1.68281e-10
2.380000000e+00  1.38115e-03  1.38115e-03  1.66556e-10
2.390000000e+00  1.36734e-03  1.36734e-03  1.64780e-10
2.400000000e+00  1.35368e-03  1.35368e-03  1.63031e-10
2.410000000e+00  1.34017e-03  1.34017e-03  1.61379e-10
2.420000000e+00  1.32681e-03  1.32681e-03  1.60007e-10
2.430000000e+00  1.31359e-03  1.31359e-03  1.58649e-10
2.440000000e+00  1.30051e-03  1.30051e-03  1.56331e-10
2.450000000e+00  1.28757e-03  1.28757e-03  1.55222e-10
2.460000000e+00  1.27478e-03  1.27478e-03  1.54026e-10
2.470000000e+00  1.26212e-03  1.26212e-03  1.52355e-10
2.480000000e+00  1.24960e-03  1.24960e-03  1.49801e-10
2.490000000e+00  1.23722e-03  1.23722e-03  1.43969e-10
2.500000000e+00  1.22498e-03  1.22498e-03  1.43673e-10
2.510000000e+00  1.21286e-03  1.21286e-03  1.42479e-10
2.520000000e+00  1.20088e-03  1.20088e-03  1.40332e-10
2.530000000e+00  1.18903e-03  1.18903e-03  1.41858e-10
2.540000000e+00  1.17731e-03  1.17731e-03  1.39440e-10
2.550000000e+00  1.16572e-03  1.16572e-03  1.35830e-10
2.560000000e+00  1.15425e-03  1.15425e-03  1.36217e-10
2.570000000e+00  1.14291e-03  1.14291e-03  1.26066e-10
2.580000000e+00  1.13170e-03  1.13170e-03  1.19700e-10
2.590000000e+00  1.12060e-03  1.12060e-03  1.14660e-10
2.600000000e+00  1.10963e-03  1.10963e-03  1.04691e-10
2.610000000e+00  1.09878e-03  1.09878e-03  1.09258e-10
2.620000000e+00  1.08805e-03  1.08805e-03  1.07519e-10
2.630000000e+00  1.07744e-03  1.07744e-03  1.13069e-10
2.640000000e+00  1.06694e-03  1.06694e-03  1.10959e-10
2.650000000e+00  1.05656e-03  1.05656e-03  1.18173e-10
2.660000000e+00  1.04629e-03  1.04629e-03  9.33032e-11
2.670000000e+00  1.03614e-03  1.03614e-03  1.19545e-11
2.680000000e+00  1.02610e-03  1.02610e-03  1.61026e-12
2.690000000e+00  1.01616e-03  1.01616e-03  5.13037e-13
2.700000000e+00  1.00634e-03  1.00634e-03  6.83457e-13
2.710000000e+00  9.96623e-04  9.96623e-04  6.87323e-13
2.720000000e+00  9.87014e-04  9.87014e-04  1.70045e-12
2.730000000e+00  9.77511e-04  9.77511e-04  3.79508e-12
2.740000000e+00  9.68112e-04  9.68112e-04  3.78847e-12
2.750000000e+00  9.58816e-04  9.58816e-04  1.72743e-12
2.760000000e+00  9.49622e-04  9.49622e-04  4.49048e-13
2.770000000e+00  9.40529e-04  9.40529e-04  3.55906e-13
2.780000000e+00  9.31536e-04  9.31536e-04  2.58693e-13
2.790000000e+00  9.22641e-04  9.22641e-04  3.03495e-13
2.800000000e+00  9.13844e-04  9.13844e-04  5.34242e-13
2.810000000e+00  9.05143e-04  9.05143e-04  8.32456e-13
2.820000000e+00  8.96538e-04  8.96538e-04  9.88848e-13
2.830000000e+00  8.88027e-04  8.88027e-04  1.05378e-12
2.840000000e+00  8.79608e-04  8.79608e-04  1.33407e-12
2.850000000e+00  8.71282e-04  8.71282e-04  8.88740e-13
2.860000000e+00  8.63047e-04  8.63047e-04  1.74482e-12
2.870000000e+00  8.54902e-04  8.54902e-04  5.52425e-12
2.880000000e+00  8.46846e-04  8.46846e-04  9.64601e-12
2.890000000e+00  8.38878e-04  8.38878e-04  1.64780e-11
2.900000000e+00  8.30996e-04  8.30996e-04  2.48094e-11
2.910000000e+00  8.23201e-04  8.23201e-04  2.93620e-11
2.920000000e+00  8.15490e-04  8.15490e-04  3.20183e-11
2.930000000e+00  8.07863e-04  8.07863e-04  3.28411e-11
2.940000000e+00  8.00320e-04  8.00320e-04  3.36881e-11
2.950000000e+00  7.92858e-04  7.92858e-04  3.48392e-11
2.960000000e+00  7.85477e-04  7.85477e-04  3.45470e-11
2.970000000e+00  7.78176e-04  7.78176e-04  3.15850e-11
2.980000000e+00  7.70954e-04  7.70954e-04  2.74892e-11
2.990000000e+00  7.63811e-04  7.63811e-04  2.65957e-11
3.000000000e+00  7.56745e-04  7.56745e-04  3.01702e-11
3.010000000e+00  7.49755e-04  7.49755e-04  3.36891e-11
3.020000000e+00  7.42841e-04  7.42841e-04  3.09626e-11
3.030000000e+00  7.36002e-04  7.36001e-04  3.29370e-11
3.040000000e+00  7.29236e-04  7.29236e-04  3.51403e-11
3.050000000e+00  7.22543e-04  7.22543e-04  3.62203e-11
3.060000000e+00  7.15922e-04  7.15922e-04  3.63215e-11
3.070000000e+00  7.09372e-04  7.09372e-04  3.71036e-11
3.080000000e+00  7.02893e-04  7.02893e-04  3.74358e-11
3.090000000e+00  6.96483e-04  6.96483e-04  3.72355e-11
3.100000000e+00  6.90142e-04  6.90142e-04  3.71712e-11
3.110000000e+00  6.83869e-04  6.83869e-04  3.67756e-11
3.120000000e+00  6.77663e-04  6.77663e-04  3.55206e-11
3.130000000e+00  6.71523e-04  6.71523e-04  3.45472e-11
3.140000000e+00  6.65449e-04  6.65449e-04  3.51248e-11
3.150000000e+00  6.59440e-04  6.59440e-04  3.60799e-11
3.160000000e+00  6.53495e-04  6.53494e-04  3.58285e-11
3.170000000e+00  6.47613e-04  6.47612e-04  3.54130e-11
3.180000000e+00  6.41793e-04  6.41793e-04  3.61584e-11
3.190000000e+00  6.36035e-04  6.36035e-04  3.69554e-11
3.200000000e+00  6.30339e-04  6.30339e-04  3.75923e-11
3.210000000e+00  6.24703e-04  6.24702e-04  3.81541e-11
3.220000000e+00  6.19126e-04  6.19126e-04  3.89319e-11
3.230000000e+00  6.13608e-04  6.13608e-04  3.94734e-11
3.240000000e+00  6.08149e-04  6.08149e-04  4.05945e-11
3.250000000e+00  6.02747e-04  6.02747e-04  4.11385e-11
3.260000000e+00  5.97402e-04  5.97402e-04  4.21402e-11
3.270000000e+00  5.92114e-04  5.92114e-04  4.26797e-11
3.280000000e+00  5.86881e-04  5.86881e-04  4.37077e-11
3.290000000e+00  5.81703e-04  5.81702e-04  4.47653e-11
3.300000000e+00  5.76579e-04  5.76579e-04  4.54500e-11
3.310000000e+00  5.71509e-04  5.71508e-04  4.62508e-11
3.320000000e+00  5.66491e-04  5.66491e-04  4.74079e-11
3.330000000e+00  5.61527e-04  5.61527e-04  4.79190e-11
3.340000000e+00  5.56614e-04  5.56614e-04  4.88116e-11
3.350000000e+00  5.51752e-04  5.51752e-04  4.93424e-11
3.360000000e+00  5.46941e-04  5.46941e-04  4.91257e-11
3.370000000e+00  5.42180e-04  5.42180e-04  5.07703e-11
3.380000000e+00  5.37468e-04  5.37468e-04  5.15579e-11
3.390000000e+00  5.32805e-04  5.32805e-04  5.21900e-11
3.400000000e+00  5.28190e-04  5.28190e-04  5.25532e-11
3.410000000e+00  5.23623e-04  5.23623e-04  5.28285e-11
3.420000000e+00  5.19104e-04  5.19104e-04  5.31252e-11
3.430000000e+00  5.14631e-04  5.14631e-04  5.33940e-11
3.440000000e+00  5.10204e-04  5.10203e-04  5.36516e-11
3.450000000e+00  5.05822e-04  5.05822e-04  5.38545e-11
3.460000000e+00  5.01485e-04  5.01485e-04  5.38458e-11
3.470000000e+00  4.97193e-04  4.97193e-04  5.37789e-11
3.480000000e+00  4.92945e-04  4.92945e-04  5.36949e-11
3.490000000e+00  4.88741e-04  4.88741e-04  5.36123e-11
3.500000000e+00  4.84579e-04  4.84579e-04  5.35263e-11
3.510000000e+00  4.80460e-04  4.80460e-04  5.34372e-11
3.520000000e+00  4.76383e-04  4.76383e-04  5.33037e-11
3.530000000e+00  4.72347e-04  4.72347e-04  5.30440e-11
3.540000000e+00  4.68352e-04  4.68352e-04  5.27748e-11
3.550000000e+00  4.64398e-04  4.64398e-04  5.24919e-11
3.560000000e+00  4.60484e-04  4.60484e-04  5.21613e-11
3.570000000e+00  4.56609e-04  4.56609e-04  5.17453e-11
3.580000000e+00  4.52774e-04  4.52774e-04  5.12668e-11
3.590000000e+00  4.48977e-04  4.48977e-04  5.05553e-11
3.600000000e+00  4.45219e-04  4.45219e-04  4.92143e-11
3.610000000e+00  4.41498e-04  4.41498e-04  4.78902e-11
3.620000000e+00  4.37815e-04  4.37815e-04  4.68814e-11
3.630000000e+00  4.34169e-04  4.34169e-04  4.76446e-11
3.640000000e+00  4.30559e-04  4.30559e-04  4.71131e-11
3.650000000e+00  4.26986e-04  4.26986e-04  4.61697e-11
3.660000000e+00  4.23448e-04  4.23448e-04  4.69402e-11
3.670000000e+00  4.19945e-04  4.19945e-04  4.78395e-11
3.680000000e+00  4.16478e-04  4.16478e-04  4.80027e-11
3.690000000e+00  4.13045e-04  4.13044e-04  4.77031e-11
3.700000000e+00  4.09645e-04  4.09645e-04  4.73876e-11
3.710000000e+00  4.06280e-04  4.06280e-04  4.71037e-11
3.720000000e+00  4.02948e-04  4.02948e-04  4.66590e-11
3.730000000e+00  3.99649e-04  3.99649e-04  4.63312e-11
3.740000000e+00  3.96383e-04  3.96383e-04  4.60298e-11
3.750000000e+00  3.93148e-04  3.93148e-04  4.55493e-11
3.760000000e+00  3.89946e-04  3.89946e-04  4.46551e-11
3.770000000e+00  3.86775e-04  3.86775e-04  4.35836e-11
3.780000000e+00  3.83635e-04  3.83635e-04  4.25069e-11
3.790000000e+00  3.80526e-04  3.80526e-04  4.11664e-11
3.800000000e+00  3.77448e-04  3.77448e-04  3.81974e-11
3.810000000e+00  3.74400e-04  3.74400e-04  3.42844e-11
3.820000000e+00  3.71381e-04  3.71381e-04  3.45700e-11
3.830000000e+00  3.68392e-04  3.68392e-04  3.73990e-11
3.840000000e+00  3.65432e-04  3.65432e-04  3.54266e-11
3.850000000e+00  3.62500e-04  3.62500e-04  3.42263e-11
3.860000000e+00  3.59597e-04  3.59597e-04  3.58002e-11
3.870000000e+00  3.56723e-04  3.56723e-04  3.81336e-11
3.880000000e+00  3.53876e-04  3.53876e-04  3.94841e-11
3.890000000e+00  3.51056e-04  3.51056e-04  3.99360e-11
3.900000000e+00  3.48264e-04  3.48264e-04  4.00724e-11
3.910000000e+00  3.45499e-04  3.45499e-04  3.99184e-11
3.920000000e+00  3.42760e-04  3.42760e-04  3.95820e-11
3.930000000e+00  3.40048e-04  3.40048e-04  3.90566e-11
3.940000000e+00  3.37361e-04  3.37361e-04  3.83254e-11
3.950000000e+00  3.34701e-04  3.34701e-04  3.74568e-11
3.960000000e+00  3.32066e-04  3.32066e-04  3.60849e-11
3.970000000e+00  3.29456e-04  3.29456e-04  3.47411e-11
3.980000000e+00  3.26870e-04  3.26870e-04  3.24826e-11
3.990000000e+00  3.24310e-04  3.24310e-04  3.11003e-11
4.000000000e+00  3.21774e-04  3.21774e-04  3.24375e-11
4.010000000e+00  3.19262e-04  3.19262e-04  3.29781e-11
4.020000000e+00  3.16773e-04  3.16773e-04  3.09332e-11
4.030000000e+00  3.14309e-04  3.14309e-04  3.08731e-11
4.040000000e+00  3.11867e-04  3.11867e-04  3.18199e-11
4.050000000e+00  3.09449e-04  3.09449e-04  3.29939e-11
4.060000000e+00  3.07053e-04  3.07053e-04  3.40083e-11
4.070000000e+00  3.04680e-04  3.04680e-04  3.41087e-11
4.080000000e+00  3.02329e-04  3.02329e-04  3.32529e-11
4.090000000e+00  3.00000e-04  3.00000e-04  3.21886e-11
4.100000000e+00  2.97694e-04  2.97693e-04  3.13827e-11
4.110000000e+00  2.95408e-04  2.95408e-04  3.13851e-11
4.120000000e+00  2.93144e-04  2.93144e-04  3.16258e-11
4.130000000e+00  2.90901e-04  2.90901e-04  3.14349e-11
4.140000000e+00  2.88679e-04  2.88679e-04  3.06332e-11
4.150000000e+00  2.86478e-04  2.86478e-04  3.07531e-11
4.160000000e+00  2.84297e-04  2.84297e-04  2.75359e-11
4.170000000e+00  2.82136e-04  2.82136e-04  1.11472e-11
4.180000000e+00  2.79995e-04  2.79995e-04  4.30302e-12
4.190000000e+00  2.77874e-04  2.77874e-04  2.25596e-12
4.200000000e+00  2.75773e-04  2.75773e-04  9.25484e-13
4.210000000e+00  2.73691e-04  2.73691e-04  3.21829e-13
4.220000000e+00  2.71628e-04  2.71628e-04  1.15118e-13
4.230000000e+00  2.69584e-04  2.69584e-04  6.56590e-14
4.240000000e+00  2.67559e-04  2.67559e-04  5.12580e-14
4.250000000e+00  2.65552e-04  2.65552e-04  4.88299e-14
4.260000000e+00  2.63564e-04  2.63564e-04  5.88178e-14
4.270000000e+00  2.61594e-04  2.61594e-04  6.34020e-14
4.280000000e+00  2.59642e-04  2.59642e-04  5.27908e-14
4.290000000e+00  2.57707e-04  2.57707e-04  5.42411e-14
4.300000000e+00  2.55790e-04  2.55790e-04  6.19465e-14
4.310000000e+00  2.53891e-04  2.53891e-04  7.18352e-14
4.320000000e+00  2.52009e-04  2.52009e-04  8.67458e-14
4.330000000e+00  2.50144e-04  2.50144e-04  1.23186e-13
4.340000000e+00  2.48295e-04  2.48295e-04  1.67477e-13
4.350000000e+00  2.46463e-04  2.46463e-04  2.06907e-13
4.360000000e+00  2.44648e-04  2.44648e-04  2.09433e-13
4.370000000e+00  2.42849e-04  2.42849e-04  2.24947e-13
4.380000000e+00  2.41067e-04  2.41067e-04  2.87231e-13
4.390000000e+00  2.39300e-04  2.39300e-04  3.85998e-13
4.400000000e+00  2.37549e-04  2.37549e-04  2.95871e-13
4.410000000e+00  2.35814e-04  2.35814e-04  2.98587e-13
4.420000000e+00  2.34094e-04  2.34094e-04  3.46112e-13
4.430000000e+00  2.32390e-04  2.32390e-04  4.37041e-13
4.440000000e+00  2.30700e-04  2.30700e-04  5.88226e-13
4.450000000e+00  2.29026e-04  2.29026e-04  8.77848e-13
4.460000000e+00  2.27367e-04  2.27367e-04  1.36987e-12
4.470000000e+00  2.25722e-04  2.25722e-04  1.77780e-12
4.480000000e+00  2.24092e-04  2.24092e-04  2.53790e-12
4.490000000e+00  2.22476e-04  2.22476e-04  3.26135e-12
4.500000000e+00  2.20874e-04  2.20874e-04  5.12605e-12
4.510000000e+00  2.19287e-04  2.19287e-04  8.74763e-12
4.520000000e+00  2.17714e-04  2.17714e-04  1.25736e-11
4.530000000e+00  2.16154e-04  2.16154e-04  1.65960e-11
4.540000000e+00  2.14608e-04  2.14608e-04  1.89581e-11
4.550000000e+00  2.13075e-04  2.13075e-04  2.04669e-11
4.560000000e+00  2.11556e-04  2.11556e-04  2.09032e-11
4.570000000e+00  2.10051e-04  2.10051e-04  2.13032e-11
4.580000000e+00  2.08558e-04  2.08558e-04  2.14265e-11
4.590000000e+00  2.07078e-04  2.07078e-04  2.14851e-11
4.600000000e+00  2.05611e-04  2.05611e-04  2.14769e-11
4.610000000e+00  2.04157e-04  2.04157e-04  2.13833e-11
4.620000000e+00  2.02716e-04  2.02716e-04  2.06037e-11
4.630000000e+00  2.01287e-04  2.01287e-04  2.02410e-11
4.640000000e+00  1.99870e-04  1.99870e-04  2.03404e-11
4.650000000e+00  1.98466e-04  1.98466e-04  2.02818e-11
4.660000000e+00  1.97073e-04  1.97073e-04  2.04140e-11
4.670000000e+00  1.95693e-04  1.95693e-04  2.03688e-11
4.680000000e+00  1.94324e-04  1.94324e-04  1.93730e-11
4.690000000e+00  1.92967e-04  1.92967e-04  1.87870e-11
4.700000000e+00  1.91622e-04  1.91622e-04  1.80478e-11
4.710000000e+00  1.90288e-04  1.90288e-04  1.26286e-11
4.720000000e+00  1.88966e-04  1.88966e-04  1.57835e-11
4.730000000e+00  1.87655e-04  1.87655e-04  1.38330e-11
4.740000000e+00  1.86355e-04  1.86355e-04  1.25882e-11
4.750000000e+00  1.85066e-04  1.85066e-04  1.17316e-11
4.760000000e+00  1.83788e-04  1.83788e-04  1.12992e-11
4.770000000e+00  1.82521e-04  1.82521e-04  1.16380e-11
4.780000000e+00  1.81265e-04  1.81265e-04  9.67106e-12
4.790000000e+00  1.80019e-04  1.80019e-04  7.88526e-12
4.800000000e+00  1.78783e-04  1.78783e-04  6.37251e-12
4.810000000e+00  1.77559e-04  1.77559e-04  4.29150e-12
4.820000000e+00  1.76344e-04  1.76344e-04  2.35637e-12
4.830000000e+00  1.75140e-04  1.75140e-04  2.78511e-12
4.840000000e+00  1.73945e-04  1.73945e-04  2.93132e-12
4.850000000e+00  1.72761e-04  1.72761e-04  2.86631e-12
4.860000000e+00  1.71587e-04  1.71587e-04  2.67271e-12
4.870000000e+00  1.70422e-04  1.70422e-04  2.87265e-12
4.880000000e+00  1.69267e-04  1.69267e-04  3.36413e-12
4.890000000e+00  1.68122e-04  1.68122e-04  3.98516e-12
4.900000000e+00  1.66986e-04  1.66986e-04  6.06049e-12
4.910000000e+00  1.65860e-04  1.65860e-04  8.02932e-12
4.920000000e+00  1.64743e-04  1.64743e-04  7.59676e-12
4.930000000e+00  1.63635e-04  1.63635e-04  1.14418e-11
4.940000000e+00  1.62536e-04  1.62536e-04  1.24007e-11
4.950000000e+00  1.61447e-04  1.61447e-04  1.20932e-11
4.960000000e+00  1.60366e-04  1.60366e-04  1.32969e-11
4.970000000e+00  1.59294e-04  1.59294e-04  1.45243e-11
4.980000000e+00  1.58232e-04  1.58232e-04  1.50558e-11
4.990000000e+00  1.57177e-04  1.57177e-04  1.62123e-11
5.000000000e+00  1.56132e-04  1.56132e-04  1.49157e-11
results_trn.txt
# ------------------------------------------------------------------------
# NASA-GSFC Planetary Spectrum Generator (PSG, Villanueva et al. 2015)
# Atmospheric transmittance spectrum synthesized with PUMAS (Villanueva et al. 2016, Smith et al. 2009, Edwards 1992)
# Synthesized on Tue Nov 21 15:10:20 2017
# Molecular abundance profile: 
# Molecules considered: N2,CO2,H2O
# Molecular sources: HIT[22],HIT[2],HIT[1]
# Molecular abundances: 1,1,1
# Molecular abundance units: scl,scl,scl
# Collission-Induced-Absorption:  N2-N2(3.33-5.41um)
# Rayleigh scattering included
# ------------------------------------------------------------------------
# Aerosols considered: WaterIce,Cloud
# Aerosols sources: CRISM_Wolff[reff=2.0um 0.31-99.57um],White_GSFC[reff=1.0um 0.10-1000000.00um]
# Aerosols opacities: 1,1
# Aerosols opacity units: scl,scl
# ------------------------------------------------------------------------
# Spectral unit: Wavelength [um]
# Wave/freq Total N2 CO2 H2O WaterIce Cloud Rayleigh CIA
1.000000000e+00  0.00000  1.00000  0.99996  0.97182  0.00000  0.00000  0.97252  1.00000
1.010000000e+00  0.00000  1.00000  0.99999  0.96238  0.00000  0.00000  0.97358  1.00000
1.020000000e+00  0.00000  1.00000  1.00000  0.98228  0.00000  0.00000  0.97459  1.00000
1.030000000e+00  0.00000  1.00000  0.99999  0.98491  0.00000  0.00000  0.97555  1.00000
1.040000000e+00  0.00000  1.00000  0.79675  0.99820  0.00000  0.00000  0.97646  1.00000
1.050000000e+00  0.00000  1.00000  0.98663  0.99930  0.00000  0.00000  0.97734  1.00000
1.060000000e+00  0.00000  1.00000  0.96694  0.99795  0.00000  0.00000  0.97817  1.00000
1.070000000e+00  0.00000  1.00000  0.94067  0.98582  0.00000  0.00000  0.97897  1.00000
1.080000000e+00  0.00000  1.00000  0.99393  0.93392  0.00000  0.00000  0.97973  1.00000
1.090000000e+00  0.00000  1.00000  0.99963  0.87627  0.00000  0.00000  0.98045  1.00000
1.100000000e+00  0.00000  1.00000  0.99829  0.74565  0.00000  0.00000  0.98115  1.00000
1.110000000e+00  0.00000  1.00000  1.00000  0.46753  0.00000  0.00000  0.98181  1.00000
1.120000000e+00  0.00000  1.00000  0.97631  0.06605  0.00000  0.00000  0.98245  1.00000
1.130000000e+00  0.00000  1.00000  0.99656  0.01409  0.00000  0.00000  0.98306  1.00000
1.140000000e+00  0.00000  1.00000  0.99259  0.15383  0.00000  0.00000  0.98364  1.00000
1.150000000e+00  0.00000  1.00000  0.99779  0.07667  0.00000  0.00000  0.98420  1.00000
1.160000000e+00  0.00000  1.00000  0.99754  0.27439  0.00000  0.00000  0.98473  1.00000
1.170000000e+00  0.00000  1.00000  0.99992  0.54431  0.00000  0.00000  0.98524  1.00000
1.180000000e+00  0.00000  1.00000  0.99951  0.69866  0.00000  0.00000  0.98573  1.00000
1.190000000e+00  0.00000  1.00000  0.99995  0.63362  0.00000  0.00000  0.98620  1.00000
1.200000000e+00  0.00000  1.00000  0.99981  0.66113  0.00000  0.00000  0.98665  1.00000
1.210000000e+00  0.00000  1.00000  0.08639  0.77779  0.00000  0.00000  0.98709  1.00000
1.220000000e+00  0.00000  1.00000  0.56846  0.84397  0.00000  0.00000  0.98750  1.00000
1.230000000e+00  0.00000  1.00000  0.39297  0.88365  0.00000  0.00000  0.98790  1.00000
1.240000000e+00  0.00000  1.00000  0.83890  0.98018  0.00000  0.00000  0.98828  1.00000
1.250000000e+00  0.00000  1.00000  0.98862  0.99631  0.00000  0.00000  0.98865  1.00000
1.260000000e+00  0.00000  1.00000  0.95792  0.99645  0.00000  0.00000  0.98901  1.00000
1.270000000e+00  0.00000  1.00000  0.95963  0.98914  0.00000  0.00000  0.98935  1.00000
1.280000000e+00  0.00000  1.00000  0.99903  0.97630  0.00000  0.00000  0.98967  1.00000
1.290000000e+00  0.00000  1.00000  0.88166  0.93595  0.00000  0.00000  0.98999  1.00000
1.300000000e+00  0.00000  1.00000  0.82915  0.83282  0.00000  0.00000  0.99029  1.00000
1.310000000e+00  0.00000  1.00000  0.99209  0.71148  0.00000  0.00000  0.99058  1.00000
1.320000000e+00  0.00000  1.00000  0.41694  0.53807  0.00000  0.00000  0.99086  1.00000
1.330000000e+00  0.00000  1.00000  0.96793  0.38716  0.00000  0.00000  0.99113  1.00000
1.340000000e+00  0.00000  1.00000  0.56979  0.23643  0.00000  0.00000  0.99139  1.00000
1.350000000e+00  0.00000  1.00000  0.85235  0.01493  0.00000  0.00000  0.99165  1.00000
1.360000000e+00  0.00000  1.00000  0.98767  0.00000  0.00000  0.00000  0.99189  1.00000
1.370000000e+00  0.00000  1.00000  0.96998  0.00000  0.00000  0.00000  0.99212  1.00000
1.380000000e+00  0.00000  1.00000  0.96152  0.00000  0.00000  0.00000  0.99235  1.00000
1.390000000e+00  0.00000  1.00000  0.99284  0.00000  0.00000  0.00000  0.99256  1.00000
1.400000000e+00  0.00000  1.00000  0.99613  0.00001  0.00000  0.00000  0.99277  1.00000
1.410000000e+00  0.00000  1.00000  0.99980  0.00000  0.00000  0.00000  0.99297  1.00000
1.420000000e+00  0.00000  1.00000  0.99942  0.00136  0.00000  0.00000  0.99317  1.00000
1.430000000e+00  0.00000  1.00000  0.68647  0.00405  0.00000  0.00000  0.99336  1.00000
1.440000000e+00  0.00000  1.00000  0.00000  0.00429  0.00000  0.00000  0.99354  1.00000
1.450000000e+00  0.00000  1.00000  0.01263  0.03070  0.00000  0.00000  0.99372  1.00000
1.460000000e+00  0.00000  1.00000  0.63695  0.10957  0.00000  0.00000  0.99389  1.00000
1.470000000e+00  0.00000  1.00000  0.97429  0.03459  0.00000  0.00000  0.99405  1.00000
1.480000000e+00  0.00000  1.00000  0.41462  0.08713  0.00000  0.00000  0.99421  1.00000
1.490000000e+00  0.00000  1.00000  0.74848  0.08747  0.00000  0.00000  0.99436  1.00000
1.500000000e+00  0.00000  1.00000  0.55834  0.40695  0.00000  0.00000  0.99451  1.00000
1.510000000e+00  0.00000  1.00000  0.98146  0.56195  0.00000  0.00000  0.99465  1.00000
1.520000000e+00  0.00000  1.00000  0.98625  0.73805  0.00000  0.00000  0.99479  1.00000
1.530000000e+00  0.00000  1.00000  0.32490  0.81967  0.00000  0.00000  0.99493  1.00000
1.540000000e+00  0.00000  1.00000  0.13585  0.93400  0.00000  0.00000  0.99506  1.00000
1.550000000e+00  0.00000  1.00000  0.64971  0.96494  0.00000  0.00000  0.99518  1.00000
1.560000000e+00  0.00000  1.00000  0.93862  0.99032  0.00000  0.00000  0.99531  1.00000
1.570000000e+00  0.00000  1.00000  0.30623  0.98132  0.00000  0.00000  0.99542  1.00000
1.580000000e+00  0.00000  1.00000  0.00020  0.98507  0.00000  0.00000  0.99554  1.00000
1.590000000e+00  0.00000  1.00000  0.34041  0.98639  0.00000  0.00000  0.99565  1.00000
1.600000000e+00  0.00000  1.00000  0.21561  0.97912  0.00000  0.00000  0.99576  1.00000
1.610000000e+00  0.00000  1.00000  0.00218  0.99233  0.00000  0.00000  0.99586  1.00000
1.620000000e+00  0.00000  1.00000  0.01850  0.99239  0.00000  0.00000  0.99596  1.00000
1.630000000e+00  0.00000  1.00000  0.39398  0.99742  0.00000  0.00000  0.99606  1.00000
1.640000000e+00  0.00000  1.00000  0.30821  0.99209  0.00000  0.00000  0.99615  1.00000
1.650000000e+00  0.00000  1.00000  0.23354  0.97864  0.00000  0.00000  0.99625  1.00000
1.660000000e+00  0.00000  1.00000  0.39238  0.97618  0.00000  0.00000  0.99634  1.00000
1.670000000e+00  0.00000  1.00000  0.56249  0.97742  0.00000  0.00000  0.99642  1.00000
1.680000000e+00  0.00000  1.00000  0.80114  0.96534  0.00000  0.00000  0.99651  1.00000
1.690000000e+00  0.00000  1.00000  0.93768  0.97166  0.00000  0.00000  0.99659  1.00000
1.700000000e+00  0.00000  1.00000  0.98479  0.89771  0.00000  0.00000  0.99667  1.00000
1.710000000e+00  0.00000  1.00000  0.92886  0.89660  0.00000  0.00000  0.99675  1.00000
1.720000000e+00  0.00000  1.00000  0.96323  0.91563  0.00000  0.00000  0.99682  1.00000
1.730000000e+00  0.00000  1.00000  0.99263  0.86371  0.00000  0.00000  0.99689  1.00000
1.740000000e+00  0.00000  1.00000  0.99937  0.75268  0.00000  0.00000  0.99696  1.00000
1.750000000e+00  0.00000  1.00000  0.99894  0.68581  0.00000  0.00000  0.99703  1.00000
1.760000000e+00  0.00000  1.00000  0.89721  0.69704  0.00000  0.00000  0.99710  1.00000
1.770000000e+00  0.00000  1.00000  0.95831  0.52688  0.00000  0.00000  0.99716  1.00000
1.780000000e+00  0.00000  1.00000  0.99515  0.35249  0.00000  0.00000  0.99723  1.00000
1.790000000e+00  0.00000  1.00000  0.88240  0.20623  0.00000  0.00000  0.99729  1.00000
1.800000000e+00  0.00000  1.00000  0.95036  0.08464  0.00000  0.00000  0.99735  1.00000
1.810000000e+00  0.00000  1.00000  0.98753  0.00935  0.00000  0.00000  0.99741  1.00000
1.820000000e+00  0.00000  1.00000  0.99560  0.00047  0.00000  0.00000  0.99746  1.00000
1.830000000e+00  0.00000  1.00000  0.99927  0.00000  0.00000  0.00000  0.99752  1.00000
1.840000000e+00  0.00000  1.00000  0.99972  0.00000  0.00000  0.00000  0.99757  1.00000
1.850000000e+00  0.00000  1.00000  0.99756  0.00000  0.00000  0.00000  0.99762  1.00000
1.860000000e+00  0.00000  1.00000  0.99711  0.00000  0.00000  0.00000  0.99767  1.00000
1.870000000e+00  0.00000  1.00000  0.97880  0.00000  0.00000  0.00000  0.99772  1.00000
1.880000000e+00  0.00000  1.00000  0.10720  0.00000  0.00000  0.00000  0.99777  1.00000
1.890000000e+00  0.00000  1.00000  0.12505  0.00000  0.00000  0.00000  0.99782  1.00000
1.900000000e+00  0.00000  1.00000  0.51742  0.00001  0.00000  0.00000  0.99786  1.00000
1.910000000e+00  0.00000  1.00000  0.64604  0.00000  0.00000  0.00000  0.99791  1.00000
1.920000000e+00  0.00000  1.00000  0.86296  0.00000  0.00000  0.00000  0.99795  1.00000
1.930000000e+00  0.00000  1.00000  0.84201  0.00001  0.00000  0.00000  0.99799  1.00000
1.940000000e+00  0.00000  1.00000  0.19363  0.00030  0.00000  0.00000  0.99803  1.00000
1.950000000e+00  0.00000  1.00000  0.00000  0.00561  0.00000  0.00000  0.99807  1.00000
1.960000000e+00  0.00000  1.00000  0.00000  0.01676  0.00000  0.00000  0.99811  1.00000
1.970000000e+00  0.00000  1.00000  0.00000  0.22559  0.00000  0.00000  0.99815  1.00000
1.980000000e+00  0.00000  1.00000  0.00000  0.34698  0.00000  0.00000  0.99819  1.00000
1.990000000e+00  0.00000  1.00000  0.00417  0.40951  0.00000  0.00000  0.99822  1.00000
2.000000000e+00  0.00000  1.00000  0.00000  0.54054  0.00000  0.00000  0.99826  1.00000
2.010000000e+00  0.00000  1.00000  0.00000  0.43904  0.00000  0.00000  0.99829  1.00000
2.020000000e+00  0.00000  1.00000  0.00000  0.59144  0.00000  0.00000  0.99833  1.00000
2.030000000e+00  0.00000  1.00000  0.00000  0.81004  0.00000  0.00000  0.99836  1.00000
2.040000000e+00  0.00000  1.00000  0.00000  0.84058  0.00000  0.00000  0.99839  1.00000
2.050000000e+00  0.00000  1.00000  0.00000  0.92387  0.00000  0.00000  0.99842  1.00000
2.060000000e+00  0.00000  1.00000  0.00000  0.84342  0.00000  0.00000  0.99845  1.00000
2.070000000e+00  0.00000  1.00000  0.00000  0.87220  0.00000  0.00000  0.99848  1.00000
2.080000000e+00  0.00000  1.00000  0.00000  0.91526  0.00000  0.00000  0.99851  1.00000
2.090000000e+00  0.00000  1.00000  0.00000  0.91361  0.00000  0.00000  0.99854  1.00000
2.100000000e+00  0.00000  1.00000  0.00004  0.94778  0.00000  0.00000  0.99857  1.00000
2.110000000e+00  0.00000  1.00000  0.01917  0.95813  0.00000  0.00000  0.99859  1.00000
2.120000000e+00  0.00000  1.00000  0.06781  0.89256  0.00000  0.00000  0.99862  1.00000
2.130000000e+00  0.00000  1.00000  0.44087  0.85052  0.00000  0.00000  0.99865  1.00000
2.140000000e+00  0.00000  1.00000  0.63369  0.96394  0.00000  0.00000  0.99867  1.00000
2.150000000e+00  0.00000  1.00000  0.27606  0.98288  0.00000  0.00000  0.99870  1.00000
2.160000000e+00  0.00000  1.00000  0.34584  0.93381  0.00000  0.00000  0.99872  1.00000
2.170000000e+00  0.00000  1.00000  0.22943  0.86589  0.00000  0.00000  0.99874  1.00000
2.180000000e+00  0.00000  1.00000  0.54086  0.88842  0.00000  0.00000  0.99877  1.00000
2.190000000e+00  0.00000  1.00000  0.83101  0.76824  0.00000  0.00000  0.99879  1.00000
2.200000000e+00  0.00000  1.00000  0.88635  0.85606  0.00000  0.00000  0.99881  1.00000
2.210000000e+00  0.00000  1.00000  0.96470  0.89768  0.00000  0.00000  0.99883  1.00000
2.220000000e+00  0.00000  1.00000  0.95061  0.92195  0.00000  0.00000  0.99885  1.00000
2.230000000e+00  0.00000  1.00000  0.95420  0.94764  0.00000  0.00000  0.99887  1.00000
2.240000000e+00  0.00000  1.00000  0.98691  0.97532  0.00000  0.00000  0.99889  1.00000
2.250000000e+00  0.00000  1.00000  0.97816  0.97939  0.00000  0.00000  0.99891  1.00000
2.260000000e+00  0.00000  1.00000  0.94831  0.99195  0.00000  0.00000  0.99893  1.00000
2.270000000e+00  0.00000  1.00000  0.98754  0.98327  0.00000  0.00000  0.99895  1.00000
2.280000000e+00  0.00000  1.00000  0.97366  0.99689  0.00000  0.00000  0.99897  1.00000
2.290000000e+00  0.00000  1.00000  0.99192  0.98409  0.00000  0.00000  0.99899  1.00000
2.300000000e+00  0.00000  1.00000  0.99601  0.90905  0.00000  0.00000  0.99900  1.00000
2.310000000e+00  0.00000  1.00000  0.99746  0.97002  0.00000  0.00000  0.99902  1.00000
2.320000000e+00  0.00000  1.00000  0.99905  0.92532  0.00000  0.00000  0.99904  1.00000
2.330000000e+00  0.00000  1.00000  0.99989  0.91819  0.00000  0.00000  0.99905  1.00000
2.340000000e+00  0.00000  1.00000  0.99989  0.93477  0.00000  0.00000  0.99907  1.00000
2.350000000e+00  0.00000  1.00000  0.99987  0.83193  0.00000  0.00000  0.99909  1.00000
2.360000000e+00  0.00000  1.00000  0.99967  0.69869  0.00000  0.00000  0.99910  1.00000
2.370000000e+00  0.00000  1.00000  0.99822  0.71878  0.00000  0.00000  0.99912  1.00000
2.380000000e+00  0.00000  1.00000  0.99715  0.53028  0.00000  0.00000  0.99913  1.00000
2.390000000e+00  0.00000  1.00000  0.99069  0.41558  0.00000  0.00000  0.99915  1.00000
2.400000000e+00  0.00000  1.00000  0.98879  0.50869  0.00000  0.00000  0.99916  1.00000
2.410000000e+00  0.00000  1.00000  0.98701  0.33504  0.00000  0.00000  0.99917  1.00000
2.420000000e+00  0.00000  1.00000  0.99685  0.15108  0.00000  0.00000  0.99919  1.00000
2.430000000e+00  0.00000  1.00000  0.99991  0.34502  0.00000  0.00000  0.99920  1.00000
2.440000000e+00  0.00000  1.00000  0.99986  0.07072  0.00000  0.00000  0.99921  1.00000
2.450000000e+00  0.00000  1.00000  0.99965  0.13275  0.00000  0.00000  0.99923  1.00000
2.460000000e+00  0.00000  1.00000  0.99948  0.21530  0.00000  0.00000  0.99924  1.00000
2.470000000e+00  0.00000  1.00000  0.99246  0.18310  0.00000  0.00000  0.99925  1.00000
2.480000000e+00  0.00000  1.00000  0.96986  0.08558  0.00000  0.00000  0.99926  1.00000
2.490000000e+00  0.00000  1.00000  0.32161  0.00325  0.00000  0.00000  0.99927  1.00000
2.500000000e+00  0.00000  1.00000  0.73623  0.00334  0.00000  0.00000  0.99929  1.00000
2.510000000e+00  0.00000  1.00000  0.70529  0.00090  0.00000  0.00000  0.99930  1.00000
2.520000000e+00  0.00000  1.00000  0.68263  0.00020  0.00000  0.00000  0.99931  1.00000
2.530000000e+00  0.00000  1.00000  0.83829  0.00000  0.00000  0.00000  0.99932  1.00000
2.540000000e+00  0.00000  1.00000  0.90104  0.00000  0.00000  0.00000  0.99933  1.00000
2.550000000e+00  0.00000  1.00000  0.97516  0.00000  0.00000  0.00000  0.99934  1.00000
2.560000000e+00  0.00000  1.00000  0.94411  0.00000  0.00000  0.00000  0.99935  1.00000
2.570000000e+00  0.00000  1.00000  0.96699  0.00000  0.00000  0.00000  0.99936  1.00000
2.580000000e+00  0.00000  1.00000  0.78940  0.00000  0.00000  0.00000  0.99937  1.00000
2.590000000e+00  0.00000  1.00000  0.54334  0.00000  0.00000  0.00000  0.99938  1.00000
2.600000000e+00  0.00000  1.00000  0.64711  0.00000  0.00000  0.00000  0.99939  1.00000
2.610000000e+00  0.00000  1.00000  0.18482  0.00000  0.00000  0.00000  0.99940  1.00000
2.620000000e+00  0.00000  1.00000  0.07084  0.00000  0.00000  0.00000  0.99941  1.00000
2.630000000e+00  0.00000  1.00000  0.24767  0.00000  0.00000  0.00000  0.99942  1.00000
2.640000000e+00  0.00000  1.00000  0.20976  0.00000  0.00000  0.00000  0.99943  1.00000
2.650000000e+00  0.00000  1.00000  0.37455  0.00000  0.00000  0.00000  0.99943  1.00000
2.660000000e+00  0.00000  1.00000  0.00066  0.00000  0.00000  0.00000  0.99944  1.00000
2.670000000e+00  0.00000  1.00000  0.00000  0.00000  0.00000  0.00000  0.99945  1.00000
2.680000000e+00  0.00000  1.00000  0.00000  0.00000  0.00000  0.00000  0.99946  1.00000
2.690000000e+00  0.00000  1.00000  0.00000  0.00000  0.00000  0.00000  0.99947  1.00000
2.700000000e+00  0.00000  1.00000  0.00000  0.00000  0.00000  0.00000  0.99947  1.00000
2.710000000e+00  0.00000  1.00000  0.00000  0.00000  0.00000  0.00000  0.99948  1.00000
2.720000000e+00  0.00000  1.00000  0.00000  0.00000  0.00000  0.00000  0.99949  1.00000
2.730000000e+00  0.00000  1.00000  0.00000  0.00000  0.00000  0.00000  0.99950  1.00000
2.740000000e+00  0.00000  1.00000  0.00000  0.00000  0.00000  0.00000  0.99950  1.00000
2.750000000e+00  0.00000  1.00000  0.00000  0.00000  0.00000  0.00000  0.99951  1.00000
2.760000000e+00  0.00000  1.00000  0.00000  0.00000  0.00000  0.00000  0.99952  1.00000
2.770000000e+00  0.00000  1.00000  0.00000  0.00000  0.00000  0.00000  0.99953  1.00000
2.780000000e+00  0.00000  1.00000  0.00000  0.00000  0.00000  0.00000  0.99953  1.00000
2.790000000e+00  0.00000  1.00000  0.00000  0.00000  0.00000  0.00000  0.99954  1.00000
2.800000000e+00  0.00000  1.00000  0.00000  0.00000  0.00000  0.00000  0.99955  1.00000
2.810000000e+00  0.00000  1.00000  0.00000  0.00000  0.00000  0.00000  0.99955  1.00000
2.820000000e+00  0.00000  1.00000  0.00000  0.00000  0.00000  0.00000  0.99956  1.00000
2.830000000e+00  0.00000  1.00000  0.00000  0.00000  0.00000  0.00000  0.99956  1.00000
2.840000000e+00  0.00000  1.00000  0.00000  0.00000  0.00000  0.00000  0.99957  1.00000
2.850000000e+00  0.00000  1.00000  0.00000  0.00000  0.00000  0.00000  0.99958  1.00000
2.860000000e+00  0.00000  1.00000  0.00000  0.00000  0.00000  0.00000  0.99958  1.00000
2.870000000e+00  0.00000  1.00000  0.00000  0.00001  0.00000  0.00000  0.99959  1.00000
2.880000000e+00  0.00000  1.00000  0.00000  0.00003  0.00000  0.00000  0.99959  1.00000
2.890000000e+00  0.00000  1.00000  0.00003  0.00002  0.00000  0.00000  0.99960  1.00000
2.900000000e+00  0.00000  1.00000  0.00425  0.00253  0.00000  0.00000  0.99961  1.00000
2.910000000e+00  0.00000  1.00000  0.08337  0.00075  0.00000  0.00000  0.99961  1.00000
2.920000000e+00  0.00000  1.00000  0.35062  0.00105  0.00000  0.00000  0.99962  1.00000
2.930000000e+00  0.00000  1.00000  0.55982  0.00656  0.00000  0.00000  0.99962  1.00000
2.940000000e+00  0.00000  1.00000  0.68888  0.03146  0.00000  0.00000  0.99963  1.00000
2.950000000e+00  0.00000  1.00000  0.82342  0.00074  0.00000  0.00000  0.99963  1.00000
2.960000000e+00  0.00000  1.00000  0.42167  0.00883  0.00000  0.00000  0.99964  1.00000
2.970000000e+00  0.00000  1.00000  0.05224  0.03120  0.00000  0.00000  0.99964  1.00000
2.980000000e+00  0.00000  1.00000  0.00381  0.00004  0.00000  0.00000  0.99965  1.00000
2.990000000e+00  0.00000  1.00000  0.01463  0.04484  0.00000  0.00000  0.99965  1.00000
3.000000000e+00  0.00000  1.00000  0.28659  0.07452  0.00000  0.00000  0.99966  1.00000
3.010000000e+00  0.00000  1.00000  0.30325  0.05251  0.00000  0.00000  0.99966  1.00000
3.020000000e+00  0.00000  1.00000  0.05712  0.03600  0.00000  0.00000  0.99966  1.00000
3.030000000e+00  0.00000  1.00000  0.11567  0.03107  0.00000  0.00000  0.99967  1.00000
3.040000000e+00  0.00000  1.00000  0.31818  0.00446  0.00000  0.00000  0.99967  1.00000
3.050000000e+00  0.00000  1.00000  0.63708  0.00573  0.00000  0.00000  0.99968  1.00000
3.060000000e+00  0.00000  1.00000  0.68809  0.01152  0.00000  0.00000  0.99968  1.00000
3.070000000e+00  0.00000  1.00000  0.83607  0.00552  0.00000  0.00000  0.99969  1.00000
3.080000000e+00  0.00000  1.00000  0.87184  0.02311  0.00000  0.00000  0.99969  1.00000
3.090000000e+00  0.00000  1.00000  0.93083  0.00043  0.00000  0.00000  0.99969  1.00000
3.100000000e+00  0.00000  1.00000  0.89811  0.00041  0.00000  0.00000  0.99970  1.00000
3.110000000e+00  0.00000  1.00000  0.71862  0.00826  0.00000  0.00000  0.99970  1.00000
3.120000000e+00  0.00000  1.00000  0.49325  0.00119  0.00000  0.00000  0.99971  1.00000
3.130000000e+00  0.00000  1.00000  0.39919  0.05254  0.00000  0.00000  0.99971  1.00000
3.140000000e+00  0.00000  1.00000  0.55789  0.12506  0.00000  0.00000  0.99971  1.00000
3.150000000e+00  0.00000  1.00000  0.75934  0.02225  0.00000  0.00000  0.99972  1.00000
3.160000000e+00  0.00000  1.00000  0.60813  0.09067  0.00000  0.00000  0.99972  1.00000
3.170000000e+00  0.00000  1.00000  0.43688  0.63035  0.00000  0.00000  0.99972  1.00000
3.180000000e+00  0.00000  1.00000  0.50104  0.47657  0.00000  0.00000  0.99973  1.00000
3.190000000e+00  0.00000  1.00000  0.67022  0.19401  0.00000  0.00000  0.99973  1.00000
3.200000000e+00  0.00000  1.00000  0.83514  0.04248  0.00000  0.00000  0.99973  1.00000
3.210000000e+00  0.00000  1.00000  0.93466  0.00001  0.00000  0.00000  0.99974  1.00000
3.220000000e+00  0.00000  1.00000  0.91187  0.00006  0.00000  0.00000  0.99974  1.00000
3.230000000e+00  0.00000  1.00000  0.90510  0.00142  0.00000  0.00000  0.99974  1.00000
3.240000000e+00  0.00000  1.00000  0.95038  0.09955  0.00000  0.00000  0.99975  1.00000
3.250000000e+00  0.00000  1.00000  0.98799  0.03196  0.00000  0.00000  0.99975  1.00000
3.260000000e+00  0.00000  1.00000  0.99660  0.24930  0.00000  0.00000  0.99975  1.00000
3.270000000e+00  0.00000  1.00000  0.99620  0.01352  0.00000  0.00000  0.99976  1.00000
3.280000000e+00  0.00000  1.00000  0.99683  0.04295  0.00000  0.00000  0.99976  1.00000
3.290000000e+00  0.00000  1.00000  0.99855  0.26140  0.00000  0.00000  0.99976  1.00000
3.300000000e+00  0.00000  1.00000  0.99937  0.12064  0.00000  0.00000  0.99976  1.00000
3.310000000e+00  0.00000  1.00000  0.99949  0.01212  0.00000  0.00000  0.99977  1.00000
3.320000000e+00  0.00000  1.00000  0.99901  0.16619  0.00000  0.00000  0.99977  1.00000
3.330000000e+00  0.00000  1.00000  0.99377  0.04946  0.00000  0.00000  0.99977  1.00000
3.340000000e+00  0.00000  1.00000  0.97881  0.33047  0.00000  0.00000  0.99978  0.99989
3.350000000e+00  0.00000  1.00000  0.96620  0.11075  0.00000  0.00000  0.99978  0.99984
3.360000000e+00  0.00000  1.00000  0.86195  0.11171  0.00000  0.00000  0.99978  0.99989
3.370000000e+00  0.00000  1.00000  0.96019  0.15912  0.00000  0.00000  0.99978  0.99981
3.380000000e+00  0.00000  1.00000  0.97151  0.26943  0.00000  0.00000  0.99979  0.99993
3.390000000e+00  0.00000  1.00000  0.98474  0.41297  0.00000  0.00000  0.99979  0.99991
3.400000000e+00  0.00000  1.00000  0.99446  0.62527  0.00000  0.00000  0.99979  0.99995
3.410000000e+00  0.00000  1.00000  0.99798  0.47026  0.00000  0.00000  0.99979  0.99996
3.420000000e+00  0.00000  1.00000  0.99931  0.59781  0.00000  0.00000  0.99980  1.00000
3.430000000e+00  0.00000  1.00000  0.99912  0.85983  0.00000  0.00000  0.99980  0.99994
3.440000000e+00  0.00000  1.00000  0.99932  0.74573  0.00000  0.00000  0.99980  0.99991
3.450000000e+00  0.00000  1.00000  0.99656  0.74798  0.00000  0.00000  0.99980  0.99979
3.460000000e+00  0.00000  1.00000  0.99741  0.69786  0.00000  0.00000  0.99980  0.99992
3.470000000e+00  0.00000  1.00000  0.99906  0.84318  0.00000  0.00000  0.99981  0.99981
3.480000000e+00  0.00000  1.00000  0.99935  0.79039  0.00000  0.00000  0.99981  0.99988
3.490000000e+00  0.00000  1.00000  0.99958  0.83077  0.00000  0.00000  0.99981  0.99987
3.500000000e+00  0.00000  1.00000  0.99960  0.79691  0.00000  0.00000  0.99981  0.99993
3.510000000e+00  0.00000  1.00000  0.99930  0.81446  0.00000  0.00000  0.99982  0.99998
3.520000000e+00  0.00000  1.00000  0.99814  0.74252  0.00000  0.00000  0.99982  0.99997
3.530000000e+00  0.00000  1.00000  0.99509  0.70659  0.00000  0.00000  0.99982  0.99996
3.540000000e+00  0.00000  1.00000  0.98906  0.68572  0.00000  0.00000  0.99982  0.99992
3.550000000e+00  0.00000  1.00000  0.97663  0.64627  0.00000  0.00000  0.99982  0.99994
3.560000000e+00  0.00000  1.00000  0.94900  0.52639  0.00000  0.00000  0.99983  0.99975
3.570000000e+00  0.00000  1.00000  0.90735  0.67631  0.00000  0.00000  0.99983  0.99975
3.580000000e+00  0.00000  1.00000  0.87618  0.60500  0.00000  0.00000  0.99983  0.99954
3.590000000e+00  0.00000  1.00000  0.82122  0.71550  0.00000  0.00000  0.99983  0.99953
3.600000000e+00  0.00000  1.00000  0.67082  0.60566  0.00000  0.00000  0.99983  0.99958
3.610000000e+00  0.00000  1.00000  0.54117  0.80979  0.00000  0.00000  0.99983  0.99960
3.620000000e+00  0.00000  1.00000  0.48937  0.64144  0.00000  0.00000  0.99984  0.99950
3.630000000e+00  0.00000  1.00000  0.68146  0.79728  0.00000  0.00000  0.99984  0.99938
3.640000000e+00  0.00000  1.00000  0.64115  0.69015  0.00000  0.00000  0.99984  0.99920
3.650000000e+00  0.00000  1.00000  0.51623  0.91217  0.00000  0.00000  0.99984  0.99906
3.660000000e+00  0.00000  1.00000  0.61960  0.74494  0.00000  0.00000  0.99984  0.99898
3.670000000e+00  0.00000  1.00000  0.80840  0.75686  0.00000  0.00000  0.99985  0.99888
3.680000000e+00  0.00000  1.00000  0.93400  0.35954  0.00000  0.00000  0.99985  0.99871
3.690000000e+00  0.00000  1.00000  0.96901  0.50282  0.00000  0.00000  0.99985  0.99843
3.700000000e+00  0.00000  1.00000  0.97987  0.74369  0.00000  0.00000  0.99985  0.99823
3.710000000e+00  0.00000  1.00000  0.98905  0.89549  0.00000  0.00000  0.99985  0.99649
3.720000000e+00  0.00000  1.00000  0.97957  0.67221  0.00000  0.00000  0.99985  0.99537
3.730000000e+00  0.00000  1.00000  0.97830  0.82003  0.00000  0.00000  0.99986  0.99488
3.740000000e+00  0.00000  1.00000  0.97761  0.67961  0.00000  0.00000  0.99986  0.99431
3.750000000e+00  0.00000  1.00000  0.94078  0.77784  0.00000  0.00000  0.99986  0.99355
3.760000000e+00  0.00000  1.00000  0.84632  0.72902  0.00000  0.00000  0.99986  0.99273
3.770000000e+00  0.00000  1.00000  0.72252  0.67059  0.00000  0.00000  0.99986  0.99177
3.780000000e+00  0.00000  1.00000  0.55034  0.69195  0.00000  0.00000  0.99986  0.99054
3.790000000e+00  0.00000  1.00000  0.37747  0.75006  0.00000  0.00000  0.99986  0.98901
3.800000000e+00  0.00000  1.00000  0.14988  0.69573  0.00000  0.00000  0.99987  0.98739
3.810000000e+00  0.00000  1.00000  0.04076  0.86504  0.00000  0.00000  0.99987  0.98545
3.820000000e+00  0.00000  1.00000  0.06397  0.66282  0.00000  0.00000  0.99987  0.98336
3.830000000e+00  0.00000  1.00000  0.26230  0.84712  0.00000  0.00000  0.99987  0.98098
3.840000000e+00  0.00000  1.00000  0.12944  0.72394  0.00000  0.00000  0.99987  0.97820
3.850000000e+00  0.00000  1.00000  0.06731  0.85593  0.00000  0.00000  0.99987  0.97497
3.860000000e+00  0.00000  1.00000  0.12188  0.82702  0.00000  0.00000  0.99987  0.97129
3.870000000e+00  0.00000  1.00000  0.29121  0.87126  0.00000  0.00000  0.99987  0.96723
3.880000000e+00  0.00000  1.00000  0.53744  0.86619  0.00000  0.00000  0.99988  0.96260
3.890000000e+00  0.00000  1.00000  0.75695  0.89714  0.00000  0.00000  0.99988  0.95725
3.900000000e+00  0.00000  1.00000  0.90415  0.93322  0.00000  0.00000  0.99988  0.95122
3.910000000e+00  0.00000  1.00000  0.95996  0.88435  0.00000  0.00000  0.99988  0.94439
3.920000000e+00  0.00000  1.00000  0.96450  0.97372  0.00000  0.00000  0.99988  0.93638
3.930000000e+00  0.00000  1.00000  0.92715  0.94311  0.00000  0.00000  0.99988  0.92721
3.940000000e+00  0.00000  1.00000  0.84470  0.97512  0.00000  0.00000  0.99988  0.91661
3.950000000e+00  0.00000  1.00000  0.71953  0.97875  0.00000  0.00000  0.99988  0.90465
3.960000000e+00  0.00000  1.00000  0.50385  0.96501  0.00000  0.00000  0.99989  0.89049
3.970000000e+00  0.00000  1.00000  0.33277  0.99021  0.00000  0.00000  0.99989  0.87433
3.980000000e+00  0.00000  1.00000  0.18183  0.97833  0.00000  0.00000  0.99989  0.85632
3.990000000e+00  0.00000  1.00000  0.13235  0.99319  0.00000  0.00000  0.99989  0.83573
4.000000000e+00  0.00000  1.00000  0.30944  0.99069  0.00000  0.00000  0.99989  0.81209
4.010000000e+00  0.00000  1.00000  0.38225  0.99065  0.00000  0.00000  0.99989  0.78624
4.020000000e+00  0.00000  1.00000  0.17105  0.99746  0.00000  0.00000  0.99989  0.75812
4.030000000e+00  0.00000  1.00000  0.14925  0.99081  0.00000  0.00000  0.99989  0.72831
4.040000000e+00  0.00000  1.00000  0.20770  0.99530  0.00000  0.00000  0.99989  0.69691
4.050000000e+00  0.00000  1.00000  0.34714  0.99570  0.00000  0.00000  0.99990  0.66368
4.060000000e+00  0.00000  1.00000  0.51754  0.99474  0.00000  0.00000  0.99990  0.63026
4.070000000e+00  0.00000  1.00000  0.57206  0.99450  0.00000  0.00000  0.99990  0.59668
4.080000000e+00  0.00000  1.00000  0.28138  0.99736  0.00000  0.00000  0.99990  0.56478
4.090000000e+00  0.00000  1.00000  0.08751  0.99714  0.00000  0.00000  0.99990  0.53497
4.100000000e+00  0.00000  1.00000  0.03909  0.99749  0.00000  0.00000  0.99990  0.50715
4.110000000e+00  0.00000  1.00000  0.05010  0.99088  0.00000  0.00000  0.99990  0.48222
4.120000000e+00  0.00000  1.00000  0.21235  0.99750  0.00000  0.00000  0.99990  0.46088
4.130000000e+00  0.00000  1.00000  0.26203  0.99380  0.00000  0.00000  0.99990  0.44303
4.140000000e+00  0.00000  1.00000  0.11675  0.99588  0.00000  0.00000  0.99990  0.42893
4.150000000e+00  0.00000  1.00000  0.04914  0.99869  0.00000  0.00000  0.99991  0.41838
4.160000000e+00  0.00000  1.00000  0.00022  0.99298  0.00000  0.00000  0.99991  0.41178
4.170000000e+00  0.00000  1.00000  0.00000  0.99581  0.00000  0.00000  0.99991  0.40799
4.180000000e+00  0.00000  1.00000  0.00000  0.99502  0.00000  0.00000  0.99991  0.40907
4.190000000e+00  0.00000  1.00000  0.00000  0.99508  0.00000  0.00000  0.99991  0.41103
4.200000000e+00  0.00000  1.00000  0.00000  0.99441  0.00000  0.00000  0.99991  0.41619
4.210000000e+00  0.00000  1.00000  0.00000  0.99136  0.00000  0.00000  0.99991  0.41936
4.220000000e+00  0.00000  1.00000  0.00000  0.99180  0.00000  0.00000  0.99991  0.42024
4.230000000e+00  0.00000  1.00000  0.00000  0.99094  0.00000  0.00000  0.99991  0.41764
4.240000000e+00  0.00000  1.00000  0.00000  0.99318  0.00000  0.00000  0.99991  0.40966
4.250000000e+00  0.00000  1.00000  0.00000  0.98306  0.00000  0.00000  0.99991  0.39457
4.260000000e+00  0.00000  1.00000  0.00000  0.97889  0.00000  0.00000  0.99991  0.36583
4.270000000e+00  0.00000  1.00000  0.00000  0.99262  0.00000  0.00000  0.99992  0.32285
4.280000000e+00  0.00000  1.00000  0.00000  0.96984  0.00000  0.00000  0.99992  0.29307
4.290000000e+00  0.00000  1.00000  0.00000  0.96509  0.00000  0.00000  0.99992  0.27490
4.300000000e+00  0.00000  1.00000  0.00000  0.96056  0.00000  0.00000  0.99992  0.27954
4.310000000e+00  0.00000  1.00000  0.00000  0.93318  0.00000  0.00000  0.99992  0.30724
4.320000000e+00  0.00000  1.00000  0.00000  0.94595  0.00000  0.00000  0.99992  0.34742
4.330000000e+00  0.00000  1.00000  0.00000  0.94431  0.00000  0.00000  0.99992  0.40214
4.340000000e+00  0.00000  1.00000  0.00000  0.93306  0.00000  0.00000  0.99992  0.44794
4.350000000e+00  0.00000  1.00000  0.00000  0.92777  0.00000  0.00000  0.99992  0.48255
4.360000000e+00  0.00000  1.00000  0.00000  0.90383  0.00000  0.00000  0.99992  0.50753
4.370000000e+00  0.00000  1.00000  0.00000  0.80956  0.00000  0.00000  0.99992  0.52547
4.380000000e+00  0.00000  1.00000  0.00000  0.93213  0.00000  0.00000  0.99992  0.53892
4.390000000e+00  0.00000  1.00000  0.00000  0.90535  0.00000  0.00000  0.99992  0.55114
4.400000000e+00  0.00000  1.00000  0.00000  0.86030  0.00000  0.00000  0.99992  0.55980
4.410000000e+00  0.00000  1.00000  0.00000  0.73426  0.00000  0.00000  0.99993  0.57106
4.420000000e+00  0.00000  1.00000  0.00000  0.95408  0.00000  0.00000  0.99993  0.58189
4.430000000e+00  0.00000  1.00000  0.00000  0.84207  0.00000  0.00000  0.99993  0.59456
4.440000000e+00  0.00000  1.00000  0.00000  0.67425  0.00000  0.00000  0.99993  0.60812
4.450000000e+00  0.00000  1.00000  0.00000  0.74285  0.00000  0.00000  0.99993  0.62401
4.460000000e+00  0.00000  1.00000  0.00000  0.77353  0.00000  0.00000  0.99993  0.63981
4.470000000e+00  0.00000  1.00000  0.00000  0.79535  0.00000  0.00000  0.99993  0.65900
4.480000000e+00  0.00000  1.00000  0.00000  0.76994  0.00000  0.00000  0.99993  0.67709
4.490000000e+00  0.00000  1.00000  0.00000  0.81795  0.00000  0.00000  0.99993  0.69788
4.500000000e+00  0.00000  1.00000  0.00000  0.84415  0.00000  0.00000  0.99993  0.71709
4.510000000e+00  0.00000  1.00000  0.00000  0.83506  0.00000  0.00000  0.99993  0.73803
4.520000000e+00  0.00000  1.00000  0.00000  0.75848  0.00000  0.00000  0.99993  0.75841
4.530000000e+00  0.00000  1.00000  0.00000  0.62516  0.00000  0.00000  0.99993  0.77828
4.540000000e+00  0.00000  1.00000  0.00002  0.60473  0.00000  0.00000  0.99993  0.79773
4.550000000e+00  0.00000  1.00000  0.00024  0.79456  0.00000  0.00000  0.99993  0.81643
4.560000000e+00  0.00000  1.00000  0.00495  0.89151  0.00000  0.00000  0.99993  0.83425
4.570000000e+00  0.00000  1.00000  0.03416  0.78241  0.00000  0.00000  0.99994  0.85037
4.580000000e+00  0.00000  1.00000  0.11664  0.67796  0.00000  0.00000  0.99994  0.86607
4.590000000e+00  0.00000  1.00000  0.16884  0.74608  0.00000  0.00000  0.99994  0.88033
4.600000000e+00  0.00000  1.00000  0.24763  0.78484  0.00000  0.00000  0.99994  0.89346
4.610000000e+00  0.00000  1.00000  0.30714  0.82392  0.00000  0.00000  0.99994  0.90550
4.620000000e+00  0.00000  1.00000  0.25439  0.77385  0.00000  0.00000  0.99994  0.91649
4.630000000e+00  0.00000  1.00000  0.11474  0.57051  0.00000  0.00000  0.99994  0.92639
4.640000000e+00  0.00000  1.00000  0.08819  0.57840  0.00000  0.00000  0.99994  0.93530
4.650000000e+00  0.00000  1.00000  0.07193  0.59321  0.00000  0.00000  0.99994  0.94331
4.660000000e+00  0.00000  1.00000  0.07246  0.52766  0.00000  0.00000  0.99994  0.95048
4.670000000e+00  0.00000  1.00000  0.07942  0.45573  0.00000  0.00000  0.99994  0.95656
4.680000000e+00  0.00000  1.00000  0.02845  0.46452  0.00000  0.00000  0.99994  0.96142
4.690000000e+00  0.00000  1.00000  0.01247  0.18969  0.00000  0.00000  0.99994  0.96652
4.700000000e+00  0.00000  1.00000  0.00143  0.84429  0.00000  0.00000  0.99994  0.97065
4.710000000e+00  0.00000  1.00000  0.00004  0.73708  0.00000  0.00000  0.99994  0.97412
4.720000000e+00  0.00000  1.00000  0.00002  0.39964  0.00000  0.00000  0.99994  0.97740
4.730000000e+00  0.00000  1.00000  0.00000  0.54995  0.00000  0.00000  0.99994  0.97984
4.740000000e+00  0.00000  1.00000  0.00000  0.39198  0.00000  0.00000  0.99994  0.98268
4.750000000e+00  0.00000  1.00000  0.00000  0.62737  0.00000  0.00000  0.99994  0.98486
4.760000000e+00  0.00000  1.00000  0.00000  0.51289  0.00000  0.00000  0.99994  0.98683
4.770000000e+00  0.00000  1.00000  0.00000  0.52348  0.00000  0.00000  0.99995  0.98855
4.780000000e+00  0.00000  1.00000  0.00000  0.38567  0.00000  0.00000  0.99995  0.98928
4.790000000e+00  0.00000  1.00000  0.00000  0.22052  0.00000  0.00000  0.99995  0.99063
4.800000000e+00  0.00000  1.00000  0.00000  0.27010  0.00000  0.00000  0.99995  0.99250
4.810000000e+00  0.00000  1.00000  0.00000  0.42706  0.00000  0.00000  0.99995  0.99367
4.820000000e+00  0.00000  1.00000  0.00000  0.36658  0.00000  0.00000  0.99995  0.99448
4.830000000e+00  0.00000  1.00000  0.00000  0.20930  0.00000  0.00000  0.99995  0.99543
4.840000000e+00  0.00000  1.00000  0.00000  0.40190  0.00000  0.00000  0.99995  0.99257
4.850000000e+00  0.00000  1.00000  0.00000  0.10400  0.00000  0.00000  0.99995  0.99517
4.860000000e+00  0.00000  1.00000  0.00000  0.06046  0.00000  0.00000  0.99995  0.99708
4.870000000e+00  0.00000  1.00000  0.00000  0.54504  0.00000  0.00000  0.99995  0.99760
4.880000000e+00  0.00000  1.00000  0.00000  0.54209  0.00000  0.00000  0.99995  0.99787
4.890000000e+00  0.00000  1.00000  0.00000  0.47556  0.00000  0.00000  0.99995  0.99751
4.900000000e+00  0.00000  1.00000  0.00000  0.05940  0.00000  0.00000  0.99995  0.99540
4.910000000e+00  0.00000  1.00000  0.00000  0.03185  0.00000  0.00000  0.99995  0.99822
4.920000000e+00  0.00000  1.00000  0.00000  0.22326  0.00000  0.00000  0.99995  0.99854
4.930000000e+00  0.00000  1.00000  0.00000  0.45710  0.00000  0.00000  0.99995  0.99868
4.940000000e+00  0.00000  1.00000  0.00012  0.22127  0.00000  0.00000  0.99995  0.99868
4.950000000e+00  0.00000  1.00000  0.00056  0.05056  0.00000  0.00000  0.99995  0.99695
4.960000000e+00  0.00000  1.00000  0.00133  0.01330  0.00000  0.00000  0.99995  0.98941
4.970000000e+00  0.00000  1.00000  0.01099  0.00544  0.00000  0.00000  0.99995  0.99899
4.980000000e+00  0.00000  1.00000  0.03237  0.11546  0.00000  0.00000  0.99995  0.99906
4.990000000e+00  0.00000  1.00000  0.08262  0.02867  0.00000  0.00000  0.99995  0.99927
5.000000000e+00  0.00000  1.00000  0.07558  0.21475  0.00000  0.00000  0.99995  0.99930
