results_atm.txt
# ------------------------------------------------------------------------
# Atmospheric radiances synthesized with PUMAS (Villanueva et al. 2016, Smith et al. 2009, Edwards 1992)
# Molecular abundance profile: 
# Molecules considered: N2,CO2,H2O
# Molecular sources: HIT[22],HIT[2],HIT[1]
# Molecular abundances: 1,1,1
# Molecular abundance units: scl,scl,scl
# Collission-Induced-Absorption:  N2-N2(3.33-5.41um)
# Rayleigh scattering included
# ------------------------------------------------------------------------
# Wave/freq TRAPPIST-1-e
1.000000000e+00  6.42551e-10
1.010000000e+00  6.46401e-10
1.020000000e+00  6.49904e-10
1.030000000e+00  6.53054e-10
1.040000000e+00  6.39322e-10
1.050000000e+00  6.58183e-10
1.060000000e+00  6.59504e-10
1.070000000e+00  6.57625e-10
1.080000000e+00  6.63479e-10
1.090000000e+00  6.65014e-10
1.100000000e+00  6.65806e-10
1.110000000e+00  6.66444e-10
1.120000000e+00  6.63003e-10
1.130000000e+00  6.61293e-10
1.140000000e+00  6.64744e-10
1.150000000e+00  6.63301e-10
1.160000000e+00  6.65471e-10
1.170000000e+00  6.65137e-10
1.180000000e+00  6.63988e-10
1.190000000e+00  6.62688e-10
1.200000000e+00  6.61315e-10
1.210000000e+00  5.66366e-10
1.220000000e+00  6.08717e-10
1.230000000e+00  6.26864e-10
1.240000000e+00  6.44974e-10
1.250000000e+00  6.51155e-10
1.260000000e+00  6.46607e-10
1.270000000e+00  6.44087e-10
1.280000000e+00  6.43809e-10
1.290000000e+00  6.36891e-10
1.300000000e+00  6.28320e-10
1.310000000e+00  6.34519e-10
1.320000000e+00  5.89559e-10
1.330000000e+00  6.27498e-10
1.340000000e+00  5.98620e-10
1.350000000e+00  6.13596e-10
1.360000000e+00  6.02637e-10
1.370000000e+00  5.95541e-10
1.380000000e+00  5.92744e-10
1.390000000e+00  5.93150e-10
1.400000000e+00  5.90091e-10
1.410000000e+00  5.84212e-10
1.420000000e+00  5.92426e-10
1.430000000e+00  5.84714e-10
1.440000000e+00  3.13665e-10
1.450000000e+00  4.91260e-10
1.460000000e+00  5.72410e-10
1.470000000e+00  5.68783e-10
1.480000000e+00  5.31446e-10
1.490000000e+00  5.54897e-10
1.500000000e+00  5.29155e-10
1.510000000e+00  5.53346e-10
1.520000000e+00  5.49667e-10
1.530000000e+00  5.11633e-10
1.540000000e+00  4.74825e-10
1.550000000e+00  5.25999e-10
1.560000000e+00  5.30662e-10
1.570000000e+00  4.79226e-10
1.580000000e+00  3.50500e-10
1.590000000e+00  4.96826e-10
1.600000000e+00  4.63445e-10
1.610000000e+00  3.43517e-10
1.620000000e+00  4.47628e-10
1.630000000e+00  4.81576e-10
1.640000000e+00  4.60642e-10
1.650000000e+00  4.49052e-10
1.660000000e+00  4.70244e-10
1.670000000e+00  4.71063e-10
1.680000000e+00  4.71913e-10
1.690000000e+00  4.74712e-10
1.700000000e+00  4.72000e-10
1.710000000e+00  4.64299e-10
1.720000000e+00  4.62807e-10
1.730000000e+00  4.59506e-10
1.740000000e+00  4.55361e-10
1.750000000e+00  4.50991e-10
1.760000000e+00  4.46197e-10
1.770000000e+00  4.42190e-10
1.780000000e+00  4.38202e-10
1.790000000e+00  4.33652e-10
1.800000000e+00  4.29472e-10
1.810000000e+00  4.24724e-10
1.820000000e+00  4.17124e-10
1.830000000e+00  4.09846e-10
1.840000000e+00  4.00085e-10
1.850000000e+00  3.97380e-10
1.860000000e+00  3.90345e-10
1.870000000e+00  3.90583e-10
1.880000000e+00  3.50655e-10
1.890000000e+00  3.50317e-10
1.900000000e+00  3.73904e-10
1.910000000e+00  3.70356e-10
1.920000000e+00  3.73672e-10
1.930000000e+00  3.70332e-10
1.940000000e+00  3.55694e-10
1.950000000e+00  2.16698e-10
1.960000000e+00  9.97766e-11
1.970000000e+00  1.05823e-10
1.980000000e+00  2.18493e-10
1.990000000e+00  2.81208e-10
2.000000000e+00  1.86849e-10
2.010000000e+00  6.96597e-11
2.020000000e+00  8.09864e-11
2.030000000e+00  1.50943e-10
2.040000000e+00  1.70848e-10
2.050000000e+00  1.58623e-10
2.060000000e+00  9.58695e-11
2.070000000e+00  1.01838e-10
2.080000000e+00  1.53036e-10
2.090000000e+00  1.84035e-10
2.100000000e+00  2.28266e-10
2.110000000e+00  2.66419e-10
2.120000000e+00  2.75987e-10
2.130000000e+00  2.97521e-10
2.140000000e+00  2.99432e-10
2.150000000e+00  2.75411e-10
2.160000000e+00  2.72931e-10
2.170000000e+00  2.69591e-10
2.180000000e+00  2.80938e-10
2.190000000e+00  2.87054e-10
2.200000000e+00  2.86463e-10
2.210000000e+00  2.84290e-10
2.220000000e+00  2.80426e-10
2.230000000e+00  2.77943e-10
2.240000000e+00  2.76328e-10
2.250000000e+00  2.73458e-10
2.260000000e+00  2.69476e-10
2.270000000e+00  2.67893e-10
2.280000000e+00  2.64988e-10
2.290000000e+00  2.62803e-10
2.300000000e+00  2.60132e-10
2.310000000e+00  2.57512e-10
2.320000000e+00  2.54934e-10
2.330000000e+00  2.52342e-10
2.340000000e+00  2.49774e-10
2.350000000e+00  2.47236e-10
2.360000000e+00  2.44723e-10
2.370000000e+00  2.42263e-10
2.380000000e+00  2.39754e-10
2.390000000e+00  2.37197e-10
2.400000000e+00  2.34674e-10
2.410000000e+00  2.32264e-10
2.420000000e+00  2.30167e-10
2.430000000e+00  2.28109e-10
2.440000000e+00  2.24910e-10
2.450000000e+00  2.23167e-10
2.460000000e+00  2.21314e-10
2.470000000e+00  2.18900e-10
2.480000000e+00  2.15380e-10
2.490000000e+00  2.07890e-10
2.500000000e+00  2.07250e-10
2.510000000e+00  2.05423e-10
2.520000000e+00  2.02347e-10
2.530000000e+00  2.03826e-10
2.540000000e+00  2.00284e-10
2.550000000e+00  1.95281e-10
2.560000000e+00  1.95550e-10
2.570000000e+00  1.81871e-10
2.580000000e+00  1.73168e-10
2.590000000e+00  1.66339e-10
2.600000000e+00  1.52805e-10
2.610000000e+00  1.58468e-10
2.620000000e+00  1.55780e-10
2.630000000e+00  1.62659e-10
2.640000000e+00  1.59566e-10
2.650000000e+00  1.68721e-10
2.660000000e+00  1.35702e-10
2.670000000e+00  2.58934e-11
2.680000000e+00  6.44051e-12
2.690000000e+00  2.22149e-12
2.700000000e+00  3.02584e-12
2.710000000e+00  3.08348e-12
2.720000000e+00  6.22389e-12
2.730000000e+00  1.00902e-11
2.740000000e+00  9.70276e-12
2.750000000e+00  5.62394e-12
2.760000000e+00  1.98108e-12
2.770000000e+00  1.55841e-12
2.780000000e+00  1.16539e-12
2.790000000e+00  1.34550e-12
2.800000000e+00  1.93536e-12
2.810000000e+00  2.48035e-12
2.820000000e+00  2.62783e-12
2.830000000e+00  2.61232e-12
2.840000000e+00  2.91381e-12
2.850000000e+00  2.05125e-12
2.860000000e+00  3.49607e-12
2.870000000e+00  9.08869e-12
2.880000000e+00  1.49464e-11
2.890000000e+00  2.45373e-11
2.900000000e+00  3.59441e-11
2.910000000e+00  4.20968e-11
2.920000000e+00  4.56959e-11
2.930000000e+00  4.68760e-11
2.940000000e+00  4.81417e-11
2.950000000e+00  4.97440e-11
2.960000000e+00  4.95579e-11
2.970000000e+00  4.58778e-11
2.980000000e+00  4.07091e-11
2.990000000e+00  3.97023e-11
3.000000000e+00  4.42790e-11
3.010000000e+00  4.89414e-11
3.020000000e+00  4.55642e-11
3.030000000e+00  4.81555e-11
3.040000000e+00  5.10183e-11
3.050000000e+00  5.24127e-11
3.060000000e+00  5.25626e-11
3.070000000e+00  5.35698e-11
3.080000000e+00  5.39983e-11
3.090000000e+00  5.37202e-11
3.100000000e+00  5.36301e-11
3.110000000e+00  5.31263e-11
3.120000000e+00  5.15428e-11
3.130000000e+00  5.03308e-11
3.140000000e+00  5.10678e-11
3.150000000e+00  5.23322e-11
3.160000000e+00  5.20381e-11
3.170000000e+00  5.15526e-11
3.180000000e+00  5.25401e-11
3.190000000e+00  5.35873e-11
3.200000000e+00  5.43983e-11
3.210000000e+00  5.52407e-11
3.220000000e+00  5.63811e-11
3.230000000e+00  5.71932e-11
3.240000000e+00  5.87116e-11
3.250000000e+00  5.95418e-11
3.260000000e+00  6.09110e-11
3.270000000e+00  6.17991e-11
3.280000000e+00  6.32710e-11
3.290000000e+00  6.47743e-11
3.300000000e+00  6.58288e-11
3.310000000e+00  6.70153e-11
3.320000000e+00  6.86135e-11
3.330000000e+00  6.94420e-11
3.340000000e+00  7.06998e-11
3.350000000e+00  7.15378e-11
3.360000000e+00  7.15540e-11
3.370000000e+00  7.36071e-11
3.380000000e+00  7.47155e-11
3.390000000e+00  7.55919e-11
3.400000000e+00  7.60871e-11
3.410000000e+00  7.64836e-11
3.420000000e+00  7.69014e-11
3.430000000e+00  7.72856e-11
3.440000000e+00  7.76551e-11
3.450000000e+00  7.79486e-11
3.460000000e+00  7.79291e-11
3.470000000e+00  7.78160e-11
3.480000000e+00  7.76842e-11
3.490000000e+00  7.75534e-11
3.500000000e+00  7.74184e-11
3.510000000e+00  7.72799e-11
3.520000000e+00  7.70766e-11
3.530000000e+00  7.66907e-11
3.540000000e+00  7.62933e-11
3.550000000e+00  7.58819e-11
3.560000000e+00  7.54194e-11
3.570000000e+00  7.48647e-11
3.580000000e+00  7.42401e-11
3.590000000e+00  7.33230e-11
3.600000000e+00  7.16212e-11
3.610000000e+00  6.98632e-11
3.620000000e+00  6.85450e-11
3.630000000e+00  6.94020e-11
3.640000000e+00  6.86354e-11
3.650000000e+00  6.73681e-11
3.660000000e+00  6.82325e-11
3.670000000e+00  6.92457e-11
3.680000000e+00  6.93261e-11
3.690000000e+00  6.88615e-11
3.700000000e+00  6.83804e-11
3.710000000e+00  6.79358e-11
3.720000000e+00  6.73132e-11
3.730000000e+00  6.68205e-11
3.740000000e+00  6.63548e-11
3.750000000e+00  6.56902e-11
3.760000000e+00  6.45333e-11
3.770000000e+00  6.31393e-11
3.780000000e+00  6.17618e-11
3.790000000e+00  6.00296e-11
3.800000000e+00  5.62515e-11
3.810000000e+00  5.12812e-11
3.820000000e+00  5.15050e-11
3.830000000e+00  5.49734e-11
3.840000000e+00  5.24052e-11
3.850000000e+00  5.08305e-11
3.860000000e+00  5.27026e-11
3.870000000e+00  5.55279e-11
3.880000000e+00  5.71692e-11
3.890000000e+00  5.76494e-11
3.900000000e+00  5.77037e-11
3.910000000e+00  5.74144e-11
3.920000000e+00  5.69175e-11
3.930000000e+00  5.62039e-11
3.940000000e+00  5.52430e-11
3.950000000e+00  5.41103e-11
3.960000000e+00  5.23260e-11
3.970000000e+00  5.05289e-11
3.980000000e+00  4.76176e-11
3.990000000e+00  4.58073e-11
4.000000000e+00  4.74376e-11
4.010000000e+00  4.80488e-11
4.020000000e+00  4.53760e-11
4.030000000e+00  4.52414e-11
4.040000000e+00  4.64083e-11
4.050000000e+00  4.78562e-11
4.060000000e+00  4.90651e-11
4.070000000e+00  4.91169e-11
4.080000000e+00  4.80034e-11
4.090000000e+00  4.65795e-11
4.100000000e+00  4.54575e-11
4.110000000e+00  4.53874e-11
4.120000000e+00  4.56439e-11
4.130000000e+00  4.53459e-11
4.140000000e+00  4.42551e-11
4.150000000e+00  4.43499e-11
4.160000000e+00  4.02446e-11
4.170000000e+00  1.89897e-11
4.180000000e+00  9.41690e-12
4.190000000e+00  6.37482e-12
4.200000000e+00  3.54724e-12
4.210000000e+00  1.29300e-12
4.220000000e+00  3.78344e-13
4.230000000e+00  1.78998e-13
4.240000000e+00  1.23603e-13
4.250000000e+00  1.11923e-13
4.260000000e+00  1.46592e-13
4.270000000e+00  1.60899e-13
4.280000000e+00  1.19103e-13
4.290000000e+00  1.21571e-13
4.300000000e+00  1.47405e-13
4.310000000e+00  1.81283e-13
4.320000000e+00  2.37703e-13
4.330000000e+00  3.83703e-13
4.340000000e+00  5.70061e-13
4.350000000e+00  7.38903e-13
4.360000000e+00  7.41805e-13
4.370000000e+00  8.01536e-13
4.380000000e+00  1.06168e-12
4.390000000e+00  1.44811e-12
4.400000000e+00  1.08760e-12
4.410000000e+00  1.09234e-12
4.420000000e+00  1.27536e-12
4.430000000e+00  1.61680e-12
4.440000000e+00  2.05218e-12
4.450000000e+00  2.74612e-12
4.460000000e+00  3.66155e-12
4.470000000e+00  4.30914e-12
4.480000000e+00  5.44992e-12
4.490000000e+00  6.54450e-12
4.500000000e+00  9.21237e-12
4.510000000e+00  1.41840e-11
4.520000000e+00  1.92886e-11
4.530000000e+00  2.45233e-11
4.540000000e+00  2.75459e-11
4.550000000e+00  2.94544e-11
4.560000000e+00  2.99765e-11
4.570000000e+00  3.04736e-11
4.580000000e+00  3.06120e-11
4.590000000e+00  3.06644e-11
4.600000000e+00  3.06338e-11
4.610000000e+00  3.05076e-11
4.620000000e+00  2.95240e-11
4.630000000e+00  2.90598e-11
4.640000000e+00  2.91611e-11
4.650000000e+00  2.90700e-11
4.660000000e+00  2.92298e-11
4.670000000e+00  2.91574e-11
4.680000000e+00  2.78583e-11
4.690000000e+00  2.70804e-11
4.700000000e+00  2.61112e-11
4.710000000e+00  1.88602e-11
4.720000000e+00  2.30829e-11
4.730000000e+00  2.05269e-11
4.740000000e+00  1.88785e-11
4.750000000e+00  1.77488e-11
4.760000000e+00  1.71358e-11
4.770000000e+00  1.75898e-11
4.780000000e+00  1.48505e-11
4.790000000e+00  1.24861e-11
4.800000000e+00  1.04581e-11
4.810000000e+00  7.51583e-12
4.820000000e+00  4.49308e-12
4.830000000e+00  5.18359e-12
4.840000000e+00  5.41121e-12
4.850000000e+00  5.28151e-12
4.860000000e+00  4.95425e-12
4.870000000e+00  5.25247e-12
4.880000000e+00  6.00301e-12
4.890000000e+00  6.78712e-12
4.900000000e+00  9.74559e-12
4.910000000e+00  1.24911e-11
4.920000000e+00  1.16821e-11
4.930000000e+00  1.69563e-11
4.940000000e+00  1.82525e-11
4.950000000e+00  1.78142e-11
4.960000000e+00  1.93993e-11
4.970000000e+00  2.09763e-11
4.980000000e+00  2.16414e-11
4.990000000e+00  2.31695e-11
5.000000000e+00  2.15353e-11
results_cfg.txt
<OBJECT-SUMMARY>Target: TRAPPIST-1 e for date (2017/05/25 15:22 UT); geometry: Observatory.
<OBJECT>Exoplanet
<OBJECT-NAME>TRAPPIST-1 e
<OBJECT-DATE>2017/05/25 15:22
<OBJECT-DIAMETER>11697
<OBJECT-GRAVITY>3.703632e+24
<OBJECT-GRAVITY-UNIT>kg
<OBJECT-STAR-DISTANCE>0.028170
<OBJECT-STAR-VELOCITY>0
<OBJECT-SOLAR-LONGITUDE>0
<OBJECT-SOLAR-LATITUDE>0
<OBJECT-SEASON>335
<OBJECT-SEASON-YEAR>2016
<OBJECT-STAR-TYPE>M
<OBJECT-STAR-TEMPERATURE>2559.0
<OBJECT-STAR-RADIUS>0.12
<OBJECT-OBS-LONGITUDE>0.0
<OBJECT-OBS-LATITUDE>89.860
<GEOMETRY>Observatory
<GEOMETRY-OFFSET-UNIT>arcsec
<GEOMETRY-OBS-ALTITUDE>12.10
<GEOMETRY-ALTITUDE-UNIT>pc
<GEOMETRY-OBS-ANGLE>48.121
<GEOMETRY-SOLAR-ANGLE>52.364
<GEOMETRY-PLANET-FRACTION>9.985186e-01
<GEOMETRY-STAR-DISTANCE>0.000000e+00
<GEOMETRY-STAR-FRACTION>0.000000e+00
<GEOMETRY-SOLAR-ANGLE>52.364
<GEOMETRY-PHASE>335.000
<ATMOSPHERE-STRUCTURE>Equilibrium
<ATMOSPHERE-WEIGHT>34.1497697039
<ATMOSPHERE-PRESSURE>1.4019342041
<ATMOSPHERE-PUNIT>bar
<ATMOSPHERE-NGAS>3
<ATMOSPHERE-GAS>N2,CO2,H2O
<ATMOSPHERE-TYPE>HIT[22],HIT[2],HIT[1]
<ATMOSPHERE-ABUN>1,1,1
<ATMOSPHERE-UNIT>scl,scl,scl
<ATMOSPHERE-NAERO>2
<ATMOSPHERE-AEROS>WaterIce,Cloud
<ATMOSPHERE-ATYPE>CRISM_Wolff[reff=2.0um 0.31-99.57um],White_GSFC[reff=1.0um 0.10-1000000.00um]
<ATMOSPHERE-AABUN>1,1
<ATMOSPHERE-AUNIT>scl,scl
<ATMOSPHERE-NMAX>0
<ATMOSPHERE-LMAX>0
<ATMOSPHERE-ASIZE>156.139808639,14.0
<ATMOSPHERE-LAYERS-MOLECULES>Altitude,N2,CO2,H2O,WaterIce,Cloud
<ATMOSPHERE-LAYERS>47
<ATMOSPHERE-LAYER-1>1.391E+00,2.960E+02,6.471E-02,7.382E-01,2.953E-01,1.925E-02,4.801E-11,1.366E-04
<ATMOSPHERE-LAYER-2>1.360E+00,2.955E+02,2.618E-01,7.386E-01,2.955E-01,1.852E-02,3.346E-27,8.223E-05
<ATMOSPHERE-LAYER-3>1.301E+00,2.944E+02,6.428E-01,7.400E-01,2.960E-01,1.617E-02,2.986E-26,5.028E-05
<ATMOSPHERE-LAYER-4>1.212E+00,2.925E+02,1.256E+00,7.423E-01,2.969E-01,1.214E-02,2.501E-12,2.378E-05
<ATMOSPHERE-LAYER-5>1.097E+00,2.894E+02,2.098E+00,7.445E-01,2.978E-01,8.470E-03,1.087E-08,1.379E-05
<ATMOSPHERE-LAYER-6>9.668E-01,2.846E+02,3.162E+00,7.461E-01,2.984E-01,5.770E-03,9.483E-08,1.159E-05
<ATMOSPHERE-LAYER-7>8.285E-01,2.780E+02,4.432E+00,7.469E-01,2.988E-01,4.353E-03,3.972E-07,1.620E-05
<ATMOSPHERE-LAYER-8>6.991E-01,2.704E+02,5.795E+00,7.476E-01,2.990E-01,3.178E-03,1.033E-06,2.831E-05
<ATMOSPHERE-LAYER-9>5.891E-01,2.629E+02,7.131E+00,7.481E-01,2.993E-01,2.196E-03,2.964E-06,5.045E-05
<ATMOSPHERE-LAYER-10>4.956E-01,2.560E+02,8.444E+00,7.486E-01,2.994E-01,1.435E-03,5.326E-06,5.692E-05
<ATMOSPHERE-LAYER-11>4.161E-01,2.493E+02,9.736E+00,7.489E-01,2.996E-01,8.803E-04,8.593E-06,3.550E-05
<ATMOSPHERE-LAYER-12>3.486E-01,2.426E+02,1.101E+01,7.491E-01,2.997E-01,5.332E-04,9.679E-06,1.303E-05
<ATMOSPHERE-LAYER-13>2.912E-01,2.360E+02,1.227E+01,7.492E-01,2.997E-01,3.138E-04,9.228E-06,4.219E-06
<ATMOSPHERE-LAYER-14>2.423E-01,2.292E+02,1.352E+01,7.493E-01,2.997E-01,1.650E-04,4.711E-06,2.011E-07
<ATMOSPHERE-LAYER-15>2.009E-01,2.222E+02,1.476E+01,7.494E-01,2.998E-01,7.957E-05,3.571E-06,0.000E+00
<ATMOSPHERE-LAYER-16>1.656E-01,2.154E+02,1.600E+01,7.494E-01,2.998E-01,3.635E-05,2.963E-06,0.000E+00
<ATMOSPHERE-LAYER-17>1.356E-01,2.097E+02,1.724E+01,7.494E-01,2.998E-01,1.804E-05,2.407E-06,0.000E+00
<ATMOSPHERE-LAYER-18>1.101E-01,2.063E+02,1.851E+01,7.494E-01,2.998E-01,1.213E-05,1.333E-06,0.000E+00
<ATMOSPHERE-LAYER-19>8.868E-02,2.057E+02,1.982E+01,7.494E-01,2.998E-01,1.106E-05,1.992E-07,0.000E+00
<ATMOSPHERE-LAYER-20>7.287E-02,2.062E+02,2.100E+01,7.494E-01,2.998E-01,1.086E-05,2.145E-08,0.000E+00
<ATMOSPHERE-LAYER-21>6.152E-02,2.064E+02,2.202E+01,7.494E-01,2.998E-01,1.072E-05,1.803E-08,0.000E+00
<ATMOSPHERE-LAYER-22>5.168E-02,2.062E+02,2.307E+01,7.494E-01,2.998E-01,1.056E-05,1.822E-08,0.000E+00
<ATMOSPHERE-LAYER-23>4.319E-02,2.055E+02,2.415E+01,7.494E-01,2.998E-01,1.042E-05,1.938E-08,0.000E+00
<ATMOSPHERE-LAYER-24>3.592E-02,2.043E+02,2.526E+01,7.494E-01,2.998E-01,1.033E-05,2.156E-08,0.000E+00
<ATMOSPHERE-LAYER-25>2.973E-02,2.028E+02,2.639E+01,7.494E-01,2.998E-01,1.041E-05,2.743E-08,0.000E+00
<ATMOSPHERE-LAYER-26>2.448E-02,2.009E+02,2.753E+01,7.494E-01,2.998E-01,1.067E-05,5.559E-08,0.000E+00
<ATMOSPHERE-LAYER-27>2.006E-02,1.988E+02,2.870E+01,7.494E-01,2.998E-01,1.076E-05,1.180E-07,0.000E+00
<ATMOSPHERE-LAYER-28>1.635E-02,1.966E+02,2.988E+01,7.494E-01,2.998E-01,1.055E-05,1.859E-07,0.000E+00
<ATMOSPHERE-LAYER-29>1.326E-02,1.943E+02,3.108E+01,7.494E-01,2.998E-01,1.023E-05,2.436E-07,0.000E+00
<ATMOSPHERE-LAYER-30>1.071E-02,1.922E+02,3.229E+01,7.494E-01,2.998E-01,9.943E-06,3.145E-07,0.000E+00
<ATMOSPHERE-LAYER-31>8.600E-03,1.907E+02,3.352E+01,7.494E-01,2.998E-01,9.708E-06,3.368E-07,0.000E+00
<ATMOSPHERE-LAYER-32>6.873E-03,1.896E+02,3.476E+01,7.494E-01,2.998E-01,9.501E-06,3.173E-07,0.000E+00
<ATMOSPHERE-LAYER-33>5.465E-03,1.886E+02,3.603E+01,7.494E-01,2.998E-01,9.279E-06,3.348E-07,0.000E+00
<ATMOSPHERE-LAYER-34>4.325E-03,1.872E+02,3.732E+01,7.494E-01,2.998E-01,8.979E-06,4.068E-07,0.000E+00
<ATMOSPHERE-LAYER-35>3.405E-03,1.854E+02,3.862E+01,7.494E-01,2.998E-01,8.537E-06,5.381E-07,0.000E+00
<ATMOSPHERE-LAYER-36>2.667E-03,1.832E+02,3.994E+01,7.494E-01,2.998E-01,8.007E-06,6.807E-07,0.000E+00
<ATMOSPHERE-LAYER-37>2.079E-03,1.810E+02,4.127E+01,7.494E-01,2.998E-01,7.614E-06,7.054E-07,0.000E+00
<ATMOSPHERE-LAYER-38>1.613E-03,1.794E+02,4.261E+01,7.494E-01,2.998E-01,7.452E-06,5.526E-07,0.000E+00
<ATMOSPHERE-LAYER-39>1.245E-03,1.796E+02,4.397E+01,7.494E-01,2.998E-01,7.574E-06,2.835E-07,0.000E+00
<ATMOSPHERE-LAYER-40>9.559E-04,1.810E+02,4.536E+01,7.494E-01,2.998E-01,7.793E-06,2.201E-07,0.000E+00
<ATMOSPHERE-LAYER-41>3.776E-04,1.810E+02,6.020E+01,7.494E-01,2.998E-01,7.793E-06,2.201E-07,0.000E+00
<ATMOSPHERE-LAYER-42>2.615E-04,1.810E+02,6.607E+01,7.494E-01,2.998E-01,7.793E-06,2.201E-07,0.000E+00
<ATMOSPHERE-LAYER-43>1.566E-04,1.810E+02,7.427E+01,7.494E-01,2.998E-01,7.793E-06,2.201E-07,0.000E+00
<ATMOSPHERE-LAYER-44>7.656E-05,1.810E+02,8.570E+01,7.494E-01,2.998E-01,7.793E-06,2.201E-07,0.000E+00
<ATMOSPHERE-LAYER-45>2.820E-05,1.810E+02,1.017E+02,7.494E-01,2.998E-01,7.793E-06,2.201E-07,0.000E+00
<ATMOSPHERE-LAYER-46>6.996E-06,1.810E+02,1.239E+02,7.494E-01,2.998E-01,7.793E-06,2.201E-07,0.000E+00
<ATMOSPHERE-LAYER-47>1.000E-06,1.810E+02,1.550E+02,7.494E-01,2.998E-01,7.793E-06,2.201E-07,0.000E+00
<SURFACE-TEMPERATURE>296.2699585
<SURFACE-ALBEDO>0.1459557
<SURFACE-EMISSIVITY>0.8540443
results_lyr.txt
# ----------------------------------------------------------------------------------------------
# NASA-GSFC Planetary Spectrum Generator (PSG, Villanueva et al. 2015)
# Atmospheric layering information considered by PUMAS
# Synthesized on Tue Nov 21 15:09:21 2017
# Radiative transfer method: correlated-k
# Synthesis spectral resolution [cm-1] and resolving power: 8.913678 5.010e+02
# Scattering parameters (nmax, lmax): 0 0
# ----------------------------------------------------------------------------------------------
# Molecular abundance profile: 
# Molecules considered: N2,CO2,H2O
# Molecular sources: HIT[22],HIT[2],HIT[1]
# Molecular abundances: 1,1,1
# Molecular abundance units: scl,scl,scl
# Collission-Induced-Absorption:  N2-N2(3.33-5.41um)
# Rayleigh scattering included
# ----------------------------------------------------------------------------------------------
# Aerosols considered: WaterIce,Cloud
# Aerosols sources: CRISM_Wolff[reff=2.0um 0.31-99.57um],White_GSFC[reff=1.0um 0.10-1000000.00um]
# Aerosols abundances: 1,1
# Aerosols abundance units: scl,scl
# Aerosols sizes [um]: 156.139808639,14.0
# ----------------------------------------------------------------------------------------------
# Input layer-by-layer atmospheric profile
# Molecular abundances in molec/molec and aerosols in kg/kg
# ----------------------------------------------------------------------------------------------
# Alt[km] Pressure[bar] Temp[K]         N2        CO2        H2O   WaterIce      Cloud
# ----------------------------------------------------------------------------------------------
    0.000   1.402e+00   296.270   7.382e-01  2.953e-01  1.925e-02  4.801e-11  1.366e-04
    0.262   1.360e+00   295.500   7.386e-01  2.955e-01  1.852e-02  3.346e-27  8.223e-05
    0.643   1.301e+00   294.400   7.400e-01  2.960e-01  1.617e-02  2.986e-26  5.028e-05
    1.256   1.212e+00   292.500   7.423e-01  2.969e-01  1.214e-02  2.501e-12  2.378e-05
    2.098   1.097e+00   289.400   7.445e-01  2.978e-01  8.470e-03  1.087e-08  1.379e-05
    3.162   9.668e-01   284.600   7.461e-01  2.984e-01  5.770e-03  9.483e-08  1.159e-05
    4.432   8.285e-01   278.000   7.469e-01  2.988e-01  4.353e-03  3.972e-07  1.620e-05
    5.795   6.991e-01   270.400   7.476e-01  2.990e-01  3.178e-03  1.033e-06  2.831e-05
    7.131   5.891e-01   262.900   7.481e-01  2.993e-01  2.196e-03  2.964e-06  5.045e-05
    8.444   4.956e-01   256.000   7.486e-01  2.994e-01  1.435e-03  5.326e-06  5.692e-05
    9.736   4.161e-01   249.300   7.489e-01  2.996e-01  8.803e-04  8.593e-06  3.550e-05
   11.010   3.486e-01   242.600   7.491e-01  2.997e-01  5.332e-04  9.679e-06  1.303e-05
   12.270   2.912e-01   236.000   7.492e-01  2.997e-01  3.138e-04  9.228e-06  4.219e-06
   13.520   2.423e-01   229.200   7.493e-01  2.997e-01  1.650e-04  4.711e-06  2.011e-07
   14.760   2.009e-01   222.200   7.494e-01  2.998e-01  7.957e-05  3.571e-06  0.000e+00
   16.000   1.656e-01   215.400   7.494e-01  2.998e-01  3.635e-05  2.963e-06  0.000e+00
   17.240   1.356e-01   209.700   7.494e-01  2.998e-01  1.804e-05  2.407e-06  0.000e+00
   18.510   1.101e-01   206.300   7.494e-01  2.998e-01  1.213e-05  1.333e-06  0.000e+00
   19.820   8.868e-02   205.700   7.494e-01  2.998e-01  1.106e-05  1.992e-07  0.000e+00
   21.000   7.287e-02   206.200   7.494e-01  2.998e-01  1.086e-05  2.145e-08  0.000e+00
   22.020   6.152e-02   206.400   7.494e-01  2.998e-01  1.072e-05  1.803e-08  0.000e+00
   23.070   5.168e-02   206.200   7.494e-01  2.998e-01  1.056e-05  1.822e-08  0.000e+00
   24.150   4.319e-02   205.500   7.494e-01  2.998e-01  1.042e-05  1.938e-08  0.000e+00
   25.260   3.592e-02   204.300   7.494e-01  2.998e-01  1.033e-05  2.156e-08  0.000e+00
   26.390   2.973e-02   202.800   7.494e-01  2.998e-01  1.041e-05  2.743e-08  0.000e+00
   27.530   2.448e-02   200.900   7.494e-01  2.998e-01  1.067e-05  5.559e-08  0.000e+00
   28.700   2.006e-02   198.800   7.494e-01  2.998e-01  1.076e-05  1.180e-07  0.000e+00
   29.880   1.635e-02   196.600   7.494e-01  2.998e-01  1.055e-05  1.859e-07  0.000e+00
   31.080   1.326e-02   194.300   7.494e-01  2.998e-01  1.023e-05  2.436e-07  0.000e+00
   32.290   1.071e-02   192.200   7.494e-01  2.998e-01  9.943e-06  3.145e-07  0.000e+00
   33.520   8.600e-03   190.700   7.494e-01  2.998e-01  9.708e-06  3.368e-07  0.000e+00
   34.760   6.873e-03   189.600   7.494e-01  2.998e-01  9.501e-06  3.173e-07  0.000e+00
   36.030   5.465e-03   188.600   7.494e-01  2.998e-01  9.279e-06  3.348e-07  0.000e+00
   37.320   4.325e-03   187.200   7.494e-01  2.998e-01  8.979e-06  4.068e-07  0.000e+00
   38.620   3.405e-03   185.400   7.494e-01  2.998e-01  8.537e-06  5.381e-07  0.000e+00
   39.940   2.667e-03   183.200   7.494e-01  2.998e-01  8.007e-06  6.807e-07  0.000e+00
   41.270   2.079e-03   181.000   7.494e-01  2.998e-01  7.614e-06  7.054e-07  0.000e+00
   42.610   1.613e-03   179.400   7.494e-01  2.998e-01  7.452e-06  5.526e-07  0.000e+00
   43.970   1.245e-03   179.600   7.494e-01  2.998e-01  7.574e-06  2.835e-07  0.000e+00
   45.360   9.559e-04   181.000   7.494e-01  2.998e-01  7.793e-06  2.201e-07  0.000e+00
   60.200   3.776e-04   181.000   7.494e-01  2.998e-01  7.793e-06  2.201e-07  0.000e+00
   66.070   2.615e-04   181.000   7.494e-01  2.998e-01  7.793e-06  2.201e-07  0.000e+00
   74.270   1.566e-04   181.000   7.494e-01  2.998e-01  7.793e-06  2.201e-07  0.000e+00
   85.700   7.656e-05   181.000   7.494e-01  2.998e-01  7.793e-06  2.201e-07  0.000e+00
  101.700   2.820e-05   181.000   7.494e-01  2.998e-01  7.793e-06  2.201e-07  0.000e+00
  123.900   6.996e-06   181.000   7.494e-01  2.998e-01  7.793e-06  2.201e-07  0.000e+00
  155.000   1.000e-06   181.000   7.494e-01  2.998e-01  7.793e-06  2.201e-07  0.000e+00
#
# ----------------------------------------------------------------------------------------------
# Curtis-Godson integrated layer information used by the radiative transfer analysis
# Oblique molecular layer columns in molec/m2 and aerosols in kg/m2
# ----------------------------------------------------------------------------------------------
# Low[km]  High[km]  Path[km] Pressure[bar] Temp[K]   Airmass   dcol[m-2]         N2        CO2        H2O   WaterIce      Cloud
# ----------------------------------------------------------------------------------------------
    0.000     0.262     0.392   1.381e+00   295.888    1.4980   1.329e+28  9.813e+27  3.926e+27  2.510e+26  4.165e-09  8.089e-02
    0.262     0.643     0.571   1.331e+00   294.955    1.4978   1.868e+28  1.381e+28  5.523e+27  3.236e+26  1.273e-23  6.893e-02
    0.643     1.256     0.918   1.257e+00   293.461    1.4977   2.850e+28  2.112e+28  8.449e+27  4.014e+26  2.208e-10  5.746e-02
    1.256     2.098     1.261   1.154e+00   290.974    1.4975   3.624e+28  2.694e+28  1.077e+28  3.705e+26  2.639e-06  3.783e-02
    2.098     3.162     1.593   1.032e+00   287.045    1.4972   4.145e+28  3.089e+28  1.236e+28  2.926e+26  8.945e-05  2.980e-02
    3.162     4.432     1.901   8.974e-01   281.374    1.4968   4.386e+28  3.274e+28  1.310e+28  2.213e+26  5.171e-04  3.412e-02
    4.432     5.795     2.040   7.635e-01   274.292    1.4964   4.106e+28  3.068e+28  1.227e+28  1.539e+26  1.531e-03  5.018e-02
    5.795     7.131     1.999   6.439e-01   266.742    1.4959   3.489e+28  2.609e+28  1.044e+28  9.312e+25  3.579e-03  7.529e-02
    7.131     8.444     1.964   5.422e-01   259.536    1.4955   2.967e+28  2.220e+28  8.880e+27  5.334e+25  6.731e-03  9.006e-02
    8.444     9.736     1.932   4.557e-01   252.735    1.4951   2.519e+28  1.886e+28  7.543e+27  2.877e+25  9.696e-03  6.519e-02
    9.736    11.010     1.904   3.822e-01   246.036    1.4947   2.139e+28  1.602e+28  6.410e+27  1.490e+25  1.105e-02  2.754e-02
   11.010    12.270     1.883   3.198e-01   239.386    1.4943   1.819e+28  1.362e+28  5.451e+27  7.578e+24  9.754e-03  8.176e-03
   12.270    13.520     1.867   2.666e-01   232.690    1.4939   1.547e+28  1.159e+28  4.637e+27  3.612e+24  5.947e-03  1.207e-03
   13.520    14.760     1.852   2.215e-01   225.793    1.4935   1.314e+28  9.843e+27  3.937e+27  1.554e+24  3.076e-03  8.732e-08
   14.760    16.000     1.851   1.832e-01   218.894    1.4931   1.120e+28  8.393e+27  3.358e+27  6.245e+23  2.074e-03  0.000e+00
   16.000    17.240     1.851   1.505e-01   212.634    1.4927   9.470e+27  7.097e+27  2.839e+27  2.501e+23  1.441e-03  0.000e+00
   17.240    18.510     1.895   1.228e-01   208.055    1.4924   8.081e+27  6.056e+27  2.423e+27  1.211e+23  8.409e-04  0.000e+00
   18.510    19.820     1.954   9.939e-02   206.011    1.4920   6.807e+27  5.101e+27  2.041e+27  7.900e+22  2.381e-04  0.000e+00
   19.820    21.000     1.760   8.078e-02   205.942    1.4916   4.987e+27  3.737e+27  1.495e+27  5.467e+22  2.340e-05  0.000e+00
   21.000    22.020     1.521   6.720e-02   206.297    1.4912   3.582e+27  2.685e+27  1.074e+27  3.866e+22  4.010e-06  0.000e+00
   22.020    23.070     1.565   5.660e-02   206.303    1.4909   3.105e+27  2.327e+27  9.309e+26  3.304e+22  3.191e-06  0.000e+00
   23.070    24.150     1.610   4.744e-02   205.861    1.4906   2.681e+27  2.009e+27  8.039e+26  2.813e+22  2.855e-06  0.000e+00
   24.150    25.260     1.654   3.955e-02   204.918    1.4902   2.308e+27  1.729e+27  6.918e+26  2.395e+22  2.672e-06  0.000e+00
   25.260    26.390     1.684   3.282e-02   203.573    1.4899   1.962e+27  1.470e+27  5.881e+26  2.034e+22  2.702e-06  0.000e+00
   26.390    27.530     1.698   2.710e-02   201.880    1.4895   1.647e+27  1.234e+27  4.938e+26  1.735e+22  3.683e-06  0.000e+00
   27.530    28.700     1.742   2.227e-02   199.884    1.4892   1.402e+27  1.051e+27  4.204e+26  1.502e+22  6.515e-06  0.000e+00
   28.700    29.880     1.757   1.820e-02   197.736    1.4888   1.168e+27  8.754e+26  3.502e+26  1.245e+22  9.823e-06  0.000e+00
   29.880    31.080     1.786   1.480e-02   195.489    1.4884   9.768e+26  7.320e+26  2.928e+26  1.015e+22  1.177e-05  0.000e+00
   31.080    32.290     1.801   1.198e-02   193.286    1.4881   8.061e+26  6.041e+26  2.417e+26  8.134e+21  1.263e-05  0.000e+00
   32.290    33.520     1.830   9.654e-03   191.477    1.4877   6.660e+26  4.991e+26  1.997e+26  6.547e+21  1.228e-05  0.000e+00
   33.520    34.760     1.844   7.736e-03   190.170    1.4873   5.415e+26  4.058e+26  1.623e+26  5.203e+21  1.005e-05  0.000e+00
   34.760    36.030     1.888   6.169e-03   189.119    1.4869   4.445e+26  3.331e+26  1.333e+26  4.175e+21  8.208e-06  0.000e+00
   36.030    37.320     1.918   4.895e-03   187.927    1.4865   3.604e+26  2.701e+26  1.080e+26  3.291e+21  7.525e-06  0.000e+00
   37.320    38.620     1.932   3.865e-03   186.335    1.4862   2.891e+26  2.166e+26  8.666e+25  2.533e+21  7.652e-06  0.000e+00
   38.620    39.940     1.961   3.036e-03   184.343    1.4858   2.329e+26  1.746e+26  6.983e+25  1.929e+21  7.975e-06  0.000e+00
   39.940    41.270     1.976   2.373e-03   182.144    1.4854   1.856e+26  1.391e+26  5.563e+25  1.451e+21  7.287e-06  0.000e+00
   41.270    42.610     1.990   1.846e-03   180.233    1.4849   1.469e+26  1.101e+26  4.404e+25  1.107e+21  5.241e-06  0.000e+00
   42.610    43.970     2.019   1.429e-03   179.496    1.4845   1.158e+26  8.681e+25  3.473e+25  8.700e+20  2.687e-06  0.000e+00
   43.970    45.360     2.063   1.101e-03   180.268    1.4841   9.074e+25  6.800e+25  2.720e+25  6.967e+20  1.296e-06  0.000e+00
   45.360    60.200    21.988   6.673e-04   181.000    1.4817   5.480e+26  4.107e+26  1.643e+26  4.271e+21  6.840e-06  0.000e+00
   60.200    66.070     8.679   3.196e-04   181.000    1.4786   1.098e+26  8.226e+25  3.291e+25  8.554e+20  1.370e-06  0.000e+00
   66.070    74.270    12.107   2.091e-04   181.000    1.4765   9.914e+25  7.429e+25  2.972e+25  7.726e+20  1.237e-06  0.000e+00
   74.270    85.700    16.844   1.166e-04   181.000    1.4736   7.540e+25  5.651e+25  2.261e+25  5.876e+20  9.411e-07  0.000e+00
   85.700   101.700    23.515   5.244e-05   181.000    1.4697   4.558e+25  3.416e+25  1.366e+25  3.552e+20  5.689e-07  0.000e+00
  101.700   123.900    32.506   1.767e-05   181.000    1.4642   1.980e+25  1.484e+25  5.936e+24  1.543e+20  2.471e-07  0.000e+00
  123.900   155.000    45.309   4.052e-06   181.000    1.4569   5.598e+24  4.195e+24  1.678e+24  4.363e+19  6.987e-08  0.000e+00
# ----------------------------------------------------------------------------------------------
# Integrated atmospheric columns                       1.4955   4.452e+29  3.323e+29  1.329e+29  2.219e+27  5.674e-02  6.267e-01
# ----------------------------------------------------------------------------------------------
results_rad.txt
# ------------------------------------------------------------------------
# Radiance spectrum
# NASA-GSFC Planetary Spectrum Generator (PSG) (Villanueva et al. 2015)
# Synthesized on Tue Nov 21 15:09:21 2017
# ------------------------------------------------------------------------
# Atmospheric radiances synthesized with PUMAS (Villanueva et al. 2016, Smith et al. 2009, Edwards 1992)
# Molecular abundance profile: 
# Molecules considered: N2,CO2,H2O
# Molecular sources: HIT[22],HIT[2],HIT[1]
# Molecular abundances: 1,1,1
# Molecular abundance units: scl,scl,scl
# Collission-Induced-Absorption:  N2-N2(3.33-5.41um)
# Rayleigh scattering included
# ------------------------------------------------------------------------
# Spectral unit: Wavelength [um]
# Radiance unit: Spectral radiance [W/sr/m2/um]
# Wave/freq Total Stellar TRAPPIST-1-e
1.000000000e+00  3.68049e-03  3.68049e-03  6.42551e-10
1.010000000e+00  3.70309e-03  3.70309e-03  6.46401e-10
1.020000000e+00  3.72363e-03  3.72363e-03  6.49904e-10
1.030000000e+00  3.74214e-03  3.74214e-03  6.53054e-10
1.040000000e+00  3.75867e-03  3.75867e-03  6.39322e-10
1.050000000e+00  3.77328e-03  3.77327e-03  6.58183e-10
1.060000000e+00  3.78601e-03  3.78601e-03  6.59504e-10
1.070000000e+00  3.79691e-03  3.79691e-03  6.57625e-10
1.080000000e+00  3.80605e-03  3.80605e-03  6.63479e-10
1.090000000e+00  3.81347e-03  3.81347e-03  6.65014e-10
1.100000000e+00  3.81923e-03  3.81922e-03  6.65806e-10
1.110000000e+00  3.82337e-03  3.82337e-03  6.66444e-10
1.120000000e+00  3.82595e-03  3.82595e-03  6.63003e-10
1.130000000e+00  3.82703e-03  3.82703e-03  6.61293e-10
1.140000000e+00  3.82666e-03  3.82666e-03  6.64744e-10
1.150000000e+00  3.82489e-03  3.82489e-03  6.63301e-10
1.160000000e+00  3.82177e-03  3.82177e-03  6.65471e-10
1.170000000e+00  3.81735e-03  3.81734e-03  6.65137e-10
1.180000000e+00  3.81168e-03  3.81168e-03  6.63988e-10
1.190000000e+00  3.80481e-03  3.80481e-03  6.62688e-10
1.200000000e+00  3.79680e-03  3.79679e-03  6.61315e-10
1.210000000e+00  3.78768e-03  3.78768e-03  5.66366e-10
1.220000000e+00  3.77751e-03  3.77751e-03  6.08717e-10
1.230000000e+00  3.76632e-03  3.76632e-03  6.26864e-10
1.240000000e+00  3.75418e-03  3.75418e-03  6.44974e-10
1.250000000e+00  3.74111e-03  3.74111e-03  6.51155e-10
1.260000000e+00  3.72717e-03  3.72717e-03  6.46607e-10
1.270000000e+00  3.71239e-03  3.71239e-03  6.44087e-10
1.280000000e+00  3.69682e-03  3.69682e-03  6.43809e-10
1.290000000e+00  3.68050e-03  3.68049e-03  6.36891e-10
1.300000000e+00  3.66345e-03  3.66345e-03  6.28320e-10
1.310000000e+00  3.64573e-03  3.64573e-03  6.34519e-10
1.320000000e+00  3.62737e-03  3.62736e-03  5.89559e-10
1.330000000e+00  3.60839e-03  3.60839e-03  6.27498e-10
1.340000000e+00  3.58885e-03  3.58885e-03  5.98620e-10
1.350000000e+00  3.56877e-03  3.56877e-03  6.13596e-10
1.360000000e+00  3.54817e-03  3.54817e-03  6.02637e-10
1.370000000e+00  3.52711e-03  3.52711e-03  5.95541e-10
1.380000000e+00  3.50559e-03  3.50559e-03  5.92744e-10
1.390000000e+00  3.48366e-03  3.48366e-03  5.93150e-10
1.400000000e+00  3.46134e-03  3.46134e-03  5.90091e-10
1.410000000e+00  3.43866e-03  3.43866e-03  5.84212e-10
1.420000000e+00  3.41564e-03  3.41564e-03  5.92426e-10
1.430000000e+00  3.39231e-03  3.39231e-03  5.84714e-10
1.440000000e+00  3.36870e-03  3.36870e-03  3.13665e-10
1.450000000e+00  3.34482e-03  3.34482e-03  4.91260e-10
1.460000000e+00  3.32070e-03  3.32070e-03  5.72410e-10
1.470000000e+00  3.29637e-03  3.29636e-03  5.68783e-10
1.480000000e+00  3.27183e-03  3.27183e-03  5.31446e-10
1.490000000e+00  3.24712e-03  3.24711e-03  5.54897e-10
1.500000000e+00  3.22224e-03  3.22224e-03  5.29155e-10
1.510000000e+00  3.19723e-03  3.19723e-03  5.53346e-10
1.520000000e+00  3.17209e-03  3.17209e-03  5.49667e-10
1.530000000e+00  3.14685e-03  3.14685e-03  5.11633e-10
1.540000000e+00  3.12152e-03  3.12152e-03  4.74825e-10
1.550000000e+00  3.09611e-03  3.09611e-03  5.25999e-10
1.560000000e+00  3.07064e-03  3.07064e-03  5.30662e-10
1.570000000e+00  3.04513e-03  3.04513e-03  4.79226e-10
1.580000000e+00  3.01959e-03  3.01959e-03  3.50500e-10
1.590000000e+00  2.99402e-03  2.99402e-03  4.96826e-10
1.600000000e+00  2.96846e-03  2.96846e-03  4.63445e-10
1.610000000e+00  2.94289e-03  2.94289e-03  3.43517e-10
1.620000000e+00  2.91734e-03  2.91734e-03  4.47628e-10
1.630000000e+00  2.89182e-03  2.89182e-03  4.81576e-10
1.640000000e+00  2.86634e-03  2.86634e-03  4.60642e-10
1.650000000e+00  2.84091e-03  2.84091e-03  4.49052e-10
1.660000000e+00  2.81553e-03  2.81553e-03  4.70244e-10
1.670000000e+00  2.79021e-03  2.79021e-03  4.71063e-10
1.680000000e+00  2.76497e-03  2.76497e-03  4.71913e-10
1.690000000e+00  2.73981e-03  2.73981e-03  4.74712e-10
1.700000000e+00  2.71474e-03  2.71474e-03  4.72000e-10
1.710000000e+00  2.68977e-03  2.68977e-03  4.64299e-10
1.720000000e+00  2.66490e-03  2.66490e-03  4.62807e-10
1.730000000e+00  2.64013e-03  2.64013e-03  4.59506e-10
1.740000000e+00  2.61549e-03  2.61549e-03  4.55361e-10
1.750000000e+00  2.59096e-03  2.59096e-03  4.50991e-10
1.760000000e+00  2.56656e-03  2.56656e-03  4.46197e-10
1.770000000e+00  2.54229e-03  2.54229e-03  4.42190e-10
1.780000000e+00  2.51815e-03  2.51815e-03  4.38202e-10
1.790000000e+00  2.49415e-03  2.49415e-03  4.33652e-10
1.800000000e+00  2.47030e-03  2.47030e-03  4.29472e-10
1.810000000e+00  2.44660e-03  2.44660e-03  4.24724e-10
1.820000000e+00  2.42304e-03  2.42304e-03  4.17124e-10
1.830000000e+00  2.39965e-03  2.39964e-03  4.09846e-10
1.840000000e+00  2.37640e-03  2.37640e-03  4.00085e-10
1.850000000e+00  2.35332e-03  2.35332e-03  3.97380e-10
1.860000000e+00  2.33041e-03  2.33041e-03  3.90345e-10
1.870000000e+00  2.30765e-03  2.30765e-03  3.90583e-10
1.880000000e+00  2.28507e-03  2.28507e-03  3.50655e-10
1.890000000e+00  2.26266e-03  2.26266e-03  3.50317e-10
1.900000000e+00  2.24041e-03  2.24041e-03  3.73904e-10
1.910000000e+00  2.21834e-03  2.21834e-03  3.70356e-10
1.920000000e+00  2.19645e-03  2.19645e-03  3.73672e-10
1.930000000e+00  2.17473e-03  2.17473e-03  3.70332e-10
1.940000000e+00  2.15319e-03  2.15319e-03  3.55694e-10
1.950000000e+00  2.13183e-03  2.13183e-03  2.16698e-10
1.960000000e+00  2.11065e-03  2.11065e-03  9.97766e-11
1.970000000e+00  2.08964e-03  2.08964e-03  1.05823e-10
1.980000000e+00  2.06882e-03  2.06882e-03  2.18493e-10
1.990000000e+00  2.04818e-03  2.04818e-03  2.81208e-10
2.000000000e+00  2.02772e-03  2.02772e-03  1.86849e-10
2.010000000e+00  2.00745e-03  2.00745e-03  6.96597e-11
2.020000000e+00  1.98735e-03  1.98735e-03  8.09864e-11
2.030000000e+00  1.96744e-03  1.96744e-03  1.50943e-10
2.040000000e+00  1.94771e-03  1.94771e-03  1.70848e-10
2.050000000e+00  1.92816e-03  1.92816e-03  1.58623e-10
2.060000000e+00  1.90880e-03  1.90880e-03  9.58695e-11
2.070000000e+00  1.88961e-03  1.88961e-03  1.01838e-10
2.080000000e+00  1.87061e-03  1.87061e-03  1.53036e-10
2.090000000e+00  1.85179e-03  1.85179e-03  1.84035e-10
2.100000000e+00  1.83315e-03  1.83315e-03  2.28266e-10
2.110000000e+00  1.81469e-03  1.81469e-03  2.66419e-10
2.120000000e+00  1.79641e-03  1.79641e-03  2.75987e-10
2.130000000e+00  1.77831e-03  1.77831e-03  2.97521e-10
2.140000000e+00  1.76039e-03  1.76039e-03  2.99432e-10
2.150000000e+00  1.74264e-03  1.74264e-03  2.75411e-10
2.160000000e+00  1.72507e-03  1.72507e-03  2.72931e-10
2.170000000e+00  1.70768e-03  1.70768e-03  2.69591e-10
2.180000000e+00  1.69046e-03  1.69046e-03  2.80938e-10
2.190000000e+00  1.67341e-03  1.67341e-03  2.87054e-10
2.200000000e+00  1.65654e-03  1.65654e-03  2.86463e-10
2.210000000e+00  1.63984e-03  1.63984e-03  2.84290e-10
2.220000000e+00  1.62331e-03  1.62331e-03  2.80426e-10
2.230000000e+00  1.60696e-03  1.60695e-03  2.77943e-10
2.240000000e+00  1.59076e-03  1.59076e-03  2.76328e-10
2.250000000e+00  1.57474e-03  1.57474e-03  2.73458e-10
2.260000000e+00  1.55889e-03  1.55889e-03  2.69476e-10
2.270000000e+00  1.54320e-03  1.54319e-03  2.67893e-10
2.280000000e+00  1.52767e-03  1.52767e-03  2.64988e-10
2.290000000e+00  1.51230e-03  1.51230e-03  2.62803e-10
2.300000000e+00  1.49710e-03  1.49710e-03  2.60132e-10
2.310000000e+00  1.48206e-03  1.48206e-03  2.57512e-10
2.320000000e+00  1.46718e-03  1.46718e-03  2.54934e-10
2.330000000e+00  1.45245e-03  1.45245e-03  2.52342e-10
2.340000000e+00  1.43788e-03  1.43788e-03  2.49774e-10
2.350000000e+00  1.42347e-03  1.42347e-03  2.47236e-10
2.360000000e+00  1.40921e-03  1.40921e-03  2.44723e-10
2.370000000e+00  1.39510e-03  1.39510e-03  2.42263e-10
2.380000000e+00  1.38115e-03  1.38115e-03  2.39754e-10
2.390000000e+00  1.36734e-03  1.36734e-03  2.37197e-10
2.400000000e+00  1.35368e-03  1.35368e-03  2.34674e-10
2.410000000e+00  1.34017e-03  1.34017e-03  2.32264e-10
2.420000000e+00  1.32681e-03  1.32681e-03  2.30167e-10
2.430000000e+00  1.31359e-03  1.31359e-03  2.28109e-10
2.440000000e+00  1.30051e-03  1.30051e-03  2.24910e-10
2.450000000e+00  1.28757e-03  1.28757e-03  2.23167e-10
2.460000000e+00  1.27478e-03  1.27478e-03  2.21314e-10
2.470000000e+00  1.26212e-03  1.26212e-03  2.18900e-10
2.480000000e+00  1.24960e-03  1.24960e-03  2.15380e-10
2.490000000e+00  1.23722e-03  1.23722e-03  2.07890e-10
2.500000000e+00  1.22498e-03  1.22498e-03  2.07250e-10
2.510000000e+00  1.21286e-03  1.21286e-03  2.05423e-10
2.520000000e+00  1.20088e-03  1.20088e-03  2.02347e-10
2.530000000e+00  1.18903e-03  1.18903e-03  2.03826e-10
2.540000000e+00  1.17731e-03  1.17731e-03  2.00284e-10
2.550000000e+00  1.16572e-03  1.16572e-03  1.95281e-10
2.560000000e+00  1.15425e-03  1.15425e-03  1.95550e-10
2.570000000e+00  1.14291e-03  1.14291e-03  1.81871e-10
2.580000000e+00  1.13170e-03  1.13170e-03  1.73168e-10
2.590000000e+00  1.12060e-03  1.12060e-03  1.66339e-10
2.600000000e+00  1.10963e-03  1.10963e-03  1.52805e-10
2.610000000e+00  1.09878e-03  1.09878e-03  1.58468e-10
2.620000000e+00  1.08805e-03  1.08805e-03  1.55780e-10
2.630000000e+00  1.07744e-03  1.07744e-03  1.62659e-10
2.640000000e+00  1.06694e-03  1.06694e-03  1.59566e-10
2.650000000e+00  1.05656e-03  1.05656e-03  1.68721e-10
2.660000000e+00  1.04629e-03  1.04629e-03  1.35702e-10
2.670000000e+00  1.03614e-03  1.03614e-03  2.58934e-11
2.680000000e+00  1.02610e-03  1.02610e-03  6.44051e-12
2.690000000e+00  1.01616e-03  1.01616e-03  2.22149e-12
2.700000000e+00  1.00634e-03  1.00634e-03  3.02584e-12
2.710000000e+00  9.96623e-04  9.96623e-04  3.08348e-12
2.720000000e+00  9.87014e-04  9.87014e-04  6.22389e-12
2.730000000e+00  9.77511e-04  9.77511e-04  1.00902e-11
2.740000000e+00  9.68112e-04  9.68112e-04  9.70276e-12
2.750000000e+00  9.58816e-04  9.58816e-04  5.62394e-12
2.760000000e+00  9.49622e-04  9.49622e-04  1.98108e-12
2.770000000e+00  9.40529e-04  9.40529e-04  1.55841e-12
2.780000000e+00  9.31536e-04  9.31536e-04  1.16539e-12
2.790000000e+00  9.22641e-04  9.22641e-04  1.34550e-12
2.800000000e+00  9.13844e-04  9.13844e-04  1.93536e-12
2.810000000e+00  9.05143e-04  9.05143e-04  2.48035e-12
2.820000000e+00  8.96538e-04  8.96538e-04  2.62783e-12
2.830000000e+00  8.88027e-04  8.88027e-04  2.61232e-12
2.840000000e+00  8.79608e-04  8.79608e-04  2.91381e-12
2.850000000e+00  8.71282e-04  8.71282e-04  2.05125e-12
2.860000000e+00  8.63047e-04  8.63047e-04  3.49607e-12
2.870000000e+00  8.54902e-04  8.54902e-04  9.08869e-12
2.880000000e+00  8.46846e-04  8.46846e-04  1.49464e-11
2.890000000e+00  8.38878e-04  8.38878e-04  2.45373e-11
2.900000000e+00  8.30996e-04  8.30996e-04  3.59441e-11
2.910000000e+00  8.23201e-04  8.23201e-04  4.20968e-11
2.920000000e+00  8.15490e-04  8.15490e-04  4.56959e-11
2.930000000e+00  8.07863e-04  8.07863e-04  4.68760e-11
2.940000000e+00  8.00320e-04  8.00320e-04  4.81417e-11
2.950000000e+00  7.92858e-04  7.92858e-04  4.97440e-11
2.960000000e+00  7.85477e-04  7.85477e-04  4.95579e-11
2.970000000e+00  7.78176e-04  7.78176e-04  4.58778e-11
2.980000000e+00  7.70955e-04  7.70954e-04  4.07091e-11
2.990000000e+00  7.63811e-04  7.63811e-04  3.97023e-11
3.000000000e+00  7.56745e-04  7.56745e-04  4.42790e-11
3.010000000e+00  7.49755e-04  7.49755e-04  4.89414e-11
3.020000000e+00  7.42841e-04  7.42841e-04  4.55642e-11
3.030000000e+00  7.36002e-04  7.36001e-04  4.81555e-11
3.040000000e+00  7.29236e-04  7.29236e-04  5.10183e-11
3.050000000e+00  7.22543e-04  7.22543e-04  5.24127e-11
3.060000000e+00  7.15922e-04  7.15922e-04  5.25626e-11
3.070000000e+00  7.09372e-04  7.09372e-04  5.35698e-11
3.080000000e+00  7.02893e-04  7.02893e-04  5.39983e-11
3.090000000e+00  6.96483e-04  6.96483e-04  5.37202e-11
3.100000000e+00  6.90142e-04  6.90142e-04  5.36301e-11
3.110000000e+00  6.83869e-04  6.83869e-04  5.31263e-11
3.120000000e+00  6.77663e-04  6.77663e-04  5.15428e-11
3.130000000e+00  6.71523e-04  6.71523e-04  5.03308e-11
3.140000000e+00  6.65449e-04  6.65449e-04  5.10678e-11
3.150000000e+00  6.59440e-04  6.59440e-04  5.23322e-11
3.160000000e+00  6.53495e-04  6.53494e-04  5.20381e-11
3.170000000e+00  6.47613e-04  6.47612e-04  5.15526e-11
3.180000000e+00  6.41793e-04  6.41793e-04  5.25401e-11
3.190000000e+00  6.36035e-04  6.36035e-04  5.35873e-11
3.200000000e+00  6.30339e-04  6.30339e-04  5.43983e-11
3.210000000e+00  6.24703e-04  6.24702e-04  5.52407e-11
3.220000000e+00  6.19126e-04  6.19126e-04  5.63811e-11
3.230000000e+00  6.13608e-04  6.13608e-04  5.71932e-11
3.240000000e+00  6.08149e-04  6.08149e-04  5.87116e-11
3.250000000e+00  6.02747e-04  6.02747e-04  5.95418e-11
3.260000000e+00  5.97402e-04  5.97402e-04  6.09110e-11
3.270000000e+00  5.92114e-04  5.92114e-04  6.17991e-11
3.280000000e+00  5.86881e-04  5.86881e-04  6.32710e-11
3.290000000e+00  5.81703e-04  5.81702e-04  6.47743e-11
3.300000000e+00  5.76579e-04  5.76579e-04  6.58288e-11
3.310000000e+00  5.71509e-04  5.71508e-04  6.70153e-11
3.320000000e+00  5.66491e-04  5.66491e-04  6.86135e-11
3.330000000e+00  5.61527e-04  5.61527e-04  6.94420e-11
3.340000000e+00  5.56614e-04  5.56614e-04  7.06998e-11
3.350000000e+00  5.51752e-04  5.51752e-04  7.15378e-11
3.360000000e+00  5.46941e-04  5.46941e-04  7.15540e-11
3.370000000e+00  5.42180e-04  5.42180e-04  7.36071e-11
3.380000000e+00  5.37468e-04  5.37468e-04  7.47155e-11
3.390000000e+00  5.32805e-04  5.32805e-04  7.55919e-11
3.400000000e+00  5.28190e-04  5.28190e-04  7.60871e-11
3.410000000e+00  5.23623e-04  5.23623e-04  7.64836e-11
3.420000000e+00  5.19104e-04  5.19104e-04  7.69014e-11
3.430000000e+00  5.14631e-04  5.14631e-04  7.72856e-11
3.440000000e+00  5.10204e-04  5.10203e-04  7.76551e-11
3.450000000e+00  5.05822e-04  5.05822e-04  7.79486e-11
3.460000000e+00  5.01485e-04  5.01485e-04  7.79291e-11
3.470000000e+00  4.97193e-04  4.97193e-04  7.78160e-11
3.480000000e+00  4.92945e-04  4.92945e-04  7.76842e-11
3.490000000e+00  4.88741e-04  4.88741e-04  7.75534e-11
3.500000000e+00  4.84579e-04  4.84579e-04  7.74184e-11
3.510000000e+00  4.80460e-04  4.80460e-04  7.72799e-11
3.520000000e+00  4.76383e-04  4.76383e-04  7.70766e-11
3.530000000e+00  4.72347e-04  4.72347e-04  7.66907e-11
3.540000000e+00  4.68352e-04  4.68352e-04  7.62933e-11
3.550000000e+00  4.64398e-04  4.64398e-04  7.58819e-11
3.560000000e+00  4.60484e-04  4.60484e-04  7.54194e-11
3.570000000e+00  4.56609e-04  4.56609e-04  7.48647e-11
3.580000000e+00  4.52774e-04  4.52774e-04  7.42401e-11
3.590000000e+00  4.48977e-04  4.48977e-04  7.33230e-11
3.600000000e+00  4.45219e-04  4.45219e-04  7.16212e-11
3.610000000e+00  4.41498e-04  4.41498e-04  6.98632e-11
3.620000000e+00  4.37815e-04  4.37815e-04  6.85450e-11
3.630000000e+00  4.34169e-04  4.34169e-04  6.94020e-11
3.640000000e+00  4.30559e-04  4.30559e-04  6.86354e-11
3.650000000e+00  4.26986e-04  4.26986e-04  6.73681e-11
3.660000000e+00  4.23448e-04  4.23448e-04  6.82325e-11
3.670000000e+00  4.19945e-04  4.19945e-04  6.92457e-11
3.680000000e+00  4.16478e-04  4.16478e-04  6.93261e-11
3.690000000e+00  4.13045e-04  4.13044e-04  6.88615e-11
3.700000000e+00  4.09645e-04  4.09645e-04  6.83804e-11
3.710000000e+00  4.06280e-04  4.06280e-04  6.79358e-11
3.720000000e+00  4.02948e-04  4.02948e-04  6.73132e-11
3.730000000e+00  3.99649e-04  3.99649e-04  6.68205e-11
3.740000000e+00  3.96383e-04  3.96383e-04  6.63548e-11
3.750000000e+00  3.93148e-04  3.93148e-04  6.56902e-11
3.760000000e+00  3.89946e-04  3.89946e-04  6.45333e-11
3.770000000e+00  3.86775e-04  3.86775e-04  6.31393e-11
3.780000000e+00  3.83635e-04  3.83635e-04  6.17618e-11
3.790000000e+00  3.80527e-04  3.80526e-04  6.00296e-11
3.800000000e+00  3.77448e-04  3.77448e-04  5.62515e-11
3.810000000e+00  3.74400e-04  3.74400e-04  5.12812e-11
3.820000000e+00  3.71381e-04  3.71381e-04  5.15050e-11
3.830000000e+00  3.68392e-04  3.68392e-04  5.49734e-11
3.840000000e+00  3.65432e-04  3.65432e-04  5.24052e-11
3.850000000e+00  3.62500e-04  3.62500e-04  5.08305e-11
3.860000000e+00  3.59597e-04  3.59597e-04  5.27026e-11
3.870000000e+00  3.56723e-04  3.56723e-04  5.55279e-11
3.880000000e+00  3.53876e-04  3.53876e-04  5.71692e-11
3.890000000e+00  3.51056e-04  3.51056e-04  5.76494e-11
3.900000000e+00  3.48264e-04  3.48264e-04  5.77037e-11
3.910000000e+00  3.45499e-04  3.45499e-04  5.74144e-11
3.920000000e+00  3.42760e-04  3.42760e-04  5.69175e-11
3.930000000e+00  3.40048e-04  3.40048e-04  5.62039e-11
3.940000000e+00  3.37361e-04  3.37361e-04  5.52430e-11
3.950000000e+00  3.34701e-04  3.34701e-04  5.41103e-11
3.960000000e+00  3.32066e-04  3.32066e-04  5.23260e-11
3.970000000e+00  3.29456e-04  3.29456e-04  5.05289e-11
3.980000000e+00  3.26870e-04  3.26870e-04  4.76176e-11
3.990000000e+00  3.24310e-04  3.24310e-04  4.58073e-11
4.000000000e+00  3.21774e-04  3.21774e-04  4.74376e-11
4.010000000e+00  3.19262e-04  3.19262e-04  4.80488e-11
4.020000000e+00  3.16773e-04  3.16773e-04  4.53760e-11
4.030000000e+00  3.14309e-04  3.14309e-04  4.52414e-11
4.040000000e+00  3.11867e-04  3.11867e-04  4.64083e-11
4.050000000e+00  3.09449e-04  3.09449e-04  4.78562e-11
4.060000000e+00  3.07053e-04  3.07053e-04  4.90651e-11
4.070000000e+00  3.04680e-04  3.04680e-04  4.91169e-11
4.080000000e+00  3.02329e-04  3.02329e-04  4.80034e-11
4.090000000e+00  3.00000e-04  3.00000e-04  4.65795e-11
4.100000000e+00  2.97694e-04  2.97693e-04  4.54575e-11
4.110000000e+00  2.95408e-04  2.95408e-04  4.53874e-11
4.120000000e+00  2.93144e-04  2.93144e-04  4.56439e-11
4.130000000e+00  2.90901e-04  2.90901e-04  4.53459e-11
4.140000000e+00  2.88679e-04  2.88679e-04  4.42551e-11
4.150000000e+00  2.86478e-04  2.86478e-04  4.43499e-11
4.160000000e+00  2.84297e-04  2.84297e-04  4.02446e-11
4.170000000e+00  2.82136e-04  2.82136e-04  1.89897e-11
4.180000000e+00  2.79995e-04  2.79995e-04  9.41690e-12
4.190000000e+00  2.77874e-04  2.77874e-04  6.37482e-12
4.200000000e+00  2.75773e-04  2.75773e-04  3.54724e-12
4.210000000e+00  2.73691e-04  2.73691e-04  1.29300e-12
4.220000000e+00  2.71628e-04  2.71628e-04  3.78344e-13
4.230000000e+00  2.69584e-04  2.69584e-04  1.78998e-13
4.240000000e+00  2.67559e-04  2.67559e-04  1.23603e-13
4.250000000e+00  2.65552e-04  2.65552e-04  1.11923e-13
4.260000000e+00  2.63564e-04  2.63564e-04  1.46592e-13
4.270000000e+00  2.61594e-04  2.61594e-04  1.60899e-13
4.280000000e+00  2.59642e-04  2.59642e-04  1.19103e-13
4.290000000e+00  2.57707e-04  2.57707e-04  1.21571e-13
4.300000000e+00  2.55790e-04  2.55790e-04  1.47405e-13
4.310000000e+00  2.53891e-04  2.53891e-04  1.81283e-13
4.320000000e+00  2.52009e-04  2.52009e-04  2.37703e-13
4.330000000e+00  2.50144e-04  2.50144e-04  3.83703e-13
4.340000000e+00  2.48295e-04  2.48295e-04  5.70061e-13
4.350000000e+00  2.46463e-04  2.46463e-04  7.38903e-13
4.360000000e+00  2.44648e-04  2.44648e-04  7.41805e-13
4.370000000e+00  2.42849e-04  2.42849e-04  8.01536e-13
4.380000000e+00  2.41067e-04  2.41067e-04  1.06168e-12
4.390000000e+00  2.39300e-04  2.39300e-04  1.44811e-12
4.400000000e+00  2.37549e-04  2.37549e-04  1.08760e-12
4.410000000e+00  2.35814e-04  2.35814e-04  1.09234e-12
4.420000000e+00  2.34094e-04  2.34094e-04  1.27536e-12
4.430000000e+00  2.32390e-04  2.32390e-04  1.61680e-12
4.440000000e+00  2.30700e-04  2.30700e-04  2.05218e-12
4.450000000e+00  2.29026e-04  2.29026e-04  2.74612e-12
4.460000000e+00  2.27367e-04  2.27367e-04  3.66155e-12
4.470000000e+00  2.25722e-04  2.25722e-04  4.30914e-12
4.480000000e+00  2.24092e-04  2.24092e-04  5.44992e-12
4.490000000e+00  2.22476e-04  2.22476e-04  6.54450e-12
4.500000000e+00  2.20874e-04  2.20874e-04  9.21237e-12
4.510000000e+00  2.19287e-04  2.19287e-04  1.41840e-11
4.520000000e+00  2.17714e-04  2.17714e-04  1.92886e-11
4.530000000e+00  2.16154e-04  2.16154e-04  2.45233e-11
4.540000000e+00  2.14608e-04  2.14608e-04  2.75459e-11
4.550000000e+00  2.13075e-04  2.13075e-04  2.94544e-11
4.560000000e+00  2.11556e-04  2.11556e-04  2.99765e-11
4.570000000e+00  2.10051e-04  2.10051e-04  3.04736e-11
4.580000000e+00  2.08558e-04  2.08558e-04  3.06120e-11
4.590000000e+00  2.07078e-04  2.07078e-04  3.06644e-11
4.600000000e+00  2.05611e-04  2.05611e-04  3.06338e-11
4.610000000e+00  2.04157e-04  2.04157e-04  3.05076e-11
4.620000000e+00  2.02716e-04  2.02716e-04  2.95240e-11
4.630000000e+00  2.01287e-04  2.01287e-04  2.90598e-11
4.640000000e+00  1.99870e-04  1.99870e-04  2.91611e-11
4.650000000e+00  1.98466e-04  1.98466e-04  2.90700e-11
4.660000000e+00  1.97073e-04  1.97073e-04  2.92298e-11
4.670000000e+00  1.95693e-04  1.95693e-04  2.91574e-11
4.680000000e+00  1.94324e-04  1.94324e-04  2.78583e-11
4.690000000e+00  1.92967e-04  1.92967e-04  2.70804e-11
4.700000000e+00  1.91622e-04  1.91622e-04  2.61112e-11
4.710000000e+00  1.90288e-04  1.90288e-04  1.88602e-11
4.720000000e+00  1.88966e-04  1.88966e-04  2.30829e-11
4.730000000e+00  1.87655e-04  1.87655e-04  2.05269e-11
4.740000000e+00  1.86355e-04  1.86355e-04  1.88785e-11
4.750000000e+00  1.85066e-04  1.85066e-04  1.77488e-11
4.760000000e+00  1.83788e-04  1.83788e-04  1.71358e-11
4.770000000e+00  1.82521e-04  1.82521e-04  1.75898e-11
4.780000000e+00  1.81265e-04  1.81265e-04  1.48505e-11
4.790000000e+00  1.80019e-04  1.80019e-04  1.24861e-11
4.800000000e+00  1.78783e-04  1.78783e-04  1.04581e-11
4.810000000e+00  1.77559e-04  1.77559e-04  7.51583e-12
4.820000000e+00  1.76344e-04  1.76344e-04  4.49308e-12
4.830000000e+00  1.75140e-04  1.75140e-04  5.18359e-12
4.840000000e+00  1.73945e-04  1.73945e-04  5.41121e-12
4.850000000e+00  1.72761e-04  1.72761e-04  5.28151e-12
4.860000000e+00  1.71587e-04  1.71587e-04  4.95425e-12
4.870000000e+00  1.70422e-04  1.70422e-04  5.25247e-12
4.880000000e+00  1.69267e-04  1.69267e-04  6.00301e-12
4.890000000e+00  1.68122e-04  1.68122e-04  6.78712e-12
4.900000000e+00  1.66986e-04  1.66986e-04  9.74559e-12
4.910000000e+00  1.65860e-04  1.65860e-04  1.24911e-11
4.920000000e+00  1.64743e-04  1.64743e-04  1.16821e-11
4.930000000e+00  1.63635e-04  1.63635e-04  1.69563e-11
4.940000000e+00  1.62536e-04  1.62536e-04  1.82525e-11
4.950000000e+00  1.61447e-04  1.61447e-04  1.78142e-11
4.960000000e+00  1.60366e-04  1.60366e-04  1.93993e-11
4.970000000e+00  1.59294e-04  1.59294e-04  2.09763e-11
4.980000000e+00  1.58232e-04  1.58232e-04  2.16414e-11
4.990000000e+00  1.57177e-04  1.57177e-04  2.31695e-11
5.000000000e+00  1.56132e-04  1.56132e-04  2.15353e-11
results_trn.txt
# ------------------------------------------------------------------------
# NASA-GSFC Planetary Spectrum Generator (PSG, Villanueva et al. 2015)
# Atmospheric transmittance spectrum synthesized with PUMAS (Villanueva et al. 2016, Smith et al. 2009, Edwards 1992)
# Synthesized on Tue Nov 21 15:09:21 2017
# Molecular abundance profile: 
# Molecules considered: N2,CO2,H2O
# Molecular sources: HIT[22],HIT[2],HIT[1]
# Molecular abundances: 1,1,1
# Molecular abundance units: scl,scl,scl
# Collission-Induced-Absorption:  N2-N2(3.33-5.41um)
# Rayleigh scattering included
# ------------------------------------------------------------------------
# Aerosols considered: WaterIce,Cloud
# Aerosols sources: CRISM_Wolff[reff=2.0um 0.31-99.57um],White_GSFC[reff=1.0um 0.10-1000000.00um]
# Aerosols opacities: 1,1
# Aerosols opacity units: scl,scl
# ------------------------------------------------------------------------
# Spectral unit: Wavelength [um]
# Wave/freq Total N2 CO2 H2O WaterIce Cloud Rayleigh CIA
1.000000000e+00  0.00000  1.00000  0.99996  0.97182  0.00000  0.00000  0.97249  1.00000
1.010000000e+00  0.00000  1.00000  0.99999  0.96278  0.00000  0.00000  0.97355  1.00000
1.020000000e+00  0.00000  1.00000  1.00000  0.98246  0.00000  0.00000  0.97456  1.00000
1.030000000e+00  0.00000  1.00000  0.99999  0.98498  0.00000  0.00000  0.97552  1.00000
1.040000000e+00  0.00000  1.00000  0.79666  0.99820  0.00000  0.00000  0.97644  1.00000
1.050000000e+00  0.00000  1.00000  0.98659  0.99928  0.00000  0.00000  0.97731  1.00000
1.060000000e+00  0.00000  1.00000  0.96667  0.99791  0.00000  0.00000  0.97815  1.00000
1.070000000e+00  0.00000  1.00000  0.94064  0.98560  0.00000  0.00000  0.97894  1.00000
1.080000000e+00  0.00000  1.00000  0.99390  0.93359  0.00000  0.00000  0.97970  1.00000
1.090000000e+00  0.00000  1.00000  0.99963  0.87629  0.00000  0.00000  0.98043  1.00000
1.100000000e+00  0.00000  1.00000  0.99829  0.74538  0.00000  0.00000  0.98113  1.00000
1.110000000e+00  0.00000  1.00000  1.00000  0.46462  0.00000  0.00000  0.98179  1.00000
1.120000000e+00  0.00000  1.00000  0.97629  0.06517  0.00000  0.00000  0.98243  1.00000
1.130000000e+00  0.00000  1.00000  0.99654  0.01426  0.00000  0.00000  0.98304  1.00000
1.140000000e+00  0.00000  1.00000  0.99255  0.15371  0.00000  0.00000  0.98362  1.00000
1.150000000e+00  0.00000  1.00000  0.99779  0.07631  0.00000  0.00000  0.98418  1.00000
1.160000000e+00  0.00000  1.00000  0.99753  0.27071  0.00000  0.00000  0.98471  1.00000
1.170000000e+00  0.00000  1.00000  0.99992  0.54068  0.00000  0.00000  0.98522  1.00000
1.180000000e+00  0.00000  1.00000  0.99951  0.69772  0.00000  0.00000  0.98571  1.00000
1.190000000e+00  0.00000  1.00000  0.99995  0.63399  0.00000  0.00000  0.98618  1.00000
1.200000000e+00  0.00000  1.00000  0.99981  0.66195  0.00000  0.00000  0.98664  1.00000
1.210000000e+00  0.00000  1.00000  0.08640  0.77734  0.00000  0.00000  0.98707  1.00000
1.220000000e+00  0.00000  1.00000  0.56745  0.84359  0.00000  0.00000  0.98749  1.00000
1.230000000e+00  0.00000  1.00000  0.39088  0.88369  0.00000  0.00000  0.98789  1.00000
1.240000000e+00  0.00000  1.00000  0.83789  0.97984  0.00000  0.00000  0.98827  1.00000
1.250000000e+00  0.00000  1.00000  0.98850  0.99623  0.00000  0.00000  0.98864  1.00000
1.260000000e+00  0.00000  1.00000  0.95783  0.99641  0.00000  0.00000  0.98899  1.00000
1.270000000e+00  0.00000  1.00000  0.95954  0.98901  0.00000  0.00000  0.98933  1.00000
1.280000000e+00  0.00000  1.00000  0.99902  0.97617  0.00000  0.00000  0.98966  1.00000
1.290000000e+00  0.00000  1.00000  0.88099  0.93481  0.00000  0.00000  0.98998  1.00000
1.300000000e+00  0.00000  1.00000  0.82891  0.83141  0.00000  0.00000  0.99028  1.00000
1.310000000e+00  0.00000  1.00000  0.99204  0.70930  0.00000  0.00000  0.99057  1.00000
1.320000000e+00  0.00000  1.00000  0.41684  0.53659  0.00000  0.00000  0.99085  1.00000
1.330000000e+00  0.00000  1.00000  0.96747  0.38616  0.00000  0.00000  0.99112  1.00000
1.340000000e+00  0.00000  1.00000  0.56977  0.23429  0.00000  0.00000  0.99138  1.00000
1.350000000e+00  0.00000  1.00000  0.85169  0.01414  0.00000  0.00000  0.99164  1.00000
1.360000000e+00  0.00000  1.00000  0.98749  0.00000  0.00000  0.00000  0.99188  1.00000
1.370000000e+00  0.00000  1.00000  0.96991  0.00000  0.00000  0.00000  0.99211  1.00000
1.380000000e+00  0.00000  1.00000  0.96147  0.00000  0.00000  0.00000  0.99234  1.00000
1.390000000e+00  0.00000  1.00000  0.99279  0.00000  0.00000  0.00000  0.99255  1.00000
1.400000000e+00  0.00000  1.00000  0.99612  0.00001  0.00000  0.00000  0.99276  1.00000
1.410000000e+00  0.00000  1.00000  0.99980  0.00000  0.00000  0.00000  0.99297  1.00000
1.420000000e+00  0.00000  1.00000  0.99942  0.00128  0.00000  0.00000  0.99316  1.00000
1.430000000e+00  0.00000  1.00000  0.68641  0.00378  0.00000  0.00000  0.99335  1.00000
1.440000000e+00  0.00000  1.00000  0.00000  0.00417  0.00000  0.00000  0.99353  1.00000
1.450000000e+00  0.00000  1.00000  0.01219  0.03029  0.00000  0.00000  0.99371  1.00000
1.460000000e+00  0.00000  1.00000  0.63040  0.10842  0.00000  0.00000  0.99388  1.00000
1.470000000e+00  0.00000  1.00000  0.97347  0.03439  0.00000  0.00000  0.99404  1.00000
1.480000000e+00  0.00000  1.00000  0.41480  0.08597  0.00000  0.00000  0.99420  1.00000
1.490000000e+00  0.00000  1.00000  0.74683  0.08588  0.00000  0.00000  0.99436  1.00000
1.500000000e+00  0.00000  1.00000  0.55775  0.40337  0.00000  0.00000  0.99450  1.00000
1.510000000e+00  0.00000  1.00000  0.98130  0.55870  0.00000  0.00000  0.99465  1.00000
1.520000000e+00  0.00000  1.00000  0.98589  0.73589  0.00000  0.00000  0.99479  1.00000
1.530000000e+00  0.00000  1.00000  0.32284  0.81747  0.00000  0.00000  0.99492  1.00000
1.540000000e+00  0.00000  1.00000  0.13586  0.93311  0.00000  0.00000  0.99505  1.00000
1.550000000e+00  0.00000  1.00000  0.64822  0.96467  0.00000  0.00000  0.99518  1.00000
1.560000000e+00  0.00000  1.00000  0.93824  0.99012  0.00000  0.00000  0.99530  1.00000
1.570000000e+00  0.00000  1.00000  0.30343  0.98130  0.00000  0.00000  0.99542  1.00000
1.580000000e+00  0.00000  1.00000  0.00020  0.98506  0.00000  0.00000  0.99553  1.00000
1.590000000e+00  0.00000  1.00000  0.33732  0.98644  0.00000  0.00000  0.99564  1.00000
1.600000000e+00  0.00000  1.00000  0.21429  0.97925  0.00000  0.00000  0.99575  1.00000
1.610000000e+00  0.00000  1.00000  0.00217  0.99234  0.00000  0.00000  0.99586  1.00000
1.620000000e+00  0.00000  1.00000  0.01793  0.99243  0.00000  0.00000  0.99596  1.00000
1.630000000e+00  0.00000  1.00000  0.39019  0.99737  0.00000  0.00000  0.99606  1.00000
1.640000000e+00  0.00000  1.00000  0.30711  0.99206  0.00000  0.00000  0.99615  1.00000
1.650000000e+00  0.00000  1.00000  0.23382  0.97865  0.00000  0.00000  0.99624  1.00000
1.660000000e+00  0.00000  1.00000  0.39009  0.97591  0.00000  0.00000  0.99633  1.00000
1.670000000e+00  0.00000  1.00000  0.56024  0.97704  0.00000  0.00000  0.99642  1.00000
1.680000000e+00  0.00000  1.00000  0.80012  0.96461  0.00000  0.00000  0.99650  1.00000
1.690000000e+00  0.00000  1.00000  0.93729  0.97093  0.00000  0.00000  0.99659  1.00000
1.700000000e+00  0.00000  1.00000  0.98467  0.89635  0.00000  0.00000  0.99666  1.00000
1.710000000e+00  0.00000  1.00000  0.92882  0.89484  0.00000  0.00000  0.99674  1.00000
1.720000000e+00  0.00000  1.00000  0.96310  0.91436  0.00000  0.00000  0.99682  1.00000
1.730000000e+00  0.00000  1.00000  0.99257  0.86204  0.00000  0.00000  0.99689  1.00000
1.740000000e+00  0.00000  1.00000  0.99936  0.75039  0.00000  0.00000  0.99696  1.00000
1.750000000e+00  0.00000  1.00000  0.99894  0.68385  0.00000  0.00000  0.99703  1.00000
1.760000000e+00  0.00000  1.00000  0.89532  0.69364  0.00000  0.00000  0.99710  1.00000
1.770000000e+00  0.00000  1.00000  0.95743  0.52253  0.00000  0.00000  0.99716  1.00000
1.780000000e+00  0.00000  1.00000  0.99495  0.34643  0.00000  0.00000  0.99722  1.00000
1.790000000e+00  0.00000  1.00000  0.87991  0.20079  0.00000  0.00000  0.99729  1.00000
1.800000000e+00  0.00000  1.00000  0.94939  0.08132  0.00000  0.00000  0.99735  1.00000
1.810000000e+00  0.00000  1.00000  0.98707  0.00865  0.00000  0.00000  0.99740  1.00000
1.820000000e+00  0.00000  1.00000  0.99543  0.00043  0.00000  0.00000  0.99746  1.00000
1.830000000e+00  0.00000  1.00000  0.99924  0.00000  0.00000  0.00000  0.99751  1.00000
1.840000000e+00  0.00000  1.00000  0.99971  0.00000  0.00000  0.00000  0.99757  1.00000
1.850000000e+00  0.00000  1.00000  0.99751  0.00000  0.00000  0.00000  0.99762  1.00000
1.860000000e+00  0.00000  1.00000  0.99708  0.00000  0.00000  0.00000  0.99767  1.00000
1.870000000e+00  0.00000  1.00000  0.97867  0.00000  0.00000  0.00000  0.99772  1.00000
1.880000000e+00  0.00000  1.00000  0.10694  0.00000  0.00000  0.00000  0.99777  1.00000
1.890000000e+00  0.00000  1.00000  0.12437  0.00000  0.00000  0.00000  0.99782  1.00000
1.900000000e+00  0.00000  1.00000  0.51463  0.00001  0.00000  0.00000  0.99786  1.00000
1.910000000e+00  0.00000  1.00000  0.64258  0.00000  0.00000  0.00000  0.99791  1.00000
1.920000000e+00  0.00000  1.00000  0.86101  0.00000  0.00000  0.00000  0.99795  1.00000
1.930000000e+00  0.00000  1.00000  0.83943  0.00001  0.00000  0.00000  0.99799  1.00000
1.940000000e+00  0.00000  1.00000  0.18729  0.00026  0.00000  0.00000  0.99803  1.00000
1.950000000e+00  0.00000  1.00000  0.00000  0.00525  0.00000  0.00000  0.99807  1.00000
1.960000000e+00  0.00000  1.00000  0.00000  0.01566  0.00000  0.00000  0.99811  1.00000
1.970000000e+00  0.00000  1.00000  0.00000  0.22011  0.00000  0.00000  0.99815  1.00000
1.980000000e+00  0.00000  1.00000  0.00000  0.34200  0.00000  0.00000  0.99819  1.00000
1.990000000e+00  0.00000  1.00000  0.00401  0.40546  0.00000  0.00000  0.99822  1.00000
2.000000000e+00  0.00000  1.00000  0.00000  0.53693  0.00000  0.00000  0.99826  1.00000
2.010000000e+00  0.00000  1.00000  0.00000  0.43504  0.00000  0.00000  0.99829  1.00000
2.020000000e+00  0.00000  1.00000  0.00000  0.58793  0.00000  0.00000  0.99832  1.00000
2.030000000e+00  0.00000  1.00000  0.00000  0.80815  0.00000  0.00000  0.99836  1.00000
2.040000000e+00  0.00000  1.00000  0.00000  0.83821  0.00000  0.00000  0.99839  1.00000
2.050000000e+00  0.00000  1.00000  0.00000  0.92248  0.00000  0.00000  0.99842  1.00000
2.060000000e+00  0.00000  1.00000  0.00000  0.84204  0.00000  0.00000  0.99845  1.00000
2.070000000e+00  0.00000  1.00000  0.00000  0.87113  0.00000  0.00000  0.99848  1.00000
2.080000000e+00  0.00000  1.00000  0.00000  0.91504  0.00000  0.00000  0.99851  1.00000
2.090000000e+00  0.00000  1.00000  0.00000  0.91327  0.00000  0.00000  0.99854  1.00000
2.100000000e+00  0.00000  1.00000  0.00004  0.94752  0.00000  0.00000  0.99857  1.00000
2.110000000e+00  0.00000  1.00000  0.01821  0.95819  0.00000  0.00000  0.99859  1.00000
2.120000000e+00  0.00000  1.00000  0.06601  0.89265  0.00000  0.00000  0.99862  1.00000
2.130000000e+00  0.00000  1.00000  0.43614  0.85161  0.00000  0.00000  0.99864  1.00000
2.140000000e+00  0.00000  1.00000  0.63032  0.96396  0.00000  0.00000  0.99867  1.00000
2.150000000e+00  0.00000  1.00000  0.27478  0.98275  0.00000  0.00000  0.99869  1.00000
2.160000000e+00  0.00000  1.00000  0.34558  0.93434  0.00000  0.00000  0.99872  1.00000
2.170000000e+00  0.00000  1.00000  0.22888  0.86626  0.00000  0.00000  0.99874  1.00000
2.180000000e+00  0.00000  1.00000  0.53938  0.88886  0.00000  0.00000  0.99876  1.00000
2.190000000e+00  0.00000  1.00000  0.83003  0.76835  0.00000  0.00000  0.99879  1.00000
2.200000000e+00  0.00000  1.00000  0.88537  0.85589  0.00000  0.00000  0.99881  1.00000
2.210000000e+00  0.00000  1.00000  0.96443  0.89714  0.00000  0.00000  0.99883  1.00000
2.220000000e+00  0.00000  1.00000  0.95051  0.92125  0.00000  0.00000  0.99885  1.00000
2.230000000e+00  0.00000  1.00000  0.95411  0.94676  0.00000  0.00000  0.99887  1.00000
2.240000000e+00  0.00000  1.00000  0.98684  0.97488  0.00000  0.00000  0.99889  1.00000
2.250000000e+00  0.00000  1.00000  0.97804  0.97870  0.00000  0.00000  0.99891  1.00000
2.260000000e+00  0.00000  1.00000  0.94828  0.99176  0.00000  0.00000  0.99893  1.00000
2.270000000e+00  0.00000  1.00000  0.98751  0.98260  0.00000  0.00000  0.99895  1.00000
2.280000000e+00  0.00000  1.00000  0.97358  0.99674  0.00000  0.00000  0.99897  1.00000
2.290000000e+00  0.00000  1.00000  0.99184  0.98360  0.00000  0.00000  0.99899  1.00000
2.300000000e+00  0.00000  1.00000  0.99598  0.90674  0.00000  0.00000  0.99900  1.00000
2.310000000e+00  0.00000  1.00000  0.99745  0.96914  0.00000  0.00000  0.99902  1.00000
2.320000000e+00  0.00000  1.00000  0.99903  0.92300  0.00000  0.00000  0.99904  1.00000
2.330000000e+00  0.00000  1.00000  0.99988  0.91602  0.00000  0.00000  0.99905  1.00000
2.340000000e+00  0.00000  1.00000  0.99989  0.93361  0.00000  0.00000  0.99907  1.00000
2.350000000e+00  0.00000  1.00000  0.99987  0.82788  0.00000  0.00000  0.99908  1.00000
2.360000000e+00  0.00000  1.00000  0.99967  0.69526  0.00000  0.00000  0.99910  1.00000
2.370000000e+00  0.00000  1.00000  0.99821  0.71508  0.00000  0.00000  0.99912  1.00000
2.380000000e+00  0.00000  1.00000  0.99714  0.52698  0.00000  0.00000  0.99913  1.00000
2.390000000e+00  0.00000  1.00000  0.99067  0.40963  0.00000  0.00000  0.99914  1.00000
2.400000000e+00  0.00000  1.00000  0.98879  0.50537  0.00000  0.00000  0.99916  1.00000
2.410000000e+00  0.00000  1.00000  0.98701  0.33055  0.00000  0.00000  0.99917  1.00000
2.420000000e+00  0.00000  1.00000  0.99684  0.14781  0.00000  0.00000  0.99919  1.00000
2.430000000e+00  0.00000  1.00000  0.99991  0.34218  0.00000  0.00000  0.99920  1.00000
2.440000000e+00  0.00000  1.00000  0.99986  0.06942  0.00000  0.00000  0.99921  1.00000
2.450000000e+00  0.00000  1.00000  0.99965  0.12998  0.00000  0.00000  0.99923  1.00000
2.460000000e+00  0.00000  1.00000  0.99948  0.21194  0.00000  0.00000  0.99924  1.00000
2.470000000e+00  0.00000  1.00000  0.99225  0.17998  0.00000  0.00000  0.99925  1.00000
2.480000000e+00  0.00000  1.00000  0.96948  0.08293  0.00000  0.00000  0.99926  1.00000
2.490000000e+00  0.00000  1.00000  0.31725  0.00311  0.00000  0.00000  0.99927  1.00000
2.500000000e+00  0.00000  1.00000  0.73502  0.00304  0.00000  0.00000  0.99929  1.00000
2.510000000e+00  0.00000  1.00000  0.70314  0.00080  0.00000  0.00000  0.99930  1.00000
2.520000000e+00  0.00000  1.00000  0.68082  0.00017  0.00000  0.00000  0.99931  1.00000
2.530000000e+00  0.00000  1.00000  0.83623  0.00000  0.00000  0.00000  0.99932  1.00000
2.540000000e+00  0.00000  1.00000  0.89859  0.00000  0.00000  0.00000  0.99933  1.00000
2.550000000e+00  0.00000  1.00000  0.97445  0.00000  0.00000  0.00000  0.99934  1.00000
2.560000000e+00  0.00000  1.00000  0.94332  0.00000  0.00000  0.00000  0.99935  1.00000
2.570000000e+00  0.00000  1.00000  0.96614  0.00000  0.00000  0.00000  0.99936  1.00000
2.580000000e+00  0.00000  1.00000  0.78590  0.00000  0.00000  0.00000  0.99937  1.00000
2.590000000e+00  0.00000  1.00000  0.53917  0.00000  0.00000  0.00000  0.99938  1.00000
2.600000000e+00  0.00000  1.00000  0.64259  0.00000  0.00000  0.00000  0.99939  1.00000
2.610000000e+00  0.00000  1.00000  0.17933  0.00000  0.00000  0.00000  0.99940  1.00000
2.620000000e+00  0.00000  1.00000  0.06778  0.00000  0.00000  0.00000  0.99941  1.00000
2.630000000e+00  0.00000  1.00000  0.24260  0.00000  0.00000  0.00000  0.99942  1.00000
2.640000000e+00  0.00000  1.00000  0.20383  0.00000  0.00000  0.00000  0.99942  1.00000
2.650000000e+00  0.00000  1.00000  0.36642  0.00000  0.00000  0.00000  0.99943  1.00000
2.660000000e+00  0.00000  1.00000  0.00059  0.00000  0.00000  0.00000  0.99944  1.00000
2.670000000e+00  0.00000  1.00000  0.00000  0.00000  0.00000  0.00000  0.99945  1.00000
2.680000000e+00  0.00000  1.00000  0.00000  0.00000  0.00000  0.00000  0.99946  1.00000
2.690000000e+00  0.00000  1.00000  0.00000  0.00000  0.00000  0.00000  0.99947  1.00000
2.700000000e+00  0.00000  1.00000  0.00000  0.00000  0.00000  0.00000  0.99947  1.00000
2.710000000e+00  0.00000  1.00000  0.00000  0.00000  0.00000  0.00000  0.99948  1.00000
2.720000000e+00  0.00000  1.00000  0.00000  0.00000  0.00000  0.00000  0.99949  1.00000
2.730000000e+00  0.00000  1.00000  0.00000  0.00000  0.00000  0.00000  0.99950  1.00000
2.740000000e+00  0.00000  1.00000  0.00000  0.00000  0.00000  0.00000  0.99950  1.00000
2.750000000e+00  0.00000  1.00000  0.00000  0.00000  0.00000  0.00000  0.99951  1.00000
2.760000000e+00  0.00000  1.00000  0.00000  0.00000  0.00000  0.00000  0.99952  1.00000
2.770000000e+00  0.00000  1.00000  0.00000  0.00000  0.00000  0.00000  0.99953  1.00000
2.780000000e+00  0.00000  1.00000  0.00000  0.00000  0.00000  0.00000  0.99953  1.00000
2.790000000e+00  0.00000  1.00000  0.00000  0.00000  0.00000  0.00000  0.99954  1.00000
2.800000000e+00  0.00000  1.00000  0.00000  0.00000  0.00000  0.00000  0.99955  1.00000
2.810000000e+00  0.00000  1.00000  0.00000  0.00000  0.00000  0.00000  0.99955  1.00000
2.820000000e+00  0.00000  1.00000  0.00000  0.00000  0.00000  0.00000  0.99956  1.00000
2.830000000e+00  0.00000  1.00000  0.00000  0.00000  0.00000  0.00000  0.99956  1.00000
2.840000000e+00  0.00000  1.00000  0.00000  0.00000  0.00000  0.00000  0.99957  1.00000
2.850000000e+00  0.00000  1.00000  0.00000  0.00000  0.00000  0.00000  0.99958  1.00000
2.860000000e+00  0.00000  1.00000  0.00000  0.00000  0.00000  0.00000  0.99958  1.00000
2.870000000e+00  0.00000  1.00000  0.00000  0.00001  0.00000  0.00000  0.99959  1.00000
2.880000000e+00  0.00000  1.00000  0.00000  0.00003  0.00000  0.00000  0.99959  1.00000
2.890000000e+00  0.00000  1.00000  0.00002  0.00002  0.00000  0.00000  0.99960  1.00000
2.900000000e+00  0.00000  1.00000  0.00387  0.00228  0.00000  0.00000  0.99960  1.00000
2.910000000e+00  0.00000  1.00000  0.07945  0.00068  0.00000  0.00000  0.99961  1.00000
2.920000000e+00  0.00000  1.00000  0.34144  0.00095  0.00000  0.00000  0.99962  1.00000
2.930000000e+00  0.00000  1.00000  0.55276  0.00593  0.00000  0.00000  0.99962  1.00000
2.940000000e+00  0.00000  1.00000  0.68456  0.02963  0.00000  0.00000  0.99963  1.00000
2.950000000e+00  0.00000  1.00000  0.81910  0.00067  0.00000  0.00000  0.99963  1.00000
2.960000000e+00  0.00000  1.00000  0.41584  0.00827  0.00000  0.00000  0.99964  1.00000
2.970000000e+00  0.00000  1.00000  0.05073  0.02984  0.00000  0.00000  0.99964  1.00000
2.980000000e+00  0.00000  1.00000  0.00375  0.00004  0.00000  0.00000  0.99965  1.00000
2.990000000e+00  0.00000  1.00000  0.01462  0.04280  0.00000  0.00000  0.99965  1.00000
3.000000000e+00  0.00000  1.00000  0.28554  0.07169  0.00000  0.00000  0.99965  1.00000
3.010000000e+00  0.00000  1.00000  0.30137  0.04979  0.00000  0.00000  0.99966  1.00000
3.020000000e+00  0.00000  1.00000  0.05657  0.03476  0.00000  0.00000  0.99966  1.00000
3.030000000e+00  0.00000  1.00000  0.11399  0.03022  0.00000  0.00000  0.99967  1.00000
3.040000000e+00  0.00000  1.00000  0.31445  0.00429  0.00000  0.00000  0.99967  1.00000
3.050000000e+00  0.00000  1.00000  0.63410  0.00544  0.00000  0.00000  0.99968  1.00000
3.060000000e+00  0.00000  1.00000  0.68598  0.01133  0.00000  0.00000  0.99968  1.00000
3.070000000e+00  0.00000  1.00000  0.83506  0.00540  0.00000  0.00000  0.99969  1.00000
3.080000000e+00  0.00000  1.00000  0.87073  0.02262  0.00000  0.00000  0.99969  1.00000
3.090000000e+00  0.00000  1.00000  0.92970  0.00043  0.00000  0.00000  0.99969  1.00000
3.100000000e+00  0.00000  1.00000  0.89645  0.00041  0.00000  0.00000  0.99970  1.00000
3.110000000e+00  0.00000  1.00000  0.71682  0.00813  0.00000  0.00000  0.99970  1.00000
3.120000000e+00  0.00000  1.00000  0.49231  0.00119  0.00000  0.00000  0.99970  1.00000
3.130000000e+00  0.00000  1.00000  0.39896  0.05227  0.00000  0.00000  0.99971  1.00000
3.140000000e+00  0.00000  1.00000  0.55755  0.12346  0.00000  0.00000  0.99971  1.00000
3.150000000e+00  0.00000  1.00000  0.75831  0.02219  0.00000  0.00000  0.99972  1.00000
3.160000000e+00  0.00000  1.00000  0.60721  0.08986  0.00000  0.00000  0.99972  1.00000
3.170000000e+00  0.00000  1.00000  0.43597  0.62580  0.00000  0.00000  0.99972  1.00000
3.180000000e+00  0.00000  1.00000  0.49916  0.47116  0.00000  0.00000  0.99973  1.00000
3.190000000e+00  0.00000  1.00000  0.66788  0.19223  0.00000  0.00000  0.99973  1.00000
3.200000000e+00  0.00000  1.00000  0.83334  0.04242  0.00000  0.00000  0.99973  1.00000
3.210000000e+00  0.00000  1.00000  0.93353  0.00001  0.00000  0.00000  0.99974  1.00000
3.220000000e+00  0.00000  1.00000  0.91091  0.00006  0.00000  0.00000  0.99974  1.00000
3.230000000e+00  0.00000  1.00000  0.90401  0.00140  0.00000  0.00000  0.99974  1.00000
3.240000000e+00  0.00000  1.00000  0.94950  0.09930  0.00000  0.00000  0.99975  1.00000
3.250000000e+00  0.00000  1.00000  0.98769  0.03122  0.00000  0.00000  0.99975  1.00000
3.260000000e+00  0.00000  1.00000  0.99652  0.24901  0.00000  0.00000  0.99975  1.00000
3.270000000e+00  0.00000  1.00000  0.99611  0.01352  0.00000  0.00000  0.99976  1.00000
3.280000000e+00  0.00000  1.00000  0.99674  0.04254  0.00000  0.00000  0.99976  1.00000
3.290000000e+00  0.00000  1.00000  0.99851  0.25893  0.00000  0.00000  0.99976  1.00000
3.300000000e+00  0.00000  1.00000  0.99935  0.11927  0.00000  0.00000  0.99976  1.00000
3.310000000e+00  0.00000  1.00000  0.99948  0.01183  0.00000  0.00000  0.99977  1.00000
3.320000000e+00  0.00000  1.00000  0.99900  0.16395  0.00000  0.00000  0.99977  1.00000
3.330000000e+00  0.00000  1.00000  0.99373  0.04827  0.00000  0.00000  0.99977  1.00000
3.340000000e+00  0.00000  1.00000  0.97876  0.32614  0.00000  0.00000  0.99977  0.99985
3.350000000e+00  0.00000  1.00000  0.96616  0.10843  0.00000  0.00000  0.99978  0.99979
3.360000000e+00  0.00000  1.00000  0.86186  0.10877  0.00000  0.00000  0.99978  0.99985
3.370000000e+00  0.00000  1.00000  0.96010  0.15566  0.00000  0.00000  0.99978  0.99974
3.380000000e+00  0.00000  1.00000  0.97145  0.26364  0.00000  0.00000  0.99979  0.99990
3.390000000e+00  0.00000  1.00000  0.98469  0.40723  0.00000  0.00000  0.99979  0.99987
3.400000000e+00  0.00000  1.00000  0.99443  0.61833  0.00000  0.00000  0.99979  0.99994
3.410000000e+00  0.00000  1.00000  0.99795  0.46530  0.00000  0.00000  0.99979  0.99995
3.420000000e+00  0.00000  1.00000  0.99930  0.59189  0.00000  0.00000  0.99980  1.00000
3.430000000e+00  0.00000  1.00000  0.99911  0.85632  0.00000  0.00000  0.99980  0.99992
3.440000000e+00  0.00000  1.00000  0.99932  0.73947  0.00000  0.00000  0.99980  0.99987
3.450000000e+00  0.00000  1.00000  0.99654  0.74488  0.00000  0.00000  0.99980  0.99971
3.460000000e+00  0.00000  1.00000  0.99740  0.69440  0.00000  0.00000  0.99980  0.99989
3.470000000e+00  0.00000  1.00000  0.99906  0.84082  0.00000  0.00000  0.99981  0.99975
3.480000000e+00  0.00000  1.00000  0.99934  0.78881  0.00000  0.00000  0.99981  0.99983
3.490000000e+00  0.00000  1.00000  0.99957  0.83002  0.00000  0.00000  0.99981  0.99983
3.500000000e+00  0.00000  1.00000  0.99959  0.79537  0.00000  0.00000  0.99981  0.99990
3.510000000e+00  0.00000  1.00000  0.99928  0.81458  0.00000  0.00000  0.99982  0.99997
3.520000000e+00  0.00000  1.00000  0.99809  0.74222  0.00000  0.00000  0.99982  0.99996
3.530000000e+00  0.00000  1.00000  0.99499  0.70660  0.00000  0.00000  0.99982  0.99994
3.540000000e+00  0.00000  1.00000  0.98887  0.68579  0.00000  0.00000  0.99982  0.99989
3.550000000e+00  0.00000  1.00000  0.97631  0.64592  0.00000  0.00000  0.99982  0.99991
3.560000000e+00  0.00000  1.00000  0.94849  0.52809  0.00000  0.00000  0.99983  0.99966
3.570000000e+00  0.00000  1.00000  0.90670  0.67715  0.00000  0.00000  0.99983  0.99966
3.580000000e+00  0.00000  1.00000  0.87555  0.60697  0.00000  0.00000  0.99983  0.99937
3.590000000e+00  0.00000  1.00000  0.82064  0.71657  0.00000  0.00000  0.99983  0.99936
3.600000000e+00  0.00000  1.00000  0.67018  0.60717  0.00000  0.00000  0.99983  0.99943
3.610000000e+00  0.00000  1.00000  0.54082  0.81087  0.00000  0.00000  0.99983  0.99946
3.620000000e+00  0.00000  1.00000  0.48938  0.64371  0.00000  0.00000  0.99984  0.99932
3.630000000e+00  0.00000  1.00000  0.68146  0.79864  0.00000  0.00000  0.99984  0.99916
3.640000000e+00  0.00000  1.00000  0.64130  0.69247  0.00000  0.00000  0.99984  0.99891
3.650000000e+00  0.00000  1.00000  0.51638  0.91288  0.00000  0.00000  0.99984  0.99873
3.660000000e+00  0.00000  1.00000  0.61935  0.74742  0.00000  0.00000  0.99984  0.99862
3.670000000e+00  0.00000  1.00000  0.80786  0.75792  0.00000  0.00000  0.99985  0.99848
3.680000000e+00  0.00000  1.00000  0.93364  0.36076  0.00000  0.00000  0.99985  0.99825
3.690000000e+00  0.00000  1.00000  0.96889  0.50248  0.00000  0.00000  0.99985  0.99788
3.700000000e+00  0.00000  1.00000  0.97982  0.74405  0.00000  0.00000  0.99985  0.99760
3.710000000e+00  0.00000  1.00000  0.98903  0.89579  0.00000  0.00000  0.99985  0.99613
3.720000000e+00  0.00000  1.00000  0.97956  0.67392  0.00000  0.00000  0.99985  0.99511
3.730000000e+00  0.00000  1.00000  0.97825  0.82092  0.00000  0.00000  0.99985  0.99463
3.740000000e+00  0.00000  1.00000  0.97746  0.68119  0.00000  0.00000  0.99986  0.99403
3.750000000e+00  0.00000  1.00000  0.94047  0.77858  0.00000  0.00000  0.99986  0.99324
3.760000000e+00  0.00000  1.00000  0.84583  0.73014  0.00000  0.00000  0.99986  0.99233
3.770000000e+00  0.00000  1.00000  0.72172  0.67188  0.00000  0.00000  0.99986  0.99135
3.780000000e+00  0.00000  1.00000  0.54876  0.69285  0.00000  0.00000  0.99986  0.99001
3.790000000e+00  0.00000  1.00000  0.37593  0.75045  0.00000  0.00000  0.99986  0.98842
3.800000000e+00  0.00000  1.00000  0.14921  0.69617  0.00000  0.00000  0.99987  0.98673
3.810000000e+00  0.00000  1.00000  0.04073  0.86497  0.00000  0.00000  0.99987  0.98474
3.820000000e+00  0.00000  1.00000  0.06414  0.66279  0.00000  0.00000  0.99987  0.98263
3.830000000e+00  0.00000  1.00000  0.26217  0.84704  0.00000  0.00000  0.99987  0.98024
3.840000000e+00  0.00000  1.00000  0.12954  0.72317  0.00000  0.00000  0.99987  0.97742
3.850000000e+00  0.00000  1.00000  0.06739  0.85561  0.00000  0.00000  0.99987  0.97411
3.860000000e+00  0.00000  1.00000  0.12157  0.82651  0.00000  0.00000  0.99987  0.97035
3.870000000e+00  0.00000  1.00000  0.29005  0.87027  0.00000  0.00000  0.99987  0.96620
3.880000000e+00  0.00000  1.00000  0.53568  0.86555  0.00000  0.00000  0.99988  0.96145
3.890000000e+00  0.00000  1.00000  0.75541  0.89624  0.00000  0.00000  0.99988  0.95597
3.900000000e+00  0.00000  1.00000  0.90336  0.93242  0.00000  0.00000  0.99988  0.94982
3.910000000e+00  0.00000  1.00000  0.95961  0.88316  0.00000  0.00000  0.99988  0.94283
3.920000000e+00  0.00000  1.00000  0.96426  0.97327  0.00000  0.00000  0.99988  0.93470
3.930000000e+00  0.00000  1.00000  0.92679  0.94213  0.00000  0.00000  0.99988  0.92536
3.940000000e+00  0.00000  1.00000  0.84402  0.97468  0.00000  0.00000  0.99988  0.91457
3.950000000e+00  0.00000  1.00000  0.71856  0.97830  0.00000  0.00000  0.99988  0.90237
3.960000000e+00  0.00000  1.00000  0.50295  0.96417  0.00000  0.00000  0.99989  0.88797
3.970000000e+00  0.00000  1.00000  0.33242  0.98999  0.00000  0.00000  0.99989  0.87151
3.980000000e+00  0.00000  1.00000  0.18195  0.97773  0.00000  0.00000  0.99989  0.85320
3.990000000e+00  0.00000  1.00000  0.13264  0.99284  0.00000  0.00000  0.99989  0.83233
4.000000000e+00  0.00000  1.00000  0.30961  0.99041  0.00000  0.00000  0.99989  0.80855
4.010000000e+00  0.00000  1.00000  0.38222  0.99033  0.00000  0.00000  0.99989  0.78254
4.020000000e+00  0.00000  1.00000  0.17105  0.99736  0.00000  0.00000  0.99989  0.75432
4.030000000e+00  0.00000  1.00000  0.14877  0.99045  0.00000  0.00000  0.99989  0.72451
4.040000000e+00  0.00000  1.00000  0.20592  0.99508  0.00000  0.00000  0.99989  0.69322
4.050000000e+00  0.00000  1.00000  0.34353  0.99558  0.00000  0.00000  0.99990  0.66025
4.060000000e+00  0.00000  1.00000  0.51165  0.99449  0.00000  0.00000  0.99990  0.62720
4.070000000e+00  0.00000  1.00000  0.56407  0.99429  0.00000  0.00000  0.99990  0.59404
4.080000000e+00  0.00000  1.00000  0.27385  0.99729  0.00000  0.00000  0.99990  0.56253
4.090000000e+00  0.00000  1.00000  0.08337  0.99703  0.00000  0.00000  0.99990  0.53316
4.100000000e+00  0.00000  1.00000  0.03672  0.99735  0.00000  0.00000  0.99990  0.50582
4.110000000e+00  0.00000  1.00000  0.04748  0.99047  0.00000  0.00000  0.99990  0.48154
4.120000000e+00  0.00000  1.00000  0.20738  0.99737  0.00000  0.00000  0.99990  0.46069
4.130000000e+00  0.00000  1.00000  0.25685  0.99352  0.00000  0.00000  0.99990  0.44332
4.140000000e+00  0.00000  1.00000  0.11266  0.99569  0.00000  0.00000  0.99990  0.42964
4.150000000e+00  0.00000  1.00000  0.04647  0.99863  0.00000  0.00000  0.99990  0.41947
4.160000000e+00  0.00000  1.00000  0.00020  0.99262  0.00000  0.00000  0.99991  0.41323
4.170000000e+00  0.00000  1.00000  0.00000  0.99559  0.00000  0.00000  0.99991  0.40977
4.180000000e+00  0.00000  1.00000  0.00000  0.99479  0.00000  0.00000  0.99991  0.41111
4.190000000e+00  0.00000  1.00000  0.00000  0.99474  0.00000  0.00000  0.99991  0.41324
4.200000000e+00  0.00000  1.00000  0.00000  0.99413  0.00000  0.00000  0.99991  0.41849
4.210000000e+00  0.00000  1.00000  0.00000  0.99089  0.00000  0.00000  0.99991  0.42163
4.220000000e+00  0.00000  1.00000  0.00000  0.99122  0.00000  0.00000  0.99991  0.42242
4.230000000e+00  0.00000  1.00000  0.00000  0.99036  0.00000  0.00000  0.99991  0.41966
4.240000000e+00  0.00000  1.00000  0.00000  0.99274  0.00000  0.00000  0.99991  0.41141
4.250000000e+00  0.00000  1.00000  0.00000  0.98195  0.00000  0.00000  0.99991  0.39593
4.260000000e+00  0.00000  1.00000  0.00000  0.97746  0.00000  0.00000  0.99991  0.36697
4.270000000e+00  0.00000  1.00000  0.00000  0.99214  0.00000  0.00000  0.99992  0.32413
4.280000000e+00  0.00000  1.00000  0.00000  0.96782  0.00000  0.00000  0.99992  0.29471
4.290000000e+00  0.00000  1.00000  0.00000  0.96290  0.00000  0.00000  0.99992  0.27680
4.300000000e+00  0.00000  1.00000  0.00000  0.95820  0.00000  0.00000  0.99992  0.28157
4.310000000e+00  0.00000  1.00000  0.00000  0.92949  0.00000  0.00000  0.99992  0.30919
4.320000000e+00  0.00000  1.00000  0.00000  0.94299  0.00000  0.00000  0.99992  0.34908
4.330000000e+00  0.00000  1.00000  0.00000  0.94162  0.00000  0.00000  0.99992  0.40346
4.340000000e+00  0.00000  1.00000  0.00000  0.93009  0.00000  0.00000  0.99992  0.44883
4.350000000e+00  0.00000  1.00000  0.00000  0.92373  0.00000  0.00000  0.99992  0.48330
4.360000000e+00  0.00000  1.00000  0.00000  0.89898  0.00000  0.00000  0.99992  0.50824
4.370000000e+00  0.00000  1.00000  0.00000  0.80232  0.00000  0.00000  0.99992  0.52616
4.380000000e+00  0.00000  1.00000  0.00000  0.92930  0.00000  0.00000  0.99992  0.53957
4.390000000e+00  0.00000  1.00000  0.00000  0.90136  0.00000  0.00000  0.99992  0.55178
4.400000000e+00  0.00000  1.00000  0.00000  0.85403  0.00000  0.00000  0.99992  0.56036
4.410000000e+00  0.00000  1.00000  0.00000  0.72544  0.00000  0.00000  0.99993  0.57152
4.420000000e+00  0.00000  1.00000  0.00000  0.95227  0.00000  0.00000  0.99993  0.58219
4.430000000e+00  0.00000  1.00000  0.00000  0.83732  0.00000  0.00000  0.99993  0.59459
4.440000000e+00  0.00000  1.00000  0.00000  0.66596  0.00000  0.00000  0.99993  0.60789
4.450000000e+00  0.00000  1.00000  0.00000  0.73449  0.00000  0.00000  0.99993  0.62352
4.460000000e+00  0.00000  1.00000  0.00000  0.76646  0.00000  0.00000  0.99993  0.63902
4.470000000e+00  0.00000  1.00000  0.00000  0.78888  0.00000  0.00000  0.99993  0.65794
4.480000000e+00  0.00000  1.00000  0.00000  0.76066  0.00000  0.00000  0.99993  0.67563
4.490000000e+00  0.00000  1.00000  0.00000  0.81161  0.00000  0.00000  0.99993  0.69613
4.500000000e+00  0.00000  1.00000  0.00000  0.83878  0.00000  0.00000  0.99993  0.71508
4.510000000e+00  0.00000  1.00000  0.00000  0.82941  0.00000  0.00000  0.99993  0.73578
4.520000000e+00  0.00000  1.00000  0.00000  0.75075  0.00000  0.00000  0.99993  0.75591
4.530000000e+00  0.00000  1.00000  0.00000  0.61576  0.00000  0.00000  0.99993  0.77558
4.540000000e+00  0.00000  1.00000  0.00002  0.59437  0.00000  0.00000  0.99993  0.79492
4.550000000e+00  0.00000  1.00000  0.00018  0.78994  0.00000  0.00000  0.99993  0.81349
4.560000000e+00  0.00000  1.00000  0.00407  0.88774  0.00000  0.00000  0.99993  0.83126
4.570000000e+00  0.00000  1.00000  0.03011  0.77608  0.00000  0.00000  0.99994  0.84735
4.580000000e+00  0.00000  1.00000  0.10778  0.66846  0.00000  0.00000  0.99994  0.86309
4.590000000e+00  0.00000  1.00000  0.15826  0.73982  0.00000  0.00000  0.99994  0.87744
4.600000000e+00  0.00000  1.00000  0.23555  0.78014  0.00000  0.00000  0.99994  0.89063
4.610000000e+00  0.00000  1.00000  0.29578  0.82002  0.00000  0.00000  0.99994  0.90279
4.620000000e+00  0.00000  1.00000  0.24568  0.76849  0.00000  0.00000  0.99994  0.91390
4.630000000e+00  0.00000  1.00000  0.10918  0.56057  0.00000  0.00000  0.99994  0.92391
4.640000000e+00  0.00000  1.00000  0.08374  0.56941  0.00000  0.00000  0.99994  0.93295
4.650000000e+00  0.00000  1.00000  0.06803  0.58519  0.00000  0.00000  0.99994  0.94110
4.660000000e+00  0.00000  1.00000  0.06816  0.51845  0.00000  0.00000  0.99994  0.94842
4.670000000e+00  0.00000  1.00000  0.07477  0.44700  0.00000  0.00000  0.99994  0.95462
4.680000000e+00  0.00000  1.00000  0.02665  0.45450  0.00000  0.00000  0.99994  0.95974
4.690000000e+00  0.00000  1.00000  0.01160  0.18442  0.00000  0.00000  0.99994  0.96475
4.700000000e+00  0.00000  1.00000  0.00129  0.83827  0.00000  0.00000  0.99994  0.96896
4.710000000e+00  0.00000  1.00000  0.00004  0.72938  0.00000  0.00000  0.99994  0.97253
4.720000000e+00  0.00000  1.00000  0.00002  0.39065  0.00000  0.00000  0.99994  0.97592
4.730000000e+00  0.00000  1.00000  0.00000  0.54266  0.00000  0.00000  0.99994  0.97852
4.740000000e+00  0.00000  1.00000  0.00000  0.38349  0.00000  0.00000  0.99994  0.98131
4.750000000e+00  0.00000  1.00000  0.00000  0.61943  0.00000  0.00000  0.99994  0.98357
4.760000000e+00  0.00000  1.00000  0.00000  0.50655  0.00000  0.00000  0.99994  0.98562
4.770000000e+00  0.00000  1.00000  0.00000  0.51636  0.00000  0.00000  0.99995  0.98740
4.780000000e+00  0.00000  1.00000  0.00000  0.37498  0.00000  0.00000  0.99995  0.98840
4.790000000e+00  0.00000  1.00000  0.00000  0.21109  0.00000  0.00000  0.99995  0.98980
4.800000000e+00  0.00000  1.00000  0.00000  0.26177  0.00000  0.00000  0.99995  0.99150
4.810000000e+00  0.00000  1.00000  0.00000  0.41730  0.00000  0.00000  0.99995  0.99268
4.820000000e+00  0.00000  1.00000  0.00000  0.35565  0.00000  0.00000  0.99995  0.99358
4.830000000e+00  0.00000  1.00000  0.00000  0.20302  0.00000  0.00000  0.99995  0.99456
4.840000000e+00  0.00000  1.00000  0.00000  0.39286  0.00000  0.00000  0.99995  0.99272
4.850000000e+00  0.00000  1.00000  0.00000  0.10091  0.00000  0.00000  0.99995  0.99481
4.860000000e+00  0.00000  1.00000  0.00000  0.05710  0.00000  0.00000  0.99995  0.99638
4.870000000e+00  0.00000  1.00000  0.00000  0.53779  0.00000  0.00000  0.99995  0.99694
4.880000000e+00  0.00000  1.00000  0.00000  0.53064  0.00000  0.00000  0.99995  0.99729
4.890000000e+00  0.00000  1.00000  0.00000  0.46478  0.00000  0.00000  0.99995  0.99715
4.900000000e+00  0.00000  1.00000  0.00000  0.05694  0.00000  0.00000  0.99995  0.99571
4.910000000e+00  0.00000  1.00000  0.00000  0.02964  0.00000  0.00000  0.99995  0.99786
4.920000000e+00  0.00000  1.00000  0.00000  0.21496  0.00000  0.00000  0.99995  0.99819
4.930000000e+00  0.00000  1.00000  0.00000  0.44760  0.00000  0.00000  0.99995  0.99838
4.940000000e+00  0.00000  1.00000  0.00011  0.21639  0.00000  0.00000  0.99995  0.99840
4.950000000e+00  0.00000  1.00000  0.00054  0.04724  0.00000  0.00000  0.99995  0.99726
4.960000000e+00  0.00000  1.00000  0.00127  0.01194  0.00000  0.00000  0.99995  0.99184
4.970000000e+00  0.00000  1.00000  0.01067  0.00506  0.00000  0.00000  0.99995  0.99886
4.980000000e+00  0.00000  1.00000  0.03171  0.10916  0.00000  0.00000  0.99995  0.99896
4.990000000e+00  0.00000  1.00000  0.08117  0.02706  0.00000  0.00000  0.99995  0.99918
5.000000000e+00  0.00000  1.00000  0.07442  0.20626  0.00000  0.00000  0.99995  0.99921
