results_atm.txt
# ------------------------------------------------------------------------
# Atmospheric radiances synthesized with PUMAS (Villanueva et al. 2016, Smith et al. 2009, Edwards 1992)
# Molecular abundance profile: 
# Molecules considered: N2,CO2,H2O
# Molecular sources: HIT[22],HIT[2],HIT[1]
# Molecular abundances: 1,1,1
# Molecular abundance units: scl,scl,scl
# Collission-Induced-Absorption:  N2-N2(3.71-5.00um)
# Rayleigh scattering included
# ------------------------------------------------------------------------
# Wave/freq TRAPPIST-1-e
1.000000000e+00  6.89409e-11
1.010000000e+00  6.94029e-11
1.020000000e+00  6.98303e-11
1.030000000e+00  7.02220e-11
1.040000000e+00  6.87338e-11
1.050000000e+00  7.08768e-11
1.060000000e+00  7.10290e-11
1.070000000e+00  7.08664e-11
1.080000000e+00  7.15909e-11
1.090000000e+00  7.18495e-11
1.100000000e+00  7.19809e-11
1.110000000e+00  7.21114e-11
1.120000000e+00  7.16958e-11
1.130000000e+00  7.16697e-11
1.140000000e+00  7.20908e-11
1.150000000e+00  7.19812e-11
1.160000000e+00  7.22953e-11
1.170000000e+00  7.23400e-11
1.180000000e+00  7.22646e-11
1.190000000e+00  7.21773e-11
1.200000000e+00  7.20895e-11
1.210000000e+00  6.51521e-11
1.220000000e+00  6.80050e-11
1.230000000e+00  6.87773e-11
1.240000000e+00  7.04000e-11
1.250000000e+00  7.12362e-11
1.260000000e+00  7.07130e-11
1.270000000e+00  7.04109e-11
1.280000000e+00  7.06013e-11
1.290000000e+00  6.97132e-11
1.300000000e+00  6.91280e-11
1.310000000e+00  6.96867e-11
1.320000000e+00  6.59788e-11
1.330000000e+00  6.89736e-11
1.340000000e+00  6.64011e-11
1.350000000e+00  6.75894e-11
1.360000000e+00  6.66452e-11
1.370000000e+00  6.60406e-11
1.380000000e+00  6.56696e-11
1.390000000e+00  6.57133e-11
1.400000000e+00  6.53803e-11
1.410000000e+00  6.47211e-11
1.420000000e+00  6.54233e-11
1.430000000e+00  6.46653e-11
1.440000000e+00  4.88316e-11
1.450000000e+00  5.74933e-11
1.460000000e+00  6.32337e-11
1.470000000e+00  6.29189e-11
1.480000000e+00  6.02245e-11
1.490000000e+00  6.13620e-11
1.500000000e+00  5.91884e-11
1.510000000e+00  6.12712e-11
1.520000000e+00  6.09085e-11
1.530000000e+00  5.73185e-11
1.540000000e+00  5.53152e-11
1.550000000e+00  5.85524e-11
1.560000000e+00  5.87163e-11
1.570000000e+00  5.49151e-11
1.580000000e+00  4.74047e-11
1.590000000e+00  5.57106e-11
1.600000000e+00  5.28564e-11
1.610000000e+00  4.63362e-11
1.620000000e+00  5.16316e-11
1.630000000e+00  5.34840e-11
1.640000000e+00  5.20495e-11
1.650000000e+00  5.17707e-11
1.660000000e+00  5.25695e-11
1.670000000e+00  5.22640e-11
1.680000000e+00  5.21097e-11
1.690000000e+00  5.26333e-11
1.700000000e+00  5.23853e-11
1.710000000e+00  5.14285e-11
1.720000000e+00  5.13510e-11
1.730000000e+00  5.10387e-11
1.740000000e+00  5.05880e-11
1.750000000e+00  5.00941e-11
1.760000000e+00  4.95553e-11
1.770000000e+00  4.91138e-11
1.780000000e+00  4.86668e-11
1.790000000e+00  4.81604e-11
1.800000000e+00  4.76952e-11
1.810000000e+00  4.71677e-11
1.820000000e+00  4.64277e-11
1.830000000e+00  4.57226e-11
1.840000000e+00  4.48858e-11
1.850000000e+00  4.45282e-11
1.860000000e+00  4.39299e-11
1.870000000e+00  4.36322e-11
1.880000000e+00  4.09554e-11
1.890000000e+00  4.03327e-11
1.900000000e+00  4.15582e-11
1.910000000e+00  4.15233e-11
1.920000000e+00  4.15297e-11
1.930000000e+00  4.11282e-11
1.940000000e+00  3.96833e-11
1.950000000e+00  3.22464e-11
1.960000000e+00  1.90206e-11
1.970000000e+00  2.03338e-11
1.980000000e+00  3.10566e-11
1.990000000e+00  3.37691e-11
2.000000000e+00  2.78447e-11
2.010000000e+00  1.21488e-11
2.020000000e+00  1.46454e-11
2.030000000e+00  2.57906e-11
2.040000000e+00  2.60456e-11
2.050000000e+00  2.58060e-11
2.060000000e+00  1.82963e-11
2.070000000e+00  2.00176e-11
2.080000000e+00  2.51390e-11
2.090000000e+00  2.67256e-11
2.100000000e+00  2.87912e-11
2.110000000e+00  3.06434e-11
2.120000000e+00  3.13318e-11
2.130000000e+00  3.25846e-11
2.140000000e+00  3.27901e-11
2.150000000e+00  3.08822e-11
2.160000000e+00  3.06877e-11
2.170000000e+00  3.03701e-11
2.180000000e+00  3.08531e-11
2.190000000e+00  3.14708e-11
2.200000000e+00  3.13228e-11
2.210000000e+00  3.10331e-11
2.220000000e+00  3.05330e-11
2.230000000e+00  3.02671e-11
2.240000000e+00  3.01121e-11
2.250000000e+00  2.97703e-11
2.260000000e+00  2.92925e-11
2.270000000e+00  2.90719e-11
2.280000000e+00  2.87218e-11
2.290000000e+00  2.84727e-11
2.300000000e+00  2.81411e-11
2.310000000e+00  2.78187e-11
2.320000000e+00  2.75018e-11
2.330000000e+00  2.71775e-11
2.340000000e+00  2.68547e-11
2.350000000e+00  2.65345e-11
2.360000000e+00  2.62133e-11
2.370000000e+00  2.58944e-11
2.380000000e+00  2.55632e-11
2.390000000e+00  2.52188e-11
2.400000000e+00  2.48783e-11
2.410000000e+00  2.45569e-11
2.420000000e+00  2.43001e-11
2.430000000e+00  2.40212e-11
2.440000000e+00  2.36163e-11
2.450000000e+00  2.33607e-11
2.460000000e+00  2.30849e-11
2.470000000e+00  2.27506e-11
2.480000000e+00  2.23208e-11
2.490000000e+00  2.15442e-11
2.500000000e+00  2.12442e-11
2.510000000e+00  2.09495e-11
2.520000000e+00  2.06132e-11
2.530000000e+00  2.06394e-11
2.540000000e+00  2.02872e-11
2.550000000e+00  1.97309e-11
2.560000000e+00  1.95341e-11
2.570000000e+00  1.84975e-11
2.580000000e+00  1.77407e-11
2.590000000e+00  1.70589e-11
2.600000000e+00  1.59845e-11
2.610000000e+00  1.60312e-11
2.620000000e+00  1.56037e-11
2.630000000e+00  1.57996e-11
2.640000000e+00  1.53514e-11
2.650000000e+00  1.56050e-11
2.660000000e+00  1.32936e-11
2.670000000e+00  6.57059e-12
2.680000000e+00  1.11021e-12
2.690000000e+00  3.64574e-13
2.700000000e+00  4.56628e-13
2.710000000e+00  4.60118e-13
2.720000000e+00  1.10798e-12
2.730000000e+00  2.09493e-12
2.740000000e+00  2.07287e-12
2.750000000e+00  1.07519e-12
2.760000000e+00  3.07802e-13
2.770000000e+00  2.38710e-13
2.780000000e+00  1.71530e-13
2.790000000e+00  2.14330e-13
2.800000000e+00  3.55198e-13
2.810000000e+00  5.00853e-13
2.820000000e+00  5.64918e-13
2.830000000e+00  5.82959e-13
2.840000000e+00  6.97190e-13
2.850000000e+00  5.02266e-13
2.860000000e+00  7.66478e-13
2.870000000e+00  1.29860e-12
2.880000000e+00  1.69218e-12
2.890000000e+00  2.32207e-12
2.900000000e+00  3.13946e-12
2.910000000e+00  3.72887e-12
2.920000000e+00  4.10788e-12
2.930000000e+00  4.34179e-12
2.940000000e+00  4.53904e-12
2.950000000e+00  4.77378e-12
2.960000000e+00  4.84696e-12
2.970000000e+00  4.66481e-12
2.980000000e+00  4.39938e-12
2.990000000e+00  4.38506e-12
3.000000000e+00  4.69699e-12
3.010000000e+00  5.06827e-12
3.020000000e+00  4.91069e-12
3.030000000e+00  5.11869e-12
3.040000000e+00  5.34430e-12
3.050000000e+00  5.47244e-12
3.060000000e+00  5.55956e-12
3.070000000e+00  5.68286e-12
3.080000000e+00  5.75413e-12
3.090000000e+00  5.75405e-12
3.100000000e+00  5.75644e-12
3.110000000e+00  5.73155e-12
3.120000000e+00  5.63776e-12
3.130000000e+00  5.56009e-12
3.140000000e+00  5.60635e-12
3.150000000e+00  5.67608e-12
3.160000000e+00  5.69979e-12
3.170000000e+00  5.69762e-12
3.180000000e+00  5.76789e-12
3.190000000e+00  5.83723e-12
3.200000000e+00  5.95202e-12
3.210000000e+00  6.06363e-12
3.220000000e+00  6.18225e-12
3.230000000e+00  6.29888e-12
3.240000000e+00  6.46314e-12
3.250000000e+00  6.56693e-12
3.260000000e+00  6.72168e-12
3.270000000e+00  6.83873e-12
3.280000000e+00  7.00184e-12
3.290000000e+00  7.16801e-12
3.300000000e+00  7.29435e-12
3.310000000e+00  7.43384e-12
3.320000000e+00  7.60961e-12
3.330000000e+00  7.70449e-12
3.340000000e+00  7.83514e-12
3.350000000e+00  7.92621e-12
3.360000000e+00  7.89613e-12
3.370000000e+00  8.16274e-12
3.380000000e+00  8.29181e-12
3.390000000e+00  8.39374e-12
3.400000000e+00  8.45137e-12
3.410000000e+00  8.49404e-12
3.420000000e+00  8.53983e-12
3.430000000e+00  8.58090e-12
3.440000000e+00  8.62011e-12
3.450000000e+00  8.64967e-12
3.460000000e+00  8.64313e-12
3.470000000e+00  8.62756e-12
3.480000000e+00  8.60836e-12
3.490000000e+00  8.58935e-12
3.500000000e+00  8.56953e-12
3.510000000e+00  8.54899e-12
3.520000000e+00  8.52088e-12
3.530000000e+00  8.47143e-12
3.540000000e+00  8.42010e-12
3.550000000e+00  8.36597e-12
3.560000000e+00  8.30376e-12
3.570000000e+00  8.22652e-12
3.580000000e+00  8.13878e-12
3.590000000e+00  8.03463e-12
3.600000000e+00  7.86699e-12
3.610000000e+00  7.74237e-12
3.620000000e+00  7.61490e-12
3.630000000e+00  7.63975e-12
3.640000000e+00  7.57871e-12
3.650000000e+00  7.47744e-12
3.660000000e+00  7.50169e-12
3.670000000e+00  7.53946e-12
3.680000000e+00  7.52329e-12
3.690000000e+00  7.46269e-12
3.700000000e+00  7.40350e-12
3.710000000e+00  7.34840e-12
3.720000000e+00  7.26591e-12
3.730000000e+00  7.20525e-12
3.740000000e+00  7.14966e-12
3.750000000e+00  7.06523e-12
3.760000000e+00  6.93836e-12
3.770000000e+00  6.80179e-12
3.780000000e+00  6.65550e-12
3.790000000e+00  6.49737e-12
3.800000000e+00  6.20936e-12
3.810000000e+00  5.85979e-12
3.820000000e+00  5.86063e-12
3.830000000e+00  6.03926e-12
3.840000000e+00  5.84538e-12
3.850000000e+00  5.71635e-12
3.860000000e+00  5.81543e-12
3.870000000e+00  5.98729e-12
3.880000000e+00  6.04906e-12
3.890000000e+00  6.05831e-12
3.900000000e+00  6.05498e-12
3.910000000e+00  6.02182e-12
3.920000000e+00  5.96145e-12
3.930000000e+00  5.87364e-12
3.940000000e+00  5.76551e-12
3.950000000e+00  5.64796e-12
3.960000000e+00  5.48963e-12
3.970000000e+00  5.35794e-12
3.980000000e+00  5.13186e-12
3.990000000e+00  4.98750e-12
4.000000000e+00  5.06298e-12
4.010000000e+00  5.08071e-12
4.020000000e+00  4.89524e-12
4.030000000e+00  4.85404e-12
4.040000000e+00  4.88436e-12
4.050000000e+00  4.94682e-12
4.060000000e+00  5.01167e-12
4.070000000e+00  4.99555e-12
4.080000000e+00  4.88970e-12
4.090000000e+00  4.78718e-12
4.100000000e+00  4.71790e-12
4.110000000e+00  4.69912e-12
4.120000000e+00  4.68977e-12
4.130000000e+00  4.64527e-12
4.140000000e+00  4.56198e-12
4.150000000e+00  4.54191e-12
4.160000000e+00  4.26048e-12
4.170000000e+00  3.44855e-12
4.180000000e+00  2.24129e-12
4.190000000e+00  1.31021e-12
4.200000000e+00  6.47341e-13
4.210000000e+00  2.36817e-13
4.220000000e+00  9.68790e-14
4.230000000e+00  4.88368e-14
4.240000000e+00  3.71268e-14
4.250000000e+00  3.52965e-14
4.260000000e+00  4.27812e-14
4.270000000e+00  4.66149e-14
4.280000000e+00  3.82230e-14
4.290000000e+00  3.93925e-14
4.300000000e+00  4.51973e-14
4.310000000e+00  5.42460e-14
4.320000000e+00  6.94791e-14
4.330000000e+00  1.01180e-13
4.340000000e+00  1.31635e-13
4.350000000e+00  1.54350e-13
4.360000000e+00  1.54698e-13
4.370000000e+00  1.63710e-13
4.380000000e+00  2.04232e-13
4.390000000e+00  2.75289e-13
4.400000000e+00  2.07310e-13
4.410000000e+00  2.10771e-13
4.420000000e+00  2.47467e-13
4.430000000e+00  3.16973e-13
4.440000000e+00  4.22330e-13
4.450000000e+00  5.99824e-13
4.460000000e+00  8.51113e-13
4.470000000e+00  1.05500e-12
4.480000000e+00  1.48063e-12
4.490000000e+00  1.83522e-12
4.500000000e+00  2.12639e-12
4.510000000e+00  2.40849e-12
4.520000000e+00  2.58071e-12
4.530000000e+00  2.77534e-12
4.540000000e+00  2.91162e-12
4.550000000e+00  3.00752e-12
4.560000000e+00  3.04399e-12
4.570000000e+00  3.06580e-12
4.580000000e+00  3.07188e-12
4.590000000e+00  3.06916e-12
4.600000000e+00  3.06272e-12
4.610000000e+00  3.04658e-12
4.620000000e+00  2.97554e-12
4.630000000e+00  2.93569e-12
4.640000000e+00  2.94225e-12
4.650000000e+00  2.93357e-12
4.660000000e+00  2.93325e-12
4.670000000e+00  2.92128e-12
4.680000000e+00  2.84743e-12
4.690000000e+00  2.79812e-12
4.700000000e+00  2.73052e-12
4.710000000e+00  2.39480e-12
4.720000000e+00  2.60840e-12
4.730000000e+00  2.51551e-12
4.740000000e+00  2.46611e-12
4.750000000e+00  2.41794e-12
4.760000000e+00  2.37784e-12
4.770000000e+00  2.39212e-12
4.780000000e+00  2.24578e-12
4.790000000e+00  2.19256e-12
4.800000000e+00  2.18360e-12
4.810000000e+00  2.08560e-12
4.820000000e+00  1.42462e-12
4.830000000e+00  1.76423e-12
4.840000000e+00  1.86053e-12
4.850000000e+00  1.85061e-12
4.860000000e+00  1.74839e-12
4.870000000e+00  1.87058e-12
4.880000000e+00  2.00307e-12
4.890000000e+00  1.92600e-12
4.900000000e+00  2.19063e-12
4.910000000e+00  2.24582e-12
4.920000000e+00  2.03475e-12
4.930000000e+00  2.26522e-12
4.940000000e+00  2.28850e-12
4.950000000e+00  2.26909e-12
4.960000000e+00  2.26754e-12
4.970000000e+00  2.33562e-12
4.980000000e+00  2.34334e-12
4.990000000e+00  2.34939e-12
5.000000000e+00  2.25130e-12
results_cfg.txt
<OBJECT-SUMMARY>Target: TRAPPIST-1 e for date (2017/05/25 15:22 UT); geometry: Observatory.
<OBJECT>Exoplanet
<OBJECT-NAME>TRAPPIST-1 e
<OBJECT-DATE>2017/05/25 15:22
<OBJECT-DIAMETER>11697
<OBJECT-GRAVITY>3.703632e+24
<OBJECT-GRAVITY-UNIT>kg
<OBJECT-STAR-DISTANCE>0.028170
<OBJECT-STAR-VELOCITY>0
<OBJECT-SOLAR-LONGITUDE>0
<OBJECT-SOLAR-LATITUDE>0
<OBJECT-SEASON>135
<OBJECT-SEASON-YEAR>2016
<OBJECT-STAR-TYPE>M
<OBJECT-STAR-TEMPERATURE>2559.0
<OBJECT-STAR-RADIUS>0.12
<OBJECT-OBS-LONGITUDE>0.0
<OBJECT-OBS-LATITUDE>89.860
<GEOMETRY>Observatory
<GEOMETRY-OFFSET-UNIT>arcsec
<GEOMETRY-OBS-ALTITUDE>12.10
<GEOMETRY-ALTITUDE-UNIT>pc
<GEOMETRY-OBS-ANGLE>48.121
<GEOMETRY-SOLAR-ANGLE>88.161
<GEOMETRY-PLANET-FRACTION>9.985186e-01
<GEOMETRY-STAR-DISTANCE>0.000000e+00
<GEOMETRY-STAR-FRACTION>0.000000e+00
<GEOMETRY-SOLAR-ANGLE>88.161
<GEOMETRY-PHASE>225.000
<ATMOSPHERE-STRUCTURE>Equilibrium
<ATMOSPHERE-WEIGHT>34.1542646882
<ATMOSPHERE-PRESSURE>1.4035966797
<ATMOSPHERE-PUNIT>bar
<ATMOSPHERE-NGAS>3
<ATMOSPHERE-GAS>N2,CO2,H2O
<ATMOSPHERE-TYPE>HIT[22],HIT[2],HIT[1]
<ATMOSPHERE-ABUN>1,1,1
<ATMOSPHERE-UNIT>scl,scl,scl
<ATMOSPHERE-NAERO>2
<ATMOSPHERE-AEROS>WaterIce,Cloud
<ATMOSPHERE-ATYPE>CRISM_Wolff[reff=2.0um 0.31-99.57um],White_GSFC[reff=1.0um 0.10-1000000.00um]
<ATMOSPHERE-AABUN>1,1
<ATMOSPHERE-AUNIT>scl,scl
<ATMOSPHERE-NMAX>0
<ATMOSPHERE-LMAX>0
<ATMOSPHERE-ASIZE>155.019365859,14.0
<ATMOSPHERE-LAYERS-MOLECULES>Altitude,N2,CO2,H2O,WaterIce,Cloud
<ATMOSPHERE-LAYERS>47
<ATMOSPHERE-LAYER-1>1.393E+00,2.864E+02,6.262E-02,7.430E-01,2.972E-01,1.103E-02,5.494E-10,1.776E-04
<ATMOSPHERE-LAYER-2>1.362E+00,2.874E+02,2.540E-01,7.431E-01,2.972E-01,1.092E-02,4.946E-15,8.180E-05
<ATMOSPHERE-LAYER-3>1.303E+00,2.894E+02,6.272E-01,7.432E-01,2.973E-01,1.061E-02,2.141E-26,4.088E-05
<ATMOSPHERE-LAYER-4>1.213E+00,2.895E+02,1.233E+00,7.436E-01,2.974E-01,1.005E-02,2.643E-12,2.977E-05
<ATMOSPHERE-LAYER-5>1.099E+00,2.875E+02,2.068E+00,7.446E-01,2.978E-01,8.344E-03,1.453E-08,2.865E-05
<ATMOSPHERE-LAYER-6>9.679E-01,2.833E+02,3.126E+00,7.457E-01,2.983E-01,6.300E-03,1.727E-07,2.968E-05
<ATMOSPHERE-LAYER-7>8.295E-01,2.770E+02,4.390E+00,7.466E-01,2.987E-01,4.787E-03,8.229E-07,3.622E-05
<ATMOSPHERE-LAYER-8>6.999E-01,2.696E+02,5.749E+00,7.475E-01,2.990E-01,3.342E-03,1.789E-06,4.095E-05
<ATMOSPHERE-LAYER-9>5.897E-01,2.624E+02,7.083E+00,7.482E-01,2.993E-01,2.143E-03,4.061E-06,3.912E-05
<ATMOSPHERE-LAYER-10>4.961E-01,2.557E+02,8.393E+00,7.487E-01,2.995E-01,1.273E-03,6.815E-06,3.010E-05
<ATMOSPHERE-LAYER-11>4.166E-01,2.495E+02,9.686E+00,7.490E-01,2.996E-01,7.768E-04,8.878E-06,1.958E-05
<ATMOSPHERE-LAYER-12>3.489E-01,2.433E+02,1.096E+01,7.491E-01,2.997E-01,4.728E-04,8.416E-06,8.757E-06
<ATMOSPHERE-LAYER-13>2.914E-01,2.370E+02,1.223E+01,7.492E-01,2.997E-01,2.800E-04,7.484E-06,2.686E-06
<ATMOSPHERE-LAYER-14>2.425E-01,2.303E+02,1.349E+01,7.493E-01,2.997E-01,1.582E-04,3.492E-06,6.714E-08
<ATMOSPHERE-LAYER-15>2.010E-01,2.232E+02,1.473E+01,7.494E-01,2.998E-01,8.211E-05,3.038E-06,0.000E+00
<ATMOSPHERE-LAYER-16>1.657E-01,2.162E+02,1.598E+01,7.494E-01,2.998E-01,3.857E-05,2.649E-06,0.000E+00
<ATMOSPHERE-LAYER-17>1.357E-01,2.101E+02,1.722E+01,7.494E-01,2.998E-01,1.859E-05,1.977E-06,0.000E+00
<ATMOSPHERE-LAYER-18>1.102E-01,2.063E+02,1.849E+01,7.494E-01,2.998E-01,1.217E-05,1.354E-06,0.000E+00
<ATMOSPHERE-LAYER-19>8.869E-02,2.058E+02,1.980E+01,7.494E-01,2.998E-01,1.104E-05,3.081E-07,0.000E+00
<ATMOSPHERE-LAYER-20>7.287E-02,2.064E+02,2.098E+01,7.494E-01,2.998E-01,1.084E-05,2.423E-08,0.000E+00
<ATMOSPHERE-LAYER-21>6.152E-02,2.068E+02,2.201E+01,7.494E-01,2.998E-01,1.069E-05,1.284E-08,0.000E+00
<ATMOSPHERE-LAYER-22>5.168E-02,2.067E+02,2.306E+01,7.494E-01,2.998E-01,1.054E-05,9.937E-09,0.000E+00
<ATMOSPHERE-LAYER-23>4.319E-02,2.060E+02,2.414E+01,7.494E-01,2.998E-01,1.040E-05,8.831E-09,0.000E+00
<ATMOSPHERE-LAYER-24>3.592E-02,2.049E+02,2.525E+01,7.494E-01,2.998E-01,1.030E-05,9.107E-09,0.000E+00
<ATMOSPHERE-LAYER-25>2.973E-02,2.033E+02,2.638E+01,7.494E-01,2.998E-01,1.031E-05,9.653E-09,0.000E+00
<ATMOSPHERE-LAYER-26>2.448E-02,2.014E+02,2.753E+01,7.494E-01,2.998E-01,1.053E-05,2.481E-08,0.000E+00
<ATMOSPHERE-LAYER-27>2.006E-02,1.992E+02,2.870E+01,7.494E-01,2.998E-01,1.070E-05,8.772E-08,0.000E+00
<ATMOSPHERE-LAYER-28>1.635E-02,1.969E+02,2.988E+01,7.494E-01,2.998E-01,1.061E-05,1.528E-07,0.000E+00
<ATMOSPHERE-LAYER-29>1.326E-02,1.947E+02,3.108E+01,7.494E-01,2.998E-01,1.027E-05,1.856E-07,0.000E+00
<ATMOSPHERE-LAYER-30>1.071E-02,1.929E+02,3.230E+01,7.494E-01,2.998E-01,9.839E-06,1.930E-07,0.000E+00
<ATMOSPHERE-LAYER-31>8.600E-03,1.916E+02,3.353E+01,7.494E-01,2.998E-01,9.510E-06,1.589E-07,0.000E+00
<ATMOSPHERE-LAYER-32>6.873E-03,1.906E+02,3.479E+01,7.494E-01,2.998E-01,9.224E-06,1.244E-07,0.000E+00
<ATMOSPHERE-LAYER-33>5.465E-03,1.896E+02,3.606E+01,7.494E-01,2.998E-01,8.902E-06,1.200E-07,0.000E+00
<ATMOSPHERE-LAYER-34>4.325E-03,1.882E+02,3.736E+01,7.494E-01,2.998E-01,8.557E-06,1.396E-07,0.000E+00
<ATMOSPHERE-LAYER-35>3.405E-03,1.865E+02,3.867E+01,7.494E-01,2.998E-01,8.134E-06,1.818E-07,0.000E+00
<ATMOSPHERE-LAYER-36>2.667E-03,1.844E+02,3.999E+01,7.494E-01,2.998E-01,7.703E-06,2.511E-07,0.000E+00
<ATMOSPHERE-LAYER-37>2.079E-03,1.822E+02,4.133E+01,7.494E-01,2.998E-01,7.465E-06,3.138E-07,0.000E+00
<ATMOSPHERE-LAYER-38>1.613E-03,1.803E+02,4.267E+01,7.494E-01,2.998E-01,7.439E-06,3.099E-07,0.000E+00
<ATMOSPHERE-LAYER-39>1.245E-03,1.791E+02,4.404E+01,7.494E-01,2.998E-01,7.595E-06,2.361E-07,0.000E+00
<ATMOSPHERE-LAYER-40>9.559E-04,1.785E+02,4.542E+01,7.494E-01,2.998E-01,7.800E-06,1.730E-07,0.000E+00
<ATMOSPHERE-LAYER-41>3.776E-04,1.785E+02,6.009E+01,7.494E-01,2.998E-01,7.800E-06,1.730E-07,0.000E+00
<ATMOSPHERE-LAYER-42>2.615E-04,1.785E+02,6.589E+01,7.494E-01,2.998E-01,7.800E-06,1.730E-07,0.000E+00
<ATMOSPHERE-LAYER-43>1.566E-04,1.785E+02,7.399E+01,7.494E-01,2.998E-01,7.800E-06,1.730E-07,0.000E+00
<ATMOSPHERE-LAYER-44>7.656E-05,1.785E+02,8.529E+01,7.494E-01,2.998E-01,7.800E-06,1.730E-07,0.000E+00
<ATMOSPHERE-LAYER-45>2.820E-05,1.785E+02,1.011E+02,7.494E-01,2.998E-01,7.800E-06,1.730E-07,0.000E+00
<ATMOSPHERE-LAYER-46>6.996E-06,1.785E+02,1.231E+02,7.494E-01,2.998E-01,7.800E-06,1.730E-07,0.000E+00
<ATMOSPHERE-LAYER-47>1.000E-06,1.785E+02,1.538E+02,7.494E-01,2.998E-01,7.800E-06,1.730E-07,0.000E+00
<SURFACE-TEMPERATURE>285.5112305
<SURFACE-ALBEDO>0.1459557
<SURFACE-EMISSIVITY>0.8540443
results_lyr.txt
# ----------------------------------------------------------------------------------------------
# NASA-GSFC Planetary Spectrum Generator (PSG, Villanueva et al. 2015)
# Atmospheric layering information considered by PUMAS
# Synthesized on Tue Nov 21 15:11:15 2017
# Radiative transfer method: correlated-k
# Synthesis spectral resolution [cm-1] and resolving power: 8.913678 5.010e+02
# Scattering parameters (nmax, lmax): 0 0
# ----------------------------------------------------------------------------------------------
# Molecular abundance profile: 
# Molecules considered: N2,CO2,H2O
# Molecular sources: HIT[22],HIT[2],HIT[1]
# Molecular abundances: 1,1,1
# Molecular abundance units: scl,scl,scl
# Collission-Induced-Absorption:  N2-N2(3.71-5.00um)
# Rayleigh scattering included
# ----------------------------------------------------------------------------------------------
# Aerosols considered: WaterIce,Cloud
# Aerosols sources: CRISM_Wolff[reff=2.0um 0.31-99.57um],White_GSFC[reff=1.0um 0.10-1000000.00um]
# Aerosols abundances: 1,1
# Aerosols abundance units: scl,scl
# Aerosols sizes [um]: 155.019365859,14.0
# ----------------------------------------------------------------------------------------------
# Input layer-by-layer atmospheric profile
# Molecular abundances in molec/molec and aerosols in kg/kg
# ----------------------------------------------------------------------------------------------
# Alt[km] Pressure[bar] Temp[K]         N2        CO2        H2O   WaterIce      Cloud
# ----------------------------------------------------------------------------------------------
    0.000   1.404e+00   285.511   7.430e-01  2.972e-01  1.103e-02  5.494e-10  1.776e-04
    0.254   1.362e+00   287.400   7.431e-01  2.972e-01  1.092e-02  4.946e-15  8.180e-05
    0.627   1.303e+00   289.400   7.432e-01  2.973e-01  1.061e-02  2.141e-26  4.088e-05
    1.233   1.213e+00   289.500   7.436e-01  2.974e-01  1.005e-02  2.643e-12  2.977e-05
    2.068   1.099e+00   287.500   7.446e-01  2.978e-01  8.344e-03  1.453e-08  2.865e-05
    3.126   9.679e-01   283.300   7.457e-01  2.983e-01  6.300e-03  1.727e-07  2.968e-05
    4.390   8.295e-01   277.000   7.466e-01  2.987e-01  4.787e-03  8.229e-07  3.622e-05
    5.749   6.999e-01   269.600   7.475e-01  2.990e-01  3.342e-03  1.789e-06  4.095e-05
    7.083   5.897e-01   262.400   7.482e-01  2.993e-01  2.143e-03  4.061e-06  3.912e-05
    8.393   4.961e-01   255.700   7.487e-01  2.995e-01  1.273e-03  6.815e-06  3.010e-05
    9.686   4.166e-01   249.500   7.490e-01  2.996e-01  7.768e-04  8.878e-06  1.958e-05
   10.960   3.489e-01   243.300   7.491e-01  2.997e-01  4.728e-04  8.416e-06  8.757e-06
   12.230   2.914e-01   237.000   7.492e-01  2.997e-01  2.800e-04  7.484e-06  2.686e-06
   13.490   2.425e-01   230.300   7.493e-01  2.997e-01  1.582e-04  3.492e-06  6.714e-08
   14.730   2.010e-01   223.200   7.494e-01  2.998e-01  8.211e-05  3.038e-06  0.000e+00
   15.980   1.657e-01   216.200   7.494e-01  2.998e-01  3.857e-05  2.649e-06  0.000e+00
   17.220   1.357e-01   210.100   7.494e-01  2.998e-01  1.859e-05  1.977e-06  0.000e+00
   18.490   1.102e-01   206.300   7.494e-01  2.998e-01  1.217e-05  1.354e-06  0.000e+00
   19.800   8.869e-02   205.800   7.494e-01  2.998e-01  1.104e-05  3.081e-07  0.000e+00
   20.980   7.287e-02   206.400   7.494e-01  2.998e-01  1.084e-05  2.423e-08  0.000e+00
   22.010   6.152e-02   206.800   7.494e-01  2.998e-01  1.069e-05  1.284e-08  0.000e+00
   23.060   5.168e-02   206.700   7.494e-01  2.998e-01  1.054e-05  9.937e-09  0.000e+00
   24.140   4.319e-02   206.000   7.494e-01  2.998e-01  1.040e-05  8.831e-09  0.000e+00
   25.250   3.592e-02   204.900   7.494e-01  2.998e-01  1.030e-05  9.107e-09  0.000e+00
   26.380   2.973e-02   203.300   7.494e-01  2.998e-01  1.031e-05  9.653e-09  0.000e+00
   27.530   2.448e-02   201.400   7.494e-01  2.998e-01  1.053e-05  2.481e-08  0.000e+00
   28.700   2.006e-02   199.200   7.494e-01  2.998e-01  1.070e-05  8.772e-08  0.000e+00
   29.880   1.635e-02   196.900   7.494e-01  2.998e-01  1.061e-05  1.528e-07  0.000e+00
   31.080   1.326e-02   194.700   7.494e-01  2.998e-01  1.027e-05  1.856e-07  0.000e+00
   32.300   1.071e-02   192.900   7.494e-01  2.998e-01  9.839e-06  1.930e-07  0.000e+00
   33.530   8.600e-03   191.600   7.494e-01  2.998e-01  9.510e-06  1.589e-07  0.000e+00
   34.790   6.873e-03   190.600   7.494e-01  2.998e-01  9.224e-06  1.244e-07  0.000e+00
   36.060   5.465e-03   189.600   7.494e-01  2.998e-01  8.902e-06  1.200e-07  0.000e+00
   37.360   4.325e-03   188.200   7.494e-01  2.998e-01  8.557e-06  1.396e-07  0.000e+00
   38.670   3.405e-03   186.500   7.494e-01  2.998e-01  8.134e-06  1.818e-07  0.000e+00
   39.990   2.667e-03   184.400   7.494e-01  2.998e-01  7.703e-06  2.511e-07  0.000e+00
   41.330   2.079e-03   182.200   7.494e-01  2.998e-01  7.465e-06  3.138e-07  0.000e+00
   42.670   1.613e-03   180.300   7.494e-01  2.998e-01  7.439e-06  3.099e-07  0.000e+00
   44.040   1.245e-03   179.100   7.494e-01  2.998e-01  7.595e-06  2.361e-07  0.000e+00
   45.420   9.559e-04   178.500   7.494e-01  2.998e-01  7.800e-06  1.730e-07  0.000e+00
   60.090   3.776e-04   178.500   7.494e-01  2.998e-01  7.800e-06  1.730e-07  0.000e+00
   65.890   2.615e-04   178.500   7.494e-01  2.998e-01  7.800e-06  1.730e-07  0.000e+00
   73.990   1.566e-04   178.500   7.494e-01  2.998e-01  7.800e-06  1.730e-07  0.000e+00
   85.290   7.656e-05   178.500   7.494e-01  2.998e-01  7.800e-06  1.730e-07  0.000e+00
  101.100   2.820e-05   178.500   7.494e-01  2.998e-01  7.800e-06  1.730e-07  0.000e+00
  123.100   6.996e-06   178.500   7.494e-01  2.998e-01  7.800e-06  1.730e-07  0.000e+00
  153.800   1.000e-06   178.500   7.494e-01  2.998e-01  7.800e-06  1.730e-07  0.000e+00
#
# ----------------------------------------------------------------------------------------------
# Curtis-Godson integrated layer information used by the radiative transfer analysis
# Oblique molecular layer columns in molec/m2 and aerosols in kg/m2
# ----------------------------------------------------------------------------------------------
# Low[km]  High[km]  Path[km] Pressure[bar] Temp[K]   Airmass   dcol[m-2]         N2        CO2        H2O   WaterIce      Cloud
# ----------------------------------------------------------------------------------------------
    0.000     0.254     0.380   1.383e+00   286.447    1.4980   1.334e+28  9.911e+27  3.964e+27  1.464e+26  5.195e-08  9.381e-02
    0.254     0.627     0.559   1.333e+00   288.390    1.4979   1.874e+28  1.393e+28  5.570e+27  2.017e+26  6.089e-13  6.293e-02
    0.627     1.233     0.907   1.258e+00   289.449    1.4977   2.858e+28  2.125e+28  8.499e+27  2.953e+26  2.328e-10  5.691e-02
    1.233     2.068     1.250   1.156e+00   288.516    1.4975   3.629e+28  2.700e+28  1.080e+28  3.333e+26  3.438e-06  6.013e-02
    2.068     3.126     1.584   1.033e+00   285.441    1.4972   4.151e+28  3.093e+28  1.237e+28  3.028e+26  1.473e-04  6.863e-02
    3.126     4.390     1.892   8.985e-01   280.221    1.4968   4.389e+28  3.275e+28  1.310e+28  2.425e+26  1.019e-03  8.156e-02
    4.390     5.749     2.034   7.644e-01   273.390    1.4964   4.112e+28  3.072e+28  1.229e+28  1.661e+26  2.875e-03  8.975e-02
    5.749     7.083     1.996   6.446e-01   266.089    1.4960   3.496e+28  2.615e+28  1.046e+28  9.485e+25  5.441e-03  7.941e-02
    7.083     8.393     1.959   5.427e-01   259.134    1.4955   2.967e+28  2.221e+28  8.884e+27  4.989e+25  8.895e-03  5.811e-02
    8.393     9.686     1.933   4.562e-01   252.679    1.4951   2.524e+28  1.890e+28  7.561e+27  2.552e+25  1.113e-02  3.521e-02
    9.686    10.960     1.904   3.826e-01   246.480    1.4947   2.138e+28  1.601e+28  6.405e+27  1.317e+25  1.049e-02  1.648e-02
   10.960    12.230     1.898   3.200e-01   240.233    1.4943   1.828e+28  1.369e+28  5.479e+27  6.774e+24  8.246e-03  5.408e-03
   12.230    13.490     1.882   2.668e-01   233.739    1.4939   1.554e+28  1.164e+28  4.657e+27  3.340e+24  4.661e-03  6.593e-04
   13.490    14.730     1.852   2.217e-01   226.845    1.4935   1.308e+28  9.804e+27  3.922e+27  1.531e+24  2.423e-03  2.904e-08
   14.730    15.980     1.866   1.833e-01   219.796    1.4931   1.125e+28  8.430e+27  3.373e+27  6.550e+23  1.815e-03  0.000e+00
   15.980    17.220     1.851   1.506e-01   213.239    1.4928   9.450e+27  7.082e+27  2.833e+27  2.614e+23  1.236e-03  0.000e+00
   17.220    18.490     1.895   1.229e-01   208.261    1.4924   8.080e+27  6.055e+27  2.422e+27  1.233e+23  7.589e-04  0.000e+00
   18.490    19.800     1.954   9.945e-02   206.059    1.4920   6.809e+27  5.103e+27  2.041e+27  7.910e+22  2.801e-04  0.000e+00
   19.800    20.980     1.760   8.079e-02   206.090    1.4916   4.984e+27  3.735e+27  1.494e+27  5.454e+22  3.291e-05  0.000e+00
   20.980    22.010     1.536   6.720e-02   206.594    1.4912   3.612e+27  2.707e+27  1.083e+27  3.889e+22  3.709e-06  0.000e+00
   22.010    23.060     1.565   5.660e-02   206.751    1.4909   3.098e+27  2.322e+27  9.289e+26  3.290e+22  1.998e-06  0.000e+00
   23.060    24.140     1.610   4.744e-02   206.361    1.4906   2.675e+27  2.005e+27  8.019e+26  2.801e+22  1.424e-06  0.000e+00
   24.140    25.250     1.654   3.955e-02   205.467    1.4902   2.302e+27  1.725e+27  6.900e+26  2.382e+22  1.170e-06  0.000e+00
   25.250    26.380     1.684   3.282e-02   204.125    1.4899   1.956e+27  1.466e+27  5.865e+26  2.016e+22  1.040e-06  0.000e+00
   26.380    27.530     1.713   2.710e-02   202.380    1.4895   1.658e+27  1.242e+27  4.969e+26  1.727e+22  1.487e-06  0.000e+00
   27.530    28.700     1.742   2.227e-02   200.335    1.4892   1.399e+27  1.049e+27  4.195e+26  1.485e+22  3.876e-06  0.000e+00
   28.700    29.880     1.757   1.820e-02   198.088    1.4888   1.166e+27  8.739e+26  3.496e+26  1.243e+22  7.686e-06  0.000e+00
   29.880    31.080     1.786   1.480e-02   195.837    1.4884   9.751e+26  7.307e+26  2.923e+26  1.018e+22  9.297e-06  0.000e+00
   31.080    32.300     1.815   1.198e-02   193.831    1.4881   8.105e+26  6.074e+26  2.430e+26  8.154e+21  8.694e-06  0.000e+00
   32.300    33.530     1.830   9.655e-03   192.273    1.4877   6.633e+26  4.971e+26  1.989e+26  6.420e+21  6.621e-06  0.000e+00
   33.530    34.790     1.874   7.736e-03   191.119    1.4873   5.475e+26  4.103e+26  1.641e+26  5.131e+21  4.396e-06  0.000e+00
   34.790    36.060     1.888   6.169e-03   190.119    1.4869   4.421e+26  3.313e+26  1.326e+26  4.009e+21  3.066e-06  0.000e+00
   36.060    37.360     1.933   4.895e-03   188.927    1.4865   3.612e+26  2.707e+26  1.083e+26  3.155e+21  2.646e-06  0.000e+00
   37.360    38.670     1.947   3.865e-03   187.383    1.4861   2.896e+26  2.171e+26  8.683e+25  2.419e+21  2.611e-06  0.000e+00
   38.670    39.990     1.961   3.036e-03   185.491    1.4857   2.315e+26  1.735e+26  6.940e+25  1.834e+21  2.799e-06  0.000e+00
   39.990    41.330     1.990   2.373e-03   183.344    1.4853   1.857e+26  1.392e+26  5.568e+25  1.409e+21  2.950e-06  0.000e+00
   41.330    42.670     1.990   1.846e-03   181.289    1.4849   1.461e+26  1.095e+26  4.379e+25  1.088e+21  2.584e-06  0.000e+00
   42.670    44.040     2.034   1.429e-03   179.726    1.4845   1.165e+26  8.733e+25  3.494e+25  8.756e+20  1.804e-06  0.000e+00
   44.040    45.420     2.048   1.100e-03   178.813    1.4841   9.081e+25  6.806e+25  2.723e+25  6.986e+20  1.052e-06  0.000e+00
   45.420    60.090    21.736   6.673e-04   178.500    1.4817   5.493e+26  4.117e+26  1.647e+26  4.285e+21  5.390e-06  0.000e+00
   60.090    65.890     8.576   3.196e-04   178.500    1.4786   1.100e+26  8.242e+25  3.297e+25  8.579e+20  1.079e-06  0.000e+00
   65.890    73.990    11.960   2.091e-04   178.500    1.4766   9.931e+25  7.442e+25  2.977e+25  7.746e+20  9.743e-07  0.000e+00
   73.990    85.290    16.653   1.166e-04   178.500    1.4737   7.560e+25  5.665e+25  2.266e+25  5.896e+20  7.417e-07  0.000e+00
   85.290   101.100    23.238   5.244e-05   178.500    1.4698   4.567e+25  3.423e+25  1.369e+25  3.562e+20  4.481e-07  0.000e+00
  101.100   123.100    32.218   1.767e-05   178.500    1.4644   1.990e+25  1.491e+25  5.966e+24  1.552e+20  1.952e-07  0.000e+00
  123.100   153.800    44.734   4.052e-06   178.500    1.4571   5.605e+24  4.200e+24  1.680e+24  4.372e+19  5.499e-08  0.000e+00
# ----------------------------------------------------------------------------------------------
# Integrated atmospheric columns                       1.4955   4.458e+29  3.330e+29  1.332e+29  1.885e+27  5.953e-02  7.090e-01
# ----------------------------------------------------------------------------------------------
results_rad.txt
# ------------------------------------------------------------------------
# Radiance spectrum
# NASA-GSFC Planetary Spectrum Generator (PSG) (Villanueva et al. 2015)
# Synthesized on Tue Nov 21 15:11:15 2017
# ------------------------------------------------------------------------
# Atmospheric radiances synthesized with PUMAS (Villanueva et al. 2016, Smith et al. 2009, Edwards 1992)
# Molecular abundance profile: 
# Molecules considered: N2,CO2,H2O
# Molecular sources: HIT[22],HIT[2],HIT[1]
# Molecular abundances: 1,1,1
# Molecular abundance units: scl,scl,scl
# Collission-Induced-Absorption:  N2-N2(3.71-5.00um)
# Rayleigh scattering included
# ------------------------------------------------------------------------
# Spectral unit: Wavelength [um]
# Radiance unit: Spectral radiance [W/sr/m2/um]
# Wave/freq Total Stellar TRAPPIST-1-e
1.000000000e+00  3.68049e-03  3.68049e-03  6.89409e-11
1.010000000e+00  3.70309e-03  3.70309e-03  6.94029e-11
1.020000000e+00  3.72363e-03  3.72363e-03  6.98303e-11
1.030000000e+00  3.74214e-03  3.74214e-03  7.02220e-11
1.040000000e+00  3.75867e-03  3.75867e-03  6.87338e-11
1.050000000e+00  3.77327e-03  3.77327e-03  7.08768e-11
1.060000000e+00  3.78601e-03  3.78601e-03  7.10290e-11
1.070000000e+00  3.79691e-03  3.79691e-03  7.08664e-11
1.080000000e+00  3.80605e-03  3.80605e-03  7.15909e-11
1.090000000e+00  3.81347e-03  3.81347e-03  7.18495e-11
1.100000000e+00  3.81922e-03  3.81922e-03  7.19809e-11
1.110000000e+00  3.82337e-03  3.82337e-03  7.21114e-11
1.120000000e+00  3.82595e-03  3.82595e-03  7.16958e-11
1.130000000e+00  3.82703e-03  3.82703e-03  7.16697e-11
1.140000000e+00  3.82666e-03  3.82666e-03  7.20908e-11
1.150000000e+00  3.82489e-03  3.82489e-03  7.19812e-11
1.160000000e+00  3.82177e-03  3.82177e-03  7.22953e-11
1.170000000e+00  3.81735e-03  3.81734e-03  7.23400e-11
1.180000000e+00  3.81168e-03  3.81168e-03  7.22646e-11
1.190000000e+00  3.80481e-03  3.80481e-03  7.21773e-11
1.200000000e+00  3.79679e-03  3.79679e-03  7.20895e-11
1.210000000e+00  3.78768e-03  3.78768e-03  6.51521e-11
1.220000000e+00  3.77751e-03  3.77751e-03  6.80050e-11
1.230000000e+00  3.76632e-03  3.76632e-03  6.87773e-11
1.240000000e+00  3.75418e-03  3.75418e-03  7.04000e-11
1.250000000e+00  3.74111e-03  3.74111e-03  7.12362e-11
1.260000000e+00  3.72717e-03  3.72717e-03  7.07130e-11
1.270000000e+00  3.71239e-03  3.71239e-03  7.04109e-11
1.280000000e+00  3.69682e-03  3.69682e-03  7.06013e-11
1.290000000e+00  3.68049e-03  3.68049e-03  6.97132e-11
1.300000000e+00  3.66345e-03  3.66345e-03  6.91280e-11
1.310000000e+00  3.64573e-03  3.64573e-03  6.96867e-11
1.320000000e+00  3.62736e-03  3.62736e-03  6.59788e-11
1.330000000e+00  3.60839e-03  3.60839e-03  6.89736e-11
1.340000000e+00  3.58885e-03  3.58885e-03  6.64011e-11
1.350000000e+00  3.56877e-03  3.56877e-03  6.75894e-11
1.360000000e+00  3.54817e-03  3.54817e-03  6.66452e-11
1.370000000e+00  3.52711e-03  3.52711e-03  6.60406e-11
1.380000000e+00  3.50559e-03  3.50559e-03  6.56696e-11
1.390000000e+00  3.48366e-03  3.48366e-03  6.57133e-11
1.400000000e+00  3.46134e-03  3.46134e-03  6.53803e-11
1.410000000e+00  3.43866e-03  3.43866e-03  6.47211e-11
1.420000000e+00  3.41564e-03  3.41564e-03  6.54233e-11
1.430000000e+00  3.39231e-03  3.39231e-03  6.46653e-11
1.440000000e+00  3.36870e-03  3.36870e-03  4.88316e-11
1.450000000e+00  3.34482e-03  3.34482e-03  5.74933e-11
1.460000000e+00  3.32070e-03  3.32070e-03  6.32337e-11
1.470000000e+00  3.29636e-03  3.29636e-03  6.29189e-11
1.480000000e+00  3.27183e-03  3.27183e-03  6.02245e-11
1.490000000e+00  3.24711e-03  3.24711e-03  6.13620e-11
1.500000000e+00  3.22224e-03  3.22224e-03  5.91884e-11
1.510000000e+00  3.19723e-03  3.19723e-03  6.12712e-11
1.520000000e+00  3.17209e-03  3.17209e-03  6.09085e-11
1.530000000e+00  3.14685e-03  3.14685e-03  5.73185e-11
1.540000000e+00  3.12152e-03  3.12152e-03  5.53152e-11
1.550000000e+00  3.09611e-03  3.09611e-03  5.85524e-11
1.560000000e+00  3.07064e-03  3.07064e-03  5.87163e-11
1.570000000e+00  3.04513e-03  3.04513e-03  5.49151e-11
1.580000000e+00  3.01959e-03  3.01959e-03  4.74047e-11
1.590000000e+00  2.99402e-03  2.99402e-03  5.57106e-11
1.600000000e+00  2.96846e-03  2.96846e-03  5.28564e-11
1.610000000e+00  2.94289e-03  2.94289e-03  4.63362e-11
1.620000000e+00  2.91734e-03  2.91734e-03  5.16316e-11
1.630000000e+00  2.89182e-03  2.89182e-03  5.34840e-11
1.640000000e+00  2.86634e-03  2.86634e-03  5.20495e-11
1.650000000e+00  2.84091e-03  2.84091e-03  5.17707e-11
1.660000000e+00  2.81553e-03  2.81553e-03  5.25695e-11
1.670000000e+00  2.79021e-03  2.79021e-03  5.22640e-11
1.680000000e+00  2.76497e-03  2.76497e-03  5.21097e-11
1.690000000e+00  2.73981e-03  2.73981e-03  5.26333e-11
1.700000000e+00  2.71474e-03  2.71474e-03  5.23853e-11
1.710000000e+00  2.68977e-03  2.68977e-03  5.14285e-11
1.720000000e+00  2.66490e-03  2.66490e-03  5.13510e-11
1.730000000e+00  2.64013e-03  2.64013e-03  5.10387e-11
1.740000000e+00  2.61549e-03  2.61549e-03  5.05880e-11
1.750000000e+00  2.59096e-03  2.59096e-03  5.00941e-11
1.760000000e+00  2.56656e-03  2.56656e-03  4.95553e-11
1.770000000e+00  2.54229e-03  2.54229e-03  4.91138e-11
1.780000000e+00  2.51815e-03  2.51815e-03  4.86668e-11
1.790000000e+00  2.49415e-03  2.49415e-03  4.81604e-11
1.800000000e+00  2.47030e-03  2.47030e-03  4.76952e-11
1.810000000e+00  2.44660e-03  2.44660e-03  4.71677e-11
1.820000000e+00  2.42304e-03  2.42304e-03  4.64277e-11
1.830000000e+00  2.39964e-03  2.39964e-03  4.57226e-11
1.840000000e+00  2.37640e-03  2.37640e-03  4.48858e-11
1.850000000e+00  2.35332e-03  2.35332e-03  4.45282e-11
1.860000000e+00  2.33041e-03  2.33041e-03  4.39299e-11
1.870000000e+00  2.30765e-03  2.30765e-03  4.36322e-11
1.880000000e+00  2.28507e-03  2.28507e-03  4.09554e-11
1.890000000e+00  2.26266e-03  2.26266e-03  4.03327e-11
1.900000000e+00  2.24041e-03  2.24041e-03  4.15582e-11
1.910000000e+00  2.21834e-03  2.21834e-03  4.15233e-11
1.920000000e+00  2.19645e-03  2.19645e-03  4.15297e-11
1.930000000e+00  2.17473e-03  2.17473e-03  4.11282e-11
1.940000000e+00  2.15319e-03  2.15319e-03  3.96833e-11
1.950000000e+00  2.13183e-03  2.13183e-03  3.22464e-11
1.960000000e+00  2.11065e-03  2.11065e-03  1.90206e-11
1.970000000e+00  2.08964e-03  2.08964e-03  2.03338e-11
1.980000000e+00  2.06882e-03  2.06882e-03  3.10566e-11
1.990000000e+00  2.04818e-03  2.04818e-03  3.37691e-11
2.000000000e+00  2.02772e-03  2.02772e-03  2.78447e-11
2.010000000e+00  2.00745e-03  2.00745e-03  1.21488e-11
2.020000000e+00  1.98735e-03  1.98735e-03  1.46454e-11
2.030000000e+00  1.96744e-03  1.96744e-03  2.57906e-11
2.040000000e+00  1.94771e-03  1.94771e-03  2.60456e-11
2.050000000e+00  1.92816e-03  1.92816e-03  2.58060e-11
2.060000000e+00  1.90880e-03  1.90880e-03  1.82963e-11
2.070000000e+00  1.88961e-03  1.88961e-03  2.00176e-11
2.080000000e+00  1.87061e-03  1.87061e-03  2.51390e-11
2.090000000e+00  1.85179e-03  1.85179e-03  2.67256e-11
2.100000000e+00  1.83315e-03  1.83315e-03  2.87912e-11
2.110000000e+00  1.81469e-03  1.81469e-03  3.06434e-11
2.120000000e+00  1.79641e-03  1.79641e-03  3.13318e-11
2.130000000e+00  1.77831e-03  1.77831e-03  3.25846e-11
2.140000000e+00  1.76039e-03  1.76039e-03  3.27901e-11
2.150000000e+00  1.74264e-03  1.74264e-03  3.08822e-11
2.160000000e+00  1.72507e-03  1.72507e-03  3.06877e-11
2.170000000e+00  1.70768e-03  1.70768e-03  3.03701e-11
2.180000000e+00  1.69046e-03  1.69046e-03  3.08531e-11
2.190000000e+00  1.67341e-03  1.67341e-03  3.14708e-11
2.200000000e+00  1.65654e-03  1.65654e-03  3.13228e-11
2.210000000e+00  1.63984e-03  1.63984e-03  3.10331e-11
2.220000000e+00  1.62331e-03  1.62331e-03  3.05330e-11
2.230000000e+00  1.60695e-03  1.60695e-03  3.02671e-11
2.240000000e+00  1.59076e-03  1.59076e-03  3.01121e-11
2.250000000e+00  1.57474e-03  1.57474e-03  2.97703e-11
2.260000000e+00  1.55889e-03  1.55889e-03  2.92925e-11
2.270000000e+00  1.54319e-03  1.54319e-03  2.90719e-11
2.280000000e+00  1.52767e-03  1.52767e-03  2.87218e-11
2.290000000e+00  1.51230e-03  1.51230e-03  2.84727e-11
2.300000000e+00  1.49710e-03  1.49710e-03  2.81411e-11
2.310000000e+00  1.48206e-03  1.48206e-03  2.78187e-11
2.320000000e+00  1.46718e-03  1.46718e-03  2.75018e-11
2.330000000e+00  1.45245e-03  1.45245e-03  2.71775e-11
2.340000000e+00  1.43788e-03  1.43788e-03  2.68547e-11
2.350000000e+00  1.42347e-03  1.42347e-03  2.65345e-11
2.360000000e+00  1.40921e-03  1.40921e-03  2.62133e-11
2.370000000e+00  1.39510e-03  1.39510e-03  2.58944e-11
2.380000000e+00  1.38115e-03  1.38115e-03  2.55632e-11
2.390000000e+00  1.36734e-03  1.36734e-03  2.52188e-11
2.400000000e+00  1.35368e-03  1.35368e-03  2.48783e-11
2.410000000e+00  1.34017e-03  1.34017e-03  2.45569e-11
2.420000000e+00  1.32681e-03  1.32681e-03  2.43001e-11
2.430000000e+00  1.31359e-03  1.31359e-03  2.40212e-11
2.440000000e+00  1.30051e-03  1.30051e-03  2.36163e-11
2.450000000e+00  1.28757e-03  1.28757e-03  2.33607e-11
2.460000000e+00  1.27478e-03  1.27478e-03  2.30849e-11
2.470000000e+00  1.26212e-03  1.26212e-03  2.27506e-11
2.480000000e+00  1.24960e-03  1.24960e-03  2.23208e-11
2.490000000e+00  1.23722e-03  1.23722e-03  2.15442e-11
2.500000000e+00  1.22498e-03  1.22498e-03  2.12442e-11
2.510000000e+00  1.21286e-03  1.21286e-03  2.09495e-11
2.520000000e+00  1.20088e-03  1.20088e-03  2.06132e-11
2.530000000e+00  1.18903e-03  1.18903e-03  2.06394e-11
2.540000000e+00  1.17731e-03  1.17731e-03  2.02872e-11
2.550000000e+00  1.16572e-03  1.16572e-03  1.97309e-11
2.560000000e+00  1.15425e-03  1.15425e-03  1.95341e-11
2.570000000e+00  1.14291e-03  1.14291e-03  1.84975e-11
2.580000000e+00  1.13170e-03  1.13170e-03  1.77407e-11
2.590000000e+00  1.12060e-03  1.12060e-03  1.70589e-11
2.600000000e+00  1.10963e-03  1.10963e-03  1.59845e-11
2.610000000e+00  1.09878e-03  1.09878e-03  1.60312e-11
2.620000000e+00  1.08805e-03  1.08805e-03  1.56037e-11
2.630000000e+00  1.07744e-03  1.07744e-03  1.57996e-11
2.640000000e+00  1.06694e-03  1.06694e-03  1.53514e-11
2.650000000e+00  1.05656e-03  1.05656e-03  1.56050e-11
2.660000000e+00  1.04629e-03  1.04629e-03  1.32936e-11
2.670000000e+00  1.03614e-03  1.03614e-03  6.57059e-12
2.680000000e+00  1.02610e-03  1.02610e-03  1.11021e-12
2.690000000e+00  1.01616e-03  1.01616e-03  3.64574e-13
2.700000000e+00  1.00634e-03  1.00634e-03  4.56628e-13
2.710000000e+00  9.96623e-04  9.96623e-04  4.60118e-13
2.720000000e+00  9.87014e-04  9.87014e-04  1.10798e-12
2.730000000e+00  9.77511e-04  9.77511e-04  2.09493e-12
2.740000000e+00  9.68112e-04  9.68112e-04  2.07287e-12
2.750000000e+00  9.58816e-04  9.58816e-04  1.07519e-12
2.760000000e+00  9.49622e-04  9.49622e-04  3.07802e-13
2.770000000e+00  9.40529e-04  9.40529e-04  2.38710e-13
2.780000000e+00  9.31536e-04  9.31536e-04  1.71530e-13
2.790000000e+00  9.22641e-04  9.22641e-04  2.14330e-13
2.800000000e+00  9.13844e-04  9.13844e-04  3.55198e-13
2.810000000e+00  9.05143e-04  9.05143e-04  5.00853e-13
2.820000000e+00  8.96538e-04  8.96538e-04  5.64918e-13
2.830000000e+00  8.88027e-04  8.88027e-04  5.82959e-13
2.840000000e+00  8.79608e-04  8.79608e-04  6.97190e-13
2.850000000e+00  8.71282e-04  8.71282e-04  5.02266e-13
2.860000000e+00  8.63047e-04  8.63047e-04  7.66478e-13
2.870000000e+00  8.54902e-04  8.54902e-04  1.29860e-12
2.880000000e+00  8.46846e-04  8.46846e-04  1.69218e-12
2.890000000e+00  8.38878e-04  8.38878e-04  2.32207e-12
2.900000000e+00  8.30996e-04  8.30996e-04  3.13946e-12
2.910000000e+00  8.23201e-04  8.23201e-04  3.72887e-12
2.920000000e+00  8.15490e-04  8.15490e-04  4.10788e-12
2.930000000e+00  8.07863e-04  8.07863e-04  4.34179e-12
2.940000000e+00  8.00320e-04  8.00320e-04  4.53904e-12
2.950000000e+00  7.92858e-04  7.92858e-04  4.77378e-12
2.960000000e+00  7.85477e-04  7.85477e-04  4.84696e-12
2.970000000e+00  7.78176e-04  7.78176e-04  4.66481e-12
2.980000000e+00  7.70954e-04  7.70954e-04  4.39938e-12
2.990000000e+00  7.63811e-04  7.63811e-04  4.38506e-12
3.000000000e+00  7.56745e-04  7.56745e-04  4.69699e-12
3.010000000e+00  7.49755e-04  7.49755e-04  5.06827e-12
3.020000000e+00  7.42841e-04  7.42841e-04  4.91069e-12
3.030000000e+00  7.36001e-04  7.36001e-04  5.11869e-12
3.040000000e+00  7.29236e-04  7.29236e-04  5.34430e-12
3.050000000e+00  7.22543e-04  7.22543e-04  5.47244e-12
3.060000000e+00  7.15922e-04  7.15922e-04  5.55956e-12
3.070000000e+00  7.09372e-04  7.09372e-04  5.68286e-12
3.080000000e+00  7.02893e-04  7.02893e-04  5.75413e-12
3.090000000e+00  6.96483e-04  6.96483e-04  5.75405e-12
3.100000000e+00  6.90142e-04  6.90142e-04  5.75644e-12
3.110000000e+00  6.83869e-04  6.83869e-04  5.73155e-12
3.120000000e+00  6.77663e-04  6.77663e-04  5.63776e-12
3.130000000e+00  6.71523e-04  6.71523e-04  5.56009e-12
3.140000000e+00  6.65449e-04  6.65449e-04  5.60635e-12
3.150000000e+00  6.59440e-04  6.59440e-04  5.67608e-12
3.160000000e+00  6.53495e-04  6.53494e-04  5.69979e-12
3.170000000e+00  6.47612e-04  6.47612e-04  5.69762e-12
3.180000000e+00  6.41793e-04  6.41793e-04  5.76789e-12
3.190000000e+00  6.36035e-04  6.36035e-04  5.83723e-12
3.200000000e+00  6.30339e-04  6.30339e-04  5.95202e-12
3.210000000e+00  6.24702e-04  6.24702e-04  6.06363e-12
3.220000000e+00  6.19126e-04  6.19126e-04  6.18225e-12
3.230000000e+00  6.13608e-04  6.13608e-04  6.29888e-12
3.240000000e+00  6.08149e-04  6.08149e-04  6.46314e-12
3.250000000e+00  6.02747e-04  6.02747e-04  6.56693e-12
3.260000000e+00  5.97402e-04  5.97402e-04  6.72168e-12
3.270000000e+00  5.92114e-04  5.92114e-04  6.83873e-12
3.280000000e+00  5.86881e-04  5.86881e-04  7.00184e-12
3.290000000e+00  5.81702e-04  5.81702e-04  7.16801e-12
3.300000000e+00  5.76579e-04  5.76579e-04  7.29435e-12
3.310000000e+00  5.71508e-04  5.71508e-04  7.43384e-12
3.320000000e+00  5.66491e-04  5.66491e-04  7.60961e-12
3.330000000e+00  5.61527e-04  5.61527e-04  7.70449e-12
3.340000000e+00  5.56614e-04  5.56614e-04  7.83514e-12
3.350000000e+00  5.51752e-04  5.51752e-04  7.92621e-12
3.360000000e+00  5.46941e-04  5.46941e-04  7.89613e-12
3.370000000e+00  5.42180e-04  5.42180e-04  8.16274e-12
3.380000000e+00  5.37468e-04  5.37468e-04  8.29181e-12
3.390000000e+00  5.32805e-04  5.32805e-04  8.39374e-12
3.400000000e+00  5.28190e-04  5.28190e-04  8.45137e-12
3.410000000e+00  5.23623e-04  5.23623e-04  8.49404e-12
3.420000000e+00  5.19104e-04  5.19104e-04  8.53983e-12
3.430000000e+00  5.14631e-04  5.14631e-04  8.58090e-12
3.440000000e+00  5.10203e-04  5.10203e-04  8.62011e-12
3.450000000e+00  5.05822e-04  5.05822e-04  8.64967e-12
3.460000000e+00  5.01485e-04  5.01485e-04  8.64313e-12
3.470000000e+00  4.97193e-04  4.97193e-04  8.62756e-12
3.480000000e+00  4.92945e-04  4.92945e-04  8.60836e-12
3.490000000e+00  4.88741e-04  4.88741e-04  8.58935e-12
3.500000000e+00  4.84579e-04  4.84579e-04  8.56953e-12
3.510000000e+00  4.80460e-04  4.80460e-04  8.54899e-12
3.520000000e+00  4.76383e-04  4.76383e-04  8.52088e-12
3.530000000e+00  4.72347e-04  4.72347e-04  8.47143e-12
3.540000000e+00  4.68352e-04  4.68352e-04  8.42010e-12
3.550000000e+00  4.64398e-04  4.64398e-04  8.36597e-12
3.560000000e+00  4.60484e-04  4.60484e-04  8.30376e-12
3.570000000e+00  4.56609e-04  4.56609e-04  8.22652e-12
3.580000000e+00  4.52774e-04  4.52774e-04  8.13878e-12
3.590000000e+00  4.48977e-04  4.48977e-04  8.03463e-12
3.600000000e+00  4.45219e-04  4.45219e-04  7.86699e-12
3.610000000e+00  4.41498e-04  4.41498e-04  7.74237e-12
3.620000000e+00  4.37815e-04  4.37815e-04  7.61490e-12
3.630000000e+00  4.34169e-04  4.34169e-04  7.63975e-12
3.640000000e+00  4.30559e-04  4.30559e-04  7.57871e-12
3.650000000e+00  4.26986e-04  4.26986e-04  7.47744e-12
3.660000000e+00  4.23448e-04  4.23448e-04  7.50169e-12
3.670000000e+00  4.19945e-04  4.19945e-04  7.53946e-12
3.680000000e+00  4.16478e-04  4.16478e-04  7.52329e-12
3.690000000e+00  4.13044e-04  4.13044e-04  7.46269e-12
3.700000000e+00  4.09645e-04  4.09645e-04  7.40350e-12
3.710000000e+00  4.06280e-04  4.06280e-04  7.34840e-12
3.720000000e+00  4.02948e-04  4.02948e-04  7.26591e-12
3.730000000e+00  3.99649e-04  3.99649e-04  7.20525e-12
3.740000000e+00  3.96383e-04  3.96383e-04  7.14966e-12
3.750000000e+00  3.93148e-04  3.93148e-04  7.06523e-12
3.760000000e+00  3.89946e-04  3.89946e-04  6.93836e-12
3.770000000e+00  3.86775e-04  3.86775e-04  6.80179e-12
3.780000000e+00  3.83635e-04  3.83635e-04  6.65550e-12
3.790000000e+00  3.80526e-04  3.80526e-04  6.49737e-12
3.800000000e+00  3.77448e-04  3.77448e-04  6.20936e-12
3.810000000e+00  3.74400e-04  3.74400e-04  5.85979e-12
3.820000000e+00  3.71381e-04  3.71381e-04  5.86063e-12
3.830000000e+00  3.68392e-04  3.68392e-04  6.03926e-12
3.840000000e+00  3.65432e-04  3.65432e-04  5.84538e-12
3.850000000e+00  3.62500e-04  3.62500e-04  5.71635e-12
3.860000000e+00  3.59597e-04  3.59597e-04  5.81543e-12
3.870000000e+00  3.56723e-04  3.56723e-04  5.98729e-12
3.880000000e+00  3.53876e-04  3.53876e-04  6.04906e-12
3.890000000e+00  3.51056e-04  3.51056e-04  6.05831e-12
3.900000000e+00  3.48264e-04  3.48264e-04  6.05498e-12
3.910000000e+00  3.45499e-04  3.45499e-04  6.02182e-12
3.920000000e+00  3.42760e-04  3.42760e-04  5.96145e-12
3.930000000e+00  3.40048e-04  3.40048e-04  5.87364e-12
3.940000000e+00  3.37361e-04  3.37361e-04  5.76551e-12
3.950000000e+00  3.34701e-04  3.34701e-04  5.64796e-12
3.960000000e+00  3.32066e-04  3.32066e-04  5.48963e-12
3.970000000e+00  3.29456e-04  3.29456e-04  5.35794e-12
3.980000000e+00  3.26870e-04  3.26870e-04  5.13186e-12
3.990000000e+00  3.24310e-04  3.24310e-04  4.98750e-12
4.000000000e+00  3.21774e-04  3.21774e-04  5.06298e-12
4.010000000e+00  3.19262e-04  3.19262e-04  5.08071e-12
4.020000000e+00  3.16773e-04  3.16773e-04  4.89524e-12
4.030000000e+00  3.14309e-04  3.14309e-04  4.85404e-12
4.040000000e+00  3.11867e-04  3.11867e-04  4.88436e-12
4.050000000e+00  3.09449e-04  3.09449e-04  4.94682e-12
4.060000000e+00  3.07053e-04  3.07053e-04  5.01167e-12
4.070000000e+00  3.04680e-04  3.04680e-04  4.99555e-12
4.080000000e+00  3.02329e-04  3.02329e-04  4.88970e-12
4.090000000e+00  3.00000e-04  3.00000e-04  4.78718e-12
4.100000000e+00  2.97693e-04  2.97693e-04  4.71790e-12
4.110000000e+00  2.95408e-04  2.95408e-04  4.69912e-12
4.120000000e+00  2.93144e-04  2.93144e-04  4.68977e-12
4.130000000e+00  2.90901e-04  2.90901e-04  4.64527e-12
4.140000000e+00  2.88679e-04  2.88679e-04  4.56198e-12
4.150000000e+00  2.86478e-04  2.86478e-04  4.54191e-12
4.160000000e+00  2.84297e-04  2.84297e-04  4.26048e-12
4.170000000e+00  2.82136e-04  2.82136e-04  3.44855e-12
4.180000000e+00  2.79995e-04  2.79995e-04  2.24129e-12
4.190000000e+00  2.77874e-04  2.77874e-04  1.31021e-12
4.200000000e+00  2.75773e-04  2.75773e-04  6.47341e-13
4.210000000e+00  2.73691e-04  2.73691e-04  2.36817e-13
4.220000000e+00  2.71628e-04  2.71628e-04  9.68790e-14
4.230000000e+00  2.69584e-04  2.69584e-04  4.88368e-14
4.240000000e+00  2.67559e-04  2.67559e-04  3.71268e-14
4.250000000e+00  2.65552e-04  2.65552e-04  3.52965e-14
4.260000000e+00  2.63564e-04  2.63564e-04  4.27812e-14
4.270000000e+00  2.61594e-04  2.61594e-04  4.66149e-14
4.280000000e+00  2.59642e-04  2.59642e-04  3.82230e-14
4.290000000e+00  2.57707e-04  2.57707e-04  3.93925e-14
4.300000000e+00  2.55790e-04  2.55790e-04  4.51973e-14
4.310000000e+00  2.53891e-04  2.53891e-04  5.42460e-14
4.320000000e+00  2.52009e-04  2.52009e-04  6.94791e-14
4.330000000e+00  2.50144e-04  2.50144e-04  1.01180e-13
4.340000000e+00  2.48295e-04  2.48295e-04  1.31635e-13
4.350000000e+00  2.46463e-04  2.46463e-04  1.54350e-13
4.360000000e+00  2.44648e-04  2.44648e-04  1.54698e-13
4.370000000e+00  2.42849e-04  2.42849e-04  1.63710e-13
4.380000000e+00  2.41067e-04  2.41067e-04  2.04232e-13
4.390000000e+00  2.39300e-04  2.39300e-04  2.75289e-13
4.400000000e+00  2.37549e-04  2.37549e-04  2.07310e-13
4.410000000e+00  2.35814e-04  2.35814e-04  2.10771e-13
4.420000000e+00  2.34094e-04  2.34094e-04  2.47467e-13
4.430000000e+00  2.32390e-04  2.32390e-04  3.16973e-13
4.440000000e+00  2.30700e-04  2.30700e-04  4.22330e-13
4.450000000e+00  2.29026e-04  2.29026e-04  5.99824e-13
4.460000000e+00  2.27367e-04  2.27367e-04  8.51113e-13
4.470000000e+00  2.25722e-04  2.25722e-04  1.05500e-12
4.480000000e+00  2.24092e-04  2.24092e-04  1.48063e-12
4.490000000e+00  2.22476e-04  2.22476e-04  1.83522e-12
4.500000000e+00  2.20874e-04  2.20874e-04  2.12639e-12
4.510000000e+00  2.19287e-04  2.19287e-04  2.40849e-12
4.520000000e+00  2.17714e-04  2.17714e-04  2.58071e-12
4.530000000e+00  2.16154e-04  2.16154e-04  2.77534e-12
4.540000000e+00  2.14608e-04  2.14608e-04  2.91162e-12
4.550000000e+00  2.13075e-04  2.13075e-04  3.00752e-12
4.560000000e+00  2.11556e-04  2.11556e-04  3.04399e-12
4.570000000e+00  2.10051e-04  2.10051e-04  3.06580e-12
4.580000000e+00  2.08558e-04  2.08558e-04  3.07188e-12
4.590000000e+00  2.07078e-04  2.07078e-04  3.06916e-12
4.600000000e+00  2.05611e-04  2.05611e-04  3.06272e-12
4.610000000e+00  2.04157e-04  2.04157e-04  3.04658e-12
4.620000000e+00  2.02716e-04  2.02716e-04  2.97554e-12
4.630000000e+00  2.01287e-04  2.01287e-04  2.93569e-12
4.640000000e+00  1.99870e-04  1.99870e-04  2.94225e-12
4.650000000e+00  1.98466e-04  1.98466e-04  2.93357e-12
4.660000000e+00  1.97073e-04  1.97073e-04  2.93325e-12
4.670000000e+00  1.95693e-04  1.95693e-04  2.92128e-12
4.680000000e+00  1.94324e-04  1.94324e-04  2.84743e-12
4.690000000e+00  1.92967e-04  1.92967e-04  2.79812e-12
4.700000000e+00  1.91622e-04  1.91622e-04  2.73052e-12
4.710000000e+00  1.90288e-04  1.90288e-04  2.39480e-12
4.720000000e+00  1.88966e-04  1.88966e-04  2.60840e-12
4.730000000e+00  1.87655e-04  1.87655e-04  2.51551e-12
4.740000000e+00  1.86355e-04  1.86355e-04  2.46611e-12
4.750000000e+00  1.85066e-04  1.85066e-04  2.41794e-12
4.760000000e+00  1.83788e-04  1.83788e-04  2.37784e-12
4.770000000e+00  1.82521e-04  1.82521e-04  2.39212e-12
4.780000000e+00  1.81265e-04  1.81265e-04  2.24578e-12
4.790000000e+00  1.80019e-04  1.80019e-04  2.19256e-12
4.800000000e+00  1.78783e-04  1.78783e-04  2.18360e-12
4.810000000e+00  1.77559e-04  1.77559e-04  2.08560e-12
4.820000000e+00  1.76344e-04  1.76344e-04  1.42462e-12
4.830000000e+00  1.75140e-04  1.75140e-04  1.76423e-12
4.840000000e+00  1.73945e-04  1.73945e-04  1.86053e-12
4.850000000e+00  1.72761e-04  1.72761e-04  1.85061e-12
4.860000000e+00  1.71587e-04  1.71587e-04  1.74839e-12
4.870000000e+00  1.70422e-04  1.70422e-04  1.87058e-12
4.880000000e+00  1.69267e-04  1.69267e-04  2.00307e-12
4.890000000e+00  1.68122e-04  1.68122e-04  1.92600e-12
4.900000000e+00  1.66986e-04  1.66986e-04  2.19063e-12
4.910000000e+00  1.65860e-04  1.65860e-04  2.24582e-12
4.920000000e+00  1.64743e-04  1.64743e-04  2.03475e-12
4.930000000e+00  1.63635e-04  1.63635e-04  2.26522e-12
4.940000000e+00  1.62536e-04  1.62536e-04  2.28850e-12
4.950000000e+00  1.61447e-04  1.61447e-04  2.26909e-12
4.960000000e+00  1.60366e-04  1.60366e-04  2.26754e-12
4.970000000e+00  1.59294e-04  1.59294e-04  2.33562e-12
4.980000000e+00  1.58232e-04  1.58232e-04  2.34334e-12
4.990000000e+00  1.57177e-04  1.57177e-04  2.34939e-12
5.000000000e+00  1.56132e-04  1.56132e-04  2.25130e-12
results_trn.txt
# ------------------------------------------------------------------------
# NASA-GSFC Planetary Spectrum Generator (PSG, Villanueva et al. 2015)
# Atmospheric transmittance spectrum synthesized with PUMAS (Villanueva et al. 2016, Smith et al. 2009, Edwards 1992)
# Synthesized on Tue Nov 21 15:11:15 2017
# Molecular abundance profile: 
# Molecules considered: N2,CO2,H2O
# Molecular sources: HIT[22],HIT[2],HIT[1]
# Molecular abundances: 1,1,1
# Molecular abundance units: scl,scl,scl
# Collission-Induced-Absorption:  N2-N2(3.71-5.00um)
# Rayleigh scattering included
# ------------------------------------------------------------------------
# Aerosols considered: WaterIce,Cloud
# Aerosols sources: CRISM_Wolff[reff=2.0um 0.31-99.57um],White_GSFC[reff=1.0um 0.10-1000000.00um]
# Aerosols opacities: 1,1
# Aerosols opacity units: scl,scl
# ------------------------------------------------------------------------
# Spectral unit: Wavelength [um]
# Wave/freq Total N2 CO2 H2O WaterIce Cloud Rayleigh CIA
1.000000000e+00  0.00000  1.00000  0.99996  0.97615  0.00000  0.00000  0.97244  1.00000
1.010000000e+00  0.00000  1.00000  0.99999  0.96762  0.00000  0.00000  0.97350  1.00000
1.020000000e+00  0.00000  1.00000  1.00000  0.98485  0.00000  0.00000  0.97451  1.00000
1.030000000e+00  0.00000  1.00000  0.99999  0.98721  0.00000  0.00000  0.97548  1.00000
1.040000000e+00  0.00000  1.00000  0.79598  0.99849  0.00000  0.00000  0.97640  1.00000
1.050000000e+00  0.00000  1.00000  0.98659  0.99943  0.00000  0.00000  0.97727  1.00000
1.060000000e+00  0.00000  1.00000  0.96721  0.99833  0.00000  0.00000  0.97811  1.00000
1.070000000e+00  0.00000  1.00000  0.94044  0.98825  0.00000  0.00000  0.97891  1.00000
1.080000000e+00  0.00000  1.00000  0.99395  0.94268  0.00000  0.00000  0.97967  1.00000
1.090000000e+00  0.00000  1.00000  0.99963  0.89090  0.00000  0.00000  0.98040  1.00000
1.100000000e+00  0.00000  1.00000  0.99829  0.77242  0.00000  0.00000  0.98109  1.00000
1.110000000e+00  0.00000  1.00000  1.00000  0.51244  0.00000  0.00000  0.98176  1.00000
1.120000000e+00  0.00000  1.00000  0.97621  0.08602  0.00000  0.00000  0.98240  1.00000
1.130000000e+00  0.00000  1.00000  0.99657  0.02284  0.00000  0.00000  0.98301  1.00000
1.140000000e+00  0.00000  1.00000  0.99262  0.19279  0.00000  0.00000  0.98359  1.00000
1.150000000e+00  0.00000  1.00000  0.99779  0.09742  0.00000  0.00000  0.98415  1.00000
1.160000000e+00  0.00000  1.00000  0.99755  0.32177  0.00000  0.00000  0.98468  1.00000
1.170000000e+00  0.00000  1.00000  0.99992  0.58858  0.00000  0.00000  0.98520  1.00000
1.180000000e+00  0.00000  1.00000  0.99951  0.72589  0.00000  0.00000  0.98569  1.00000
1.190000000e+00  0.00000  1.00000  0.99995  0.66643  0.00000  0.00000  0.98616  1.00000
1.200000000e+00  0.00000  1.00000  0.99982  0.69127  0.00000  0.00000  0.98661  1.00000
1.210000000e+00  0.00000  1.00000  0.08513  0.80108  0.00000  0.00000  0.98705  1.00000
1.220000000e+00  0.00000  1.00000  0.56887  0.86291  0.00000  0.00000  0.98746  1.00000
1.230000000e+00  0.00000  1.00000  0.39417  0.89844  0.00000  0.00000  0.98786  1.00000
1.240000000e+00  0.00000  1.00000  0.83940  0.98347  0.00000  0.00000  0.98825  1.00000
1.250000000e+00  0.00000  1.00000  0.98872  0.99699  0.00000  0.00000  0.98862  1.00000
1.260000000e+00  0.00000  1.00000  0.95787  0.99707  0.00000  0.00000  0.98897  1.00000
1.270000000e+00  0.00000  1.00000  0.95958  0.99102  0.00000  0.00000  0.98931  1.00000
1.280000000e+00  0.00000  1.00000  0.99904  0.97977  0.00000  0.00000  0.98964  1.00000
1.290000000e+00  0.00000  1.00000  0.88219  0.94598  0.00000  0.00000  0.98996  1.00000
1.300000000e+00  0.00000  1.00000  0.82875  0.85309  0.00000  0.00000  0.99026  1.00000
1.310000000e+00  0.00000  1.00000  0.99211  0.74254  0.00000  0.00000  0.99056  1.00000
1.320000000e+00  0.00000  1.00000  0.41501  0.57634  0.00000  0.00000  0.99084  1.00000
1.330000000e+00  0.00000  1.00000  0.96840  0.43047  0.00000  0.00000  0.99111  1.00000
1.340000000e+00  0.00000  1.00000  0.56816  0.27813  0.00000  0.00000  0.99137  1.00000
1.350000000e+00  0.00000  1.00000  0.85272  0.02316  0.00000  0.00000  0.99162  1.00000
1.360000000e+00  0.00000  1.00000  0.98784  0.00000  0.00000  0.00000  0.99186  1.00000
1.370000000e+00  0.00000  1.00000  0.96996  0.00000  0.00000  0.00000  0.99210  1.00000
1.380000000e+00  0.00000  1.00000  0.96143  0.00001  0.00000  0.00000  0.99232  1.00000
1.390000000e+00  0.00000  1.00000  0.99289  0.00000  0.00000  0.00000  0.99254  1.00000
1.400000000e+00  0.00000  1.00000  0.99613  0.00003  0.00000  0.00000  0.99275  1.00000
1.410000000e+00  0.00000  1.00000  0.99980  0.00000  0.00000  0.00000  0.99295  1.00000
1.420000000e+00  0.00000  1.00000  0.99942  0.00307  0.00000  0.00000  0.99315  1.00000
1.430000000e+00  0.00000  1.00000  0.68481  0.00807  0.00000  0.00000  0.99334  1.00000
1.440000000e+00  0.00000  1.00000  0.00000  0.00858  0.00000  0.00000  0.99352  1.00000
1.450000000e+00  0.00000  1.00000  0.01298  0.04443  0.00000  0.00000  0.99370  1.00000
1.460000000e+00  0.00000  1.00000  0.64377  0.14404  0.00000  0.00000  0.99387  1.00000
1.470000000e+00  0.00000  1.00000  0.97505  0.04910  0.00000  0.00000  0.99403  1.00000
1.480000000e+00  0.00000  1.00000  0.41228  0.11395  0.00000  0.00000  0.99419  1.00000
1.490000000e+00  0.00000  1.00000  0.74979  0.11549  0.00000  0.00000  0.99435  1.00000
1.500000000e+00  0.00000  1.00000  0.55757  0.45350  0.00000  0.00000  0.99449  1.00000
1.510000000e+00  0.00000  1.00000  0.98158  0.59695  0.00000  0.00000  0.99464  1.00000
1.520000000e+00  0.00000  1.00000  0.98662  0.76651  0.00000  0.00000  0.99478  1.00000
1.530000000e+00  0.00000  1.00000  0.32590  0.84449  0.00000  0.00000  0.99491  1.00000
1.540000000e+00  0.00000  1.00000  0.13439  0.94476  0.00000  0.00000  0.99504  1.00000
1.550000000e+00  0.00000  1.00000  0.65043  0.97078  0.00000  0.00000  0.99517  1.00000
1.560000000e+00  0.00000  1.00000  0.93885  0.99208  0.00000  0.00000  0.99529  1.00000
1.570000000e+00  0.00000  1.00000  0.30857  0.98439  0.00000  0.00000  0.99541  1.00000
1.580000000e+00  0.00000  1.00000  0.00020  0.98753  0.00000  0.00000  0.99553  1.00000
1.590000000e+00  0.00000  1.00000  0.34262  0.98856  0.00000  0.00000  0.99564  1.00000
1.600000000e+00  0.00000  1.00000  0.21613  0.98240  0.00000  0.00000  0.99574  1.00000
1.610000000e+00  0.00000  1.00000  0.00211  0.99358  0.00000  0.00000  0.99585  1.00000
1.620000000e+00  0.00000  1.00000  0.01887  0.99359  0.00000  0.00000  0.99595  1.00000
1.630000000e+00  0.00000  1.00000  0.39690  0.99789  0.00000  0.00000  0.99605  1.00000
1.640000000e+00  0.00000  1.00000  0.30776  0.99338  0.00000  0.00000  0.99614  1.00000
1.650000000e+00  0.00000  1.00000  0.23114  0.98206  0.00000  0.00000  0.99624  1.00000
1.660000000e+00  0.00000  1.00000  0.39375  0.98019  0.00000  0.00000  0.99633  1.00000
1.670000000e+00  0.00000  1.00000  0.56392  0.98121  0.00000  0.00000  0.99641  1.00000
1.680000000e+00  0.00000  1.00000  0.80142  0.97116  0.00000  0.00000  0.99650  1.00000
1.690000000e+00  0.00000  1.00000  0.93787  0.97623  0.00000  0.00000  0.99658  1.00000
1.700000000e+00  0.00000  1.00000  0.98485  0.90995  0.00000  0.00000  0.99666  1.00000
1.710000000e+00  0.00000  1.00000  0.92851  0.91137  0.00000  0.00000  0.99674  1.00000
1.720000000e+00  0.00000  1.00000  0.96327  0.92584  0.00000  0.00000  0.99681  1.00000
1.730000000e+00  0.00000  1.00000  0.99269  0.88055  0.00000  0.00000  0.99688  1.00000
1.740000000e+00  0.00000  1.00000  0.99938  0.77776  0.00000  0.00000  0.99696  1.00000
1.750000000e+00  0.00000  1.00000  0.99894  0.71145  0.00000  0.00000  0.99702  1.00000
1.760000000e+00  0.00000  1.00000  0.89921  0.72727  0.00000  0.00000  0.99709  1.00000
1.770000000e+00  0.00000  1.00000  0.95923  0.56717  0.00000  0.00000  0.99716  1.00000
1.780000000e+00  0.00000  1.00000  0.99535  0.40056  0.00000  0.00000  0.99722  1.00000
1.790000000e+00  0.00000  1.00000  0.88508  0.24757  0.00000  0.00000  0.99728  1.00000
1.800000000e+00  0.00000  1.00000  0.95140  0.11867  0.00000  0.00000  0.99734  1.00000
1.810000000e+00  0.00000  1.00000  0.98802  0.01775  0.00000  0.00000  0.99740  1.00000
1.820000000e+00  0.00000  1.00000  0.99578  0.00136  0.00000  0.00000  0.99746  1.00000
1.830000000e+00  0.00000  1.00000  0.99931  0.00002  0.00000  0.00000  0.99751  1.00000
1.840000000e+00  0.00000  1.00000  0.99973  0.00000  0.00000  0.00000  0.99756  1.00000
1.850000000e+00  0.00000  1.00000  0.99760  0.00000  0.00000  0.00000  0.99762  1.00000
1.860000000e+00  0.00000  1.00000  0.99713  0.00000  0.00000  0.00000  0.99767  1.00000
1.870000000e+00  0.00000  1.00000  0.97889  0.00000  0.00000  0.00000  0.99772  1.00000
1.880000000e+00  0.00000  1.00000  0.10620  0.00000  0.00000  0.00000  0.99776  1.00000
1.890000000e+00  0.00000  1.00000  0.12455  0.00001  0.00000  0.00000  0.99781  1.00000
1.900000000e+00  0.00000  1.00000  0.51950  0.00004  0.00000  0.00000  0.99786  1.00000
1.910000000e+00  0.00000  1.00000  0.64925  0.00000  0.00000  0.00000  0.99790  1.00000
1.920000000e+00  0.00000  1.00000  0.86490  0.00001  0.00000  0.00000  0.99794  1.00000
1.930000000e+00  0.00000  1.00000  0.84444  0.00005  0.00000  0.00000  0.99799  1.00000
1.940000000e+00  0.00000  1.00000  0.19995  0.00096  0.00000  0.00000  0.99803  1.00000
1.950000000e+00  0.00000  1.00000  0.00000  0.01066  0.00000  0.00000  0.99807  1.00000
1.960000000e+00  0.00000  1.00000  0.00000  0.02908  0.00000  0.00000  0.99811  1.00000
1.970000000e+00  0.00000  1.00000  0.00000  0.26975  0.00000  0.00000  0.99815  1.00000
1.980000000e+00  0.00000  1.00000  0.00000  0.39641  0.00000  0.00000  0.99818  1.00000
1.990000000e+00  0.00000  1.00000  0.00423  0.45728  0.00000  0.00000  0.99822  1.00000
2.000000000e+00  0.00000  1.00000  0.00000  0.58458  0.00000  0.00000  0.99825  1.00000
2.010000000e+00  0.00000  1.00000  0.00000  0.48568  0.00000  0.00000  0.99829  1.00000
2.020000000e+00  0.00000  1.00000  0.00000  0.63351  0.00000  0.00000  0.99832  1.00000
2.030000000e+00  0.00000  1.00000  0.00000  0.83212  0.00000  0.00000  0.99835  1.00000
2.040000000e+00  0.00000  1.00000  0.00000  0.85919  0.00000  0.00000  0.99839  1.00000
2.050000000e+00  0.00000  1.00000  0.00000  0.93557  0.00000  0.00000  0.99842  1.00000
2.060000000e+00  0.00000  1.00000  0.00000  0.86402  0.00000  0.00000  0.99845  1.00000
2.070000000e+00  0.00000  1.00000  0.00000  0.89014  0.00000  0.00000  0.99848  1.00000
2.080000000e+00  0.00000  1.00000  0.00000  0.92720  0.00000  0.00000  0.99851  1.00000
2.090000000e+00  0.00000  1.00000  0.00000  0.92491  0.00000  0.00000  0.99854  1.00000
2.100000000e+00  0.00000  1.00000  0.00004  0.95561  0.00000  0.00000  0.99856  1.00000
2.110000000e+00  0.00000  1.00000  0.01993  0.96440  0.00000  0.00000  0.99859  1.00000
2.120000000e+00  0.00000  1.00000  0.06902  0.90545  0.00000  0.00000  0.99862  1.00000
2.130000000e+00  0.00000  1.00000  0.44473  0.86543  0.00000  0.00000  0.99864  1.00000
2.140000000e+00  0.00000  1.00000  0.63656  0.96910  0.00000  0.00000  0.99867  1.00000
2.150000000e+00  0.00000  1.00000  0.27642  0.98570  0.00000  0.00000  0.99869  1.00000
2.160000000e+00  0.00000  1.00000  0.34401  0.94309  0.00000  0.00000  0.99872  1.00000
2.170000000e+00  0.00000  1.00000  0.22838  0.87912  0.00000  0.00000  0.99874  1.00000
2.180000000e+00  0.00000  1.00000  0.54145  0.90152  0.00000  0.00000  0.99876  1.00000
2.190000000e+00  0.00000  1.00000  0.83149  0.79211  0.00000  0.00000  0.99878  1.00000
2.200000000e+00  0.00000  1.00000  0.88723  0.87292  0.00000  0.00000  0.99881  1.00000
2.210000000e+00  0.00000  1.00000  0.96487  0.90989  0.00000  0.00000  0.99883  1.00000
2.220000000e+00  0.00000  1.00000  0.95044  0.93159  0.00000  0.00000  0.99885  1.00000
2.230000000e+00  0.00000  1.00000  0.95410  0.95504  0.00000  0.00000  0.99887  1.00000
2.240000000e+00  0.00000  1.00000  0.98696  0.97900  0.00000  0.00000  0.99889  1.00000
2.250000000e+00  0.00000  1.00000  0.97826  0.98313  0.00000  0.00000  0.99891  1.00000
2.260000000e+00  0.00000  1.00000  0.94812  0.99340  0.00000  0.00000  0.99893  1.00000
2.270000000e+00  0.00000  1.00000  0.98752  0.98640  0.00000  0.00000  0.99895  1.00000
2.280000000e+00  0.00000  1.00000  0.97366  0.99753  0.00000  0.00000  0.99897  1.00000
2.290000000e+00  0.00000  1.00000  0.99201  0.98697  0.00000  0.00000  0.99898  1.00000
2.300000000e+00  0.00000  1.00000  0.99603  0.92193  0.00000  0.00000  0.99900  1.00000
2.310000000e+00  0.00000  1.00000  0.99747  0.97521  0.00000  0.00000  0.99902  1.00000
2.320000000e+00  0.00000  1.00000  0.99907  0.93779  0.00000  0.00000  0.99903  1.00000
2.330000000e+00  0.00000  1.00000  0.99989  0.93079  0.00000  0.00000  0.99905  1.00000
2.340000000e+00  0.00000  1.00000  0.99990  0.94427  0.00000  0.00000  0.99907  1.00000
2.350000000e+00  0.00000  1.00000  0.99987  0.85598  0.00000  0.00000  0.99908  1.00000
2.360000000e+00  0.00000  1.00000  0.99968  0.72698  0.00000  0.00000  0.99910  1.00000
2.370000000e+00  0.00000  1.00000  0.99823  0.75110  0.00000  0.00000  0.99911  1.00000
2.380000000e+00  0.00000  1.00000  0.99715  0.56813  0.00000  0.00000  0.99913  1.00000
2.390000000e+00  0.00000  1.00000  0.99068  0.46560  0.00000  0.00000  0.99914  1.00000
2.400000000e+00  0.00000  1.00000  0.98873  0.55065  0.00000  0.00000  0.99916  1.00000
2.410000000e+00  0.00000  1.00000  0.98694  0.37980  0.00000  0.00000  0.99917  1.00000
2.420000000e+00  0.00000  1.00000  0.99686  0.19188  0.00000  0.00000  0.99918  1.00000
2.430000000e+00  0.00000  1.00000  0.99991  0.39284  0.00000  0.00000  0.99920  1.00000
2.440000000e+00  0.00000  1.00000  0.99986  0.09365  0.00000  0.00000  0.99921  1.00000
2.450000000e+00  0.00000  1.00000  0.99965  0.16392  0.00000  0.00000  0.99922  1.00000
2.460000000e+00  0.00000  1.00000  0.99949  0.25937  0.00000  0.00000  0.99924  1.00000
2.470000000e+00  0.00000  1.00000  0.99266  0.22364  0.00000  0.00000  0.99925  1.00000
2.480000000e+00  0.00000  1.00000  0.97020  0.11467  0.00000  0.00000  0.99926  1.00000
2.490000000e+00  0.00000  1.00000  0.32551  0.00750  0.00000  0.00000  0.99927  1.00000
2.500000000e+00  0.00000  1.00000  0.73681  0.00625  0.00000  0.00000  0.99928  1.00000
2.510000000e+00  0.00000  1.00000  0.70675  0.00194  0.00000  0.00000  0.99930  1.00000
2.520000000e+00  0.00000  1.00000  0.68353  0.00069  0.00000  0.00000  0.99931  1.00000
2.530000000e+00  0.00000  1.00000  0.84020  0.00000  0.00000  0.00000  0.99932  1.00000
2.540000000e+00  0.00000  1.00000  0.90363  0.00000  0.00000  0.00000  0.99933  1.00000
2.550000000e+00  0.00000  1.00000  0.97586  0.00000  0.00000  0.00000  0.99934  1.00000
2.560000000e+00  0.00000  1.00000  0.94475  0.00000  0.00000  0.00000  0.99935  1.00000
2.570000000e+00  0.00000  1.00000  0.96778  0.00000  0.00000  0.00000  0.99936  1.00000
2.580000000e+00  0.00000  1.00000  0.79235  0.00000  0.00000  0.00000  0.99937  1.00000
2.590000000e+00  0.00000  1.00000  0.54608  0.00000  0.00000  0.00000  0.99938  1.00000
2.600000000e+00  0.00000  1.00000  0.65047  0.00000  0.00000  0.00000  0.99939  1.00000
2.610000000e+00  0.00000  1.00000  0.18988  0.00000  0.00000  0.00000  0.99940  1.00000
2.620000000e+00  0.00000  1.00000  0.07367  0.00000  0.00000  0.00000  0.99941  1.00000
2.630000000e+00  0.00000  1.00000  0.25223  0.00000  0.00000  0.00000  0.99942  1.00000
2.640000000e+00  0.00000  1.00000  0.21536  0.00000  0.00000  0.00000  0.99942  1.00000
2.650000000e+00  0.00000  1.00000  0.38254  0.00000  0.00000  0.00000  0.99943  1.00000
2.660000000e+00  0.00000  1.00000  0.00072  0.00000  0.00000  0.00000  0.99944  1.00000
2.670000000e+00  0.00000  1.00000  0.00000  0.00000  0.00000  0.00000  0.99945  1.00000
2.680000000e+00  0.00000  1.00000  0.00000  0.00000  0.00000  0.00000  0.99946  1.00000
2.690000000e+00  0.00000  1.00000  0.00000  0.00000  0.00000  0.00000  0.99947  1.00000
2.700000000e+00  0.00000  1.00000  0.00000  0.00000  0.00000  0.00000  0.99947  1.00000
2.710000000e+00  0.00000  1.00000  0.00000  0.00000  0.00000  0.00000  0.99948  1.00000
2.720000000e+00  0.00000  1.00000  0.00000  0.00000  0.00000  0.00000  0.99949  1.00000
2.730000000e+00  0.00000  1.00000  0.00000  0.00000  0.00000  0.00000  0.99950  1.00000
2.740000000e+00  0.00000  1.00000  0.00000  0.00000  0.00000  0.00000  0.99950  1.00000
2.750000000e+00  0.00000  1.00000  0.00000  0.00000  0.00000  0.00000  0.99951  1.00000
2.760000000e+00  0.00000  1.00000  0.00000  0.00000  0.00000  0.00000  0.99952  1.00000
2.770000000e+00  0.00000  1.00000  0.00000  0.00000  0.00000  0.00000  0.99952  1.00000
2.780000000e+00  0.00000  1.00000  0.00000  0.00000  0.00000  0.00000  0.99953  1.00000
2.790000000e+00  0.00000  1.00000  0.00000  0.00000  0.00000  0.00000  0.99954  1.00000
2.800000000e+00  0.00000  1.00000  0.00000  0.00000  0.00000  0.00000  0.99954  1.00000
2.810000000e+00  0.00000  1.00000  0.00000  0.00000  0.00000  0.00000  0.99955  1.00000
2.820000000e+00  0.00000  1.00000  0.00000  0.00000  0.00000  0.00000  0.99956  1.00000
2.830000000e+00  0.00000  1.00000  0.00000  0.00000  0.00000  0.00000  0.99956  1.00000
2.840000000e+00  0.00000  1.00000  0.00000  0.00000  0.00000  0.00000  0.99957  1.00000
2.850000000e+00  0.00000  1.00000  0.00000  0.00001  0.00000  0.00000  0.99958  1.00000
2.860000000e+00  0.00000  1.00000  0.00000  0.00000  0.00000  0.00000  0.99958  1.00000
2.870000000e+00  0.00000  1.00000  0.00000  0.00005  0.00000  0.00000  0.99959  1.00000
2.880000000e+00  0.00000  1.00000  0.00000  0.00015  0.00000  0.00000  0.99959  1.00000
2.890000000e+00  0.00000  1.00000  0.00003  0.00011  0.00000  0.00000  0.99960  1.00000
2.900000000e+00  0.00000  1.00000  0.00462  0.00584  0.00000  0.00000  0.99960  1.00000
2.910000000e+00  0.00000  1.00000  0.08729  0.00153  0.00000  0.00000  0.99961  1.00000
2.920000000e+00  0.00000  1.00000  0.35999  0.00243  0.00000  0.00000  0.99961  1.00000
2.930000000e+00  0.00000  1.00000  0.56639  0.01334  0.00000  0.00000  0.99962  1.00000
2.940000000e+00  0.00000  1.00000  0.69252  0.05101  0.00000  0.00000  0.99963  1.00000
2.950000000e+00  0.00000  1.00000  0.82777  0.00186  0.00000  0.00000  0.99963  1.00000
2.960000000e+00  0.00000  1.00000  0.42714  0.01688  0.00000  0.00000  0.99964  1.00000
2.970000000e+00  0.00000  1.00000  0.05338  0.04702  0.00000  0.00000  0.99964  1.00000
2.980000000e+00  0.00000  1.00000  0.00374  0.00009  0.00000  0.00000  0.99964  1.00000
2.990000000e+00  0.00000  1.00000  0.01426  0.06713  0.00000  0.00000  0.99965  1.00000
3.000000000e+00  0.00000  1.00000  0.28617  0.09858  0.00000  0.00000  0.99965  1.00000
3.010000000e+00  0.00000  1.00000  0.30357  0.07669  0.00000  0.00000  0.99966  1.00000
3.020000000e+00  0.00000  1.00000  0.05681  0.05317  0.00000  0.00000  0.99966  1.00000
3.030000000e+00  0.00000  1.00000  0.11653  0.04649  0.00000  0.00000  0.99967  1.00000
3.040000000e+00  0.00000  1.00000  0.32097  0.00926  0.00000  0.00000  0.99967  1.00000
3.050000000e+00  0.00000  1.00000  0.63936  0.01147  0.00000  0.00000  0.99968  1.00000
3.060000000e+00  0.00000  1.00000  0.68976  0.01711  0.00000  0.00000  0.99968  1.00000
3.070000000e+00  0.00000  1.00000  0.83664  0.00962  0.00000  0.00000  0.99968  1.00000
3.080000000e+00  0.00000  1.00000  0.87284  0.03681  0.00000  0.00000  0.99969  1.00000
3.090000000e+00  0.00000  1.00000  0.93201  0.00117  0.00000  0.00000  0.99969  1.00000
3.100000000e+00  0.00000  1.00000  0.89981  0.00101  0.00000  0.00000  0.99970  1.00000
3.110000000e+00  0.00000  1.00000  0.71986  0.01409  0.00000  0.00000  0.99970  1.00000
3.120000000e+00  0.00000  1.00000  0.49272  0.00189  0.00000  0.00000  0.99970  1.00000
3.130000000e+00  0.00000  1.00000  0.39741  0.07184  0.00000  0.00000  0.99971  1.00000
3.140000000e+00  0.00000  1.00000  0.55646  0.16631  0.00000  0.00000  0.99971  1.00000
3.150000000e+00  0.00000  1.00000  0.75967  0.03315  0.00000  0.00000  0.99972  1.00000
3.160000000e+00  0.00000  1.00000  0.60765  0.12200  0.00000  0.00000  0.99972  1.00000
3.170000000e+00  0.00000  1.00000  0.43604  0.67218  0.00000  0.00000  0.99972  1.00000
3.180000000e+00  0.00000  1.00000  0.50188  0.52681  0.00000  0.00000  0.99973  1.00000
3.190000000e+00  0.00000  1.00000  0.67220  0.24056  0.00000  0.00000  0.99973  1.00000
3.200000000e+00  0.00000  1.00000  0.83690  0.05637  0.00000  0.00000  0.99973  1.00000
3.210000000e+00  0.00000  1.00000  0.93582  0.00004  0.00000  0.00000  0.99974  1.00000
3.220000000e+00  0.00000  1.00000  0.91270  0.00024  0.00000  0.00000  0.99974  1.00000
3.230000000e+00  0.00000  1.00000  0.90614  0.00327  0.00000  0.00000  0.99974  1.00000
3.240000000e+00  0.00000  1.00000  0.95131  0.13132  0.00000  0.00000  0.99975  1.00000
3.250000000e+00  0.00000  1.00000  0.98831  0.04805  0.00000  0.00000  0.99975  1.00000
3.260000000e+00  0.00000  1.00000  0.99669  0.31054  0.00000  0.00000  0.99975  1.00000
3.270000000e+00  0.00000  1.00000  0.99629  0.02120  0.00000  0.00000  0.99975  1.00000
3.280000000e+00  0.00000  1.00000  0.99692  0.06273  0.00000  0.00000  0.99976  1.00000
3.290000000e+00  0.00000  1.00000  0.99860  0.30914  0.00000  0.00000  0.99976  1.00000
3.300000000e+00  0.00000  1.00000  0.99938  0.14850  0.00000  0.00000  0.99976  1.00000
3.310000000e+00  0.00000  1.00000  0.99950  0.02168  0.00000  0.00000  0.99977  1.00000
3.320000000e+00  0.00000  1.00000  0.99903  0.21381  0.00000  0.00000  0.99977  1.00000
3.330000000e+00  0.00000  1.00000  0.99379  0.06884  0.00000  0.00000  0.99977  1.00000
3.340000000e+00  0.00000  1.00000  0.97877  0.38194  0.00000  0.00000  0.99977  0.99990
3.350000000e+00  0.00000  1.00000  0.96606  0.14043  0.00000  0.00000  0.99978  0.99987
3.360000000e+00  0.00000  1.00000  0.86150  0.14872  0.00000  0.00000  0.99978  0.99991
3.370000000e+00  0.00000  1.00000  0.96011  0.20028  0.00000  0.00000  0.99978  0.99984
3.380000000e+00  0.00000  1.00000  0.97146  0.32040  0.00000  0.00000  0.99978  0.99994
3.390000000e+00  0.00000  1.00000  0.98474  0.45293  0.00000  0.00000  0.99979  0.99992
3.400000000e+00  0.00000  1.00000  0.99449  0.67076  0.00000  0.00000  0.99979  0.99996
3.410000000e+00  0.00000  1.00000  0.99800  0.50636  0.00000  0.00000  0.99979  0.99997
3.420000000e+00  0.00000  1.00000  0.99932  0.63858  0.00000  0.00000  0.99979  1.00000
3.430000000e+00  0.00000  1.00000  0.99912  0.88259  0.00000  0.00000  0.99980  0.99995
3.440000000e+00  0.00000  1.00000  0.99933  0.77958  0.00000  0.00000  0.99980  0.99992
3.450000000e+00  0.00000  1.00000  0.99658  0.77947  0.00000  0.00000  0.99980  0.99981
3.460000000e+00  0.00000  1.00000  0.99741  0.72967  0.00000  0.00000  0.99980  0.99993
3.470000000e+00  0.00000  1.00000  0.99907  0.86602  0.00000  0.00000  0.99981  0.99984
3.480000000e+00  0.00000  1.00000  0.99936  0.81731  0.00000  0.00000  0.99981  0.99989
3.490000000e+00  0.00000  1.00000  0.99959  0.85438  0.00000  0.00000  0.99981  0.99989
3.500000000e+00  0.00000  1.00000  0.99961  0.82509  0.00000  0.00000  0.99981  0.99994
3.510000000e+00  0.00000  1.00000  0.99933  0.83893  0.00000  0.00000  0.99981  0.99998
3.520000000e+00  0.00000  1.00000  0.99819  0.77591  0.00000  0.00000  0.99982  0.99998
3.530000000e+00  0.00000  1.00000  0.99521  0.74084  0.00000  0.00000  0.99982  0.99996
3.540000000e+00  0.00000  1.00000  0.98926  0.72093  0.00000  0.00000  0.99982  0.99993
3.550000000e+00  0.00000  1.00000  0.97696  0.68439  0.00000  0.00000  0.99982  0.99995
3.560000000e+00  0.00000  1.00000  0.94955  0.56960  0.00000  0.00000  0.99983  0.99978
3.570000000e+00  0.00000  1.00000  0.90797  0.70785  0.00000  0.00000  0.99983  0.99978
3.580000000e+00  0.00000  1.00000  0.87665  0.64461  0.00000  0.00000  0.99983  0.99960
3.590000000e+00  0.00000  1.00000  0.82135  0.74310  0.00000  0.00000  0.99983  0.99959
3.600000000e+00  0.00000  1.00000  0.67050  0.64086  0.00000  0.00000  0.99983  0.99964
3.610000000e+00  0.00000  1.00000  0.53998  0.82892  0.00000  0.00000  0.99983  0.99966
3.620000000e+00  0.00000  1.00000  0.48731  0.67526  0.00000  0.00000  0.99984  0.99956
3.630000000e+00  0.00000  1.00000  0.67994  0.81782  0.00000  0.00000  0.99984  0.99947
3.640000000e+00  0.00000  1.00000  0.63928  0.72022  0.00000  0.00000  0.99984  0.99930
3.650000000e+00  0.00000  1.00000  0.51414  0.92499  0.00000  0.00000  0.99984  0.99919
3.660000000e+00  0.00000  1.00000  0.61849  0.77379  0.00000  0.00000  0.99984  0.99912
3.670000000e+00  0.00000  1.00000  0.80844  0.78393  0.00000  0.00000  0.99984  0.99903
3.680000000e+00  0.00000  1.00000  0.93426  0.39613  0.00000  0.00000  0.99985  0.99888
3.690000000e+00  0.00000  1.00000  0.96900  0.55232  0.00000  0.00000  0.99985  0.99865
3.700000000e+00  0.00000  1.00000  0.97980  0.77630  0.00000  0.00000  0.99985  0.99847
3.710000000e+00  0.00000  1.00000  0.98901  0.91079  0.00000  0.00000  0.99985  0.99660
3.720000000e+00  0.00000  1.00000  0.97947  0.70454  0.00000  0.00000  0.99985  0.99542
3.730000000e+00  0.00000  1.00000  0.97825  0.83944  0.00000  0.00000  0.99985  0.99492
3.740000000e+00  0.00000  1.00000  0.97771  0.70974  0.00000  0.00000  0.99986  0.99436
3.750000000e+00  0.00000  1.00000  0.94101  0.80226  0.00000  0.00000  0.99986  0.99361
3.760000000e+00  0.00000  1.00000  0.84633  0.75481  0.00000  0.00000  0.99986  0.99280
3.770000000e+00  0.00000  1.00000  0.72232  0.70261  0.00000  0.00000  0.99986  0.99185
3.780000000e+00  0.00000  1.00000  0.55072  0.72069  0.00000  0.00000  0.99986  0.99064
3.790000000e+00  0.00000  1.00000  0.37775  0.77577  0.00000  0.00000  0.99986  0.98913
3.800000000e+00  0.00000  1.00000  0.14935  0.72365  0.00000  0.00000  0.99986  0.98752
3.810000000e+00  0.00000  1.00000  0.03999  0.88115  0.00000  0.00000  0.99987  0.98558
3.820000000e+00  0.00000  1.00000  0.06266  0.69623  0.00000  0.00000  0.99987  0.98347
3.830000000e+00  0.00000  1.00000  0.26053  0.86330  0.00000  0.00000  0.99987  0.98106
3.840000000e+00  0.00000  1.00000  0.12768  0.75209  0.00000  0.00000  0.99987  0.97827
3.850000000e+00  0.00000  1.00000  0.06605  0.87325  0.00000  0.00000  0.99987  0.97504
3.860000000e+00  0.00000  1.00000  0.12083  0.84784  0.00000  0.00000  0.99987  0.97135
3.870000000e+00  0.00000  1.00000  0.29086  0.88962  0.00000  0.00000  0.99987  0.96728
3.880000000e+00  0.00000  1.00000  0.53812  0.88460  0.00000  0.00000  0.99988  0.96265
3.890000000e+00  0.00000  1.00000  0.75801  0.91195  0.00000  0.00000  0.99988  0.95729
3.900000000e+00  0.00000  1.00000  0.90473  0.94397  0.00000  0.00000  0.99988  0.95124
3.910000000e+00  0.00000  1.00000  0.96023  0.90154  0.00000  0.00000  0.99988  0.94440
3.920000000e+00  0.00000  1.00000  0.96468  0.97832  0.00000  0.00000  0.99988  0.93635
3.930000000e+00  0.00000  1.00000  0.92733  0.95280  0.00000  0.00000  0.99988  0.92716
3.940000000e+00  0.00000  1.00000  0.84492  0.97940  0.00000  0.00000  0.99988  0.91651
3.950000000e+00  0.00000  1.00000  0.71971  0.98261  0.00000  0.00000  0.99988  0.90454
3.960000000e+00  0.00000  1.00000  0.50341  0.97136  0.00000  0.00000  0.99989  0.89032
3.970000000e+00  0.00000  1.00000  0.33133  0.99203  0.00000  0.00000  0.99989  0.87412
3.980000000e+00  0.00000  1.00000  0.17984  0.98239  0.00000  0.00000  0.99989  0.85606
3.990000000e+00  0.00000  1.00000  0.13028  0.99464  0.00000  0.00000  0.99989  0.83539
4.000000000e+00  0.00000  1.00000  0.30721  0.99249  0.00000  0.00000  0.99989  0.81158
4.010000000e+00  0.00000  1.00000  0.38009  0.99249  0.00000  0.00000  0.99989  0.78557
4.020000000e+00  0.00000  1.00000  0.16912  0.99798  0.00000  0.00000  0.99989  0.75724
4.030000000e+00  0.00000  1.00000  0.14803  0.99267  0.00000  0.00000  0.99989  0.72719
4.040000000e+00  0.00000  1.00000  0.20795  0.99628  0.00000  0.00000  0.99989  0.69551
4.050000000e+00  0.00000  1.00000  0.34955  0.99652  0.00000  0.00000  0.99990  0.66193
4.060000000e+00  0.00000  1.00000  0.52298  0.99585  0.00000  0.00000  0.99990  0.62815
4.070000000e+00  0.00000  1.00000  0.57989  0.99559  0.00000  0.00000  0.99990  0.59421
4.080000000e+00  0.00000  1.00000  0.28879  0.99786  0.00000  0.00000  0.99990  0.56199
4.090000000e+00  0.00000  1.00000  0.09163  0.99772  0.00000  0.00000  0.99990  0.53186
4.100000000e+00  0.00000  1.00000  0.04140  0.99803  0.00000  0.00000  0.99990  0.50373
4.110000000e+00  0.00000  1.00000  0.05254  0.99276  0.00000  0.00000  0.99990  0.47846
4.120000000e+00  0.00000  1.00000  0.21694  0.99804  0.00000  0.00000  0.99990  0.45686
4.130000000e+00  0.00000  1.00000  0.26682  0.99508  0.00000  0.00000  0.99990  0.43879
4.140000000e+00  0.00000  1.00000  0.12049  0.99673  0.00000  0.00000  0.99990  0.42448
4.150000000e+00  0.00000  1.00000  0.05172  0.99896  0.00000  0.00000  0.99990  0.41378
4.160000000e+00  0.00000  1.00000  0.00023  0.99447  0.00000  0.00000  0.99991  0.40702
4.170000000e+00  0.00000  1.00000  0.00000  0.99670  0.00000  0.00000  0.99991  0.40309
4.180000000e+00  0.00000  1.00000  0.00000  0.99604  0.00000  0.00000  0.99991  0.40407
4.190000000e+00  0.00000  1.00000  0.00000  0.99619  0.00000  0.00000  0.99991  0.40596
4.200000000e+00  0.00000  1.00000  0.00000  0.99559  0.00000  0.00000  0.99991  0.41110
4.210000000e+00  0.00000  1.00000  0.00000  0.99320  0.00000  0.00000  0.99991  0.41429
4.220000000e+00  0.00000  1.00000  0.00000  0.99367  0.00000  0.00000  0.99991  0.41520
4.230000000e+00  0.00000  1.00000  0.00000  0.99296  0.00000  0.00000  0.99991  0.41265
4.240000000e+00  0.00000  1.00000  0.00000  0.99469  0.00000  0.00000  0.99991  0.40478
4.250000000e+00  0.00000  1.00000  0.00000  0.98677  0.00000  0.00000  0.99991  0.38984
4.260000000e+00  0.00000  1.00000  0.00000  0.98363  0.00000  0.00000  0.99991  0.36117
4.270000000e+00  0.00000  1.00000  0.00000  0.99424  0.00000  0.00000  0.99991  0.31818
4.280000000e+00  0.00000  1.00000  0.00000  0.97631  0.00000  0.00000  0.99992  0.28831
4.290000000e+00  0.00000  1.00000  0.00000  0.97266  0.00000  0.00000  0.99992  0.27009
4.300000000e+00  0.00000  1.00000  0.00000  0.96901  0.00000  0.00000  0.99992  0.27467
4.310000000e+00  0.00000  1.00000  0.00000  0.94616  0.00000  0.00000  0.99992  0.30232
4.320000000e+00  0.00000  1.00000  0.00000  0.95691  0.00000  0.00000  0.99992  0.34256
4.330000000e+00  0.00000  1.00000  0.00000  0.95500  0.00000  0.00000  0.99992  0.39741
4.340000000e+00  0.00000  1.00000  0.00000  0.94456  0.00000  0.00000  0.99992  0.44346
4.350000000e+00  0.00000  1.00000  0.00000  0.94243  0.00000  0.00000  0.99992  0.47822
4.360000000e+00  0.00000  1.00000  0.00000  0.92210  0.00000  0.00000  0.99992  0.50330
4.370000000e+00  0.00000  1.00000  0.00000  0.83862  0.00000  0.00000  0.99992  0.52132
4.380000000e+00  0.00000  1.00000  0.00000  0.94333  0.00000  0.00000  0.99992  0.53483
4.390000000e+00  0.00000  1.00000  0.00000  0.92219  0.00000  0.00000  0.99992  0.54712
4.400000000e+00  0.00000  1.00000  0.00000  0.88545  0.00000  0.00000  0.99992  0.55585
4.410000000e+00  0.00000  1.00000  0.00000  0.77208  0.00000  0.00000  0.99993  0.56720
4.420000000e+00  0.00000  1.00000  0.00000  0.96214  0.00000  0.00000  0.99993  0.57816
4.430000000e+00  0.00000  1.00000  0.00000  0.86466  0.00000  0.00000  0.99993  0.59100
4.440000000e+00  0.00000  1.00000  0.00000  0.71490  0.00000  0.00000  0.99993  0.60474
4.450000000e+00  0.00000  1.00000  0.00000  0.78016  0.00000  0.00000  0.99993  0.62082
4.460000000e+00  0.00000  1.00000  0.00000  0.80668  0.00000  0.00000  0.99993  0.63685
4.470000000e+00  0.00000  1.00000  0.00000  0.82447  0.00000  0.00000  0.99993  0.65627
4.480000000e+00  0.00000  1.00000  0.00000  0.80829  0.00000  0.00000  0.99993  0.67464
4.490000000e+00  0.00000  1.00000  0.00000  0.84472  0.00000  0.00000  0.99993  0.69570
4.500000000e+00  0.00000  1.00000  0.00000  0.86877  0.00000  0.00000  0.99993  0.71516
4.510000000e+00  0.00000  1.00000  0.00000  0.86127  0.00000  0.00000  0.99993  0.73636
4.520000000e+00  0.00000  1.00000  0.00000  0.79474  0.00000  0.00000  0.99993  0.75701
4.530000000e+00  0.00000  1.00000  0.00000  0.67193  0.00000  0.00000  0.99993  0.77712
4.540000000e+00  0.00000  1.00000  0.00003  0.65219  0.00000  0.00000  0.99993  0.79680
4.550000000e+00  0.00000  1.00000  0.00033  0.81873  0.00000  0.00000  0.99993  0.81571
4.560000000e+00  0.00000  1.00000  0.00601  0.90939  0.00000  0.00000  0.99993  0.83372
4.570000000e+00  0.00000  1.00000  0.03871  0.81414  0.00000  0.00000  0.99993  0.85001
4.580000000e+00  0.00000  1.00000  0.12612  0.71937  0.00000  0.00000  0.99994  0.86585
4.590000000e+00  0.00000  1.00000  0.18018  0.77937  0.00000  0.00000  0.99994  0.88021
4.600000000e+00  0.00000  1.00000  0.26056  0.81022  0.00000  0.00000  0.99994  0.89345
4.610000000e+00  0.00000  1.00000  0.31908  0.84694  0.00000  0.00000  0.99994  0.90557
4.620000000e+00  0.00000  1.00000  0.26326  0.80366  0.00000  0.00000  0.99994  0.91662
4.630000000e+00  0.00000  1.00000  0.12037  0.61458  0.00000  0.00000  0.99994  0.92658
4.640000000e+00  0.00000  1.00000  0.09255  0.62379  0.00000  0.00000  0.99994  0.93554
4.650000000e+00  0.00000  1.00000  0.07573  0.63954  0.00000  0.00000  0.99994  0.94358
4.660000000e+00  0.00000  1.00000  0.07680  0.57756  0.00000  0.00000  0.99994  0.95077
4.670000000e+00  0.00000  1.00000  0.08405  0.50558  0.00000  0.00000  0.99994  0.95686
4.680000000e+00  0.00000  1.00000  0.03012  0.51489  0.00000  0.00000  0.99994  0.96167
4.690000000e+00  0.00000  1.00000  0.01324  0.22407  0.00000  0.00000  0.99994  0.96687
4.700000000e+00  0.00000  1.00000  0.00156  0.87337  0.00000  0.00000  0.99994  0.97101
4.710000000e+00  0.00000  1.00000  0.00004  0.77586  0.00000  0.00000  0.99994  0.97448
4.720000000e+00  0.00000  1.00000  0.00002  0.45394  0.00000  0.00000  0.99994  0.97774
4.730000000e+00  0.00000  1.00000  0.00000  0.59097  0.00000  0.00000  0.99994  0.98016
4.740000000e+00  0.00000  1.00000  0.00000  0.43526  0.00000  0.00000  0.99994  0.98304
4.750000000e+00  0.00000  1.00000  0.00000  0.67187  0.00000  0.00000  0.99994  0.98521
4.760000000e+00  0.00000  1.00000  0.00000  0.55814  0.00000  0.00000  0.99994  0.98717
4.770000000e+00  0.00000  1.00000  0.00000  0.57160  0.00000  0.00000  0.99995  0.98889
4.780000000e+00  0.00000  1.00000  0.00000  0.44894  0.00000  0.00000  0.99995  0.98952
4.790000000e+00  0.00000  1.00000  0.00000  0.27391  0.00000  0.00000  0.99995  0.99087
4.800000000e+00  0.00000  1.00000  0.00000  0.31743  0.00000  0.00000  0.99995  0.99283
4.810000000e+00  0.00000  1.00000  0.00000  0.48409  0.00000  0.00000  0.99995  0.99400
4.820000000e+00  0.00000  1.00000  0.00000  0.42899  0.00000  0.00000  0.99995  0.99478
4.830000000e+00  0.00000  1.00000  0.00000  0.25756  0.00000  0.00000  0.99995  0.99574
4.840000000e+00  0.00000  1.00000  0.00000  0.46411  0.00000  0.00000  0.99995  0.99242
4.850000000e+00  0.00000  1.00000  0.00000  0.12648  0.00000  0.00000  0.99995  0.99527
4.860000000e+00  0.00000  1.00000  0.00000  0.09234  0.00000  0.00000  0.99995  0.99733
4.870000000e+00  0.00000  1.00000  0.00000  0.59816  0.00000  0.00000  0.99995  0.99785
4.880000000e+00  0.00000  1.00000  0.00000  0.60547  0.00000  0.00000  0.99995  0.99809
4.890000000e+00  0.00000  1.00000  0.00000  0.53984  0.00000  0.00000  0.99995  0.99763
4.900000000e+00  0.00000  1.00000  0.00000  0.08121  0.00000  0.00000  0.99995  0.99521
4.910000000e+00  0.00000  1.00000  0.00000  0.04995  0.00000  0.00000  0.99995  0.99835
4.920000000e+00  0.00000  1.00000  0.00000  0.28079  0.00000  0.00000  0.99995  0.99867
4.930000000e+00  0.00000  1.00000  0.00000  0.51602  0.00000  0.00000  0.99995  0.99879
4.940000000e+00  0.00000  1.00000  0.00012  0.26877  0.00000  0.00000  0.99995  0.99878
4.950000000e+00  0.00000  1.00000  0.00056  0.07962  0.00000  0.00000  0.99995  0.99679
4.960000000e+00  0.00000  1.00000  0.00134  0.02630  0.00000  0.00000  0.99995  0.98829
4.970000000e+00  0.00000  1.00000  0.01104  0.00942  0.00000  0.00000  0.99995  0.99903
4.980000000e+00  0.00000  1.00000  0.03248  0.17208  0.00000  0.00000  0.99995  0.99909
4.990000000e+00  0.00000  1.00000  0.08313  0.04405  0.00000  0.00000  0.99995  0.99930
5.000000000e+00  0.00000  1.00000  0.07615  0.28242  0.00000  0.00000  0.99995  0.99932
