# ------------------------------------------------------------------------
# NASA-GSFC Planetary Spectrum Generator (PSG, Villanueva et al. 2015)
# Atmospheric transmittance spectrum synthesized with PUMAS (Villanueva et al. 2016, Smith et al. 2009, Edwards 1992)
# Synthesized on Tue Nov 21 15:11:33 2017
# Molecular abundance profile: 
# Molecules considered: N2,CO2,H2O
# Molecular sources: HIT[22],HIT[2],HIT[1]
# Molecular abundances: 1,1,1
# Molecular abundance units: scl,scl,scl
# Collission-Induced-Absorption:  N2-N2(3.71-5.00um)
# Rayleigh scattering included
# ------------------------------------------------------------------------
# Aerosols considered: WaterIce,Cloud
# Aerosols sources: CRISM_Wolff[reff=2.0um 0.31-99.57um],White_GSFC[reff=1.0um 0.10-1000000.00um]
# Aerosols opacities: 1,1
# Aerosols opacity units: scl,scl
# ------------------------------------------------------------------------
# Spectral unit: Wavelength [um]
# Wave/freq Total N2 CO2 H2O WaterIce Cloud Rayleigh CIA
1.000000000e+00  0.00000  1.00000  0.99996  0.97763  0.00000  0.00000  0.97241  1.00000
1.010000000e+00  0.00000  1.00000  0.99999  0.96955  0.00000  0.00000  0.97347  1.00000
1.020000000e+00  0.00000  1.00000  1.00000  0.98578  0.00000  0.00000  0.97448  1.00000
1.030000000e+00  0.00000  1.00000  0.99999  0.98801  0.00000  0.00000  0.97545  1.00000
1.040000000e+00  0.00000  1.00000  0.79571  0.99859  0.00000  0.00000  0.97637  1.00000
1.050000000e+00  0.00000  1.00000  0.98657  0.99947  0.00000  0.00000  0.97724  1.00000
1.060000000e+00  0.00000  1.00000  0.96721  0.99844  0.00000  0.00000  0.97808  1.00000
1.070000000e+00  0.00000  1.00000  0.94035  0.98901  0.00000  0.00000  0.97888  1.00000
1.080000000e+00  0.00000  1.00000  0.99395  0.94568  0.00000  0.00000  0.97964  1.00000
1.090000000e+00  0.00000  1.00000  0.99963  0.89613  0.00000  0.00000  0.98037  1.00000
1.100000000e+00  0.00000  1.00000  0.99828  0.78216  0.00000  0.00000  0.98107  1.00000
1.110000000e+00  0.00000  1.00000  1.00000  0.52853  0.00000  0.00000  0.98174  1.00000
1.120000000e+00  0.00000  1.00000  0.97618  0.09426  0.00000  0.00000  0.98237  1.00000
1.130000000e+00  0.00000  1.00000  0.99657  0.02728  0.00000  0.00000  0.98298  1.00000
1.140000000e+00  0.00000  1.00000  0.99262  0.20881  0.00000  0.00000  0.98357  1.00000
1.150000000e+00  0.00000  1.00000  0.99779  0.10611  0.00000  0.00000  0.98413  1.00000
1.160000000e+00  0.00000  1.00000  0.99755  0.33902  0.00000  0.00000  0.98466  1.00000
1.170000000e+00  0.00000  1.00000  0.99992  0.60391  0.00000  0.00000  0.98518  1.00000
1.180000000e+00  0.00000  1.00000  0.99951  0.73570  0.00000  0.00000  0.98567  1.00000
1.190000000e+00  0.00000  1.00000  0.99995  0.67870  0.00000  0.00000  0.98614  1.00000
1.200000000e+00  0.00000  1.00000  0.99982  0.70271  0.00000  0.00000  0.98660  1.00000
1.210000000e+00  0.00000  1.00000  0.08474  0.80941  0.00000  0.00000  0.98703  1.00000
1.220000000e+00  0.00000  1.00000  0.56874  0.86959  0.00000  0.00000  0.98745  1.00000
1.230000000e+00  0.00000  1.00000  0.39395  0.90368  0.00000  0.00000  0.98785  1.00000
1.240000000e+00  0.00000  1.00000  0.83929  0.98449  0.00000  0.00000  0.98823  1.00000
1.250000000e+00  0.00000  1.00000  0.98872  0.99720  0.00000  0.00000  0.98860  1.00000
1.260000000e+00  0.00000  1.00000  0.95783  0.99727  0.00000  0.00000  0.98896  1.00000
1.270000000e+00  0.00000  1.00000  0.95953  0.99161  0.00000  0.00000  0.98930  1.00000
1.280000000e+00  0.00000  1.00000  0.99904  0.98094  0.00000  0.00000  0.98963  1.00000
1.290000000e+00  0.00000  1.00000  0.88216  0.94914  0.00000  0.00000  0.98995  1.00000
1.300000000e+00  0.00000  1.00000  0.82856  0.85996  0.00000  0.00000  0.99025  1.00000
1.310000000e+00  0.00000  1.00000  0.99211  0.75318  0.00000  0.00000  0.99054  1.00000
1.320000000e+00  0.00000  1.00000  0.41438  0.59025  0.00000  0.00000  0.99083  1.00000
1.330000000e+00  0.00000  1.00000  0.96842  0.44672  0.00000  0.00000  0.99110  1.00000
1.340000000e+00  0.00000  1.00000  0.56764  0.29398  0.00000  0.00000  0.99136  1.00000
1.350000000e+00  0.00000  1.00000  0.85264  0.02671  0.00000  0.00000  0.99161  1.00000
1.360000000e+00  0.00000  1.00000  0.98785  0.00000  0.00000  0.00000  0.99185  1.00000
1.370000000e+00  0.00000  1.00000  0.96993  0.00000  0.00000  0.00000  0.99209  1.00000
1.380000000e+00  0.00000  1.00000  0.96139  0.00001  0.00000  0.00000  0.99231  1.00000
1.390000000e+00  0.00000  1.00000  0.99289  0.00000  0.00000  0.00000  0.99253  1.00000
1.400000000e+00  0.00000  1.00000  0.99612  0.00006  0.00000  0.00000  0.99274  1.00000
1.410000000e+00  0.00000  1.00000  0.99980  0.00001  0.00000  0.00000  0.99294  1.00000
1.420000000e+00  0.00000  1.00000  0.99942  0.00401  0.00000  0.00000  0.99314  1.00000
1.430000000e+00  0.00000  1.00000  0.68428  0.01007  0.00000  0.00000  0.99333  1.00000
1.440000000e+00  0.00000  1.00000  0.00000  0.01084  0.00000  0.00000  0.99351  1.00000
1.450000000e+00  0.00000  1.00000  0.01296  0.05052  0.00000  0.00000  0.99369  1.00000
1.460000000e+00  0.00000  1.00000  0.64411  0.15829  0.00000  0.00000  0.99386  1.00000
1.470000000e+00  0.00000  1.00000  0.97508  0.05565  0.00000  0.00000  0.99402  1.00000
1.480000000e+00  0.00000  1.00000  0.41160  0.12498  0.00000  0.00000  0.99418  1.00000
1.490000000e+00  0.00000  1.00000  0.74974  0.12698  0.00000  0.00000  0.99434  1.00000
1.500000000e+00  0.00000  1.00000  0.55718  0.47008  0.00000  0.00000  0.99449  1.00000
1.510000000e+00  0.00000  1.00000  0.98158  0.60917  0.00000  0.00000  0.99463  1.00000
1.520000000e+00  0.00000  1.00000  0.98664  0.77624  0.00000  0.00000  0.99477  1.00000
1.530000000e+00  0.00000  1.00000  0.32563  0.85264  0.00000  0.00000  0.99491  1.00000
1.540000000e+00  0.00000  1.00000  0.13394  0.94820  0.00000  0.00000  0.99504  1.00000
1.550000000e+00  0.00000  1.00000  0.65024  0.97268  0.00000  0.00000  0.99516  1.00000
1.560000000e+00  0.00000  1.00000  0.93882  0.99262  0.00000  0.00000  0.99529  1.00000
1.570000000e+00  0.00000  1.00000  0.30855  0.98542  0.00000  0.00000  0.99540  1.00000
1.580000000e+00  0.00000  1.00000  0.00020  0.98836  0.00000  0.00000  0.99552  1.00000
1.590000000e+00  0.00000  1.00000  0.34249  0.98930  0.00000  0.00000  0.99563  1.00000
1.600000000e+00  0.00000  1.00000  0.21594  0.98355  0.00000  0.00000  0.99574  1.00000
1.610000000e+00  0.00000  1.00000  0.00209  0.99401  0.00000  0.00000  0.99584  1.00000
1.620000000e+00  0.00000  1.00000  0.01883  0.99400  0.00000  0.00000  0.99594  1.00000
1.630000000e+00  0.00000  1.00000  0.39679  0.99804  0.00000  0.00000  0.99604  1.00000
1.640000000e+00  0.00000  1.00000  0.30733  0.99381  0.00000  0.00000  0.99614  1.00000
1.650000000e+00  0.00000  1.00000  0.23047  0.98322  0.00000  0.00000  0.99623  1.00000
1.660000000e+00  0.00000  1.00000  0.39354  0.98148  0.00000  0.00000  0.99632  1.00000
1.670000000e+00  0.00000  1.00000  0.56375  0.98240  0.00000  0.00000  0.99641  1.00000
1.680000000e+00  0.00000  1.00000  0.80124  0.97294  0.00000  0.00000  0.99649  1.00000
1.690000000e+00  0.00000  1.00000  0.93783  0.97760  0.00000  0.00000  0.99657  1.00000
1.700000000e+00  0.00000  1.00000  0.98484  0.91400  0.00000  0.00000  0.99665  1.00000
1.710000000e+00  0.00000  1.00000  0.92838  0.91606  0.00000  0.00000  0.99673  1.00000
1.720000000e+00  0.00000  1.00000  0.96324  0.92910  0.00000  0.00000  0.99681  1.00000
1.730000000e+00  0.00000  1.00000  0.99269  0.88610  0.00000  0.00000  0.99688  1.00000
1.740000000e+00  0.00000  1.00000  0.99938  0.78623  0.00000  0.00000  0.99695  1.00000
1.750000000e+00  0.00000  1.00000  0.99894  0.72036  0.00000  0.00000  0.99702  1.00000
1.760000000e+00  0.00000  1.00000  0.89932  0.73733  0.00000  0.00000  0.99709  1.00000
1.770000000e+00  0.00000  1.00000  0.95928  0.58090  0.00000  0.00000  0.99715  1.00000
1.780000000e+00  0.00000  1.00000  0.99536  0.41714  0.00000  0.00000  0.99722  1.00000
1.790000000e+00  0.00000  1.00000  0.88523  0.26235  0.00000  0.00000  0.99728  1.00000
1.800000000e+00  0.00000  1.00000  0.95146  0.13202  0.00000  0.00000  0.99734  1.00000
1.810000000e+00  0.00000  1.00000  0.98805  0.02169  0.00000  0.00000  0.99740  1.00000
1.820000000e+00  0.00000  1.00000  0.99579  0.00191  0.00000  0.00000  0.99745  1.00000
1.830000000e+00  0.00000  1.00000  0.99931  0.00003  0.00000  0.00000  0.99751  1.00000
1.840000000e+00  0.00000  1.00000  0.99973  0.00000  0.00000  0.00000  0.99756  1.00000
1.850000000e+00  0.00000  1.00000  0.99760  0.00000  0.00000  0.00000  0.99761  1.00000
1.860000000e+00  0.00000  1.00000  0.99713  0.00000  0.00000  0.00000  0.99766  1.00000
1.870000000e+00  0.00000  1.00000  0.97888  0.00000  0.00000  0.00000  0.99771  1.00000
1.880000000e+00  0.00000  1.00000  0.10581  0.00000  0.00000  0.00000  0.99776  1.00000
1.890000000e+00  0.00000  1.00000  0.12421  0.00001  0.00000  0.00000  0.99781  1.00000
1.900000000e+00  0.00000  1.00000  0.51938  0.00006  0.00000  0.00000  0.99785  1.00000
1.910000000e+00  0.00000  1.00000  0.64931  0.00000  0.00000  0.00000  0.99790  1.00000
1.920000000e+00  0.00000  1.00000  0.86497  0.00003  0.00000  0.00000  0.99794  1.00000
1.930000000e+00  0.00000  1.00000  0.84451  0.00008  0.00000  0.00000  0.99798  1.00000
1.940000000e+00  0.00000  1.00000  0.20017  0.00139  0.00000  0.00000  0.99803  1.00000
1.950000000e+00  0.00000  1.00000  0.00000  0.01310  0.00000  0.00000  0.99807  1.00000
1.960000000e+00  0.00000  1.00000  0.00000  0.03463  0.00000  0.00000  0.99810  1.00000
1.970000000e+00  0.00000  1.00000  0.00000  0.28555  0.00000  0.00000  0.99814  1.00000
1.980000000e+00  0.00000  1.00000  0.00000  0.41380  0.00000  0.00000  0.99818  1.00000
1.990000000e+00  0.00000  1.00000  0.00420  0.47406  0.00000  0.00000  0.99822  1.00000
2.000000000e+00  0.00000  1.00000  0.00000  0.59977  0.00000  0.00000  0.99825  1.00000
2.010000000e+00  0.00000  1.00000  0.00000  0.50217  0.00000  0.00000  0.99829  1.00000
2.020000000e+00  0.00000  1.00000  0.00000  0.64791  0.00000  0.00000  0.99832  1.00000
2.030000000e+00  0.00000  1.00000  0.00000  0.83954  0.00000  0.00000  0.99835  1.00000
2.040000000e+00  0.00000  1.00000  0.00000  0.86522  0.00000  0.00000  0.99838  1.00000
2.050000000e+00  0.00000  1.00000  0.00000  0.93925  0.00000  0.00000  0.99842  1.00000
2.060000000e+00  0.00000  1.00000  0.00000  0.87097  0.00000  0.00000  0.99845  1.00000
2.070000000e+00  0.00000  1.00000  0.00000  0.89616  0.00000  0.00000  0.99848  1.00000
2.080000000e+00  0.00000  1.00000  0.00000  0.93134  0.00000  0.00000  0.99851  1.00000
2.090000000e+00  0.00000  1.00000  0.00000  0.92881  0.00000  0.00000  0.99853  1.00000
2.100000000e+00  0.00000  1.00000  0.00004  0.95826  0.00000  0.00000  0.99856  1.00000
2.110000000e+00  0.00000  1.00000  0.01991  0.96659  0.00000  0.00000  0.99859  1.00000
2.120000000e+00  0.00000  1.00000  0.06892  0.91007  0.00000  0.00000  0.99861  1.00000
2.130000000e+00  0.00000  1.00000  0.44470  0.87121  0.00000  0.00000  0.99864  1.00000
2.140000000e+00  0.00000  1.00000  0.63656  0.97090  0.00000  0.00000  0.99867  1.00000
2.150000000e+00  0.00000  1.00000  0.27618  0.98663  0.00000  0.00000  0.99869  1.00000
2.160000000e+00  0.00000  1.00000  0.34338  0.94646  0.00000  0.00000  0.99871  1.00000
2.170000000e+00  0.00000  1.00000  0.22791  0.88404  0.00000  0.00000  0.99874  1.00000
2.180000000e+00  0.00000  1.00000  0.54122  0.90636  0.00000  0.00000  0.99876  1.00000
2.190000000e+00  0.00000  1.00000  0.83139  0.80087  0.00000  0.00000  0.99878  1.00000
2.200000000e+00  0.00000  1.00000  0.88723  0.87895  0.00000  0.00000  0.99881  1.00000
2.210000000e+00  0.00000  1.00000  0.96486  0.91409  0.00000  0.00000  0.99883  1.00000
2.220000000e+00  0.00000  1.00000  0.95037  0.93482  0.00000  0.00000  0.99885  1.00000
2.230000000e+00  0.00000  1.00000  0.95404  0.95739  0.00000  0.00000  0.99887  1.00000
2.240000000e+00  0.00000  1.00000  0.98696  0.98016  0.00000  0.00000  0.99889  1.00000
2.250000000e+00  0.00000  1.00000  0.97826  0.98421  0.00000  0.00000  0.99891  1.00000
2.260000000e+00  0.00000  1.00000  0.94805  0.99384  0.00000  0.00000  0.99893  1.00000
2.270000000e+00  0.00000  1.00000  0.98750  0.98728  0.00000  0.00000  0.99895  1.00000
2.280000000e+00  0.00000  1.00000  0.97364  0.99770  0.00000  0.00000  0.99896  1.00000
2.290000000e+00  0.00000  1.00000  0.99201  0.98782  0.00000  0.00000  0.99898  1.00000
2.300000000e+00  0.00000  1.00000  0.99603  0.92580  0.00000  0.00000  0.99900  1.00000
2.310000000e+00  0.00000  1.00000  0.99747  0.97674  0.00000  0.00000  0.99902  1.00000
2.320000000e+00  0.00000  1.00000  0.99907  0.94144  0.00000  0.00000  0.99903  1.00000
2.330000000e+00  0.00000  1.00000  0.99989  0.93457  0.00000  0.00000  0.99905  1.00000
2.340000000e+00  0.00000  1.00000  0.99990  0.94726  0.00000  0.00000  0.99907  1.00000
2.350000000e+00  0.00000  1.00000  0.99987  0.86330  0.00000  0.00000  0.99908  1.00000
2.360000000e+00  0.00000  1.00000  0.99968  0.73630  0.00000  0.00000  0.99910  1.00000
2.370000000e+00  0.00000  1.00000  0.99823  0.76166  0.00000  0.00000  0.99911  1.00000
2.380000000e+00  0.00000  1.00000  0.99715  0.58138  0.00000  0.00000  0.99913  1.00000
2.390000000e+00  0.00000  1.00000  0.99067  0.48260  0.00000  0.00000  0.99914  1.00000
2.400000000e+00  0.00000  1.00000  0.98871  0.56530  0.00000  0.00000  0.99916  1.00000
2.410000000e+00  0.00000  1.00000  0.98692  0.39567  0.00000  0.00000  0.99917  1.00000
2.420000000e+00  0.00000  1.00000  0.99685  0.20753  0.00000  0.00000  0.99918  1.00000
2.430000000e+00  0.00000  1.00000  0.99991  0.41021  0.00000  0.00000  0.99920  1.00000
2.440000000e+00  0.00000  1.00000  0.99986  0.10303  0.00000  0.00000  0.99921  1.00000
2.450000000e+00  0.00000  1.00000  0.99965  0.17558  0.00000  0.00000  0.99922  1.00000
2.460000000e+00  0.00000  1.00000  0.99949  0.27594  0.00000  0.00000  0.99924  1.00000
2.470000000e+00  0.00000  1.00000  0.99267  0.23883  0.00000  0.00000  0.99925  1.00000
2.480000000e+00  0.00000  1.00000  0.97020  0.12608  0.00000  0.00000  0.99926  1.00000
2.490000000e+00  0.00000  1.00000  0.32550  0.00990  0.00000  0.00000  0.99927  1.00000
2.500000000e+00  0.00000  1.00000  0.73667  0.00762  0.00000  0.00000  0.99928  1.00000
2.510000000e+00  0.00000  1.00000  0.70664  0.00246  0.00000  0.00000  0.99929  1.00000
2.520000000e+00  0.00000  1.00000  0.68334  0.00100  0.00000  0.00000  0.99931  1.00000
2.530000000e+00  0.00000  1.00000  0.84024  0.00000  0.00000  0.00000  0.99932  1.00000
2.540000000e+00  0.00000  1.00000  0.90377  0.00000  0.00000  0.00000  0.99933  1.00000
2.550000000e+00  0.00000  1.00000  0.97590  0.00000  0.00000  0.00000  0.99934  1.00000
2.560000000e+00  0.00000  1.00000  0.94475  0.00000  0.00000  0.00000  0.99935  1.00000
2.570000000e+00  0.00000  1.00000  0.96780  0.00000  0.00000  0.00000  0.99936  1.00000
2.580000000e+00  0.00000  1.00000  0.79238  0.00000  0.00000  0.00000  0.99937  1.00000
2.590000000e+00  0.00000  1.00000  0.54588  0.00000  0.00000  0.00000  0.99938  1.00000
2.600000000e+00  0.00000  1.00000  0.65038  0.00000  0.00000  0.00000  0.99939  1.00000
2.610000000e+00  0.00000  1.00000  0.18997  0.00000  0.00000  0.00000  0.99940  1.00000
2.620000000e+00  0.00000  1.00000  0.07369  0.00000  0.00000  0.00000  0.99941  1.00000
2.630000000e+00  0.00000  1.00000  0.25227  0.00000  0.00000  0.00000  0.99941  1.00000
2.640000000e+00  0.00000  1.00000  0.21548  0.00000  0.00000  0.00000  0.99942  1.00000
2.650000000e+00  0.00000  1.00000  0.38281  0.00000  0.00000  0.00000  0.99943  1.00000
2.660000000e+00  0.00000  1.00000  0.00072  0.00000  0.00000  0.00000  0.99944  1.00000
2.670000000e+00  0.00000  1.00000  0.00000  0.00000  0.00000  0.00000  0.99945  1.00000
2.680000000e+00  0.00000  1.00000  0.00000  0.00000  0.00000  0.00000  0.99946  1.00000
2.690000000e+00  0.00000  1.00000  0.00000  0.00000  0.00000  0.00000  0.99946  1.00000
2.700000000e+00  0.00000  1.00000  0.00000  0.00000  0.00000  0.00000  0.99947  1.00000
2.710000000e+00  0.00000  1.00000  0.00000  0.00000  0.00000  0.00000  0.99948  1.00000
2.720000000e+00  0.00000  1.00000  0.00000  0.00000  0.00000  0.00000  0.99949  1.00000
2.730000000e+00  0.00000  1.00000  0.00000  0.00000  0.00000  0.00000  0.99950  1.00000
2.740000000e+00  0.00000  1.00000  0.00000  0.00000  0.00000  0.00000  0.99950  1.00000
2.750000000e+00  0.00000  1.00000  0.00000  0.00000  0.00000  0.00000  0.99951  1.00000
2.760000000e+00  0.00000  1.00000  0.00000  0.00000  0.00000  0.00000  0.99952  1.00000
2.770000000e+00  0.00000  1.00000  0.00000  0.00000  0.00000  0.00000  0.99952  1.00000
2.780000000e+00  0.00000  1.00000  0.00000  0.00000  0.00000  0.00000  0.99953  1.00000
2.790000000e+00  0.00000  1.00000  0.00000  0.00000  0.00000  0.00000  0.99954  1.00000
2.800000000e+00  0.00000  1.00000  0.00000  0.00000  0.00000  0.00000  0.99954  1.00000
2.810000000e+00  0.00000  1.00000  0.00000  0.00000  0.00000  0.00000  0.99955  1.00000
2.820000000e+00  0.00000  1.00000  0.00000  0.00000  0.00000  0.00000  0.99956  1.00000
2.830000000e+00  0.00000  1.00000  0.00000  0.00000  0.00000  0.00000  0.99956  1.00000
2.840000000e+00  0.00000  1.00000  0.00000  0.00000  0.00000  0.00000  0.99957  1.00000
2.850000000e+00  0.00000  1.00000  0.00000  0.00002  0.00000  0.00000  0.99957  1.00000
2.860000000e+00  0.00000  1.00000  0.00000  0.00000  0.00000  0.00000  0.99958  1.00000
2.870000000e+00  0.00000  1.00000  0.00000  0.00009  0.00000  0.00000  0.99959  1.00000
2.880000000e+00  0.00000  1.00000  0.00000  0.00025  0.00000  0.00000  0.99959  1.00000
2.890000000e+00  0.00000  1.00000  0.00003  0.00018  0.00000  0.00000  0.99960  1.00000
2.900000000e+00  0.00000  1.00000  0.00463  0.00758  0.00000  0.00000  0.99960  1.00000
2.910000000e+00  0.00000  1.00000  0.08742  0.00190  0.00000  0.00000  0.99961  1.00000
2.920000000e+00  0.00000  1.00000  0.36041  0.00320  0.00000  0.00000  0.99961  1.00000
2.930000000e+00  0.00000  1.00000  0.56659  0.01658  0.00000  0.00000  0.99962  1.00000
2.940000000e+00  0.00000  1.00000  0.69255  0.05933  0.00000  0.00000  0.99962  1.00000
2.950000000e+00  0.00000  1.00000  0.82797  0.00252  0.00000  0.00000  0.99963  1.00000
2.960000000e+00  0.00000  1.00000  0.42726  0.02074  0.00000  0.00000  0.99963  1.00000
2.970000000e+00  0.00000  1.00000  0.05332  0.05369  0.00000  0.00000  0.99964  1.00000
2.980000000e+00  0.00000  1.00000  0.00370  0.00012  0.00000  0.00000  0.99964  1.00000
2.990000000e+00  0.00000  1.00000  0.01414  0.07629  0.00000  0.00000  0.99965  1.00000
3.000000000e+00  0.00000  1.00000  0.28578  0.10787  0.00000  0.00000  0.99965  1.00000
3.010000000e+00  0.00000  1.00000  0.30318  0.08619  0.00000  0.00000  0.99966  1.00000
3.020000000e+00  0.00000  1.00000  0.05657  0.06043  0.00000  0.00000  0.99966  1.00000
3.030000000e+00  0.00000  1.00000  0.11635  0.05311  0.00000  0.00000  0.99967  1.00000
3.040000000e+00  0.00000  1.00000  0.32083  0.01178  0.00000  0.00000  0.99967  1.00000
3.050000000e+00  0.00000  1.00000  0.63928  0.01438  0.00000  0.00000  0.99968  1.00000
3.060000000e+00  0.00000  1.00000  0.68972  0.01957  0.00000  0.00000  0.99968  1.00000
3.070000000e+00  0.00000  1.00000  0.83655  0.01168  0.00000  0.00000  0.99968  1.00000
3.080000000e+00  0.00000  1.00000  0.87285  0.04311  0.00000  0.00000  0.99969  1.00000
3.090000000e+00  0.00000  1.00000  0.93207  0.00166  0.00000  0.00000  0.99969  1.00000
3.100000000e+00  0.00000  1.00000  0.89988  0.00140  0.00000  0.00000  0.99970  1.00000
3.110000000e+00  0.00000  1.00000  0.71975  0.01691  0.00000  0.00000  0.99970  1.00000
3.120000000e+00  0.00000  1.00000  0.49229  0.00230  0.00000  0.00000  0.99970  1.00000
3.130000000e+00  0.00000  1.00000  0.39679  0.08011  0.00000  0.00000  0.99971  1.00000
3.140000000e+00  0.00000  1.00000  0.55593  0.18314  0.00000  0.00000  0.99971  1.00000
3.150000000e+00  0.00000  1.00000  0.75950  0.03829  0.00000  0.00000  0.99971  1.00000
3.160000000e+00  0.00000  1.00000  0.60725  0.13521  0.00000  0.00000  0.99972  1.00000
3.170000000e+00  0.00000  1.00000  0.43554  0.68617  0.00000  0.00000  0.99972  1.00000
3.180000000e+00  0.00000  1.00000  0.50162  0.54400  0.00000  0.00000  0.99973  1.00000
3.190000000e+00  0.00000  1.00000  0.67216  0.25874  0.00000  0.00000  0.99973  1.00000
3.200000000e+00  0.00000  1.00000  0.83695  0.06264  0.00000  0.00000  0.99973  1.00000
3.210000000e+00  0.00000  1.00000  0.93588  0.00007  0.00000  0.00000  0.99974  1.00000
3.220000000e+00  0.00000  1.00000  0.91271  0.00038  0.00000  0.00000  0.99974  1.00000
3.230000000e+00  0.00000  1.00000  0.90616  0.00435  0.00000  0.00000  0.99974  1.00000
3.240000000e+00  0.00000  1.00000  0.95136  0.14453  0.00000  0.00000  0.99975  1.00000
3.250000000e+00  0.00000  1.00000  0.98833  0.05505  0.00000  0.00000  0.99975  1.00000
3.260000000e+00  0.00000  1.00000  0.99669  0.33494  0.00000  0.00000  0.99975  1.00000
3.270000000e+00  0.00000  1.00000  0.99630  0.02499  0.00000  0.00000  0.99975  1.00000
3.280000000e+00  0.00000  1.00000  0.99693  0.07143  0.00000  0.00000  0.99976  1.00000
3.290000000e+00  0.00000  1.00000  0.99860  0.32705  0.00000  0.00000  0.99976  1.00000
3.300000000e+00  0.00000  1.00000  0.99938  0.15939  0.00000  0.00000  0.99976  1.00000
3.310000000e+00  0.00000  1.00000  0.99950  0.02636  0.00000  0.00000  0.99977  1.00000
3.320000000e+00  0.00000  1.00000  0.99903  0.23248  0.00000  0.00000  0.99977  1.00000
3.330000000e+00  0.00000  1.00000  0.99379  0.07670  0.00000  0.00000  0.99977  1.00000
3.340000000e+00  0.00000  1.00000  0.97874  0.40031  0.00000  0.00000  0.99977  0.99990
3.350000000e+00  0.00000  1.00000  0.96600  0.15181  0.00000  0.00000  0.99978  0.99986
3.360000000e+00  0.00000  1.00000  0.86133  0.16310  0.00000  0.00000  0.99978  0.99991
3.370000000e+00  0.00000  1.00000  0.96006  0.21577  0.00000  0.00000  0.99978  0.99983
3.380000000e+00  0.00000  1.00000  0.97142  0.33850  0.00000  0.00000  0.99978  0.99994
3.390000000e+00  0.00000  1.00000  0.98473  0.46635  0.00000  0.00000  0.99979  0.99992
3.400000000e+00  0.00000  1.00000  0.99449  0.68512  0.00000  0.00000  0.99979  0.99996
3.410000000e+00  0.00000  1.00000  0.99800  0.51859  0.00000  0.00000  0.99979  0.99997
3.420000000e+00  0.00000  1.00000  0.99932  0.65180  0.00000  0.00000  0.99979  1.00000
3.430000000e+00  0.00000  1.00000  0.99912  0.88953  0.00000  0.00000  0.99980  0.99995
3.440000000e+00  0.00000  1.00000  0.99932  0.78985  0.00000  0.00000  0.99980  0.99992
3.450000000e+00  0.00000  1.00000  0.99658  0.78988  0.00000  0.00000  0.99980  0.99981
3.460000000e+00  0.00000  1.00000  0.99740  0.74025  0.00000  0.00000  0.99980  0.99993
3.470000000e+00  0.00000  1.00000  0.99907  0.87337  0.00000  0.00000  0.99981  0.99984
3.480000000e+00  0.00000  1.00000  0.99936  0.82643  0.00000  0.00000  0.99981  0.99989
3.490000000e+00  0.00000  1.00000  0.99959  0.86247  0.00000  0.00000  0.99981  0.99989
3.500000000e+00  0.00000  1.00000  0.99961  0.83458  0.00000  0.00000  0.99981  0.99994
3.510000000e+00  0.00000  1.00000  0.99933  0.84765  0.00000  0.00000  0.99981  0.99998
3.520000000e+00  0.00000  1.00000  0.99820  0.78772  0.00000  0.00000  0.99982  0.99998
3.530000000e+00  0.00000  1.00000  0.99522  0.75326  0.00000  0.00000  0.99982  0.99996
3.540000000e+00  0.00000  1.00000  0.98927  0.73375  0.00000  0.00000  0.99982  0.99993
3.550000000e+00  0.00000  1.00000  0.97698  0.69827  0.00000  0.00000  0.99982  0.99995
3.560000000e+00  0.00000  1.00000  0.94957  0.58626  0.00000  0.00000  0.99982  0.99978
3.570000000e+00  0.00000  1.00000  0.90797  0.71966  0.00000  0.00000  0.99983  0.99978
3.580000000e+00  0.00000  1.00000  0.87662  0.65977  0.00000  0.00000  0.99983  0.99960
3.590000000e+00  0.00000  1.00000  0.82122  0.75355  0.00000  0.00000  0.99983  0.99959
3.600000000e+00  0.00000  1.00000  0.67021  0.65444  0.00000  0.00000  0.99983  0.99964
3.610000000e+00  0.00000  1.00000  0.53950  0.83618  0.00000  0.00000  0.99983  0.99966
3.620000000e+00  0.00000  1.00000  0.48666  0.68841  0.00000  0.00000  0.99984  0.99956
3.630000000e+00  0.00000  1.00000  0.67946  0.82564  0.00000  0.00000  0.99984  0.99947
3.640000000e+00  0.00000  1.00000  0.63873  0.73194  0.00000  0.00000  0.99984  0.99930
3.650000000e+00  0.00000  1.00000  0.51351  0.92961  0.00000  0.00000  0.99984  0.99919
3.660000000e+00  0.00000  1.00000  0.61805  0.78490  0.00000  0.00000  0.99984  0.99912
3.670000000e+00  0.00000  1.00000  0.80830  0.79405  0.00000  0.00000  0.99984  0.99903
3.680000000e+00  0.00000  1.00000  0.93423  0.41092  0.00000  0.00000  0.99985  0.99888
3.690000000e+00  0.00000  1.00000  0.96896  0.57071  0.00000  0.00000  0.99985  0.99864
3.700000000e+00  0.00000  1.00000  0.97976  0.78802  0.00000  0.00000  0.99985  0.99847
3.710000000e+00  0.00000  1.00000  0.98899  0.91618  0.00000  0.00000  0.99985  0.99659
3.720000000e+00  0.00000  1.00000  0.97943  0.71691  0.00000  0.00000  0.99985  0.99541
3.730000000e+00  0.00000  1.00000  0.97823  0.84668  0.00000  0.00000  0.99985  0.99491
3.740000000e+00  0.00000  1.00000  0.97771  0.72135  0.00000  0.00000  0.99986  0.99435
3.750000000e+00  0.00000  1.00000  0.94100  0.81127  0.00000  0.00000  0.99986  0.99359
3.760000000e+00  0.00000  1.00000  0.84620  0.76464  0.00000  0.00000  0.99986  0.99278
3.770000000e+00  0.00000  1.00000  0.72205  0.71477  0.00000  0.00000  0.99986  0.99182
3.780000000e+00  0.00000  1.00000  0.55042  0.73151  0.00000  0.00000  0.99986  0.99061
3.790000000e+00  0.00000  1.00000  0.37741  0.78526  0.00000  0.00000  0.99986  0.98909
3.800000000e+00  0.00000  1.00000  0.14900  0.73414  0.00000  0.00000  0.99986  0.98747
3.810000000e+00  0.00000  1.00000  0.03975  0.88689  0.00000  0.00000  0.99987  0.98553
3.820000000e+00  0.00000  1.00000  0.06229  0.70863  0.00000  0.00000  0.99987  0.98341
3.830000000e+00  0.00000  1.00000  0.25994  0.86918  0.00000  0.00000  0.99987  0.98100
3.840000000e+00  0.00000  1.00000  0.12716  0.76231  0.00000  0.00000  0.99987  0.97820
3.850000000e+00  0.00000  1.00000  0.06567  0.87938  0.00000  0.00000  0.99987  0.97496
3.860000000e+00  0.00000  1.00000  0.12042  0.85521  0.00000  0.00000  0.99987  0.97126
3.870000000e+00  0.00000  1.00000  0.29043  0.89577  0.00000  0.00000  0.99987  0.96717
3.880000000e+00  0.00000  1.00000  0.53784  0.89090  0.00000  0.00000  0.99988  0.96253
3.890000000e+00  0.00000  1.00000  0.75792  0.91688  0.00000  0.00000  0.99988  0.95715
3.900000000e+00  0.00000  1.00000  0.90471  0.94743  0.00000  0.00000  0.99988  0.95108
3.910000000e+00  0.00000  1.00000  0.96023  0.90719  0.00000  0.00000  0.99988  0.94422
3.920000000e+00  0.00000  1.00000  0.96467  0.97974  0.00000  0.00000  0.99988  0.93614
3.930000000e+00  0.00000  1.00000  0.92728  0.95582  0.00000  0.00000  0.99988  0.92692
3.940000000e+00  0.00000  1.00000  0.84480  0.98073  0.00000  0.00000  0.99988  0.91624
3.950000000e+00  0.00000  1.00000  0.71949  0.98378  0.00000  0.00000  0.99988  0.90423
3.960000000e+00  0.00000  1.00000  0.50300  0.97325  0.00000  0.00000  0.99989  0.88997
3.970000000e+00  0.00000  1.00000  0.33077  0.99258  0.00000  0.00000  0.99989  0.87372
3.980000000e+00  0.00000  1.00000  0.17924  0.98358  0.00000  0.00000  0.99989  0.85561
3.990000000e+00  0.00000  1.00000  0.12971  0.99503  0.00000  0.00000  0.99989  0.83488
4.000000000e+00  0.00000  1.00000  0.30655  0.99301  0.00000  0.00000  0.99989  0.81101
4.010000000e+00  0.00000  1.00000  0.37941  0.99301  0.00000  0.00000  0.99989  0.78493
4.020000000e+00  0.00000  1.00000  0.16853  0.99812  0.00000  0.00000  0.99989  0.75653
4.030000000e+00  0.00000  1.00000  0.14753  0.99319  0.00000  0.00000  0.99989  0.72641
4.040000000e+00  0.00000  1.00000  0.20758  0.99654  0.00000  0.00000  0.99989  0.69466
4.050000000e+00  0.00000  1.00000  0.34936  0.99676  0.00000  0.00000  0.99990  0.66102
4.060000000e+00  0.00000  1.00000  0.52310  0.99614  0.00000  0.00000  0.99990  0.62717
4.070000000e+00  0.00000  1.00000  0.58020  0.99590  0.00000  0.00000  0.99990  0.59317
4.080000000e+00  0.00000  1.00000  0.28904  0.99801  0.00000  0.00000  0.99990  0.56090
4.090000000e+00  0.00000  1.00000  0.09174  0.99788  0.00000  0.00000  0.99990  0.53073
4.100000000e+00  0.00000  1.00000  0.04144  0.99817  0.00000  0.00000  0.99990  0.50257
4.110000000e+00  0.00000  1.00000  0.05256  0.99327  0.00000  0.00000  0.99990  0.47728
4.120000000e+00  0.00000  1.00000  0.21699  0.99818  0.00000  0.00000  0.99990  0.45565
4.130000000e+00  0.00000  1.00000  0.26688  0.99543  0.00000  0.00000  0.99990  0.43757
4.140000000e+00  0.00000  1.00000  0.12052  0.99696  0.00000  0.00000  0.99990  0.42326
4.150000000e+00  0.00000  1.00000  0.05177  0.99903  0.00000  0.00000  0.99990  0.41255
4.160000000e+00  0.00000  1.00000  0.00024  0.99487  0.00000  0.00000  0.99991  0.40579
4.170000000e+00  0.00000  1.00000  0.00000  0.99694  0.00000  0.00000  0.99991  0.40186
4.180000000e+00  0.00000  1.00000  0.00000  0.99631  0.00000  0.00000  0.99991  0.40283
4.190000000e+00  0.00000  1.00000  0.00000  0.99647  0.00000  0.00000  0.99991  0.40473
4.200000000e+00  0.00000  1.00000  0.00000  0.99591  0.00000  0.00000  0.99991  0.40987
4.210000000e+00  0.00000  1.00000  0.00000  0.99369  0.00000  0.00000  0.99991  0.41306
4.220000000e+00  0.00000  1.00000  0.00000  0.99413  0.00000  0.00000  0.99991  0.41398
4.230000000e+00  0.00000  1.00000  0.00000  0.99347  0.00000  0.00000  0.99991  0.41142
4.240000000e+00  0.00000  1.00000  0.00000  0.99508  0.00000  0.00000  0.99991  0.40355
4.250000000e+00  0.00000  1.00000  0.00000  0.98771  0.00000  0.00000  0.99991  0.38860
4.260000000e+00  0.00000  1.00000  0.00000  0.98480  0.00000  0.00000  0.99991  0.35993
4.270000000e+00  0.00000  1.00000  0.00000  0.99465  0.00000  0.00000  0.99991  0.31695
4.280000000e+00  0.00000  1.00000  0.00000  0.97792  0.00000  0.00000  0.99992  0.28710
4.290000000e+00  0.00000  1.00000  0.00000  0.97458  0.00000  0.00000  0.99992  0.26890
4.300000000e+00  0.00000  1.00000  0.00000  0.97117  0.00000  0.00000  0.99992  0.27348
4.310000000e+00  0.00000  1.00000  0.00000  0.94954  0.00000  0.00000  0.99992  0.30110
4.320000000e+00  0.00000  1.00000  0.00000  0.95977  0.00000  0.00000  0.99992  0.34132
4.330000000e+00  0.00000  1.00000  0.00000  0.95789  0.00000  0.00000  0.99992  0.39618
4.340000000e+00  0.00000  1.00000  0.00000  0.94770  0.00000  0.00000  0.99992  0.44225
4.350000000e+00  0.00000  1.00000  0.00000  0.94626  0.00000  0.00000  0.99992  0.47704
4.360000000e+00  0.00000  1.00000  0.00000  0.92697  0.00000  0.00000  0.99992  0.50213
4.370000000e+00  0.00000  1.00000  0.00000  0.84680  0.00000  0.00000  0.99992  0.52018
4.380000000e+00  0.00000  1.00000  0.00000  0.94643  0.00000  0.00000  0.99992  0.53371
4.390000000e+00  0.00000  1.00000  0.00000  0.92688  0.00000  0.00000  0.99992  0.54601
4.400000000e+00  0.00000  1.00000  0.00000  0.89232  0.00000  0.00000  0.99992  0.55475
4.410000000e+00  0.00000  1.00000  0.00000  0.78298  0.00000  0.00000  0.99993  0.56612
4.420000000e+00  0.00000  1.00000  0.00000  0.96441  0.00000  0.00000  0.99993  0.57709
4.430000000e+00  0.00000  1.00000  0.00000  0.87135  0.00000  0.00000  0.99993  0.58995
4.440000000e+00  0.00000  1.00000  0.00000  0.72717  0.00000  0.00000  0.99993  0.60372
4.450000000e+00  0.00000  1.00000  0.00000  0.79095  0.00000  0.00000  0.99993  0.61982
4.460000000e+00  0.00000  1.00000  0.00000  0.81636  0.00000  0.00000  0.99993  0.63588
4.470000000e+00  0.00000  1.00000  0.00000  0.83289  0.00000  0.00000  0.99993  0.65533
4.480000000e+00  0.00000  1.00000  0.00000  0.81901  0.00000  0.00000  0.99993  0.67374
4.490000000e+00  0.00000  1.00000  0.00000  0.85230  0.00000  0.00000  0.99993  0.69485
4.500000000e+00  0.00000  1.00000  0.00000  0.87587  0.00000  0.00000  0.99993  0.71436
4.510000000e+00  0.00000  1.00000  0.00000  0.86881  0.00000  0.00000  0.99993  0.73560
4.520000000e+00  0.00000  1.00000  0.00000  0.80530  0.00000  0.00000  0.99993  0.75630
4.530000000e+00  0.00000  1.00000  0.00000  0.68604  0.00000  0.00000  0.99993  0.77646
4.540000000e+00  0.00000  1.00000  0.00003  0.66633  0.00000  0.00000  0.99993  0.79619
4.550000000e+00  0.00000  1.00000  0.00033  0.82606  0.00000  0.00000  0.99993  0.81515
4.560000000e+00  0.00000  1.00000  0.00607  0.91454  0.00000  0.00000  0.99993  0.83321
4.570000000e+00  0.00000  1.00000  0.03893  0.82346  0.00000  0.00000  0.99993  0.84954
4.580000000e+00  0.00000  1.00000  0.12657  0.73136  0.00000  0.00000  0.99994  0.86543
4.590000000e+00  0.00000  1.00000  0.18073  0.78943  0.00000  0.00000  0.99994  0.87983
4.600000000e+00  0.00000  1.00000  0.26120  0.81793  0.00000  0.00000  0.99994  0.89311
4.610000000e+00  0.00000  1.00000  0.31965  0.85403  0.00000  0.00000  0.99994  0.90527
4.620000000e+00  0.00000  1.00000  0.26365  0.81273  0.00000  0.00000  0.99994  0.91635
4.630000000e+00  0.00000  1.00000  0.12058  0.62779  0.00000  0.00000  0.99994  0.92634
4.640000000e+00  0.00000  1.00000  0.09267  0.63767  0.00000  0.00000  0.99994  0.93533
4.650000000e+00  0.00000  1.00000  0.07583  0.65396  0.00000  0.00000  0.99994  0.94339
4.660000000e+00  0.00000  1.00000  0.07694  0.59318  0.00000  0.00000  0.99994  0.95061
4.670000000e+00  0.00000  1.00000  0.08419  0.52159  0.00000  0.00000  0.99994  0.95672
4.680000000e+00  0.00000  1.00000  0.03014  0.53041  0.00000  0.00000  0.99994  0.96154
4.690000000e+00  0.00000  1.00000  0.01324  0.23626  0.00000  0.00000  0.99994  0.96676
4.700000000e+00  0.00000  1.00000  0.00156  0.88168  0.00000  0.00000  0.99994  0.97091
4.710000000e+00  0.00000  1.00000  0.00004  0.78737  0.00000  0.00000  0.99994  0.97439
4.720000000e+00  0.00000  1.00000  0.00002  0.47172  0.00000  0.00000  0.99994  0.97766
4.730000000e+00  0.00000  1.00000  0.00000  0.60390  0.00000  0.00000  0.99994  0.98009
4.740000000e+00  0.00000  1.00000  0.00000  0.44898  0.00000  0.00000  0.99994  0.98298
4.750000000e+00  0.00000  1.00000  0.00000  0.68556  0.00000  0.00000  0.99994  0.98516
4.760000000e+00  0.00000  1.00000  0.00000  0.57306  0.00000  0.00000  0.99994  0.98713
4.770000000e+00  0.00000  1.00000  0.00000  0.58720  0.00000  0.00000  0.99994  0.98885
4.780000000e+00  0.00000  1.00000  0.00000  0.46939  0.00000  0.00000  0.99995  0.98948
4.790000000e+00  0.00000  1.00000  0.00000  0.29187  0.00000  0.00000  0.99995  0.99084
4.800000000e+00  0.00000  1.00000  0.00000  0.33311  0.00000  0.00000  0.99995  0.99281
4.810000000e+00  0.00000  1.00000  0.00000  0.50221  0.00000  0.00000  0.99995  0.99398
4.820000000e+00  0.00000  1.00000  0.00000  0.44900  0.00000  0.00000  0.99995  0.99476
4.830000000e+00  0.00000  1.00000  0.00000  0.27467  0.00000  0.00000  0.99995  0.99572
4.840000000e+00  0.00000  1.00000  0.00000  0.48479  0.00000  0.00000  0.99995  0.99239
4.850000000e+00  0.00000  1.00000  0.00000  0.13481  0.00000  0.00000  0.99995  0.99525
4.860000000e+00  0.00000  1.00000  0.00000  0.10510  0.00000  0.00000  0.99995  0.99732
4.870000000e+00  0.00000  1.00000  0.00000  0.61557  0.00000  0.00000  0.99995  0.99784
4.880000000e+00  0.00000  1.00000  0.00000  0.62512  0.00000  0.00000  0.99995  0.99808
4.890000000e+00  0.00000  1.00000  0.00000  0.56031  0.00000  0.00000  0.99995  0.99762
4.900000000e+00  0.00000  1.00000  0.00000  0.08996  0.00000  0.00000  0.99995  0.99520
4.910000000e+00  0.00000  1.00000  0.00000  0.05717  0.00000  0.00000  0.99995  0.99835
4.920000000e+00  0.00000  1.00000  0.00000  0.30066  0.00000  0.00000  0.99995  0.99867
4.930000000e+00  0.00000  1.00000  0.00000  0.53486  0.00000  0.00000  0.99995  0.99878
4.940000000e+00  0.00000  1.00000  0.00012  0.28578  0.00000  0.00000  0.99995  0.99877
4.950000000e+00  0.00000  1.00000  0.00056  0.09132  0.00000  0.00000  0.99995  0.99678
4.960000000e+00  0.00000  1.00000  0.00132  0.03220  0.00000  0.00000  0.99995  0.98825
4.970000000e+00  0.00000  1.00000  0.01097  0.01128  0.00000  0.00000  0.99995  0.99903
4.980000000e+00  0.00000  1.00000  0.03235  0.19407  0.00000  0.00000  0.99995  0.99909
4.990000000e+00  0.00000  1.00000  0.08292  0.05048  0.00000  0.00000  0.99995  0.99930
5.000000000e+00  0.00000  1.00000  0.07602  0.30665  0.00000  0.00000  0.99995  0.99932
