# ------------------------------------------------------------------------
# NASA-GSFC Planetary Spectrum Generator (PSG, Villanueva et al. 2015)
# Atmospheric transmittance spectrum synthesized with PUMAS (Villanueva et al. 2016, Smith et al. 2009, Edwards 1992)
# Synthesized on Tue Nov 21 15:12:11 2017
# Molecular abundance profile: 
# Molecules considered: N2,CO2,H2O
# Molecular sources: HIT[22],HIT[2],HIT[1]
# Molecular abundances: 1,1,1
# Molecular abundance units: scl,scl,scl
# Collission-Induced-Absorption:  N2-N2(3.33-5.41um)
# Rayleigh scattering included
# ------------------------------------------------------------------------
# Aerosols considered: WaterIce,Cloud
# Aerosols sources: CRISM_Wolff[reff=2.0um 0.31-99.57um],White_GSFC[reff=1.0um 0.10-1000000.00um]
# Aerosols opacities: 1,1
# Aerosols opacity units: scl,scl
# ------------------------------------------------------------------------
# Spectral unit: Wavelength [um]
# Wave/freq Total N2 CO2 H2O WaterIce Cloud Rayleigh CIA
1.000000000e+00  0.00000  1.00000  0.99996  0.97635  0.00000  0.00000  0.97239  1.00000
1.010000000e+00  0.00000  1.00000  0.99999  0.96829  0.00000  0.00000  0.97346  1.00000
1.020000000e+00  0.00000  1.00000  1.00000  0.98515  0.00000  0.00000  0.97447  1.00000
1.030000000e+00  0.00000  1.00000  0.99999  0.98737  0.00000  0.00000  0.97543  1.00000
1.040000000e+00  0.00000  1.00000  0.79583  0.99851  0.00000  0.00000  0.97635  1.00000
1.050000000e+00  0.00000  1.00000  0.98653  0.99942  0.00000  0.00000  0.97723  1.00000
1.060000000e+00  0.00000  1.00000  0.96682  0.99830  0.00000  0.00000  0.97807  1.00000
1.070000000e+00  0.00000  1.00000  0.94038  0.98810  0.00000  0.00000  0.97887  1.00000
1.080000000e+00  0.00000  1.00000  0.99391  0.94263  0.00000  0.00000  0.97963  1.00000
1.090000000e+00  0.00000  1.00000  0.99963  0.89147  0.00000  0.00000  0.98036  1.00000
1.100000000e+00  0.00000  1.00000  0.99828  0.77327  0.00000  0.00000  0.98106  1.00000
1.110000000e+00  0.00000  1.00000  1.00000  0.51058  0.00000  0.00000  0.98173  1.00000
1.120000000e+00  0.00000  1.00000  0.97619  0.08531  0.00000  0.00000  0.98237  1.00000
1.130000000e+00  0.00000  1.00000  0.99655  0.02344  0.00000  0.00000  0.98298  1.00000
1.140000000e+00  0.00000  1.00000  0.99257  0.19401  0.00000  0.00000  0.98356  1.00000
1.150000000e+00  0.00000  1.00000  0.99779  0.09752  0.00000  0.00000  0.98412  1.00000
1.160000000e+00  0.00000  1.00000  0.99754  0.31831  0.00000  0.00000  0.98466  1.00000
1.170000000e+00  0.00000  1.00000  0.99992  0.58599  0.00000  0.00000  0.98517  1.00000
1.180000000e+00  0.00000  1.00000  0.99951  0.72596  0.00000  0.00000  0.98566  1.00000
1.190000000e+00  0.00000  1.00000  0.99995  0.66813  0.00000  0.00000  0.98614  1.00000
1.200000000e+00  0.00000  1.00000  0.99981  0.69345  0.00000  0.00000  0.98659  1.00000
1.210000000e+00  0.00000  1.00000  0.08508  0.80138  0.00000  0.00000  0.98703  1.00000
1.220000000e+00  0.00000  1.00000  0.56766  0.86323  0.00000  0.00000  0.98744  1.00000
1.230000000e+00  0.00000  1.00000  0.39117  0.89902  0.00000  0.00000  0.98784  1.00000
1.240000000e+00  0.00000  1.00000  0.83822  0.98323  0.00000  0.00000  0.98823  1.00000
1.250000000e+00  0.00000  1.00000  0.98857  0.99694  0.00000  0.00000  0.98860  1.00000
1.260000000e+00  0.00000  1.00000  0.95775  0.99707  0.00000  0.00000  0.98895  1.00000
1.270000000e+00  0.00000  1.00000  0.95945  0.99096  0.00000  0.00000  0.98930  1.00000
1.280000000e+00  0.00000  1.00000  0.99903  0.97978  0.00000  0.00000  0.98963  1.00000
1.290000000e+00  0.00000  1.00000  0.88124  0.94519  0.00000  0.00000  0.98994  1.00000
1.300000000e+00  0.00000  1.00000  0.82839  0.85219  0.00000  0.00000  0.99025  1.00000
1.310000000e+00  0.00000  1.00000  0.99206  0.74105  0.00000  0.00000  0.99054  1.00000
1.320000000e+00  0.00000  1.00000  0.41488  0.57568  0.00000  0.00000  0.99082  1.00000
1.330000000e+00  0.00000  1.00000  0.96779  0.43061  0.00000  0.00000  0.99109  1.00000
1.340000000e+00  0.00000  1.00000  0.56799  0.27715  0.00000  0.00000  0.99135  1.00000
1.350000000e+00  0.00000  1.00000  0.85177  0.02210  0.00000  0.00000  0.99161  1.00000
1.360000000e+00  0.00000  1.00000  0.98761  0.00000  0.00000  0.00000  0.99185  1.00000
1.370000000e+00  0.00000  1.00000  0.96985  0.00000  0.00000  0.00000  0.99208  1.00000
1.380000000e+00  0.00000  1.00000  0.96135  0.00001  0.00000  0.00000  0.99231  1.00000
1.390000000e+00  0.00000  1.00000  0.99281  0.00000  0.00000  0.00000  0.99253  1.00000
1.400000000e+00  0.00000  1.00000  0.99611  0.00003  0.00000  0.00000  0.99274  1.00000
1.410000000e+00  0.00000  1.00000  0.99980  0.00000  0.00000  0.00000  0.99294  1.00000
1.420000000e+00  0.00000  1.00000  0.99942  0.00292  0.00000  0.00000  0.99314  1.00000
1.430000000e+00  0.00000  1.00000  0.68462  0.00764  0.00000  0.00000  0.99333  1.00000
1.440000000e+00  0.00000  1.00000  0.00000  0.00849  0.00000  0.00000  0.99351  1.00000
1.450000000e+00  0.00000  1.00000  0.01235  0.04429  0.00000  0.00000  0.99369  1.00000
1.460000000e+00  0.00000  1.00000  0.63511  0.14368  0.00000  0.00000  0.99386  1.00000
1.470000000e+00  0.00000  1.00000  0.97409  0.04934  0.00000  0.00000  0.99402  1.00000
1.480000000e+00  0.00000  1.00000  0.41245  0.11302  0.00000  0.00000  0.99418  1.00000
1.490000000e+00  0.00000  1.00000  0.74752  0.11406  0.00000  0.00000  0.99434  1.00000
1.500000000e+00  0.00000  1.00000  0.55685  0.45099  0.00000  0.00000  0.99448  1.00000
1.510000000e+00  0.00000  1.00000  0.98138  0.59456  0.00000  0.00000  0.99463  1.00000
1.520000000e+00  0.00000  1.00000  0.98616  0.76508  0.00000  0.00000  0.99477  1.00000
1.530000000e+00  0.00000  1.00000  0.32306  0.84304  0.00000  0.00000  0.99490  1.00000
1.540000000e+00  0.00000  1.00000  0.13444  0.94427  0.00000  0.00000  0.99503  1.00000
1.550000000e+00  0.00000  1.00000  0.64833  0.97079  0.00000  0.00000  0.99516  1.00000
1.560000000e+00  0.00000  1.00000  0.93837  0.99199  0.00000  0.00000  0.99528  1.00000
1.570000000e+00  0.00000  1.00000  0.30502  0.98453  0.00000  0.00000  0.99540  1.00000
1.580000000e+00  0.00000  1.00000  0.00020  0.98764  0.00000  0.00000  0.99552  1.00000
1.590000000e+00  0.00000  1.00000  0.33857  0.98869  0.00000  0.00000  0.99563  1.00000
1.600000000e+00  0.00000  1.00000  0.21450  0.98267  0.00000  0.00000  0.99574  1.00000
1.610000000e+00  0.00000  1.00000  0.00211  0.99365  0.00000  0.00000  0.99584  1.00000
1.620000000e+00  0.00000  1.00000  0.01806  0.99369  0.00000  0.00000  0.99594  1.00000
1.630000000e+00  0.00000  1.00000  0.39212  0.99786  0.00000  0.00000  0.99604  1.00000
1.640000000e+00  0.00000  1.00000  0.30641  0.99342  0.00000  0.00000  0.99614  1.00000
1.650000000e+00  0.00000  1.00000  0.23149  0.98225  0.00000  0.00000  0.99623  1.00000
1.660000000e+00  0.00000  1.00000  0.39048  0.98012  0.00000  0.00000  0.99632  1.00000
1.670000000e+00  0.00000  1.00000  0.56090  0.98096  0.00000  0.00000  0.99641  1.00000
1.680000000e+00  0.00000  1.00000  0.80030  0.97058  0.00000  0.00000  0.99649  1.00000
1.690000000e+00  0.00000  1.00000  0.93744  0.97560  0.00000  0.00000  0.99657  1.00000
1.700000000e+00  0.00000  1.00000  0.98472  0.90881  0.00000  0.00000  0.99665  1.00000
1.710000000e+00  0.00000  1.00000  0.92845  0.90991  0.00000  0.00000  0.99673  1.00000
1.720000000e+00  0.00000  1.00000  0.96309  0.92472  0.00000  0.00000  0.99681  1.00000
1.730000000e+00  0.00000  1.00000  0.99261  0.87922  0.00000  0.00000  0.99688  1.00000
1.740000000e+00  0.00000  1.00000  0.99937  0.77584  0.00000  0.00000  0.99695  1.00000
1.750000000e+00  0.00000  1.00000  0.99893  0.71006  0.00000  0.00000  0.99702  1.00000
1.760000000e+00  0.00000  1.00000  0.89667  0.72443  0.00000  0.00000  0.99709  1.00000
1.770000000e+00  0.00000  1.00000  0.95807  0.56372  0.00000  0.00000  0.99715  1.00000
1.780000000e+00  0.00000  1.00000  0.99510  0.39511  0.00000  0.00000  0.99721  1.00000
1.790000000e+00  0.00000  1.00000  0.88172  0.24147  0.00000  0.00000  0.99728  1.00000
1.800000000e+00  0.00000  1.00000  0.95009  0.11444  0.00000  0.00000  0.99734  1.00000
1.810000000e+00  0.00000  1.00000  0.98742  0.01655  0.00000  0.00000  0.99739  1.00000
1.820000000e+00  0.00000  1.00000  0.99556  0.00127  0.00000  0.00000  0.99745  1.00000
1.830000000e+00  0.00000  1.00000  0.99926  0.00002  0.00000  0.00000  0.99751  1.00000
1.840000000e+00  0.00000  1.00000  0.99972  0.00000  0.00000  0.00000  0.99756  1.00000
1.850000000e+00  0.00000  1.00000  0.99754  0.00000  0.00000  0.00000  0.99761  1.00000
1.860000000e+00  0.00000  1.00000  0.99710  0.00000  0.00000  0.00000  0.99766  1.00000
1.870000000e+00  0.00000  1.00000  0.97870  0.00000  0.00000  0.00000  0.99771  1.00000
1.880000000e+00  0.00000  1.00000  0.10571  0.00000  0.00000  0.00000  0.99776  1.00000
1.890000000e+00  0.00000  1.00000  0.12363  0.00001  0.00000  0.00000  0.99781  1.00000
1.900000000e+00  0.00000  1.00000  0.51580  0.00004  0.00000  0.00000  0.99785  1.00000
1.910000000e+00  0.00000  1.00000  0.64471  0.00000  0.00000  0.00000  0.99790  1.00000
1.920000000e+00  0.00000  1.00000  0.86228  0.00001  0.00000  0.00000  0.99794  1.00000
1.930000000e+00  0.00000  1.00000  0.84121  0.00005  0.00000  0.00000  0.99798  1.00000
1.940000000e+00  0.00000  1.00000  0.19169  0.00086  0.00000  0.00000  0.99802  1.00000
1.950000000e+00  0.00000  1.00000  0.00000  0.01012  0.00000  0.00000  0.99806  1.00000
1.960000000e+00  0.00000  1.00000  0.00000  0.02726  0.00000  0.00000  0.99810  1.00000
1.970000000e+00  0.00000  1.00000  0.00000  0.26450  0.00000  0.00000  0.99814  1.00000
1.980000000e+00  0.00000  1.00000  0.00000  0.39257  0.00000  0.00000  0.99818  1.00000
1.990000000e+00  0.00000  1.00000  0.00404  0.45408  0.00000  0.00000  0.99822  1.00000
2.000000000e+00  0.00000  1.00000  0.00000  0.58197  0.00000  0.00000  0.99825  1.00000
2.010000000e+00  0.00000  1.00000  0.00000  0.48232  0.00000  0.00000  0.99829  1.00000
2.020000000e+00  0.00000  1.00000  0.00000  0.63083  0.00000  0.00000  0.99832  1.00000
2.030000000e+00  0.00000  1.00000  0.00000  0.83091  0.00000  0.00000  0.99835  1.00000
2.040000000e+00  0.00000  1.00000  0.00000  0.85706  0.00000  0.00000  0.99838  1.00000
2.050000000e+00  0.00000  1.00000  0.00000  0.93447  0.00000  0.00000  0.99842  1.00000
2.060000000e+00  0.00000  1.00000  0.00000  0.86346  0.00000  0.00000  0.99845  1.00000
2.070000000e+00  0.00000  1.00000  0.00000  0.88986  0.00000  0.00000  0.99848  1.00000
2.080000000e+00  0.00000  1.00000  0.00000  0.92764  0.00000  0.00000  0.99850  1.00000
2.090000000e+00  0.00000  1.00000  0.00000  0.92511  0.00000  0.00000  0.99853  1.00000
2.100000000e+00  0.00000  1.00000  0.00004  0.95573  0.00000  0.00000  0.99856  1.00000
2.110000000e+00  0.00000  1.00000  0.01873  0.96484  0.00000  0.00000  0.99859  1.00000
2.120000000e+00  0.00000  1.00000  0.06689  0.90621  0.00000  0.00000  0.99861  1.00000
2.130000000e+00  0.00000  1.00000  0.43912  0.86736  0.00000  0.00000  0.99864  1.00000
2.140000000e+00  0.00000  1.00000  0.63236  0.96939  0.00000  0.00000  0.99867  1.00000
2.150000000e+00  0.00000  1.00000  0.27480  0.98570  0.00000  0.00000  0.99869  1.00000
2.160000000e+00  0.00000  1.00000  0.34383  0.94406  0.00000  0.00000  0.99871  1.00000
2.170000000e+00  0.00000  1.00000  0.22759  0.88006  0.00000  0.00000  0.99874  1.00000
2.180000000e+00  0.00000  1.00000  0.53942  0.90259  0.00000  0.00000  0.99876  1.00000
2.190000000e+00  0.00000  1.00000  0.83031  0.79304  0.00000  0.00000  0.99878  1.00000
2.200000000e+00  0.00000  1.00000  0.88591  0.87342  0.00000  0.00000  0.99880  1.00000
2.210000000e+00  0.00000  1.00000  0.96456  0.90967  0.00000  0.00000  0.99883  1.00000
2.220000000e+00  0.00000  1.00000  0.95034  0.93114  0.00000  0.00000  0.99885  1.00000
2.230000000e+00  0.00000  1.00000  0.95398  0.95436  0.00000  0.00000  0.99887  1.00000
2.240000000e+00  0.00000  1.00000  0.98687  0.97865  0.00000  0.00000  0.99889  1.00000
2.250000000e+00  0.00000  1.00000  0.97809  0.98258  0.00000  0.00000  0.99891  1.00000
2.260000000e+00  0.00000  1.00000  0.94806  0.99325  0.00000  0.00000  0.99893  1.00000
2.270000000e+00  0.00000  1.00000  0.98748  0.98583  0.00000  0.00000  0.99895  1.00000
2.280000000e+00  0.00000  1.00000  0.97356  0.99743  0.00000  0.00000  0.99896  1.00000
2.290000000e+00  0.00000  1.00000  0.99189  0.98659  0.00000  0.00000  0.99898  1.00000
2.300000000e+00  0.00000  1.00000  0.99600  0.91980  0.00000  0.00000  0.99900  1.00000
2.310000000e+00  0.00000  1.00000  0.99745  0.97453  0.00000  0.00000  0.99902  1.00000
2.320000000e+00  0.00000  1.00000  0.99904  0.93585  0.00000  0.00000  0.99903  1.00000
2.330000000e+00  0.00000  1.00000  0.99989  0.92895  0.00000  0.00000  0.99905  1.00000
2.340000000e+00  0.00000  1.00000  0.99989  0.94335  0.00000  0.00000  0.99907  1.00000
2.350000000e+00  0.00000  1.00000  0.99987  0.85241  0.00000  0.00000  0.99908  1.00000
2.360000000e+00  0.00000  1.00000  0.99967  0.72388  0.00000  0.00000  0.99910  1.00000
2.370000000e+00  0.00000  1.00000  0.99822  0.74791  0.00000  0.00000  0.99911  1.00000
2.380000000e+00  0.00000  1.00000  0.99714  0.56531  0.00000  0.00000  0.99913  1.00000
2.390000000e+00  0.00000  1.00000  0.99065  0.45980  0.00000  0.00000  0.99914  1.00000
2.400000000e+00  0.00000  1.00000  0.98873  0.54790  0.00000  0.00000  0.99916  1.00000
2.410000000e+00  0.00000  1.00000  0.98694  0.37550  0.00000  0.00000  0.99917  1.00000
2.420000000e+00  0.00000  1.00000  0.99684  0.18830  0.00000  0.00000  0.99918  1.00000
2.430000000e+00  0.00000  1.00000  0.99991  0.39061  0.00000  0.00000  0.99920  1.00000
2.440000000e+00  0.00000  1.00000  0.99986  0.09234  0.00000  0.00000  0.99921  1.00000
2.450000000e+00  0.00000  1.00000  0.99965  0.16123  0.00000  0.00000  0.99922  1.00000
2.460000000e+00  0.00000  1.00000  0.99948  0.25630  0.00000  0.00000  0.99923  1.00000
2.470000000e+00  0.00000  1.00000  0.99241  0.22095  0.00000  0.00000  0.99925  1.00000
2.480000000e+00  0.00000  1.00000  0.96971  0.11195  0.00000  0.00000  0.99926  1.00000
2.490000000e+00  0.00000  1.00000  0.31932  0.00732  0.00000  0.00000  0.99927  1.00000
2.500000000e+00  0.00000  1.00000  0.73524  0.00578  0.00000  0.00000  0.99928  1.00000
2.510000000e+00  0.00000  1.00000  0.70409  0.00175  0.00000  0.00000  0.99929  1.00000
2.520000000e+00  0.00000  1.00000  0.68134  0.00060  0.00000  0.00000  0.99931  1.00000
2.530000000e+00  0.00000  1.00000  0.83752  0.00000  0.00000  0.00000  0.99932  1.00000
2.540000000e+00  0.00000  1.00000  0.90040  0.00000  0.00000  0.00000  0.99933  1.00000
2.550000000e+00  0.00000  1.00000  0.97499  0.00000  0.00000  0.00000  0.99934  1.00000
2.560000000e+00  0.00000  1.00000  0.94388  0.00000  0.00000  0.00000  0.99935  1.00000
2.570000000e+00  0.00000  1.00000  0.96680  0.00000  0.00000  0.00000  0.99936  1.00000
2.580000000e+00  0.00000  1.00000  0.78845  0.00000  0.00000  0.00000  0.99937  1.00000
2.590000000e+00  0.00000  1.00000  0.54155  0.00000  0.00000  0.00000  0.99938  1.00000
2.600000000e+00  0.00000  1.00000  0.64560  0.00000  0.00000  0.00000  0.99939  1.00000
2.610000000e+00  0.00000  1.00000  0.18274  0.00000  0.00000  0.00000  0.99940  1.00000
2.620000000e+00  0.00000  1.00000  0.06935  0.00000  0.00000  0.00000  0.99941  1.00000
2.630000000e+00  0.00000  1.00000  0.24531  0.00000  0.00000  0.00000  0.99941  1.00000
2.640000000e+00  0.00000  1.00000  0.20710  0.00000  0.00000  0.00000  0.99942  1.00000
2.650000000e+00  0.00000  1.00000  0.37145  0.00000  0.00000  0.00000  0.99943  1.00000
2.660000000e+00  0.00000  1.00000  0.00062  0.00000  0.00000  0.00000  0.99944  1.00000
2.670000000e+00  0.00000  1.00000  0.00000  0.00000  0.00000  0.00000  0.99945  1.00000
2.680000000e+00  0.00000  1.00000  0.00000  0.00000  0.00000  0.00000  0.99946  1.00000
2.690000000e+00  0.00000  1.00000  0.00000  0.00000  0.00000  0.00000  0.99946  1.00000
2.700000000e+00  0.00000  1.00000  0.00000  0.00000  0.00000  0.00000  0.99947  1.00000
2.710000000e+00  0.00000  1.00000  0.00000  0.00000  0.00000  0.00000  0.99948  1.00000
2.720000000e+00  0.00000  1.00000  0.00000  0.00000  0.00000  0.00000  0.99949  1.00000
2.730000000e+00  0.00000  1.00000  0.00000  0.00000  0.00000  0.00000  0.99950  1.00000
2.740000000e+00  0.00000  1.00000  0.00000  0.00000  0.00000  0.00000  0.99950  1.00000
2.750000000e+00  0.00000  1.00000  0.00000  0.00000  0.00000  0.00000  0.99951  1.00000
2.760000000e+00  0.00000  1.00000  0.00000  0.00000  0.00000  0.00000  0.99952  1.00000
2.770000000e+00  0.00000  1.00000  0.00000  0.00000  0.00000  0.00000  0.99952  1.00000
2.780000000e+00  0.00000  1.00000  0.00000  0.00000  0.00001  0.00000  0.99953  1.00000
2.790000000e+00  0.00000  1.00000  0.00000  0.00000  0.00001  0.00000  0.99954  1.00000
2.800000000e+00  0.00000  1.00000  0.00000  0.00000  0.00002  0.00000  0.99954  1.00000
2.810000000e+00  0.00000  1.00000  0.00000  0.00000  0.00001  0.00000  0.99955  1.00000
2.820000000e+00  0.00000  1.00000  0.00000  0.00000  0.00001  0.00000  0.99956  1.00000
2.830000000e+00  0.00000  1.00000  0.00000  0.00000  0.00001  0.00000  0.99956  1.00000
2.840000000e+00  0.00000  1.00000  0.00000  0.00000  0.00000  0.00000  0.99957  1.00000
2.850000000e+00  0.00000  1.00000  0.00000  0.00001  0.00000  0.00000  0.99957  1.00000
2.860000000e+00  0.00000  1.00000  0.00000  0.00000  0.00000  0.00000  0.99958  1.00000
2.870000000e+00  0.00000  1.00000  0.00000  0.00004  0.00000  0.00000  0.99959  1.00000
2.880000000e+00  0.00000  1.00000  0.00000  0.00014  0.00000  0.00000  0.99959  1.00000
2.890000000e+00  0.00000  1.00000  0.00003  0.00009  0.00000  0.00000  0.99960  1.00000
2.900000000e+00  0.00000  1.00000  0.00409  0.00539  0.00000  0.00000  0.99960  1.00000
2.910000000e+00  0.00000  1.00000  0.08205  0.00141  0.00000  0.00000  0.99961  1.00000
2.920000000e+00  0.00000  1.00000  0.34814  0.00225  0.00000  0.00000  0.99961  1.00000
2.930000000e+00  0.00000  1.00000  0.55788  0.01231  0.00000  0.00000  0.99962  1.00000
2.940000000e+00  0.00000  1.00000  0.68762  0.04861  0.00000  0.00000  0.99962  1.00000
2.950000000e+00  0.00000  1.00000  0.82238  0.00169  0.00000  0.00000  0.99963  1.00000
2.960000000e+00  0.00000  1.00000  0.41947  0.01601  0.00000  0.00000  0.99963  1.00000
2.970000000e+00  0.00000  1.00000  0.05131  0.04541  0.00000  0.00000  0.99964  1.00000
2.980000000e+00  0.00000  1.00000  0.00365  0.00009  0.00000  0.00000  0.99964  1.00000
2.990000000e+00  0.00000  1.00000  0.01425  0.06471  0.00000  0.00000  0.99965  1.00000
3.000000000e+00  0.00000  1.00000  0.28508  0.09517  0.00000  0.00000  0.99965  1.00000
3.010000000e+00  0.00000  1.00000  0.30139  0.07319  0.00000  0.00000  0.99966  1.00000
3.020000000e+00  0.00000  1.00000  0.05608  0.05185  0.00000  0.00000  0.99966  1.00000
3.030000000e+00  0.00000  1.00000  0.11426  0.04567  0.00000  0.00000  0.99967  1.00000
3.040000000e+00  0.00000  1.00000  0.31607  0.00904  0.00000  0.00000  0.99967  1.00000
3.050000000e+00  0.00000  1.00000  0.63569  0.01106  0.00000  0.00000  0.99968  1.00000
3.060000000e+00  0.00000  1.00000  0.68715  0.01700  0.00000  0.00000  0.99968  1.00000
3.070000000e+00  0.00000  1.00000  0.83544  0.00952  0.00000  0.00000  0.99968  1.00000
3.080000000e+00  0.00000  1.00000  0.87139  0.03650  0.00000  0.00000  0.99969  1.00000
3.090000000e+00  0.00000  1.00000  0.93052  0.00119  0.00000  0.00000  0.99969  1.00000
3.100000000e+00  0.00000  1.00000  0.89757  0.00104  0.00000  0.00000  0.99970  1.00000
3.110000000e+00  0.00000  1.00000  0.71732  0.01405  0.00000  0.00000  0.99970  1.00000
3.120000000e+00  0.00000  1.00000  0.49124  0.00193  0.00000  0.00000  0.99970  1.00000
3.130000000e+00  0.00000  1.00000  0.39704  0.07216  0.00000  0.00000  0.99971  1.00000
3.140000000e+00  0.00000  1.00000  0.55614  0.16577  0.00000  0.00000  0.99971  1.00000
3.150000000e+00  0.00000  1.00000  0.75838  0.03351  0.00000  0.00000  0.99971  1.00000
3.160000000e+00  0.00000  1.00000  0.60657  0.12201  0.00000  0.00000  0.99972  1.00000
3.170000000e+00  0.00000  1.00000  0.43484  0.66929  0.00000  0.00000  0.99972  1.00000
3.180000000e+00  0.00000  1.00000  0.49920  0.52301  0.00000  0.00000  0.99973  1.00000
3.190000000e+00  0.00000  1.00000  0.66895  0.23998  0.00000  0.00000  0.99973  1.00000
3.200000000e+00  0.00000  1.00000  0.83449  0.05680  0.00000  0.00000  0.99973  1.00000
3.210000000e+00  0.00000  1.00000  0.93434  0.00004  0.00000  0.00000  0.99974  1.00000
3.220000000e+00  0.00000  1.00000  0.91153  0.00024  0.00000  0.00000  0.99974  1.00000
3.230000000e+00  0.00000  1.00000  0.90472  0.00328  0.00000  0.00000  0.99974  1.00000
3.240000000e+00  0.00000  1.00000  0.95016  0.13196  0.00000  0.00000  0.99975  1.00000
3.250000000e+00  0.00000  1.00000  0.98792  0.04746  0.00000  0.00000  0.99975  1.00000
3.260000000e+00  0.00000  1.00000  0.99659  0.31165  0.00000  0.00000  0.99975  1.00000
3.270000000e+00  0.00000  1.00000  0.99618  0.02142  0.00000  0.00000  0.99975  1.00000
3.280000000e+00  0.00000  1.00000  0.99681  0.06262  0.00000  0.00000  0.99976  1.00000
3.290000000e+00  0.00000  1.00000  0.99854  0.30778  0.00000  0.00000  0.99976  1.00000
3.300000000e+00  0.00000  1.00000  0.99936  0.14755  0.00000  0.00000  0.99976  1.00000
3.310000000e+00  0.00000  1.00000  0.99949  0.02151  0.00000  0.00000  0.99977  1.00000
3.320000000e+00  0.00000  1.00000  0.99901  0.21206  0.00000  0.00000  0.99977  1.00000
3.330000000e+00  0.00000  1.00000  0.99375  0.06759  0.00000  0.00000  0.99977  1.00000
3.340000000e+00  0.00000  1.00000  0.97871  0.37824  0.00000  0.00000  0.99977  0.99984
3.350000000e+00  0.00000  1.00000  0.96601  0.13792  0.00000  0.00000  0.99978  0.99979
3.360000000e+00  0.00000  1.00000  0.86136  0.14547  0.00000  0.00000  0.99978  0.99985
3.370000000e+00  0.00000  1.00000  0.96000  0.19652  0.00000  0.00000  0.99978  0.99974
3.380000000e+00  0.00000  1.00000  0.97138  0.31434  0.00000  0.00000  0.99978  0.99990
3.390000000e+00  0.00000  1.00000  0.98468  0.44674  0.00000  0.00000  0.99979  0.99987
3.400000000e+00  0.00000  1.00000  0.99444  0.66456  0.00000  0.00000  0.99979  0.99994
3.410000000e+00  0.00000  1.00000  0.99797  0.50180  0.00000  0.00000  0.99979  0.99995
3.420000000e+00  0.00000  1.00000  0.99931  0.63294  0.00000  0.00000  0.99979  1.00000
3.430000000e+00  0.00000  1.00000  0.99911  0.87999  0.00000  0.00000  0.99980  0.99991
3.440000000e+00  0.00000  1.00000  0.99932  0.77374  0.00000  0.00000  0.99980  0.99987
3.450000000e+00  0.00000  1.00000  0.99655  0.77749  0.00000  0.00000  0.99980  0.99970
3.460000000e+00  0.00000  1.00000  0.99739  0.72689  0.00000  0.00000  0.99980  0.99988
3.470000000e+00  0.00000  1.00000  0.99906  0.86476  0.00000  0.00000  0.99981  0.99974
3.480000000e+00  0.00000  1.00000  0.99935  0.81694  0.00000  0.00000  0.99981  0.99983
3.490000000e+00  0.00000  1.00000  0.99958  0.85469  0.00000  0.00000  0.99981  0.99982
3.500000000e+00  0.00000  1.00000  0.99960  0.82468  0.00000  0.00000  0.99981  0.99990
3.510000000e+00  0.00000  1.00000  0.99930  0.84022  0.00000  0.00000  0.99981  0.99997
3.520000000e+00  0.00000  1.00000  0.99813  0.77707  0.00000  0.00000  0.99982  0.99996
3.530000000e+00  0.00000  1.00000  0.99507  0.74224  0.00000  0.00000  0.99982  0.99994
3.540000000e+00  0.00000  1.00000  0.98901  0.72225  0.00000  0.00000  0.99982  0.99989
3.550000000e+00  0.00000  1.00000  0.97654  0.68553  0.00000  0.00000  0.99982  0.99991
3.560000000e+00  0.00000  1.00000  0.94883  0.57328  0.00000  0.00000  0.99982  0.99965
3.570000000e+00  0.00000  1.00000  0.90704  0.70995  0.00000  0.00000  0.99983  0.99965
3.580000000e+00  0.00000  1.00000  0.87577  0.64839  0.00000  0.00000  0.99983  0.99936
3.590000000e+00  0.00000  1.00000  0.82053  0.74530  0.00000  0.00000  0.99983  0.99935
3.600000000e+00  0.00000  1.00000  0.66955  0.64396  0.00000  0.00000  0.99983  0.99942
3.610000000e+00  0.00000  1.00000  0.53943  0.83079  0.00000  0.00000  0.99983  0.99945
3.620000000e+00  0.00000  1.00000  0.48728  0.67926  0.00000  0.00000  0.99984  0.99930
3.630000000e+00  0.00000  1.00000  0.67994  0.82023  0.00000  0.00000  0.99984  0.99915
3.640000000e+00  0.00000  1.00000  0.63943  0.72412  0.00000  0.00000  0.99984  0.99889
3.650000000e+00  0.00000  1.00000  0.51423  0.92624  0.00000  0.00000  0.99984  0.99871
3.660000000e+00  0.00000  1.00000  0.61801  0.77780  0.00000  0.00000  0.99984  0.99859
3.670000000e+00  0.00000  1.00000  0.80762  0.78634  0.00000  0.00000  0.99984  0.99846
3.680000000e+00  0.00000  1.00000  0.93375  0.39908  0.00000  0.00000  0.99985  0.99822
3.690000000e+00  0.00000  1.00000  0.96886  0.55376  0.00000  0.00000  0.99985  0.99784
3.700000000e+00  0.00000  1.00000  0.97975  0.77823  0.00000  0.00000  0.99985  0.99756
3.710000000e+00  0.00000  1.00000  0.98899  0.91181  0.00000  0.00000  0.99985  0.99607
3.720000000e+00  0.00000  1.00000  0.97945  0.70791  0.00000  0.00000  0.99985  0.99504
3.730000000e+00  0.00000  1.00000  0.97819  0.84125  0.00000  0.00000  0.99985  0.99456
3.740000000e+00  0.00000  1.00000  0.97752  0.71276  0.00000  0.00000  0.99986  0.99395
3.750000000e+00  0.00000  1.00000  0.94058  0.80398  0.00000  0.00000  0.99986  0.99315
3.760000000e+00  0.00000  1.00000  0.84570  0.75706  0.00000  0.00000  0.99986  0.99222
3.770000000e+00  0.00000  1.00000  0.72138  0.70525  0.00000  0.00000  0.99986  0.99123
3.780000000e+00  0.00000  1.00000  0.54873  0.72265  0.00000  0.00000  0.99986  0.98988
3.790000000e+00  0.00000  1.00000  0.37562  0.77709  0.00000  0.00000  0.99986  0.98826
3.800000000e+00  0.00000  1.00000  0.14836  0.72511  0.00000  0.00000  0.99986  0.98655
3.810000000e+00  0.00000  1.00000  0.03991  0.88165  0.00000  0.00000  0.99987  0.98454
3.820000000e+00  0.00000  1.00000  0.06284  0.69739  0.00000  0.00000  0.99987  0.98241
3.830000000e+00  0.00000  1.00000  0.26039  0.86382  0.00000  0.00000  0.99987  0.97998
3.840000000e+00  0.00000  1.00000  0.12781  0.75217  0.00000  0.00000  0.99987  0.97713
3.850000000e+00  0.00000  1.00000  0.06611  0.87351  0.00000  0.00000  0.99987  0.97378
3.860000000e+00  0.00000  1.00000  0.12037  0.84803  0.00000  0.00000  0.99987  0.96997
3.870000000e+00  0.00000  1.00000  0.28924  0.88914  0.00000  0.00000  0.99987  0.96578
3.880000000e+00  0.00000  1.00000  0.53569  0.88456  0.00000  0.00000  0.99988  0.96097
3.890000000e+00  0.00000  1.00000  0.75597  0.91147  0.00000  0.00000  0.99988  0.95542
3.900000000e+00  0.00000  1.00000  0.90375  0.94352  0.00000  0.00000  0.99988  0.94919
3.910000000e+00  0.00000  1.00000  0.95981  0.90078  0.00000  0.00000  0.99988  0.94212
3.920000000e+00  0.00000  1.00000  0.96438  0.97801  0.00000  0.00000  0.99988  0.93389
3.930000000e+00  0.00000  1.00000  0.92686  0.95209  0.00000  0.00000  0.99988  0.92444
3.940000000e+00  0.00000  1.00000  0.84403  0.97911  0.00000  0.00000  0.99988  0.91353
3.950000000e+00  0.00000  1.00000  0.71837  0.98231  0.00000  0.00000  0.99988  0.90119
3.960000000e+00  0.00000  1.00000  0.50203  0.97070  0.00000  0.00000  0.99989  0.88663
3.970000000e+00  0.00000  1.00000  0.33065  0.99187  0.00000  0.00000  0.99989  0.86999
3.980000000e+00  0.00000  1.00000  0.17985  0.98193  0.00000  0.00000  0.99989  0.85148
3.990000000e+00  0.00000  1.00000  0.13057  0.99435  0.00000  0.00000  0.99989  0.83040
4.000000000e+00  0.00000  1.00000  0.30742  0.99228  0.00000  0.00000  0.99989  0.80638
4.010000000e+00  0.00000  1.00000  0.38014  0.99224  0.00000  0.00000  0.99989  0.78012
4.020000000e+00  0.00000  1.00000  0.16920  0.99790  0.00000  0.00000  0.99989  0.75165
4.030000000e+00  0.00000  1.00000  0.14755  0.99238  0.00000  0.00000  0.99989  0.72159
4.040000000e+00  0.00000  1.00000  0.20592  0.99610  0.00000  0.00000  0.99989  0.69005
4.050000000e+00  0.00000  1.00000  0.34522  0.99644  0.00000  0.00000  0.99989  0.65684
4.060000000e+00  0.00000  1.00000  0.51564  0.99564  0.00000  0.00000  0.99990  0.62357
4.070000000e+00  0.00000  1.00000  0.56988  0.99544  0.00000  0.00000  0.99990  0.59022
4.080000000e+00  0.00000  1.00000  0.27881  0.99782  0.00000  0.00000  0.99990  0.55855
4.090000000e+00  0.00000  1.00000  0.08584  0.99764  0.00000  0.00000  0.99990  0.52905
4.100000000e+00  0.00000  1.00000  0.03802  0.99792  0.00000  0.00000  0.99990  0.50161
4.110000000e+00  0.00000  1.00000  0.04885  0.99242  0.00000  0.00000  0.99990  0.47726
4.120000000e+00  0.00000  1.00000  0.21005  0.99793  0.00000  0.00000  0.99990  0.45637
4.130000000e+00  0.00000  1.00000  0.25966  0.99485  0.00000  0.00000  0.99990  0.43897
4.140000000e+00  0.00000  1.00000  0.11475  0.99658  0.00000  0.00000  0.99990  0.42527
4.150000000e+00  0.00000  1.00000  0.04798  0.99891  0.00000  0.00000  0.99990  0.41509
4.160000000e+00  0.00000  1.00000  0.00021  0.99416  0.00000  0.00000  0.99991  0.40885
4.170000000e+00  0.00000  1.00000  0.00000  0.99653  0.00000  0.00000  0.99991  0.40539
4.180000000e+00  0.00000  1.00000  0.00000  0.99587  0.00000  0.00000  0.99991  0.40675
4.190000000e+00  0.00000  1.00000  0.00000  0.99591  0.00000  0.00000  0.99991  0.40888
4.200000000e+00  0.00000  1.00000  0.00000  0.99536  0.00000  0.00000  0.99991  0.41414
4.210000000e+00  0.00000  1.00000  0.00000  0.99282  0.00000  0.00000  0.99991  0.41728
4.220000000e+00  0.00000  1.00000  0.00000  0.99318  0.00000  0.00000  0.99991  0.41808
4.230000000e+00  0.00000  1.00000  0.00000  0.99249  0.00000  0.00000  0.99991  0.41531
4.240000000e+00  0.00000  1.00000  0.00000  0.99434  0.00000  0.00000  0.99991  0.40703
4.250000000e+00  0.00000  1.00000  0.00000  0.98582  0.00000  0.00000  0.99991  0.39153
4.260000000e+00  0.00000  1.00000  0.00000  0.98242  0.00000  0.00000  0.99991  0.36255
4.270000000e+00  0.00000  1.00000  0.00000  0.99385  0.00000  0.00000  0.99991  0.31976
4.280000000e+00  0.00000  1.00000  0.00000  0.97445  0.00000  0.00000  0.99992  0.29041
4.290000000e+00  0.00000  1.00000  0.00000  0.97073  0.00000  0.00000  0.99992  0.27256
4.300000000e+00  0.00000  1.00000  0.00000  0.96692  0.00000  0.00000  0.99992  0.27732
4.310000000e+00  0.00000  1.00000  0.00000  0.94267  0.00000  0.00000  0.99992  0.30486
4.320000000e+00  0.00000  1.00000  0.00000  0.95427  0.00000  0.00000  0.99992  0.34468
4.330000000e+00  0.00000  1.00000  0.00000  0.95263  0.00000  0.00000  0.99992  0.39906
4.340000000e+00  0.00000  1.00000  0.00000  0.94170  0.00000  0.00000  0.99992  0.44450
4.350000000e+00  0.00000  1.00000  0.00000  0.93877  0.00000  0.00000  0.99992  0.47907
4.360000000e+00  0.00000  1.00000  0.00000  0.91759  0.00000  0.00000  0.99992  0.50409
4.370000000e+00  0.00000  1.00000  0.00000  0.83126  0.00000  0.00000  0.99992  0.52208
4.380000000e+00  0.00000  1.00000  0.00000  0.94061  0.00000  0.00000  0.99992  0.53556
4.390000000e+00  0.00000  1.00000  0.00000  0.91864  0.00000  0.00000  0.99992  0.54782
4.400000000e+00  0.00000  1.00000  0.00000  0.87946  0.00000  0.00000  0.99992  0.55645
4.410000000e+00  0.00000  1.00000  0.00000  0.76309  0.00000  0.00000  0.99992  0.56766
4.420000000e+00  0.00000  1.00000  0.00000  0.96061  0.00000  0.00000  0.99993  0.57837
4.430000000e+00  0.00000  1.00000  0.00000  0.86020  0.00000  0.00000  0.99993  0.59084
4.440000000e+00  0.00000  1.00000  0.00000  0.70693  0.00000  0.00000  0.99993  0.60421
4.450000000e+00  0.00000  1.00000  0.00000  0.77200  0.00000  0.00000  0.99993  0.61993
4.460000000e+00  0.00000  1.00000  0.00000  0.79979  0.00000  0.00000  0.99993  0.63553
4.470000000e+00  0.00000  1.00000  0.00000  0.81803  0.00000  0.00000  0.99993  0.65457
4.480000000e+00  0.00000  1.00000  0.00000  0.79926  0.00000  0.00000  0.99993  0.67238
4.490000000e+00  0.00000  1.00000  0.00000  0.83845  0.00000  0.00000  0.99993  0.69302
4.500000000e+00  0.00000  1.00000  0.00000  0.86385  0.00000  0.00000  0.99993  0.71212
4.510000000e+00  0.00000  1.00000  0.00000  0.85600  0.00000  0.00000  0.99993  0.73298
4.520000000e+00  0.00000  1.00000  0.00000  0.78717  0.00000  0.00000  0.99993  0.75328
4.530000000e+00  0.00000  1.00000  0.00000  0.66266  0.00000  0.00000  0.99993  0.77311
4.540000000e+00  0.00000  1.00000  0.00002  0.64148  0.00000  0.00000  0.99993  0.79263
4.550000000e+00  0.00000  1.00000  0.00022  0.81421  0.00000  0.00000  0.99993  0.81138
4.560000000e+00  0.00000  1.00000  0.00469  0.90585  0.00000  0.00000  0.99993  0.82932
4.570000000e+00  0.00000  1.00000  0.03303  0.80804  0.00000  0.00000  0.99993  0.84558
4.580000000e+00  0.00000  1.00000  0.11424  0.70956  0.00000  0.00000  0.99994  0.86148
4.590000000e+00  0.00000  1.00000  0.16601  0.77350  0.00000  0.00000  0.99994  0.87598
4.600000000e+00  0.00000  1.00000  0.24440  0.80564  0.00000  0.00000  0.99994  0.88931
4.610000000e+00  0.00000  1.00000  0.30408  0.84351  0.00000  0.00000  0.99994  0.90160
4.620000000e+00  0.00000  1.00000  0.25191  0.79881  0.00000  0.00000  0.99994  0.91284
4.630000000e+00  0.00000  1.00000  0.11300  0.60357  0.00000  0.00000  0.99994  0.92297
4.640000000e+00  0.00000  1.00000  0.08662  0.61437  0.00000  0.00000  0.99994  0.93211
4.650000000e+00  0.00000  1.00000  0.07052  0.63171  0.00000  0.00000  0.99994  0.94036
4.660000000e+00  0.00000  1.00000  0.07100  0.56806  0.00000  0.00000  0.99994  0.94777
4.670000000e+00  0.00000  1.00000  0.07781  0.49615  0.00000  0.00000  0.99994  0.95404
4.680000000e+00  0.00000  1.00000  0.02774  0.50398  0.00000  0.00000  0.99994  0.95922
4.690000000e+00  0.00000  1.00000  0.01209  0.21781  0.00000  0.00000  0.99994  0.96429
4.700000000e+00  0.00000  1.00000  0.00137  0.86791  0.00000  0.00000  0.99994  0.96855
4.710000000e+00  0.00000  1.00000  0.00004  0.76911  0.00000  0.00000  0.99994  0.97217
4.720000000e+00  0.00000  1.00000  0.00002  0.44493  0.00000  0.00000  0.99994  0.97560
4.730000000e+00  0.00000  1.00000  0.00000  0.58384  0.00000  0.00000  0.99994  0.97823
4.740000000e+00  0.00000  1.00000  0.00000  0.42568  0.00000  0.00000  0.99994  0.98106
4.750000000e+00  0.00000  1.00000  0.00000  0.66447  0.00000  0.00000  0.99994  0.98335
4.760000000e+00  0.00000  1.00000  0.00000  0.55241  0.00000  0.00000  0.99994  0.98543
4.770000000e+00  0.00000  1.00000  0.00000  0.56495  0.00000  0.00000  0.99994  0.98722
4.780000000e+00  0.00000  1.00000  0.00000  0.43774  0.00000  0.00000  0.99995  0.98824
4.790000000e+00  0.00000  1.00000  0.00000  0.26269  0.00000  0.00000  0.99995  0.98966
4.800000000e+00  0.00000  1.00000  0.00000  0.30766  0.00000  0.00000  0.99995  0.99138
4.810000000e+00  0.00000  1.00000  0.00000  0.47372  0.00000  0.00000  0.99995  0.99258
4.820000000e+00  0.00000  1.00000  0.00000  0.41719  0.00000  0.00000  0.99995  0.99348
4.830000000e+00  0.00000  1.00000  0.00000  0.25100  0.00000  0.00000  0.99995  0.99448
4.840000000e+00  0.00000  1.00000  0.00000  0.45457  0.00000  0.00000  0.99995  0.99263
4.850000000e+00  0.00000  1.00000  0.00000  0.12249  0.00000  0.00000  0.99995  0.99474
4.860000000e+00  0.00000  1.00000  0.00000  0.08778  0.00000  0.00000  0.99995  0.99633
4.870000000e+00  0.00000  1.00000  0.00000  0.59131  0.00000  0.00000  0.99995  0.99689
4.880000000e+00  0.00000  1.00000  0.00000  0.59441  0.00000  0.00000  0.99995  0.99725
4.890000000e+00  0.00000  1.00000  0.00000  0.52900  0.00000  0.00000  0.99995  0.99711
4.900000000e+00  0.00000  1.00000  0.00000  0.07793  0.00000  0.00000  0.99995  0.99566
4.910000000e+00  0.00000  1.00000  0.00000  0.04667  0.00000  0.00000  0.99995  0.99783
4.920000000e+00  0.00000  1.00000  0.00000  0.27115  0.00000  0.00000  0.99995  0.99817
4.930000000e+00  0.00000  1.00000  0.00000  0.50641  0.00000  0.00000  0.99995  0.99836
4.940000000e+00  0.00000  1.00000  0.00011  0.26409  0.00000  0.00000  0.99995  0.99838
4.950000000e+00  0.00000  1.00000  0.00054  0.07508  0.00000  0.00000  0.99995  0.99723
4.960000000e+00  0.00000  1.00000  0.00127  0.02382  0.00000  0.00000  0.99995  0.99177
4.970000000e+00  0.00000  1.00000  0.01067  0.00877  0.00000  0.00000  0.99995  0.99885
4.980000000e+00  0.00000  1.00000  0.03168  0.16395  0.00000  0.00000  0.99995  0.99895
4.990000000e+00  0.00000  1.00000  0.08133  0.04174  0.00000  0.00000  0.99995  0.99917
5.000000000e+00  0.00000  1.00000  0.07463  0.27317  0.00000  0.00000  0.99995  0.99920
