# ----------------------------------------------------------------------------------------------
# NASA-GSFC Planetary Spectrum Generator (PSG, Villanueva et al. 2015)
# Atmospheric layering information considered by PUMAS
# Synthesized on Tue Nov 21 15:10:11 2017
# Radiative transfer method: correlated-k
# Synthesis spectral resolution [cm-1] and resolving power: 8.913678 5.010e+02
# Scattering parameters (nmax, lmax): 0 0
# ----------------------------------------------------------------------------------------------
# Molecular abundance profile: 
# Molecules considered: N2,CO2,H2O
# Molecular sources: HIT[22],HIT[2],HIT[1]
# Molecular abundances: 1,1,1
# Molecular abundance units: scl,scl,scl
# Collission-Induced-Absorption:  N2-N2(3.33-5.41um)
# Rayleigh scattering included
# ----------------------------------------------------------------------------------------------
# Aerosols considered: WaterIce,Cloud
# Aerosols sources: CRISM_Wolff[reff=2.0um 0.31-99.57um],White_GSFC[reff=1.0um 0.10-1000000.00um]
# Aerosols abundances: 1,1
# Aerosols abundance units: scl,scl
# Aerosols sizes [um]: 156.147234032,14.0
# ----------------------------------------------------------------------------------------------
# Input layer-by-layer atmospheric profile
# Molecular abundances in molec/molec and aerosols in kg/kg
# ----------------------------------------------------------------------------------------------
# Alt[km] Pressure[bar] Temp[K]         N2        CO2        H2O   WaterIce      Cloud
# ----------------------------------------------------------------------------------------------
    0.000   1.400e+00   294.075   7.391e-01  2.957e-01  1.769e-02  4.180e-10  1.617e-04
    0.260   1.358e+00   293.400   7.394e-01  2.958e-01  1.721e-02  4.971e-15  8.877e-05
    0.639   1.300e+00   292.900   7.401e-01  2.961e-01  1.594e-02  2.384e-26  5.855e-05
    1.249   1.210e+00   291.200   7.420e-01  2.968e-01  1.266e-02  2.329e-12  3.306e-05
    2.088   1.096e+00   288.400   7.442e-01  2.977e-01  8.889e-03  1.345e-08  2.240e-05
    3.148   9.655e-01   283.800   7.458e-01  2.983e-01  6.251e-03  1.542e-07  2.055e-05
    4.415   8.274e-01   277.500   7.466e-01  2.986e-01  4.845e-03  6.689e-07  2.434e-05
    5.776   6.982e-01   270.100   7.474e-01  2.990e-01  3.507e-03  1.255e-06  3.373e-05
    7.112   5.884e-01   263.000   7.480e-01  2.992e-01  2.406e-03  2.493e-06  5.330e-05
    8.425   4.950e-01   256.300   7.485e-01  2.994e-01  1.593e-03  4.423e-06  6.262e-05
    9.720   4.156e-01   250.000   7.488e-01  2.995e-01  1.004e-03  9.477e-06  4.245e-05
   11.000   3.482e-01   243.700   7.490e-01  2.996e-01  6.236e-04  1.223e-05  1.710e-05
   12.270   2.908e-01   237.200   7.492e-01  2.997e-01  3.735e-04  1.207e-05  5.413e-06
   13.520   2.421e-01   230.300   7.493e-01  2.997e-01  2.015e-04  5.856e-06  2.198e-07
   14.770   2.007e-01   223.000   7.494e-01  2.998e-01  9.779e-05  4.599e-06  0.000e+00
   16.010   1.655e-01   215.900   7.494e-01  2.998e-01  4.292e-05  3.863e-06  0.000e+00
   17.250   1.355e-01   209.700   7.494e-01  2.998e-01  1.938e-05  2.975e-06  0.000e+00
   18.510   1.101e-01   206.000   7.494e-01  2.998e-01  1.228e-05  1.687e-06  0.000e+00
   19.820   8.867e-02   205.500   7.494e-01  2.998e-01  1.107e-05  3.616e-07  0.000e+00
   21.000   7.287e-02   206.100   7.494e-01  2.998e-01  1.086e-05  2.615e-08  0.000e+00
   22.020   6.152e-02   206.600   7.494e-01  2.998e-01  1.070e-05  1.493e-08  0.000e+00
   23.070   5.168e-02   206.500   7.494e-01  2.998e-01  1.054e-05  1.194e-08  0.000e+00
   24.160   4.319e-02   205.900   7.494e-01  2.998e-01  1.040e-05  9.598e-09  0.000e+00
   25.260   3.592e-02   204.800   7.494e-01  2.998e-01  1.031e-05  8.572e-09  0.000e+00
   26.390   2.973e-02   203.300   7.494e-01  2.998e-01  1.033e-05  7.991e-09  0.000e+00
   27.540   2.448e-02   201.500   7.494e-01  2.998e-01  1.055e-05  2.080e-08  0.000e+00
   28.710   2.006e-02   199.400   7.494e-01  2.998e-01  1.070e-05  8.432e-08  0.000e+00
   29.900   1.635e-02   197.100   7.494e-01  2.998e-01  1.060e-05  1.620e-07  0.000e+00
   31.100   1.326e-02   194.800   7.494e-01  2.998e-01  1.032e-05  2.173e-07  0.000e+00
   32.310   1.071e-02   192.700   7.494e-01  2.998e-01  9.974e-06  2.671e-07  0.000e+00
   33.540   8.600e-03   191.300   7.494e-01  2.998e-01  9.677e-06  2.423e-07  0.000e+00
   34.800   6.873e-03   190.500   7.494e-01  2.998e-01  9.415e-06  1.701e-07  0.000e+00
   36.070   5.465e-03   189.800   7.494e-01  2.998e-01  9.111e-06  1.230e-07  0.000e+00
   37.370   4.325e-03   188.700   7.494e-01  2.998e-01  8.773e-06  1.070e-07  0.000e+00
   38.680   3.405e-03   187.200   7.494e-01  2.998e-01  8.339e-06  1.126e-07  0.000e+00
   40.010   2.667e-03   185.200   7.494e-01  2.998e-01  7.867e-06  1.308e-07  0.000e+00
   41.360   2.079e-03   182.900   7.494e-01  2.998e-01  7.592e-06  1.383e-07  0.000e+00
   42.710   1.613e-03   181.100   7.494e-01  2.998e-01  7.524e-06  1.435e-07  0.000e+00
   44.080   1.245e-03   180.700   7.494e-01  2.998e-01  7.647e-06  8.797e-08  0.000e+00
   45.480   9.559e-04   181.400   7.494e-01  2.998e-01  7.830e-06  5.507e-08  0.000e+00
   60.420   3.776e-04   181.400   7.494e-01  2.998e-01  7.830e-06  5.507e-08  0.000e+00
   66.330   2.615e-04   181.400   7.494e-01  2.998e-01  7.830e-06  5.507e-08  0.000e+00
   74.580   1.566e-04   181.400   7.494e-01  2.998e-01  7.830e-06  5.507e-08  0.000e+00
   86.090   7.656e-05   181.400   7.494e-01  2.998e-01  7.830e-06  5.507e-08  0.000e+00
  102.200   2.820e-05   181.400   7.494e-01  2.998e-01  7.830e-06  5.507e-08  0.000e+00
  124.600   6.996e-06   181.400   7.494e-01  2.998e-01  7.830e-06  5.507e-08  0.000e+00
  155.900   1.000e-06   181.400   7.494e-01  2.998e-01  7.830e-06  5.507e-08  0.000e+00
#
# ----------------------------------------------------------------------------------------------
# Curtis-Godson integrated layer information used by the radiative transfer analysis
# Oblique molecular layer columns in molec/m2 and aerosols in kg/m2
# ----------------------------------------------------------------------------------------------
# Low[km]  High[km]  Path[km] Pressure[bar] Temp[K]   Airmass   dcol[m-2]         N2        CO2        H2O   WaterIce      Cloud
# ----------------------------------------------------------------------------------------------
    0.000     0.260     0.389   1.379e+00   293.740    1.4980   1.327e+28  9.811e+27  3.925e+27  2.316e+26  3.944e-08  9.173e-02
    0.260     0.639     0.567   1.329e+00   293.152    1.4979   1.866e+28  1.380e+28  5.523e+27  3.093e+26  6.064e-13  7.698e-02
    0.639     1.249     0.914   1.255e+00   292.060    1.4977   2.847e+28  2.110e+28  8.439e+27  4.059e+26  2.051e-10  7.224e-02
    1.249     2.088     1.256   1.153e+00   289.822    1.4975   3.620e+28  2.690e+28  1.076e+28  3.871e+26  3.161e-06  5.639e-02
    2.088     3.148     1.587   1.031e+00   286.144    1.4972   4.138e+28  3.083e+28  1.233e+28  3.111e+26  1.327e-04  5.040e-02
    3.148     4.415     1.896   8.962e-01   280.721    1.4968   4.380e+28  3.269e+28  1.307e+28  2.424e+26  8.575e-04  5.551e-02
    4.415     5.776     2.037   7.625e-01   273.890    1.4964   4.101e+28  3.063e+28  1.225e+28  1.704e+26  2.149e-03  6.666e-02
    5.776     7.112     1.999   6.431e-01   266.637    1.4959   3.486e+28  2.607e+28  1.043e+28  1.023e+26  3.536e-03  8.408e-02
    7.112     8.425     1.964   5.415e-01   259.734    1.4955   2.961e+28  2.215e+28  8.861e+27  5.868e+25  5.611e-03  9.690e-02
    8.425     9.720     1.936   4.552e-01   253.231    1.4951   2.517e+28  1.884e+28  7.536e+27  3.230e+25  9.373e-03  7.441e-02
    9.720    11.000     1.913   3.818e-01   246.931    1.4947   2.139e+28  1.602e+28  6.407e+27  1.719e+25  1.305e-02  3.421e-02
   11.000    12.270     1.898   3.194e-01   240.535    1.4943   1.822e+28  1.365e+28  5.460e+27  8.950e+24  1.256e-02  1.065e-02
   12.270    13.520     1.867   2.663e-01   233.840    1.4939   1.538e+28  1.152e+28  4.609e+27  4.321e+24  7.563e-03  1.476e-03
   13.520    14.770     1.867   2.213e-01   226.747    1.4935   1.317e+28  9.872e+27  3.949e+27  1.908e+24  3.898e-03  9.490e-08
   14.770    16.010     1.851   1.830e-01   219.547    1.4931   1.116e+28  8.361e+27  3.345e+27  7.518e+23  2.676e-03  0.000e+00
   16.010    17.250     1.851   1.504e-01   212.890    1.4927   9.453e+27  7.084e+27  2.834e+27  2.831e+23  1.829e-03  0.000e+00
   17.250    18.510     1.880   1.228e-01   207.910    1.4924   8.020e+27  6.010e+27  2.405e+27  1.257e+23  1.042e-03  0.000e+00
   18.510    19.820     1.954   9.939e-02   205.759    1.4920   6.815e+27  5.107e+27  2.043e+27  7.964e+22  3.418e-04  0.000e+00
   19.820    21.000     1.760   8.078e-02   205.790    1.4916   4.991e+27  3.740e+27  1.496e+27  5.474e+22  3.775e-05  0.000e+00
   21.000    22.020     1.521   6.720e-02   206.343    1.4912   3.582e+27  2.684e+27  1.074e+27  3.862e+22  4.099e-06  0.000e+00
   22.020    23.070     1.565   5.660e-02   206.551    1.4909   3.101e+27  2.324e+27  9.298e+26  3.294e+22  2.361e-06  0.000e+00
   23.070    24.160     1.625   4.744e-02   206.209    1.4906   2.702e+27  2.025e+27  8.099e+26  2.829e+22  1.649e-06  0.000e+00
   24.160    25.260     1.639   3.955e-02   205.367    1.4902   2.282e+27  1.710e+27  6.841e+26  2.363e+22  1.176e-06  0.000e+00
   25.260    26.390     1.684   3.282e-02   204.073    1.4899   1.957e+27  1.466e+27  5.867e+26  2.019e+22  9.196e-07  0.000e+00
   26.390    27.540     1.713   2.710e-02   202.428    1.4895   1.657e+27  1.242e+27  4.968e+26  1.729e+22  1.240e-06  0.000e+00
   27.540    28.710     1.742   2.227e-02   200.484    1.4892   1.398e+27  1.048e+27  4.192e+26  1.485e+22  3.521e-06  0.000e+00
   28.710    29.900     1.772   1.820e-02   198.288    1.4888   1.175e+27  8.804e+26  3.522e+26  1.251e+22  7.841e-06  0.000e+00
   29.900    31.100     1.786   1.480e-02   195.989    1.4884   9.743e+26  7.302e+26  2.921e+26  1.020e+22  1.035e-05  0.000e+00
   31.100    32.310     1.801   1.198e-02   193.786    1.4881   8.040e+26  6.025e+26  2.410e+26  8.162e+21  1.096e-05  0.000e+00
   32.310    33.540     1.830   9.654e-03   192.025    1.4877   6.641e+26  4.977e+26  1.991e+26  6.529e+21  9.601e-06  0.000e+00
   33.540    34.800     1.874   7.736e-03   190.915    1.4873   5.481e+26  4.107e+26  1.643e+26  5.234e+21  6.384e-06  0.000e+00
   34.800    36.070     1.888   6.169e-03   190.163    1.4869   4.420e+26  3.313e+26  1.325e+26  4.097e+21  3.664e-06  0.000e+00
   36.070    37.370     1.932   4.895e-03   189.271    1.4865   3.606e+26  2.702e+26  1.081e+26  3.226e+21  2.354e-06  0.000e+00
   37.370    38.680     1.947   3.865e-03   187.979    1.4861   2.887e+26  2.164e+26  8.656e+25  2.472e+21  1.795e-06  0.000e+00
   38.680    40.010     1.976   3.036e-03   186.239    1.4857   2.323e+26  1.741e+26  6.964e+25  1.884e+21  1.595e-06  0.000e+00
   40.010    41.360     2.005   2.373e-03   184.096    1.4853   1.864e+26  1.397e+26  5.587e+25  1.441e+21  1.420e-06  0.000e+00
   41.360    42.710     2.005   1.846e-03   182.037    1.4849   1.465e+26  1.098e+26  4.393e+25  1.108e+21  1.170e-06  0.000e+00
   42.710    44.080     2.034   1.429e-03   180.909    1.4845   1.158e+26  8.676e+25  3.471e+25  8.779e+20  7.529e-07  0.000e+00
   44.080    45.480     2.078   1.101e-03   181.034    1.4841   9.100e+25  6.819e+25  2.728e+25  7.038e+20  3.663e-07  0.000e+00
   45.480    60.420    22.135   6.673e-04   181.400    1.4816   5.505e+26  4.125e+26  1.650e+26  4.310e+21  1.719e-06  0.000e+00
   60.420    66.330     8.738   3.196e-04   181.400    1.4785   1.103e+26  8.264e+25  3.306e+25  8.634e+20  3.443e-07  0.000e+00
   66.330    74.580    12.180   2.091e-04   181.400    1.4764   9.952e+25  7.458e+25  2.984e+25  7.792e+20  3.108e-07  0.000e+00
   74.580    86.090    16.960   1.166e-04   181.400    1.4735   7.576e+25  5.677e+25  2.271e+25  5.932e+20  2.366e-07  0.000e+00
   86.090   102.200    23.674   5.244e-05   181.400    1.4695   4.579e+25  3.431e+25  1.373e+25  3.585e+20  1.430e-07  0.000e+00
  102.200   124.600    32.795   1.767e-05   181.400    1.4641   1.993e+25  1.494e+25  5.976e+24  1.561e+20  6.224e-08  0.000e+00
  124.600   155.900    45.593   4.052e-06   181.400    1.4567   5.621e+24  4.212e+24  1.685e+24  4.401e+19  1.755e-08  0.000e+00
# ----------------------------------------------------------------------------------------------
# Integrated atmospheric columns                       1.4955   4.446e+29  3.319e+29  1.328e+29  2.285e+27  6.473e-02  7.716e-01
# ----------------------------------------------------------------------------------------------
