results_atm.txt
# ------------------------------------------------------------------------
# Atmospheric radiances synthesized with PUMAS (Villanueva et al. 2016, Smith et al. 2009, Edwards 1992)
# Molecular abundance profile: 
# Molecules considered: N2,CO2,H2O
# Molecular sources: HIT[22],HIT[2],HIT[1]
# Molecular abundances: 1,1,1
# Molecular abundance units: scl,scl,scl
# Collission-Induced-Absorption:  N2-N2(3.33-5.41um)
# Rayleigh scattering included
# ------------------------------------------------------------------------
# Wave/freq TRAPPIST-1-e
1.000000000e+00  6.00436e-10
1.010000000e+00  6.04073e-10
1.020000000e+00  6.07387e-10
1.030000000e+00  6.10374e-10
1.040000000e+00  5.97697e-10
1.050000000e+00  6.15255e-10
1.060000000e+00  6.16529e-10
1.070000000e+00  6.14842e-10
1.080000000e+00  6.20347e-10
1.090000000e+00  6.21837e-10
1.100000000e+00  6.22626e-10
1.110000000e+00  6.23276e-10
1.120000000e+00  6.20104e-10
1.130000000e+00  6.18619e-10
1.140000000e+00  6.21863e-10
1.150000000e+00  6.20569e-10
1.160000000e+00  6.22635e-10
1.170000000e+00  6.22382e-10
1.180000000e+00  6.21361e-10
1.190000000e+00  6.20201e-10
1.200000000e+00  6.18973e-10
1.210000000e+00  5.32057e-10
1.220000000e+00  5.70830e-10
1.230000000e+00  5.87246e-10
1.240000000e+00  6.03962e-10
1.250000000e+00  6.09739e-10
1.260000000e+00  6.05535e-10
1.270000000e+00  6.03218e-10
1.280000000e+00  6.03024e-10
1.290000000e+00  5.96591e-10
1.300000000e+00  5.88780e-10
1.310000000e+00  5.94476e-10
1.320000000e+00  5.53203e-10
1.330000000e+00  5.87998e-10
1.340000000e+00  5.61464e-10
1.350000000e+00  5.75172e-10
1.360000000e+00  5.65148e-10
1.370000000e+00  5.58603e-10
1.380000000e+00  5.56002e-10
1.390000000e+00  5.56372e-10
1.400000000e+00  5.53518e-10
1.410000000e+00  5.48086e-10
1.420000000e+00  5.55539e-10
1.430000000e+00  5.48360e-10
1.440000000e+00  3.04815e-10
1.450000000e+00  4.63044e-10
1.460000000e+00  5.36910e-10
1.470000000e+00  5.33554e-10
1.480000000e+00  4.99426e-10
1.490000000e+00  5.20629e-10
1.500000000e+00  4.97030e-10
1.510000000e+00  5.19147e-10
1.520000000e+00  5.15720e-10
1.530000000e+00  4.80793e-10
1.540000000e+00  4.47391e-10
1.550000000e+00  4.93828e-10
1.560000000e+00  4.97983e-10
1.570000000e+00  4.51164e-10
1.580000000e+00  3.35172e-10
1.590000000e+00  4.66831e-10
1.600000000e+00  4.36269e-10
1.610000000e+00  3.28535e-10
1.620000000e+00  4.21716e-10
1.630000000e+00  4.52375e-10
1.640000000e+00  4.33285e-10
1.650000000e+00  4.22803e-10
1.660000000e+00  4.41849e-10
1.670000000e+00  4.42418e-10
1.680000000e+00  4.43058e-10
1.690000000e+00  4.45634e-10
1.700000000e+00  4.43084e-10
1.710000000e+00  4.35881e-10
1.720000000e+00  4.34462e-10
1.730000000e+00  4.31362e-10
1.740000000e+00  4.27471e-10
1.750000000e+00  4.23367e-10
1.760000000e+00  4.18869e-10
1.770000000e+00  4.15105e-10
1.780000000e+00  4.11354e-10
1.790000000e+00  4.07080e-10
1.800000000e+00  4.03154e-10
1.810000000e+00  3.98701e-10
1.820000000e+00  3.91664e-10
1.830000000e+00  3.84912e-10
1.840000000e+00  3.75894e-10
1.850000000e+00  3.73307e-10
1.860000000e+00  3.66806e-10
1.870000000e+00  3.66876e-10
1.880000000e+00  3.30470e-10
1.890000000e+00  3.29890e-10
1.900000000e+00  3.51151e-10
1.910000000e+00  3.47901e-10
1.920000000e+00  3.50776e-10
1.930000000e+00  3.47598e-10
1.940000000e+00  3.34044e-10
1.950000000e+00  2.09376e-10
1.960000000e+00  1.05035e-10
1.970000000e+00  1.10979e-10
1.980000000e+00  2.09904e-10
1.990000000e+00  2.65710e-10
2.000000000e+00  1.81898e-10
2.010000000e+00  7.39825e-11
2.020000000e+00  8.55755e-11
2.030000000e+00  1.49593e-10
2.040000000e+00  1.66265e-10
2.050000000e+00  1.55644e-10
2.060000000e+00  1.00211e-10
2.070000000e+00  1.06092e-10
2.080000000e+00  1.50268e-10
2.090000000e+00  1.77273e-10
2.100000000e+00  2.16500e-10
2.110000000e+00  2.50761e-10
2.120000000e+00  2.59366e-10
2.130000000e+00  2.78885e-10
2.140000000e+00  2.80600e-10
2.150000000e+00  2.58519e-10
2.160000000e+00  2.56190e-10
2.170000000e+00  2.53069e-10
2.180000000e+00  2.63285e-10
2.190000000e+00  2.68888e-10
2.200000000e+00  2.68265e-10
2.210000000e+00  2.66195e-10
2.220000000e+00  2.62543e-10
2.230000000e+00  2.60191e-10
2.240000000e+00  2.58651e-10
2.250000000e+00  2.55934e-10
2.260000000e+00  2.52179e-10
2.270000000e+00  2.50660e-10
2.280000000e+00  2.47907e-10
2.290000000e+00  2.45833e-10
2.300000000e+00  2.43301e-10
2.310000000e+00  2.40818e-10
2.320000000e+00  2.38372e-10
2.330000000e+00  2.35913e-10
2.340000000e+00  2.33478e-10
2.350000000e+00  2.31070e-10
2.360000000e+00  2.28685e-10
2.370000000e+00  2.26349e-10
2.380000000e+00  2.23966e-10
2.390000000e+00  2.21538e-10
2.400000000e+00  2.19142e-10
2.410000000e+00  2.16851e-10
2.420000000e+00  2.14859e-10
2.430000000e+00  2.12901e-10
2.440000000e+00  2.09874e-10
2.450000000e+00  2.08209e-10
2.460000000e+00  2.06439e-10
2.470000000e+00  2.04142e-10
2.480000000e+00  2.00825e-10
2.490000000e+00  1.93797e-10
2.500000000e+00  1.93124e-10
2.510000000e+00  1.91370e-10
2.520000000e+00  1.88474e-10
2.530000000e+00  1.89817e-10
2.540000000e+00  1.86514e-10
2.550000000e+00  1.81816e-10
2.560000000e+00  1.81999e-10
2.570000000e+00  1.69294e-10
2.580000000e+00  1.61190e-10
2.590000000e+00  1.54737e-10
2.600000000e+00  1.42313e-10
2.610000000e+00  1.47275e-10
2.620000000e+00  1.44674e-10
2.630000000e+00  1.51001e-10
2.640000000e+00  1.48096e-10
2.650000000e+00  1.56499e-10
2.660000000e+00  1.25565e-10
2.670000000e+00  2.72453e-11
2.680000000e+00  7.13728e-12
2.690000000e+00  2.50836e-12
2.700000000e+00  3.39091e-12
2.710000000e+00  3.45524e-12
2.720000000e+00  6.81828e-12
2.730000000e+00  1.08431e-11
2.740000000e+00  1.04140e-11
2.750000000e+00  6.11328e-12
2.760000000e+00  2.21441e-12
2.770000000e+00  1.73952e-12
2.780000000e+00  1.30688e-12
2.790000000e+00  1.50148e-12
2.800000000e+00  2.11843e-12
2.810000000e+00  2.68470e-12
2.820000000e+00  2.82938e-12
2.830000000e+00  2.80296e-12
2.840000000e+00  3.02608e-12
2.850000000e+00  2.18461e-12
2.860000000e+00  3.51313e-12
2.870000000e+00  8.45296e-12
2.880000000e+00  1.37937e-11
2.890000000e+00  2.25915e-11
2.900000000e+00  3.31903e-11
2.910000000e+00  3.89822e-11
2.920000000e+00  4.23790e-11
2.930000000e+00  4.35125e-11
2.940000000e+00  4.47124e-11
2.950000000e+00  4.62355e-11
2.960000000e+00  4.60776e-11
2.970000000e+00  4.26801e-11
2.980000000e+00  3.79417e-11
2.990000000e+00  3.70446e-11
3.000000000e+00  4.13277e-11
3.010000000e+00  4.56041e-11
3.020000000e+00  4.25248e-11
3.030000000e+00  4.49258e-11
3.040000000e+00  4.75883e-11
3.050000000e+00  4.89004e-11
3.060000000e+00  4.90694e-11
3.070000000e+00  5.00257e-11
3.080000000e+00  5.04421e-11
3.090000000e+00  5.01970e-11
3.100000000e+00  5.01211e-11
3.110000000e+00  4.96653e-11
3.120000000e+00  4.82222e-11
3.130000000e+00  4.71189e-11
3.140000000e+00  4.77994e-11
3.150000000e+00  4.89615e-11
3.160000000e+00  4.87119e-11
3.170000000e+00  4.82869e-11
3.180000000e+00  4.92011e-11
3.190000000e+00  5.01679e-11
3.200000000e+00  5.09407e-11
3.210000000e+00  5.17440e-11
3.220000000e+00  5.28166e-11
3.230000000e+00  5.35965e-11
3.240000000e+00  5.50214e-11
3.250000000e+00  5.58129e-11
3.260000000e+00  5.71024e-11
3.270000000e+00  5.79533e-11
3.280000000e+00  5.93388e-11
3.290000000e+00  6.07532e-11
3.300000000e+00  6.17558e-11
3.310000000e+00  6.28800e-11
3.320000000e+00  6.43817e-11
3.330000000e+00  6.51686e-11
3.340000000e+00  6.63485e-11
3.350000000e+00  6.71412e-11
3.360000000e+00  6.71665e-11
3.370000000e+00  6.90923e-11
3.380000000e+00  7.01364e-11
3.390000000e+00  7.09601e-11
3.400000000e+00  7.14219e-11
3.410000000e+00  7.17913e-11
3.420000000e+00  7.21805e-11
3.430000000e+00  7.25383e-11
3.440000000e+00  7.28822e-11
3.450000000e+00  7.31543e-11
3.460000000e+00  7.31293e-11
3.470000000e+00  7.30155e-11
3.480000000e+00  7.28841e-11
3.490000000e+00  7.27537e-11
3.500000000e+00  7.26193e-11
3.510000000e+00  7.24816e-11
3.520000000e+00  7.22827e-11
3.530000000e+00  7.19114e-11
3.540000000e+00  7.15292e-11
3.550000000e+00  7.11339e-11
3.560000000e+00  7.06907e-11
3.570000000e+00  7.01609e-11
3.580000000e+00  6.95657e-11
3.590000000e+00  6.87004e-11
3.600000000e+00  6.71160e-11
3.610000000e+00  6.54953e-11
3.620000000e+00  6.42624e-11
3.630000000e+00  6.50226e-11
3.640000000e+00  6.43065e-11
3.650000000e+00  6.31317e-11
3.660000000e+00  6.39002e-11
3.670000000e+00  6.48097e-11
3.680000000e+00  6.48703e-11
3.690000000e+00  6.44266e-11
3.700000000e+00  6.39680e-11
3.710000000e+00  6.35439e-11
3.720000000e+00  6.29518e-11
3.730000000e+00  6.24832e-11
3.740000000e+00  6.20405e-11
3.750000000e+00  6.14105e-11
3.760000000e+00  6.03233e-11
3.770000000e+00  5.90220e-11
3.780000000e+00  5.77302e-11
3.790000000e+00  5.61202e-11
3.800000000e+00  5.26350e-11
3.810000000e+00  4.80707e-11
3.820000000e+00  4.82708e-11
3.830000000e+00  5.14212e-11
3.840000000e+00  4.90568e-11
3.850000000e+00  4.75922e-11
3.860000000e+00  4.92912e-11
3.870000000e+00  5.18760e-11
3.880000000e+00  5.33642e-11
3.890000000e+00  5.37972e-11
3.900000000e+00  5.38452e-11
3.910000000e+00  5.35724e-11
3.920000000e+00  5.31034e-11
3.930000000e+00  5.24297e-11
3.940000000e+00  5.15250e-11
3.950000000e+00  5.04622e-11
3.960000000e+00  4.88014e-11
3.970000000e+00  4.71402e-11
3.980000000e+00  4.44458e-11
3.990000000e+00  4.27674e-11
4.000000000e+00  4.42567e-11
4.010000000e+00  4.48104e-11
4.020000000e+00  4.23446e-11
4.030000000e+00  4.22064e-11
4.040000000e+00  4.32632e-11
4.050000000e+00  4.45866e-11
4.060000000e+00  4.56990e-11
4.070000000e+00  4.57431e-11
4.080000000e+00  4.46974e-11
4.090000000e+00  4.33761e-11
4.100000000e+00  4.23403e-11
4.110000000e+00  4.22705e-11
4.120000000e+00  4.24997e-11
4.130000000e+00  4.22165e-11
4.140000000e+00  4.12042e-11
4.150000000e+00  4.12825e-11
4.160000000e+00  3.73920e-11
4.170000000e+00  1.83184e-11
4.180000000e+00  9.96030e-12
4.190000000e+00  6.83071e-12
4.200000000e+00  3.89842e-12
4.210000000e+00  1.45545e-12
4.220000000e+00  4.33444e-13
4.230000000e+00  2.04368e-13
4.240000000e+00  1.38415e-13
4.250000000e+00  1.24465e-13
4.260000000e+00  1.65301e-13
4.270000000e+00  1.82085e-13
4.280000000e+00  1.32414e-13
4.290000000e+00  1.35323e-13
4.300000000e+00  1.65817e-13
4.310000000e+00  2.05576e-13
4.320000000e+00  2.69832e-13
4.330000000e+00  4.34679e-13
4.340000000e+00  6.43392e-13
4.350000000e+00  8.30451e-13
4.360000000e+00  8.31828e-13
4.370000000e+00  8.96303e-13
4.380000000e+00  1.18161e-12
4.390000000e+00  1.60233e-12
4.400000000e+00  1.20900e-12
4.410000000e+00  1.21385e-12
4.420000000e+00  1.41409e-12
4.430000000e+00  1.78565e-12
4.440000000e+00  2.24845e-12
4.450000000e+00  2.97766e-12
4.460000000e+00  3.92671e-12
4.470000000e+00  4.59823e-12
4.480000000e+00  5.77927e-12
4.490000000e+00  6.82964e-12
4.500000000e+00  9.12508e-12
4.510000000e+00  1.34520e-11
4.520000000e+00  1.80107e-11
4.530000000e+00  2.27916e-11
4.540000000e+00  2.55852e-11
4.550000000e+00  2.73636e-11
4.560000000e+00  2.78589e-11
4.570000000e+00  2.83235e-11
4.580000000e+00  2.84544e-11
4.590000000e+00  2.85055e-11
4.600000000e+00  2.84788e-11
4.610000000e+00  2.83591e-11
4.620000000e+00  2.74363e-11
4.630000000e+00  2.69975e-11
4.640000000e+00  2.70919e-11
4.650000000e+00  2.70072e-11
4.660000000e+00  2.71544e-11
4.670000000e+00  2.70865e-11
4.680000000e+00  2.58744e-11
4.690000000e+00  2.51524e-11
4.700000000e+00  2.42273e-11
4.710000000e+00  1.76399e-11
4.720000000e+00  2.14464e-11
4.730000000e+00  1.90885e-11
4.740000000e+00  1.75720e-11
4.750000000e+00  1.65420e-11
4.760000000e+00  1.59890e-11
4.770000000e+00  1.63744e-11
4.780000000e+00  1.39180e-11
4.790000000e+00  1.17665e-11
4.800000000e+00  9.97082e-12
4.810000000e+00  7.42910e-12
4.820000000e+00  4.63915e-12
4.830000000e+00  5.36632e-12
4.840000000e+00  5.60342e-12
4.850000000e+00  5.49539e-12
4.860000000e+00  5.16738e-12
4.870000000e+00  5.44364e-12
4.880000000e+00  6.08372e-12
4.890000000e+00  6.70633e-12
4.900000000e+00  9.30518e-12
4.910000000e+00  1.16948e-11
4.920000000e+00  1.10243e-11
4.930000000e+00  1.57608e-11
4.940000000e+00  1.69292e-11
4.950000000e+00  1.65338e-11
4.960000000e+00  1.79837e-11
4.970000000e+00  1.94447e-11
4.980000000e+00  2.00687e-11
4.990000000e+00  2.14778e-11
5.000000000e+00  1.99384e-11
results_cfg.txt
<OBJECT-SUMMARY>Target: TRAPPIST-1 e for date (2017/05/25 15:22 UT); geometry: Observatory.
<OBJECT>Exoplanet
<OBJECT-NAME>TRAPPIST-1 e
<OBJECT-DATE>2017/05/25 15:22
<OBJECT-DIAMETER>11697
<OBJECT-GRAVITY>3.703632e+24
<OBJECT-GRAVITY-UNIT>kg
<OBJECT-STAR-DISTANCE>0.028170
<OBJECT-STAR-VELOCITY>0
<OBJECT-SOLAR-LONGITUDE>0
<OBJECT-SOLAR-LATITUDE>0
<OBJECT-SEASON>320
<OBJECT-SEASON-YEAR>2016
<OBJECT-STAR-TYPE>M
<OBJECT-STAR-TEMPERATURE>2559.0
<OBJECT-STAR-RADIUS>0.12
<OBJECT-OBS-LONGITUDE>0.0
<OBJECT-OBS-LATITUDE>89.860
<GEOMETRY>Observatory
<GEOMETRY-OFFSET-UNIT>arcsec
<GEOMETRY-OBS-ALTITUDE>12.10
<GEOMETRY-ALTITUDE-UNIT>pc
<GEOMETRY-OBS-ANGLE>48.121
<GEOMETRY-SOLAR-ANGLE>57.718
<GEOMETRY-PLANET-FRACTION>9.985186e-01
<GEOMETRY-STAR-DISTANCE>0.000000e+00
<GEOMETRY-STAR-FRACTION>0.000000e+00
<GEOMETRY-SOLAR-ANGLE>57.718
<GEOMETRY-PHASE>320.000
<ATMOSPHERE-STRUCTURE>Equilibrium
<ATMOSPHERE-WEIGHT>34.1506677795
<ATMOSPHERE-PRESSURE>1.4027589111
<ATMOSPHERE-PUNIT>bar
<ATMOSPHERE-NGAS>3
<ATMOSPHERE-GAS>N2,CO2,H2O
<ATMOSPHERE-TYPE>HIT[22],HIT[2],HIT[1]
<ATMOSPHERE-ABUN>1,1,1
<ATMOSPHERE-UNIT>scl,scl,scl
<ATMOSPHERE-NAERO>2
<ATMOSPHERE-AEROS>WaterIce,Cloud
<ATMOSPHERE-ATYPE>CRISM_Wolff[reff=2.0um 0.31-99.57um],White_GSFC[reff=1.0um 0.10-1000000.00um]
<ATMOSPHERE-AABUN>1,1
<ATMOSPHERE-AUNIT>scl,scl
<ATMOSPHERE-NMAX>0
<ATMOSPHERE-LMAX>0
<ATMOSPHERE-ASIZE>156.051674475,14.0
<ATMOSPHERE-LAYERS-MOLECULES>Altitude,N2,CO2,H2O,WaterIce,Cloud
<ATMOSPHERE-LAYERS>47
<ATMOSPHERE-LAYER-1>1.392E+00,2.953E+02,6.456E-02,7.386E-01,2.954E-01,1.859E-02,2.518E-11,1.258E-04
<ATMOSPHERE-LAYER-2>1.361E+00,2.951E+02,2.613E-01,7.390E-01,2.956E-01,1.789E-02,3.181E-27,6.907E-05
<ATMOSPHERE-LAYER-3>1.302E+00,2.943E+02,6.421E-01,7.402E-01,2.961E-01,1.573E-02,3.014E-26,4.616E-05
<ATMOSPHERE-LAYER-4>1.212E+00,2.926E+02,1.256E+00,7.425E-01,2.970E-01,1.180E-02,2.386E-12,2.162E-05
<ATMOSPHERE-LAYER-5>1.098E+00,2.895E+02,2.098E+00,7.446E-01,2.978E-01,8.298E-03,1.035E-08,1.226E-05
<ATMOSPHERE-LAYER-6>9.674E-01,2.846E+02,3.161E+00,7.461E-01,2.985E-01,5.698E-03,8.417E-08,1.120E-05
<ATMOSPHERE-LAYER-7>8.290E-01,2.780E+02,4.432E+00,7.469E-01,2.988E-01,4.278E-03,3.634E-07,1.623E-05
<ATMOSPHERE-LAYER-8>6.995E-01,2.703E+02,5.795E+00,7.476E-01,2.991E-01,3.119E-03,1.051E-06,2.834E-05
<ATMOSPHERE-LAYER-9>5.894E-01,2.628E+02,7.131E+00,7.482E-01,2.993E-01,2.148E-03,3.240E-06,5.033E-05
<ATMOSPHERE-LAYER-10>4.959E-01,2.559E+02,8.443E+00,7.486E-01,2.995E-01,1.383E-03,5.762E-06,5.482E-05
<ATMOSPHERE-LAYER-11>4.163E-01,2.491E+02,9.735E+00,7.489E-01,2.996E-01,8.366E-04,8.321E-06,3.323E-05
<ATMOSPHERE-LAYER-12>3.487E-01,2.424E+02,1.101E+01,7.491E-01,2.997E-01,4.997E-04,8.714E-06,1.149E-05
<ATMOSPHERE-LAYER-13>2.913E-01,2.358E+02,1.227E+01,7.492E-01,2.997E-01,2.908E-04,7.845E-06,3.559E-06
<ATMOSPHERE-LAYER-14>2.424E-01,2.290E+02,1.352E+01,7.493E-01,2.997E-01,1.520E-04,4.119E-06,1.769E-07
<ATMOSPHERE-LAYER-15>2.009E-01,2.220E+02,1.476E+01,7.494E-01,2.998E-01,7.348E-05,3.155E-06,0.000E+00
<ATMOSPHERE-LAYER-16>1.656E-01,2.153E+02,1.600E+01,7.494E-01,2.998E-01,3.417E-05,2.651E-06,0.000E+00
<ATMOSPHERE-LAYER-17>1.356E-01,2.098E+02,1.724E+01,7.494E-01,2.998E-01,1.757E-05,2.202E-06,0.000E+00
<ATMOSPHERE-LAYER-18>1.101E-01,2.064E+02,1.851E+01,7.494E-01,2.998E-01,1.208E-05,1.198E-06,0.000E+00
<ATMOSPHERE-LAYER-19>8.869E-02,2.058E+02,1.981E+01,7.494E-01,2.998E-01,1.105E-05,1.830E-07,0.000E+00
<ATMOSPHERE-LAYER-20>7.287E-02,2.062E+02,2.100E+01,7.494E-01,2.998E-01,1.085E-05,2.119E-08,0.000E+00
<ATMOSPHERE-LAYER-21>6.152E-02,2.064E+02,2.202E+01,7.494E-01,2.998E-01,1.072E-05,1.879E-08,0.000E+00
<ATMOSPHERE-LAYER-22>5.168E-02,2.062E+02,2.307E+01,7.494E-01,2.998E-01,1.057E-05,1.976E-08,0.000E+00
<ATMOSPHERE-LAYER-23>4.319E-02,2.055E+02,2.415E+01,7.494E-01,2.998E-01,1.042E-05,2.206E-08,0.000E+00
<ATMOSPHERE-LAYER-24>3.592E-02,2.043E+02,2.526E+01,7.494E-01,2.998E-01,1.033E-05,2.439E-08,0.000E+00
<ATMOSPHERE-LAYER-25>2.973E-02,2.027E+02,2.638E+01,7.494E-01,2.998E-01,1.042E-05,3.121E-08,0.000E+00
<ATMOSPHERE-LAYER-26>2.448E-02,2.008E+02,2.753E+01,7.494E-01,2.998E-01,1.068E-05,6.325E-08,0.000E+00
<ATMOSPHERE-LAYER-27>2.006E-02,1.987E+02,2.869E+01,7.494E-01,2.998E-01,1.077E-05,1.267E-07,0.000E+00
<ATMOSPHERE-LAYER-28>1.635E-02,1.964E+02,2.988E+01,7.494E-01,2.998E-01,1.054E-05,1.906E-07,0.000E+00
<ATMOSPHERE-LAYER-29>1.326E-02,1.942E+02,3.107E+01,7.494E-01,2.998E-01,1.020E-05,2.463E-07,0.000E+00
<ATMOSPHERE-LAYER-30>1.071E-02,1.921E+02,3.228E+01,7.494E-01,2.998E-01,9.916E-06,3.149E-07,0.000E+00
<ATMOSPHERE-LAYER-31>8.600E-03,1.906E+02,3.351E+01,7.494E-01,2.998E-01,9.693E-06,3.425E-07,0.000E+00
<ATMOSPHERE-LAYER-32>6.873E-03,1.895E+02,3.476E+01,7.494E-01,2.998E-01,9.505E-06,3.335E-07,0.000E+00
<ATMOSPHERE-LAYER-33>5.465E-03,1.884E+02,3.602E+01,7.494E-01,2.998E-01,9.298E-06,3.595E-07,0.000E+00
<ATMOSPHERE-LAYER-34>4.325E-03,1.869E+02,3.731E+01,7.494E-01,2.998E-01,8.997E-06,4.464E-07,0.000E+00
<ATMOSPHERE-LAYER-35>3.405E-03,1.850E+02,3.861E+01,7.494E-01,2.998E-01,8.543E-06,6.023E-07,0.000E+00
<ATMOSPHERE-LAYER-36>2.667E-03,1.828E+02,3.992E+01,7.494E-01,2.998E-01,8.000E-06,7.737E-07,0.000E+00
<ATMOSPHERE-LAYER-37>2.079E-03,1.805E+02,4.125E+01,7.494E-01,2.998E-01,7.591E-06,8.126E-07,0.000E+00
<ATMOSPHERE-LAYER-38>1.613E-03,1.790E+02,4.258E+01,7.494E-01,2.998E-01,7.423E-06,6.392E-07,0.000E+00
<ATMOSPHERE-LAYER-39>1.245E-03,1.792E+02,4.394E+01,7.494E-01,2.998E-01,7.552E-06,3.366E-07,0.000E+00
<ATMOSPHERE-LAYER-40>9.559E-04,1.806E+02,4.533E+01,7.494E-01,2.998E-01,7.779E-06,2.692E-07,0.000E+00
<ATMOSPHERE-LAYER-41>3.776E-04,1.806E+02,6.012E+01,7.494E-01,2.998E-01,7.779E-06,2.692E-07,0.000E+00
<ATMOSPHERE-LAYER-42>2.615E-04,1.806E+02,6.597E+01,7.494E-01,2.998E-01,7.779E-06,2.692E-07,0.000E+00
<ATMOSPHERE-LAYER-43>1.566E-04,1.806E+02,7.413E+01,7.494E-01,2.998E-01,7.779E-06,2.692E-07,0.000E+00
<ATMOSPHERE-LAYER-44>7.656E-05,1.806E+02,8.553E+01,7.494E-01,2.998E-01,7.779E-06,2.692E-07,0.000E+00
<ATMOSPHERE-LAYER-45>2.820E-05,1.806E+02,1.014E+02,7.494E-01,2.998E-01,7.779E-06,2.692E-07,0.000E+00
<ATMOSPHERE-LAYER-46>6.996E-06,1.806E+02,1.236E+02,7.494E-01,2.998E-01,7.779E-06,2.692E-07,0.000E+00
<ATMOSPHERE-LAYER-47>1.000E-06,1.806E+02,1.546E+02,7.494E-01,2.998E-01,7.779E-06,2.692E-07,0.000E+00
<SURFACE-TEMPERATURE>295.3782349
<SURFACE-ALBEDO>0.1459557
<SURFACE-EMISSIVITY>0.8540443
results_lyr.txt
# ----------------------------------------------------------------------------------------------
# NASA-GSFC Planetary Spectrum Generator (PSG, Villanueva et al. 2015)
# Atmospheric layering information considered by PUMAS
# Synthesized on Tue Nov 21 15:09:06 2017
# Radiative transfer method: correlated-k
# Synthesis spectral resolution [cm-1] and resolving power: 8.913678 5.010e+02
# Scattering parameters (nmax, lmax): 0 0
# ----------------------------------------------------------------------------------------------
# Molecular abundance profile: 
# Molecules considered: N2,CO2,H2O
# Molecular sources: HIT[22],HIT[2],HIT[1]
# Molecular abundances: 1,1,1
# Molecular abundance units: scl,scl,scl
# Collission-Induced-Absorption:  N2-N2(3.33-5.41um)
# Rayleigh scattering included
# ----------------------------------------------------------------------------------------------
# Aerosols considered: WaterIce,Cloud
# Aerosols sources: CRISM_Wolff[reff=2.0um 0.31-99.57um],White_GSFC[reff=1.0um 0.10-1000000.00um]
# Aerosols abundances: 1,1
# Aerosols abundance units: scl,scl
# Aerosols sizes [um]: 156.051674475,14.0
# ----------------------------------------------------------------------------------------------
# Input layer-by-layer atmospheric profile
# Molecular abundances in molec/molec and aerosols in kg/kg
# ----------------------------------------------------------------------------------------------
# Alt[km] Pressure[bar] Temp[K]         N2        CO2        H2O   WaterIce      Cloud
# ----------------------------------------------------------------------------------------------
    0.000   1.403e+00   295.378   7.386e-01  2.954e-01  1.859e-02  2.518e-11  1.258e-04
    0.261   1.361e+00   295.100   7.390e-01  2.956e-01  1.789e-02  3.181e-27  6.907e-05
    0.642   1.302e+00   294.300   7.402e-01  2.961e-01  1.573e-02  3.014e-26  4.616e-05
    1.256   1.212e+00   292.600   7.425e-01  2.970e-01  1.180e-02  2.386e-12  2.162e-05
    2.098   1.098e+00   289.500   7.446e-01  2.978e-01  8.298e-03  1.035e-08  1.226e-05
    3.161   9.674e-01   284.600   7.461e-01  2.985e-01  5.698e-03  8.417e-08  1.120e-05
    4.432   8.290e-01   278.000   7.469e-01  2.988e-01  4.278e-03  3.634e-07  1.623e-05
    5.795   6.995e-01   270.300   7.476e-01  2.991e-01  3.119e-03  1.051e-06  2.834e-05
    7.131   5.894e-01   262.800   7.482e-01  2.993e-01  2.148e-03  3.240e-06  5.033e-05
    8.443   4.959e-01   255.900   7.486e-01  2.995e-01  1.383e-03  5.762e-06  5.482e-05
    9.735   4.163e-01   249.100   7.489e-01  2.996e-01  8.366e-04  8.321e-06  3.323e-05
   11.010   3.487e-01   242.400   7.491e-01  2.997e-01  4.997e-04  8.714e-06  1.149e-05
   12.270   2.913e-01   235.800   7.492e-01  2.997e-01  2.908e-04  7.845e-06  3.559e-06
   13.520   2.424e-01   229.000   7.493e-01  2.997e-01  1.520e-04  4.119e-06  1.769e-07
   14.760   2.009e-01   222.000   7.494e-01  2.998e-01  7.348e-05  3.155e-06  0.000e+00
   16.000   1.656e-01   215.300   7.494e-01  2.998e-01  3.417e-05  2.651e-06  0.000e+00
   17.240   1.356e-01   209.800   7.494e-01  2.998e-01  1.757e-05  2.202e-06  0.000e+00
   18.510   1.101e-01   206.400   7.494e-01  2.998e-01  1.208e-05  1.198e-06  0.000e+00
   19.810   8.869e-02   205.800   7.494e-01  2.998e-01  1.105e-05  1.830e-07  0.000e+00
   21.000   7.287e-02   206.200   7.494e-01  2.998e-01  1.085e-05  2.119e-08  0.000e+00
   22.020   6.152e-02   206.400   7.494e-01  2.998e-01  1.072e-05  1.879e-08  0.000e+00
   23.070   5.168e-02   206.200   7.494e-01  2.998e-01  1.057e-05  1.976e-08  0.000e+00
   24.150   4.319e-02   205.500   7.494e-01  2.998e-01  1.042e-05  2.206e-08  0.000e+00
   25.260   3.592e-02   204.300   7.494e-01  2.998e-01  1.033e-05  2.439e-08  0.000e+00
   26.380   2.973e-02   202.700   7.494e-01  2.998e-01  1.042e-05  3.121e-08  0.000e+00
   27.530   2.448e-02   200.800   7.494e-01  2.998e-01  1.068e-05  6.325e-08  0.000e+00
   28.690   2.006e-02   198.700   7.494e-01  2.998e-01  1.077e-05  1.267e-07  0.000e+00
   29.880   1.635e-02   196.400   7.494e-01  2.998e-01  1.054e-05  1.906e-07  0.000e+00
   31.070   1.326e-02   194.200   7.494e-01  2.998e-01  1.020e-05  2.463e-07  0.000e+00
   32.280   1.071e-02   192.100   7.494e-01  2.998e-01  9.916e-06  3.149e-07  0.000e+00
   33.510   8.600e-03   190.600   7.494e-01  2.998e-01  9.693e-06  3.425e-07  0.000e+00
   34.760   6.873e-03   189.500   7.494e-01  2.998e-01  9.505e-06  3.335e-07  0.000e+00
   36.020   5.465e-03   188.400   7.494e-01  2.998e-01  9.298e-06  3.595e-07  0.000e+00
   37.310   4.325e-03   186.900   7.494e-01  2.998e-01  8.997e-06  4.464e-07  0.000e+00
   38.610   3.405e-03   185.000   7.494e-01  2.998e-01  8.543e-06  6.023e-07  0.000e+00
   39.920   2.667e-03   182.800   7.494e-01  2.998e-01  8.000e-06  7.737e-07  0.000e+00
   41.250   2.079e-03   180.500   7.494e-01  2.998e-01  7.591e-06  8.126e-07  0.000e+00
   42.580   1.613e-03   179.000   7.494e-01  2.998e-01  7.423e-06  6.392e-07  0.000e+00
   43.940   1.245e-03   179.200   7.494e-01  2.998e-01  7.552e-06  3.366e-07  0.000e+00
   45.330   9.559e-04   180.600   7.494e-01  2.998e-01  7.779e-06  2.692e-07  0.000e+00
   60.120   3.776e-04   180.600   7.494e-01  2.998e-01  7.779e-06  2.692e-07  0.000e+00
   65.970   2.615e-04   180.600   7.494e-01  2.998e-01  7.779e-06  2.692e-07  0.000e+00
   74.130   1.566e-04   180.600   7.494e-01  2.998e-01  7.779e-06  2.692e-07  0.000e+00
   85.530   7.656e-05   180.600   7.494e-01  2.998e-01  7.779e-06  2.692e-07  0.000e+00
  101.400   2.820e-05   180.600   7.494e-01  2.998e-01  7.779e-06  2.692e-07  0.000e+00
  123.600   6.996e-06   180.600   7.494e-01  2.998e-01  7.779e-06  2.692e-07  0.000e+00
  154.600   1.000e-06   180.600   7.494e-01  2.998e-01  7.779e-06  2.692e-07  0.000e+00
#
# ----------------------------------------------------------------------------------------------
# Curtis-Godson integrated layer information used by the radiative transfer analysis
# Oblique molecular layer columns in molec/m2 and aerosols in kg/m2
# ----------------------------------------------------------------------------------------------
# Low[km]  High[km]  Path[km] Pressure[bar] Temp[K]   Airmass   dcol[m-2]         N2        CO2        H2O   WaterIce      Cloud
# ----------------------------------------------------------------------------------------------
    0.000     0.261     0.391   1.382e+00   295.240    1.4980   1.330e+28  9.828e+27  3.931e+27  2.426e+26  2.188e-09  7.154e-02
    0.261     0.642     0.570   1.332e+00   294.703    1.4978   1.870e+28  1.383e+28  5.531e+27  3.140e+26  1.261e-23  6.038e-02
    0.642     1.256     0.919   1.257e+00   293.460    1.4977   2.854e+28  2.116e+28  8.465e+27  3.909e+26  2.108e-10  5.261e-02
    1.256     2.098     1.261   1.155e+00   291.074    1.4975   3.624e+28  2.694e+28  1.078e+28  3.614e+26  2.515e-06  3.406e-02
    2.098     3.161     1.591   1.033e+00   287.096    1.4972   4.144e+28  3.088e+28  1.235e+28  2.876e+26  8.129e-05  2.757e-02
    3.161     4.432     1.902   8.980e-01   281.374    1.4968   4.393e+28  3.279e+28  1.312e+28  2.183e+26  4.681e-04  3.364e-02
    4.432     5.795     2.040   7.640e-01   274.243    1.4964   4.109e+28  3.071e+28  1.228e+28  1.513e+26  1.490e-03  5.029e-02
    5.795     7.131     1.999   6.442e-01   266.642    1.4959   3.492e+28  2.612e+28  1.045e+28  9.133e+25  3.799e-03  7.530e-02
    7.131     8.443     1.962   5.425e-01   259.436    1.4955   2.967e+28  2.221e+28  8.883e+27  5.184e+25  7.318e-03  8.831e-02
    8.443     9.735     1.932   4.559e-01   252.586    1.4951   2.522e+28  1.888e+28  7.553e+27  2.758e+25  9.911e-03  6.206e-02
    9.735    11.010     1.906   3.824e-01   245.836    1.4947   2.143e+28  1.605e+28  6.423e+27  1.411e+25  1.035e-02  2.522e-02
   11.010    12.270     1.883   3.199e-01   239.186    1.4943   1.821e+28  1.364e+28  5.457e+27  7.075e+24  8.553e-03  7.093e-03
   12.270    13.520     1.867   2.667e-01   232.490    1.4939   1.549e+28  1.161e+28  4.643e+27  3.343e+24  5.124e-03  1.031e-03
   13.520    14.760     1.852   2.216e-01   225.594    1.4935   1.315e+28  9.854e+27  3.942e+27  1.434e+24  2.706e-03  7.691e-08
   14.760    16.000     1.851   1.832e-01   218.743    1.4931   1.121e+28  8.399e+27  3.360e+27  5.815e+23  1.845e-03  0.000e+00
   16.000    17.240     1.851   1.505e-01   212.631    1.4927   9.470e+27  7.097e+27  2.839e+27  2.387e+23  1.303e-03  0.000e+00
   17.240    18.510     1.895   1.228e-01   208.155    1.4924   8.078e+27  6.053e+27  2.422e+27  1.191e+23  7.630e-04  0.000e+00
   18.510    19.810     1.940   9.940e-02   206.111    1.4920   6.752e+27  5.060e+27  2.024e+27  7.816e+22  2.138e-04  0.000e+00
   19.810    21.000     1.775   8.079e-02   205.993    1.4916   5.028e+27  3.768e+27  1.508e+27  5.508e+22  2.217e-05  0.000e+00
   21.000    22.020     1.521   6.720e-02   206.297    1.4912   3.582e+27  2.685e+27  1.074e+27  3.864e+22  4.063e-06  0.000e+00
   22.020    23.070     1.565   5.660e-02   206.303    1.4909   3.105e+27  2.327e+27  9.309e+26  3.306e+22  3.391e-06  0.000e+00
   23.070    24.150     1.610   4.744e-02   205.861    1.4906   2.681e+27  2.009e+27  8.039e+26  2.815e+22  3.171e-06  0.000e+00
   24.150    25.260     1.654   3.955e-02   204.918    1.4902   2.308e+27  1.729e+27  6.918e+26  2.395e+22  3.032e-06  0.000e+00
   25.260    26.380     1.669   3.282e-02   203.525    1.4899   1.945e+27  1.457e+27  5.830e+26  2.017e+22  3.039e-06  0.000e+00
   26.380    27.530     1.713   2.710e-02   201.780    1.4895   1.662e+27  1.246e+27  4.984e+26  1.753e+22  4.229e-06  0.000e+00
   27.530    28.690     1.727   2.227e-02   199.784    1.4892   1.391e+27  1.042e+27  4.170e+26  1.492e+22  7.125e-06  0.000e+00
   28.690    29.880     1.772   1.820e-02   197.588    1.4888   1.179e+27  8.835e+26  3.535e+26  1.257e+22  1.039e-05  0.000e+00
   29.880    31.070     1.771   1.480e-02   195.337    1.4885   9.694e+26  7.265e+26  2.906e+26  1.006e+22  1.189e-05  0.000e+00
   31.070    32.280     1.801   1.198e-02   193.186    1.4881   8.065e+26  6.044e+26  2.418e+26  8.115e+21  1.272e-05  0.000e+00
   32.280    33.510     1.830   9.654e-03   191.377    1.4877   6.664e+26  4.994e+26  1.998e+26  6.536e+21  1.240e-05  0.000e+00
   33.510    34.760     1.859   7.736e-03   190.070    1.4873   5.462e+26  4.093e+26  1.637e+26  5.244e+21  1.047e-05  0.000e+00
   34.760    36.020     1.874   6.169e-03   188.971    1.4869   4.413e+26  3.307e+26  1.323e+26  4.151e+21  8.656e-06  0.000e+00
   36.020    37.310     1.918   4.895e-03   187.679    1.4866   3.608e+26  2.704e+26  1.082e+26  3.303e+21  8.179e-06  0.000e+00
   37.310    38.610     1.932   3.865e-03   185.987    1.4862   2.896e+26  2.170e+26  8.682e+25  2.542e+21  8.498e-06  0.000e+00
   38.610    39.920     1.946   3.036e-03   183.943    1.4858   2.317e+26  1.736e+26  6.945e+25  1.918e+21  8.947e-06  0.000e+00
   39.920    41.250     1.976   2.373e-03   181.696    1.4854   1.860e+26  1.394e+26  5.577e+25  1.451e+21  8.357e-06  0.000e+00
   41.250    42.580     1.975   1.846e-03   179.781    1.4850   1.462e+26  1.096e+26  4.383e+25  1.098e+21  6.019e-06  0.000e+00
   42.580    43.940     2.019   1.429e-03   179.096    1.4845   1.161e+26  8.700e+25  3.481e+25  8.689e+20  3.150e-06  0.000e+00
   43.940    45.330     2.063   1.101e-03   179.868    1.4841   9.094e+25  6.815e+25  2.726e+25  6.966e+20  1.564e-06  0.000e+00
   45.330    60.120    21.914   6.673e-04   180.600    1.4817   5.474e+26  4.102e+26  1.641e+26  4.258e+21  8.356e-06  0.000e+00
   60.120    65.970     8.650   3.196e-04   180.600    1.4786   1.096e+26  8.217e+25  3.287e+25  8.529e+20  1.674e-06  0.000e+00
   65.970    74.130    12.049   2.091e-04   180.600    1.4765   9.888e+25  7.410e+25  2.964e+25  7.692e+20  1.509e-06  0.000e+00
   74.130    85.530    16.800   1.166e-04   180.600    1.4737   7.537e+25  5.649e+25  2.260e+25  5.863e+20  1.151e-06  0.000e+00
   85.530   101.400    23.325   5.244e-05   180.600    1.4697   4.531e+25  3.396e+25  1.358e+25  3.525e+20  6.917e-07  0.000e+00
  101.400   123.600    32.508   1.767e-05   180.600    1.4643   1.985e+25  1.487e+25  5.950e+24  1.544e+20  3.030e-07  0.000e+00
  123.600   154.600    45.166   4.052e-06   180.600    1.4570   5.593e+24  4.191e+24  1.677e+24  4.351e+19  8.538e-08  0.000e+00
# ----------------------------------------------------------------------------------------------
# Integrated atmospheric columns                       1.4955   4.455e+29  3.326e+29  1.330e+29  2.164e+27  5.410e-02  5.891e-01
# ----------------------------------------------------------------------------------------------
results_rad.txt
# ------------------------------------------------------------------------
# Radiance spectrum
# NASA-GSFC Planetary Spectrum Generator (PSG) (Villanueva et al. 2015)
# Synthesized on Tue Nov 21 15:09:06 2017
# ------------------------------------------------------------------------
# Atmospheric radiances synthesized with PUMAS (Villanueva et al. 2016, Smith et al. 2009, Edwards 1992)
# Molecular abundance profile: 
# Molecules considered: N2,CO2,H2O
# Molecular sources: HIT[22],HIT[2],HIT[1]
# Molecular abundances: 1,1,1
# Molecular abundance units: scl,scl,scl
# Collission-Induced-Absorption:  N2-N2(3.33-5.41um)
# Rayleigh scattering included
# ------------------------------------------------------------------------
# Spectral unit: Wavelength [um]
# Radiance unit: Spectral radiance [W/sr/m2/um]
# Wave/freq Total Stellar TRAPPIST-1-e
1.000000000e+00  3.68049e-03  3.68049e-03  6.00436e-10
1.010000000e+00  3.70309e-03  3.70309e-03  6.04073e-10
1.020000000e+00  3.72363e-03  3.72363e-03  6.07387e-10
1.030000000e+00  3.74214e-03  3.74214e-03  6.10374e-10
1.040000000e+00  3.75867e-03  3.75867e-03  5.97697e-10
1.050000000e+00  3.77328e-03  3.77327e-03  6.15255e-10
1.060000000e+00  3.78601e-03  3.78601e-03  6.16529e-10
1.070000000e+00  3.79691e-03  3.79691e-03  6.14842e-10
1.080000000e+00  3.80605e-03  3.80605e-03  6.20347e-10
1.090000000e+00  3.81347e-03  3.81347e-03  6.21837e-10
1.100000000e+00  3.81923e-03  3.81922e-03  6.22626e-10
1.110000000e+00  3.82337e-03  3.82337e-03  6.23276e-10
1.120000000e+00  3.82595e-03  3.82595e-03  6.20104e-10
1.130000000e+00  3.82703e-03  3.82703e-03  6.18619e-10
1.140000000e+00  3.82666e-03  3.82666e-03  6.21863e-10
1.150000000e+00  3.82489e-03  3.82489e-03  6.20569e-10
1.160000000e+00  3.82177e-03  3.82177e-03  6.22635e-10
1.170000000e+00  3.81735e-03  3.81734e-03  6.22382e-10
1.180000000e+00  3.81168e-03  3.81168e-03  6.21361e-10
1.190000000e+00  3.80481e-03  3.80481e-03  6.20201e-10
1.200000000e+00  3.79680e-03  3.79679e-03  6.18973e-10
1.210000000e+00  3.78768e-03  3.78768e-03  5.32057e-10
1.220000000e+00  3.77751e-03  3.77751e-03  5.70830e-10
1.230000000e+00  3.76632e-03  3.76632e-03  5.87246e-10
1.240000000e+00  3.75418e-03  3.75418e-03  6.03962e-10
1.250000000e+00  3.74111e-03  3.74111e-03  6.09739e-10
1.260000000e+00  3.72717e-03  3.72717e-03  6.05535e-10
1.270000000e+00  3.71239e-03  3.71239e-03  6.03218e-10
1.280000000e+00  3.69682e-03  3.69682e-03  6.03024e-10
1.290000000e+00  3.68050e-03  3.68049e-03  5.96591e-10
1.300000000e+00  3.66345e-03  3.66345e-03  5.88780e-10
1.310000000e+00  3.64573e-03  3.64573e-03  5.94476e-10
1.320000000e+00  3.62737e-03  3.62736e-03  5.53203e-10
1.330000000e+00  3.60839e-03  3.60839e-03  5.87998e-10
1.340000000e+00  3.58885e-03  3.58885e-03  5.61464e-10
1.350000000e+00  3.56877e-03  3.56877e-03  5.75172e-10
1.360000000e+00  3.54817e-03  3.54817e-03  5.65148e-10
1.370000000e+00  3.52711e-03  3.52711e-03  5.58603e-10
1.380000000e+00  3.50559e-03  3.50559e-03  5.56002e-10
1.390000000e+00  3.48366e-03  3.48366e-03  5.56372e-10
1.400000000e+00  3.46134e-03  3.46134e-03  5.53518e-10
1.410000000e+00  3.43866e-03  3.43866e-03  5.48086e-10
1.420000000e+00  3.41564e-03  3.41564e-03  5.55539e-10
1.430000000e+00  3.39231e-03  3.39231e-03  5.48360e-10
1.440000000e+00  3.36870e-03  3.36870e-03  3.04815e-10
1.450000000e+00  3.34482e-03  3.34482e-03  4.63044e-10
1.460000000e+00  3.32070e-03  3.32070e-03  5.36910e-10
1.470000000e+00  3.29637e-03  3.29636e-03  5.33554e-10
1.480000000e+00  3.27183e-03  3.27183e-03  4.99426e-10
1.490000000e+00  3.24712e-03  3.24711e-03  5.20629e-10
1.500000000e+00  3.22224e-03  3.22224e-03  4.97030e-10
1.510000000e+00  3.19723e-03  3.19723e-03  5.19147e-10
1.520000000e+00  3.17209e-03  3.17209e-03  5.15720e-10
1.530000000e+00  3.14685e-03  3.14685e-03  4.80793e-10
1.540000000e+00  3.12152e-03  3.12152e-03  4.47391e-10
1.550000000e+00  3.09611e-03  3.09611e-03  4.93828e-10
1.560000000e+00  3.07064e-03  3.07064e-03  4.97983e-10
1.570000000e+00  3.04513e-03  3.04513e-03  4.51164e-10
1.580000000e+00  3.01959e-03  3.01959e-03  3.35172e-10
1.590000000e+00  2.99402e-03  2.99402e-03  4.66831e-10
1.600000000e+00  2.96846e-03  2.96846e-03  4.36269e-10
1.610000000e+00  2.94289e-03  2.94289e-03  3.28535e-10
1.620000000e+00  2.91734e-03  2.91734e-03  4.21716e-10
1.630000000e+00  2.89182e-03  2.89182e-03  4.52375e-10
1.640000000e+00  2.86634e-03  2.86634e-03  4.33285e-10
1.650000000e+00  2.84091e-03  2.84091e-03  4.22803e-10
1.660000000e+00  2.81553e-03  2.81553e-03  4.41849e-10
1.670000000e+00  2.79021e-03  2.79021e-03  4.42418e-10
1.680000000e+00  2.76497e-03  2.76497e-03  4.43058e-10
1.690000000e+00  2.73981e-03  2.73981e-03  4.45634e-10
1.700000000e+00  2.71474e-03  2.71474e-03  4.43084e-10
1.710000000e+00  2.68977e-03  2.68977e-03  4.35881e-10
1.720000000e+00  2.66490e-03  2.66490e-03  4.34462e-10
1.730000000e+00  2.64013e-03  2.64013e-03  4.31362e-10
1.740000000e+00  2.61549e-03  2.61549e-03  4.27471e-10
1.750000000e+00  2.59096e-03  2.59096e-03  4.23367e-10
1.760000000e+00  2.56656e-03  2.56656e-03  4.18869e-10
1.770000000e+00  2.54229e-03  2.54229e-03  4.15105e-10
1.780000000e+00  2.51815e-03  2.51815e-03  4.11354e-10
1.790000000e+00  2.49415e-03  2.49415e-03  4.07080e-10
1.800000000e+00  2.47030e-03  2.47030e-03  4.03154e-10
1.810000000e+00  2.44660e-03  2.44660e-03  3.98701e-10
1.820000000e+00  2.42304e-03  2.42304e-03  3.91664e-10
1.830000000e+00  2.39965e-03  2.39964e-03  3.84912e-10
1.840000000e+00  2.37640e-03  2.37640e-03  3.75894e-10
1.850000000e+00  2.35332e-03  2.35332e-03  3.73307e-10
1.860000000e+00  2.33041e-03  2.33041e-03  3.66806e-10
1.870000000e+00  2.30765e-03  2.30765e-03  3.66876e-10
1.880000000e+00  2.28507e-03  2.28507e-03  3.30470e-10
1.890000000e+00  2.26266e-03  2.26266e-03  3.29890e-10
1.900000000e+00  2.24041e-03  2.24041e-03  3.51151e-10
1.910000000e+00  2.21834e-03  2.21834e-03  3.47901e-10
1.920000000e+00  2.19645e-03  2.19645e-03  3.50776e-10
1.930000000e+00  2.17473e-03  2.17473e-03  3.47598e-10
1.940000000e+00  2.15319e-03  2.15319e-03  3.34044e-10
1.950000000e+00  2.13183e-03  2.13183e-03  2.09376e-10
1.960000000e+00  2.11065e-03  2.11065e-03  1.05035e-10
1.970000000e+00  2.08964e-03  2.08964e-03  1.10979e-10
1.980000000e+00  2.06882e-03  2.06882e-03  2.09904e-10
1.990000000e+00  2.04818e-03  2.04818e-03  2.65710e-10
2.000000000e+00  2.02772e-03  2.02772e-03  1.81898e-10
2.010000000e+00  2.00745e-03  2.00745e-03  7.39825e-11
2.020000000e+00  1.98735e-03  1.98735e-03  8.55755e-11
2.030000000e+00  1.96744e-03  1.96744e-03  1.49593e-10
2.040000000e+00  1.94771e-03  1.94771e-03  1.66265e-10
2.050000000e+00  1.92816e-03  1.92816e-03  1.55644e-10
2.060000000e+00  1.90880e-03  1.90880e-03  1.00211e-10
2.070000000e+00  1.88961e-03  1.88961e-03  1.06092e-10
2.080000000e+00  1.87061e-03  1.87061e-03  1.50268e-10
2.090000000e+00  1.85179e-03  1.85179e-03  1.77273e-10
2.100000000e+00  1.83315e-03  1.83315e-03  2.16500e-10
2.110000000e+00  1.81469e-03  1.81469e-03  2.50761e-10
2.120000000e+00  1.79641e-03  1.79641e-03  2.59366e-10
2.130000000e+00  1.77831e-03  1.77831e-03  2.78885e-10
2.140000000e+00  1.76039e-03  1.76039e-03  2.80600e-10
2.150000000e+00  1.74264e-03  1.74264e-03  2.58519e-10
2.160000000e+00  1.72507e-03  1.72507e-03  2.56190e-10
2.170000000e+00  1.70768e-03  1.70768e-03  2.53069e-10
2.180000000e+00  1.69046e-03  1.69046e-03  2.63285e-10
2.190000000e+00  1.67341e-03  1.67341e-03  2.68888e-10
2.200000000e+00  1.65654e-03  1.65654e-03  2.68265e-10
2.210000000e+00  1.63984e-03  1.63984e-03  2.66195e-10
2.220000000e+00  1.62331e-03  1.62331e-03  2.62543e-10
2.230000000e+00  1.60696e-03  1.60695e-03  2.60191e-10
2.240000000e+00  1.59076e-03  1.59076e-03  2.58651e-10
2.250000000e+00  1.57474e-03  1.57474e-03  2.55934e-10
2.260000000e+00  1.55889e-03  1.55889e-03  2.52179e-10
2.270000000e+00  1.54320e-03  1.54319e-03  2.50660e-10
2.280000000e+00  1.52767e-03  1.52767e-03  2.47907e-10
2.290000000e+00  1.51230e-03  1.51230e-03  2.45833e-10
2.300000000e+00  1.49710e-03  1.49710e-03  2.43301e-10
2.310000000e+00  1.48206e-03  1.48206e-03  2.40818e-10
2.320000000e+00  1.46718e-03  1.46718e-03  2.38372e-10
2.330000000e+00  1.45245e-03  1.45245e-03  2.35913e-10
2.340000000e+00  1.43788e-03  1.43788e-03  2.33478e-10
2.350000000e+00  1.42347e-03  1.42347e-03  2.31070e-10
2.360000000e+00  1.40921e-03  1.40921e-03  2.28685e-10
2.370000000e+00  1.39510e-03  1.39510e-03  2.26349e-10
2.380000000e+00  1.38115e-03  1.38115e-03  2.23966e-10
2.390000000e+00  1.36734e-03  1.36734e-03  2.21538e-10
2.400000000e+00  1.35368e-03  1.35368e-03  2.19142e-10
2.410000000e+00  1.34017e-03  1.34017e-03  2.16851e-10
2.420000000e+00  1.32681e-03  1.32681e-03  2.14859e-10
2.430000000e+00  1.31359e-03  1.31359e-03  2.12901e-10
2.440000000e+00  1.30051e-03  1.30051e-03  2.09874e-10
2.450000000e+00  1.28757e-03  1.28757e-03  2.08209e-10
2.460000000e+00  1.27478e-03  1.27478e-03  2.06439e-10
2.470000000e+00  1.26212e-03  1.26212e-03  2.04142e-10
2.480000000e+00  1.24960e-03  1.24960e-03  2.00825e-10
2.490000000e+00  1.23722e-03  1.23722e-03  1.93797e-10
2.500000000e+00  1.22498e-03  1.22498e-03  1.93124e-10
2.510000000e+00  1.21286e-03  1.21286e-03  1.91370e-10
2.520000000e+00  1.20088e-03  1.20088e-03  1.88474e-10
2.530000000e+00  1.18903e-03  1.18903e-03  1.89817e-10
2.540000000e+00  1.17731e-03  1.17731e-03  1.86514e-10
2.550000000e+00  1.16572e-03  1.16572e-03  1.81816e-10
2.560000000e+00  1.15425e-03  1.15425e-03  1.81999e-10
2.570000000e+00  1.14291e-03  1.14291e-03  1.69294e-10
2.580000000e+00  1.13170e-03  1.13170e-03  1.61190e-10
2.590000000e+00  1.12060e-03  1.12060e-03  1.54737e-10
2.600000000e+00  1.10963e-03  1.10963e-03  1.42313e-10
2.610000000e+00  1.09878e-03  1.09878e-03  1.47275e-10
2.620000000e+00  1.08805e-03  1.08805e-03  1.44674e-10
2.630000000e+00  1.07744e-03  1.07744e-03  1.51001e-10
2.640000000e+00  1.06694e-03  1.06694e-03  1.48096e-10
2.650000000e+00  1.05656e-03  1.05656e-03  1.56499e-10
2.660000000e+00  1.04629e-03  1.04629e-03  1.25565e-10
2.670000000e+00  1.03614e-03  1.03614e-03  2.72453e-11
2.680000000e+00  1.02610e-03  1.02610e-03  7.13728e-12
2.690000000e+00  1.01616e-03  1.01616e-03  2.50836e-12
2.700000000e+00  1.00634e-03  1.00634e-03  3.39091e-12
2.710000000e+00  9.96623e-04  9.96623e-04  3.45524e-12
2.720000000e+00  9.87014e-04  9.87014e-04  6.81828e-12
2.730000000e+00  9.77511e-04  9.77511e-04  1.08431e-11
2.740000000e+00  9.68112e-04  9.68112e-04  1.04140e-11
2.750000000e+00  9.58816e-04  9.58816e-04  6.11328e-12
2.760000000e+00  9.49622e-04  9.49622e-04  2.21441e-12
2.770000000e+00  9.40529e-04  9.40529e-04  1.73952e-12
2.780000000e+00  9.31536e-04  9.31536e-04  1.30688e-12
2.790000000e+00  9.22641e-04  9.22641e-04  1.50148e-12
2.800000000e+00  9.13844e-04  9.13844e-04  2.11843e-12
2.810000000e+00  9.05143e-04  9.05143e-04  2.68470e-12
2.820000000e+00  8.96538e-04  8.96538e-04  2.82938e-12
2.830000000e+00  8.88027e-04  8.88027e-04  2.80296e-12
2.840000000e+00  8.79608e-04  8.79608e-04  3.02608e-12
2.850000000e+00  8.71282e-04  8.71282e-04  2.18461e-12
2.860000000e+00  8.63047e-04  8.63047e-04  3.51313e-12
2.870000000e+00  8.54902e-04  8.54902e-04  8.45296e-12
2.880000000e+00  8.46846e-04  8.46846e-04  1.37937e-11
2.890000000e+00  8.38878e-04  8.38878e-04  2.25915e-11
2.900000000e+00  8.30996e-04  8.30996e-04  3.31903e-11
2.910000000e+00  8.23201e-04  8.23201e-04  3.89822e-11
2.920000000e+00  8.15490e-04  8.15490e-04  4.23790e-11
2.930000000e+00  8.07863e-04  8.07863e-04  4.35125e-11
2.940000000e+00  8.00320e-04  8.00320e-04  4.47124e-11
2.950000000e+00  7.92858e-04  7.92858e-04  4.62355e-11
2.960000000e+00  7.85477e-04  7.85477e-04  4.60776e-11
2.970000000e+00  7.78176e-04  7.78176e-04  4.26801e-11
2.980000000e+00  7.70955e-04  7.70954e-04  3.79417e-11
2.990000000e+00  7.63811e-04  7.63811e-04  3.70446e-11
3.000000000e+00  7.56745e-04  7.56745e-04  4.13277e-11
3.010000000e+00  7.49755e-04  7.49755e-04  4.56041e-11
3.020000000e+00  7.42841e-04  7.42841e-04  4.25248e-11
3.030000000e+00  7.36002e-04  7.36001e-04  4.49258e-11
3.040000000e+00  7.29236e-04  7.29236e-04  4.75883e-11
3.050000000e+00  7.22543e-04  7.22543e-04  4.89004e-11
3.060000000e+00  7.15922e-04  7.15922e-04  4.90694e-11
3.070000000e+00  7.09372e-04  7.09372e-04  5.00257e-11
3.080000000e+00  7.02893e-04  7.02893e-04  5.04421e-11
3.090000000e+00  6.96483e-04  6.96483e-04  5.01970e-11
3.100000000e+00  6.90142e-04  6.90142e-04  5.01211e-11
3.110000000e+00  6.83869e-04  6.83869e-04  4.96653e-11
3.120000000e+00  6.77663e-04  6.77663e-04  4.82222e-11
3.130000000e+00  6.71523e-04  6.71523e-04  4.71189e-11
3.140000000e+00  6.65449e-04  6.65449e-04  4.77994e-11
3.150000000e+00  6.59440e-04  6.59440e-04  4.89615e-11
3.160000000e+00  6.53495e-04  6.53494e-04  4.87119e-11
3.170000000e+00  6.47613e-04  6.47612e-04  4.82869e-11
3.180000000e+00  6.41793e-04  6.41793e-04  4.92011e-11
3.190000000e+00  6.36035e-04  6.36035e-04  5.01679e-11
3.200000000e+00  6.30339e-04  6.30339e-04  5.09407e-11
3.210000000e+00  6.24703e-04  6.24702e-04  5.17440e-11
3.220000000e+00  6.19126e-04  6.19126e-04  5.28166e-11
3.230000000e+00  6.13608e-04  6.13608e-04  5.35965e-11
3.240000000e+00  6.08149e-04  6.08149e-04  5.50214e-11
3.250000000e+00  6.02747e-04  6.02747e-04  5.58129e-11
3.260000000e+00  5.97402e-04  5.97402e-04  5.71024e-11
3.270000000e+00  5.92114e-04  5.92114e-04  5.79533e-11
3.280000000e+00  5.86881e-04  5.86881e-04  5.93388e-11
3.290000000e+00  5.81703e-04  5.81702e-04  6.07532e-11
3.300000000e+00  5.76579e-04  5.76579e-04  6.17558e-11
3.310000000e+00  5.71509e-04  5.71508e-04  6.28800e-11
3.320000000e+00  5.66491e-04  5.66491e-04  6.43817e-11
3.330000000e+00  5.61527e-04  5.61527e-04  6.51686e-11
3.340000000e+00  5.56614e-04  5.56614e-04  6.63485e-11
3.350000000e+00  5.51752e-04  5.51752e-04  6.71412e-11
3.360000000e+00  5.46941e-04  5.46941e-04  6.71665e-11
3.370000000e+00  5.42180e-04  5.42180e-04  6.90923e-11
3.380000000e+00  5.37468e-04  5.37468e-04  7.01364e-11
3.390000000e+00  5.32805e-04  5.32805e-04  7.09601e-11
3.400000000e+00  5.28190e-04  5.28190e-04  7.14219e-11
3.410000000e+00  5.23623e-04  5.23623e-04  7.17913e-11
3.420000000e+00  5.19104e-04  5.19104e-04  7.21805e-11
3.430000000e+00  5.14631e-04  5.14631e-04  7.25383e-11
3.440000000e+00  5.10204e-04  5.10203e-04  7.28822e-11
3.450000000e+00  5.05822e-04  5.05822e-04  7.31543e-11
3.460000000e+00  5.01485e-04  5.01485e-04  7.31293e-11
3.470000000e+00  4.97193e-04  4.97193e-04  7.30155e-11
3.480000000e+00  4.92945e-04  4.92945e-04  7.28841e-11
3.490000000e+00  4.88741e-04  4.88741e-04  7.27537e-11
3.500000000e+00  4.84579e-04  4.84579e-04  7.26193e-11
3.510000000e+00  4.80460e-04  4.80460e-04  7.24816e-11
3.520000000e+00  4.76383e-04  4.76383e-04  7.22827e-11
3.530000000e+00  4.72347e-04  4.72347e-04  7.19114e-11
3.540000000e+00  4.68352e-04  4.68352e-04  7.15292e-11
3.550000000e+00  4.64398e-04  4.64398e-04  7.11339e-11
3.560000000e+00  4.60484e-04  4.60484e-04  7.06907e-11
3.570000000e+00  4.56609e-04  4.56609e-04  7.01609e-11
3.580000000e+00  4.52774e-04  4.52774e-04  6.95657e-11
3.590000000e+00  4.48977e-04  4.48977e-04  6.87004e-11
3.600000000e+00  4.45219e-04  4.45219e-04  6.71160e-11
3.610000000e+00  4.41498e-04  4.41498e-04  6.54953e-11
3.620000000e+00  4.37815e-04  4.37815e-04  6.42624e-11
3.630000000e+00  4.34169e-04  4.34169e-04  6.50226e-11
3.640000000e+00  4.30559e-04  4.30559e-04  6.43065e-11
3.650000000e+00  4.26986e-04  4.26986e-04  6.31317e-11
3.660000000e+00  4.23448e-04  4.23448e-04  6.39002e-11
3.670000000e+00  4.19945e-04  4.19945e-04  6.48097e-11
3.680000000e+00  4.16478e-04  4.16478e-04  6.48703e-11
3.690000000e+00  4.13045e-04  4.13044e-04  6.44266e-11
3.700000000e+00  4.09645e-04  4.09645e-04  6.39680e-11
3.710000000e+00  4.06280e-04  4.06280e-04  6.35439e-11
3.720000000e+00  4.02948e-04  4.02948e-04  6.29518e-11
3.730000000e+00  3.99649e-04  3.99649e-04  6.24832e-11
3.740000000e+00  3.96383e-04  3.96383e-04  6.20405e-11
3.750000000e+00  3.93148e-04  3.93148e-04  6.14105e-11
3.760000000e+00  3.89946e-04  3.89946e-04  6.03233e-11
3.770000000e+00  3.86775e-04  3.86775e-04  5.90220e-11
3.780000000e+00  3.83635e-04  3.83635e-04  5.77302e-11
3.790000000e+00  3.80527e-04  3.80526e-04  5.61202e-11
3.800000000e+00  3.77448e-04  3.77448e-04  5.26350e-11
3.810000000e+00  3.74400e-04  3.74400e-04  4.80707e-11
3.820000000e+00  3.71381e-04  3.71381e-04  4.82708e-11
3.830000000e+00  3.68392e-04  3.68392e-04  5.14212e-11
3.840000000e+00  3.65432e-04  3.65432e-04  4.90568e-11
3.850000000e+00  3.62500e-04  3.62500e-04  4.75922e-11
3.860000000e+00  3.59597e-04  3.59597e-04  4.92912e-11
3.870000000e+00  3.56723e-04  3.56723e-04  5.18760e-11
3.880000000e+00  3.53876e-04  3.53876e-04  5.33642e-11
3.890000000e+00  3.51056e-04  3.51056e-04  5.37972e-11
3.900000000e+00  3.48264e-04  3.48264e-04  5.38452e-11
3.910000000e+00  3.45499e-04  3.45499e-04  5.35724e-11
3.920000000e+00  3.42760e-04  3.42760e-04  5.31034e-11
3.930000000e+00  3.40048e-04  3.40048e-04  5.24297e-11
3.940000000e+00  3.37361e-04  3.37361e-04  5.15250e-11
3.950000000e+00  3.34701e-04  3.34701e-04  5.04622e-11
3.960000000e+00  3.32066e-04  3.32066e-04  4.88014e-11
3.970000000e+00  3.29456e-04  3.29456e-04  4.71402e-11
3.980000000e+00  3.26870e-04  3.26870e-04  4.44458e-11
3.990000000e+00  3.24310e-04  3.24310e-04  4.27674e-11
4.000000000e+00  3.21774e-04  3.21774e-04  4.42567e-11
4.010000000e+00  3.19262e-04  3.19262e-04  4.48104e-11
4.020000000e+00  3.16773e-04  3.16773e-04  4.23446e-11
4.030000000e+00  3.14309e-04  3.14309e-04  4.22064e-11
4.040000000e+00  3.11867e-04  3.11867e-04  4.32632e-11
4.050000000e+00  3.09449e-04  3.09449e-04  4.45866e-11
4.060000000e+00  3.07053e-04  3.07053e-04  4.56990e-11
4.070000000e+00  3.04680e-04  3.04680e-04  4.57431e-11
4.080000000e+00  3.02329e-04  3.02329e-04  4.46974e-11
4.090000000e+00  3.00000e-04  3.00000e-04  4.33761e-11
4.100000000e+00  2.97694e-04  2.97693e-04  4.23403e-11
4.110000000e+00  2.95408e-04  2.95408e-04  4.22705e-11
4.120000000e+00  2.93144e-04  2.93144e-04  4.24997e-11
4.130000000e+00  2.90901e-04  2.90901e-04  4.22165e-11
4.140000000e+00  2.88679e-04  2.88679e-04  4.12042e-11
4.150000000e+00  2.86478e-04  2.86478e-04  4.12825e-11
4.160000000e+00  2.84297e-04  2.84297e-04  3.73920e-11
4.170000000e+00  2.82136e-04  2.82136e-04  1.83184e-11
4.180000000e+00  2.79995e-04  2.79995e-04  9.96030e-12
4.190000000e+00  2.77874e-04  2.77874e-04  6.83071e-12
4.200000000e+00  2.75773e-04  2.75773e-04  3.89842e-12
4.210000000e+00  2.73691e-04  2.73691e-04  1.45545e-12
4.220000000e+00  2.71628e-04  2.71628e-04  4.33444e-13
4.230000000e+00  2.69584e-04  2.69584e-04  2.04368e-13
4.240000000e+00  2.67559e-04  2.67559e-04  1.38415e-13
4.250000000e+00  2.65552e-04  2.65552e-04  1.24465e-13
4.260000000e+00  2.63564e-04  2.63564e-04  1.65301e-13
4.270000000e+00  2.61594e-04  2.61594e-04  1.82085e-13
4.280000000e+00  2.59642e-04  2.59642e-04  1.32414e-13
4.290000000e+00  2.57707e-04  2.57707e-04  1.35323e-13
4.300000000e+00  2.55790e-04  2.55790e-04  1.65817e-13
4.310000000e+00  2.53891e-04  2.53891e-04  2.05576e-13
4.320000000e+00  2.52009e-04  2.52009e-04  2.69832e-13
4.330000000e+00  2.50144e-04  2.50144e-04  4.34679e-13
4.340000000e+00  2.48295e-04  2.48295e-04  6.43392e-13
4.350000000e+00  2.46463e-04  2.46463e-04  8.30451e-13
4.360000000e+00  2.44648e-04  2.44648e-04  8.31828e-13
4.370000000e+00  2.42849e-04  2.42849e-04  8.96303e-13
4.380000000e+00  2.41067e-04  2.41067e-04  1.18161e-12
4.390000000e+00  2.39300e-04  2.39300e-04  1.60233e-12
4.400000000e+00  2.37549e-04  2.37549e-04  1.20900e-12
4.410000000e+00  2.35814e-04  2.35814e-04  1.21385e-12
4.420000000e+00  2.34094e-04  2.34094e-04  1.41409e-12
4.430000000e+00  2.32390e-04  2.32390e-04  1.78565e-12
4.440000000e+00  2.30700e-04  2.30700e-04  2.24845e-12
4.450000000e+00  2.29026e-04  2.29026e-04  2.97766e-12
4.460000000e+00  2.27367e-04  2.27367e-04  3.92671e-12
4.470000000e+00  2.25722e-04  2.25722e-04  4.59823e-12
4.480000000e+00  2.24092e-04  2.24092e-04  5.77927e-12
4.490000000e+00  2.22476e-04  2.22476e-04  6.82964e-12
4.500000000e+00  2.20874e-04  2.20874e-04  9.12508e-12
4.510000000e+00  2.19287e-04  2.19287e-04  1.34520e-11
4.520000000e+00  2.17714e-04  2.17714e-04  1.80107e-11
4.530000000e+00  2.16154e-04  2.16154e-04  2.27916e-11
4.540000000e+00  2.14608e-04  2.14608e-04  2.55852e-11
4.550000000e+00  2.13075e-04  2.13075e-04  2.73636e-11
4.560000000e+00  2.11556e-04  2.11556e-04  2.78589e-11
4.570000000e+00  2.10051e-04  2.10051e-04  2.83235e-11
4.580000000e+00  2.08558e-04  2.08558e-04  2.84544e-11
4.590000000e+00  2.07078e-04  2.07078e-04  2.85055e-11
4.600000000e+00  2.05611e-04  2.05611e-04  2.84788e-11
4.610000000e+00  2.04157e-04  2.04157e-04  2.83591e-11
4.620000000e+00  2.02716e-04  2.02716e-04  2.74363e-11
4.630000000e+00  2.01287e-04  2.01287e-04  2.69975e-11
4.640000000e+00  1.99870e-04  1.99870e-04  2.70919e-11
4.650000000e+00  1.98466e-04  1.98466e-04  2.70072e-11
4.660000000e+00  1.97073e-04  1.97073e-04  2.71544e-11
4.670000000e+00  1.95693e-04  1.95693e-04  2.70865e-11
4.680000000e+00  1.94324e-04  1.94324e-04  2.58744e-11
4.690000000e+00  1.92967e-04  1.92967e-04  2.51524e-11
4.700000000e+00  1.91622e-04  1.91622e-04  2.42273e-11
4.710000000e+00  1.90288e-04  1.90288e-04  1.76399e-11
4.720000000e+00  1.88966e-04  1.88966e-04  2.14464e-11
4.730000000e+00  1.87655e-04  1.87655e-04  1.90885e-11
4.740000000e+00  1.86355e-04  1.86355e-04  1.75720e-11
4.750000000e+00  1.85066e-04  1.85066e-04  1.65420e-11
4.760000000e+00  1.83788e-04  1.83788e-04  1.59890e-11
4.770000000e+00  1.82521e-04  1.82521e-04  1.63744e-11
4.780000000e+00  1.81265e-04  1.81265e-04  1.39180e-11
4.790000000e+00  1.80019e-04  1.80019e-04  1.17665e-11
4.800000000e+00  1.78783e-04  1.78783e-04  9.97082e-12
4.810000000e+00  1.77559e-04  1.77559e-04  7.42910e-12
4.820000000e+00  1.76344e-04  1.76344e-04  4.63915e-12
4.830000000e+00  1.75140e-04  1.75140e-04  5.36632e-12
4.840000000e+00  1.73945e-04  1.73945e-04  5.60342e-12
4.850000000e+00  1.72761e-04  1.72761e-04  5.49539e-12
4.860000000e+00  1.71587e-04  1.71587e-04  5.16738e-12
4.870000000e+00  1.70422e-04  1.70422e-04  5.44364e-12
4.880000000e+00  1.69267e-04  1.69267e-04  6.08372e-12
4.890000000e+00  1.68122e-04  1.68122e-04  6.70633e-12
4.900000000e+00  1.66986e-04  1.66986e-04  9.30518e-12
4.910000000e+00  1.65860e-04  1.65860e-04  1.16948e-11
4.920000000e+00  1.64743e-04  1.64743e-04  1.10243e-11
4.930000000e+00  1.63635e-04  1.63635e-04  1.57608e-11
4.940000000e+00  1.62536e-04  1.62536e-04  1.69292e-11
4.950000000e+00  1.61447e-04  1.61447e-04  1.65338e-11
4.960000000e+00  1.60366e-04  1.60366e-04  1.79837e-11
4.970000000e+00  1.59294e-04  1.59294e-04  1.94447e-11
4.980000000e+00  1.58232e-04  1.58232e-04  2.00687e-11
4.990000000e+00  1.57177e-04  1.57177e-04  2.14778e-11
5.000000000e+00  1.56132e-04  1.56132e-04  1.99384e-11
results_trn.txt
# ------------------------------------------------------------------------
# NASA-GSFC Planetary Spectrum Generator (PSG, Villanueva et al. 2015)
# Atmospheric transmittance spectrum synthesized with PUMAS (Villanueva et al. 2016, Smith et al. 2009, Edwards 1992)
# Synthesized on Tue Nov 21 15:09:06 2017
# Molecular abundance profile: 
# Molecules considered: N2,CO2,H2O
# Molecular sources: HIT[22],HIT[2],HIT[1]
# Molecular abundances: 1,1,1
# Molecular abundance units: scl,scl,scl
# Collission-Induced-Absorption:  N2-N2(3.33-5.41um)
# Rayleigh scattering included
# ------------------------------------------------------------------------
# Aerosols considered: WaterIce,Cloud
# Aerosols sources: CRISM_Wolff[reff=2.0um 0.31-99.57um],White_GSFC[reff=1.0um 0.10-1000000.00um]
# Aerosols opacities: 1,1
# Aerosols opacity units: scl,scl
# ------------------------------------------------------------------------
# Spectral unit: Wavelength [um]
# Wave/freq Total N2 CO2 H2O WaterIce Cloud Rayleigh CIA
1.000000000e+00  0.00000  1.00000  0.99996  0.97245  0.00000  0.00000  0.97247  1.00000
1.010000000e+00  0.00000  1.00000  0.99999  0.96358  0.00000  0.00000  0.97353  1.00000
1.020000000e+00  0.00000  1.00000  1.00000  0.98285  0.00000  0.00000  0.97454  1.00000
1.030000000e+00  0.00000  1.00000  0.99999  0.98532  0.00000  0.00000  0.97550  1.00000
1.040000000e+00  0.00000  1.00000  0.79650  0.99824  0.00000  0.00000  0.97642  1.00000
1.050000000e+00  0.00000  1.00000  0.98657  0.99930  0.00000  0.00000  0.97729  1.00000
1.060000000e+00  0.00000  1.00000  0.96667  0.99796  0.00000  0.00000  0.97813  1.00000
1.070000000e+00  0.00000  1.00000  0.94059  0.98594  0.00000  0.00000  0.97893  1.00000
1.080000000e+00  0.00000  1.00000  0.99390  0.93481  0.00000  0.00000  0.97969  1.00000
1.090000000e+00  0.00000  1.00000  0.99963  0.87836  0.00000  0.00000  0.98042  1.00000
1.100000000e+00  0.00000  1.00000  0.99829  0.74910  0.00000  0.00000  0.98111  1.00000
1.110000000e+00  0.00000  1.00000  1.00000  0.47044  0.00000  0.00000  0.98178  1.00000
1.120000000e+00  0.00000  1.00000  0.97627  0.06752  0.00000  0.00000  0.98241  1.00000
1.130000000e+00  0.00000  1.00000  0.99654  0.01526  0.00000  0.00000  0.98302  1.00000
1.140000000e+00  0.00000  1.00000  0.99255  0.15867  0.00000  0.00000  0.98361  1.00000
1.150000000e+00  0.00000  1.00000  0.99779  0.07885  0.00000  0.00000  0.98416  1.00000
1.160000000e+00  0.00000  1.00000  0.99753  0.27653  0.00000  0.00000  0.98470  1.00000
1.170000000e+00  0.00000  1.00000  0.99992  0.54644  0.00000  0.00000  0.98521  1.00000
1.180000000e+00  0.00000  1.00000  0.99951  0.70142  0.00000  0.00000  0.98570  1.00000
1.190000000e+00  0.00000  1.00000  0.99995  0.63856  0.00000  0.00000  0.98617  1.00000
1.200000000e+00  0.00000  1.00000  0.99981  0.66620  0.00000  0.00000  0.98663  1.00000
1.210000000e+00  0.00000  1.00000  0.08617  0.78055  0.00000  0.00000  0.98706  1.00000
1.220000000e+00  0.00000  1.00000  0.56738  0.84624  0.00000  0.00000  0.98748  1.00000
1.230000000e+00  0.00000  1.00000  0.39072  0.88580  0.00000  0.00000  0.98788  1.00000
1.240000000e+00  0.00000  1.00000  0.83784  0.98030  0.00000  0.00000  0.98826  1.00000
1.250000000e+00  0.00000  1.00000  0.98850  0.99632  0.00000  0.00000  0.98863  1.00000
1.260000000e+00  0.00000  1.00000  0.95780  0.99650  0.00000  0.00000  0.98898  1.00000
1.270000000e+00  0.00000  1.00000  0.95951  0.98927  0.00000  0.00000  0.98933  1.00000
1.280000000e+00  0.00000  1.00000  0.99902  0.97666  0.00000  0.00000  0.98965  1.00000
1.290000000e+00  0.00000  1.00000  0.88096  0.93617  0.00000  0.00000  0.98997  1.00000
1.300000000e+00  0.00000  1.00000  0.82880  0.83413  0.00000  0.00000  0.99027  1.00000
1.310000000e+00  0.00000  1.00000  0.99204  0.71341  0.00000  0.00000  0.99056  1.00000
1.320000000e+00  0.00000  1.00000  0.41648  0.54163  0.00000  0.00000  0.99085  1.00000
1.330000000e+00  0.00000  1.00000  0.96748  0.39186  0.00000  0.00000  0.99112  1.00000
1.340000000e+00  0.00000  1.00000  0.56947  0.23956  0.00000  0.00000  0.99138  1.00000
1.350000000e+00  0.00000  1.00000  0.85163  0.01497  0.00000  0.00000  0.99163  1.00000
1.360000000e+00  0.00000  1.00000  0.98749  0.00000  0.00000  0.00000  0.99187  1.00000
1.370000000e+00  0.00000  1.00000  0.96989  0.00000  0.00000  0.00000  0.99211  1.00000
1.380000000e+00  0.00000  1.00000  0.96144  0.00000  0.00000  0.00000  0.99233  1.00000
1.390000000e+00  0.00000  1.00000  0.99279  0.00000  0.00000  0.00000  0.99255  1.00000
1.400000000e+00  0.00000  1.00000  0.99612  0.00001  0.00000  0.00000  0.99276  1.00000
1.410000000e+00  0.00000  1.00000  0.99980  0.00000  0.00000  0.00000  0.99296  1.00000
1.420000000e+00  0.00000  1.00000  0.99942  0.00143  0.00000  0.00000  0.99316  1.00000
1.430000000e+00  0.00000  1.00000  0.68610  0.00414  0.00000  0.00000  0.99335  1.00000
1.440000000e+00  0.00000  1.00000  0.00000  0.00459  0.00000  0.00000  0.99353  1.00000
1.450000000e+00  0.00000  1.00000  0.01217  0.03186  0.00000  0.00000  0.99370  1.00000
1.460000000e+00  0.00000  1.00000  0.63055  0.11258  0.00000  0.00000  0.99387  1.00000
1.470000000e+00  0.00000  1.00000  0.97349  0.03609  0.00000  0.00000  0.99404  1.00000
1.480000000e+00  0.00000  1.00000  0.41442  0.08912  0.00000  0.00000  0.99420  1.00000
1.490000000e+00  0.00000  1.00000  0.74678  0.08912  0.00000  0.00000  0.99435  1.00000
1.500000000e+00  0.00000  1.00000  0.55753  0.40934  0.00000  0.00000  0.99450  1.00000
1.510000000e+00  0.00000  1.00000  0.98129  0.56318  0.00000  0.00000  0.99464  1.00000
1.520000000e+00  0.00000  1.00000  0.98590  0.73967  0.00000  0.00000  0.99478  1.00000
1.530000000e+00  0.00000  1.00000  0.32267  0.82083  0.00000  0.00000  0.99492  1.00000
1.540000000e+00  0.00000  1.00000  0.13561  0.93461  0.00000  0.00000  0.99505  1.00000
1.550000000e+00  0.00000  1.00000  0.64809  0.96551  0.00000  0.00000  0.99517  1.00000
1.560000000e+00  0.00000  1.00000  0.93822  0.99037  0.00000  0.00000  0.99530  1.00000
1.570000000e+00  0.00000  1.00000  0.30341  0.98175  0.00000  0.00000  0.99541  1.00000
1.580000000e+00  0.00000  1.00000  0.00020  0.98542  0.00000  0.00000  0.99553  1.00000
1.590000000e+00  0.00000  1.00000  0.33722  0.98676  0.00000  0.00000  0.99564  1.00000
1.600000000e+00  0.00000  1.00000  0.21418  0.97974  0.00000  0.00000  0.99575  1.00000
1.610000000e+00  0.00000  1.00000  0.00216  0.99253  0.00000  0.00000  0.99585  1.00000
1.620000000e+00  0.00000  1.00000  0.01789  0.99261  0.00000  0.00000  0.99595  1.00000
1.630000000e+00  0.00000  1.00000  0.39012  0.99744  0.00000  0.00000  0.99605  1.00000
1.640000000e+00  0.00000  1.00000  0.30687  0.99225  0.00000  0.00000  0.99615  1.00000
1.650000000e+00  0.00000  1.00000  0.23345  0.97916  0.00000  0.00000  0.99624  1.00000
1.660000000e+00  0.00000  1.00000  0.38993  0.97649  0.00000  0.00000  0.99633  1.00000
1.670000000e+00  0.00000  1.00000  0.56012  0.97756  0.00000  0.00000  0.99642  1.00000
1.680000000e+00  0.00000  1.00000  0.80003  0.96540  0.00000  0.00000  0.99650  1.00000
1.690000000e+00  0.00000  1.00000  0.93727  0.97153  0.00000  0.00000  0.99658  1.00000
1.700000000e+00  0.00000  1.00000  0.98467  0.89793  0.00000  0.00000  0.99666  1.00000
1.710000000e+00  0.00000  1.00000  0.92875  0.89679  0.00000  0.00000  0.99674  1.00000
1.720000000e+00  0.00000  1.00000  0.96309  0.91569  0.00000  0.00000  0.99681  1.00000
1.730000000e+00  0.00000  1.00000  0.99257  0.86426  0.00000  0.00000  0.99689  1.00000
1.740000000e+00  0.00000  1.00000  0.99936  0.75364  0.00000  0.00000  0.99696  1.00000
1.750000000e+00  0.00000  1.00000  0.99894  0.68720  0.00000  0.00000  0.99703  1.00000
1.760000000e+00  0.00000  1.00000  0.89536  0.69751  0.00000  0.00000  0.99709  1.00000
1.770000000e+00  0.00000  1.00000  0.95745  0.52766  0.00000  0.00000  0.99716  1.00000
1.780000000e+00  0.00000  1.00000  0.99496  0.35230  0.00000  0.00000  0.99722  1.00000
1.790000000e+00  0.00000  1.00000  0.87997  0.20546  0.00000  0.00000  0.99728  1.00000
1.800000000e+00  0.00000  1.00000  0.94942  0.08499  0.00000  0.00000  0.99734  1.00000
1.810000000e+00  0.00000  1.00000  0.98709  0.00941  0.00000  0.00000  0.99740  1.00000
1.820000000e+00  0.00000  1.00000  0.99543  0.00050  0.00000  0.00000  0.99746  1.00000
1.830000000e+00  0.00000  1.00000  0.99924  0.00001  0.00000  0.00000  0.99751  1.00000
1.840000000e+00  0.00000  1.00000  0.99971  0.00000  0.00000  0.00000  0.99757  1.00000
1.850000000e+00  0.00000  1.00000  0.99751  0.00000  0.00000  0.00000  0.99762  1.00000
1.860000000e+00  0.00000  1.00000  0.99708  0.00000  0.00000  0.00000  0.99767  1.00000
1.870000000e+00  0.00000  1.00000  0.97866  0.00000  0.00000  0.00000  0.99772  1.00000
1.880000000e+00  0.00000  1.00000  0.10670  0.00000  0.00000  0.00000  0.99777  1.00000
1.890000000e+00  0.00000  1.00000  0.12417  0.00000  0.00000  0.00000  0.99781  1.00000
1.900000000e+00  0.00000  1.00000  0.51454  0.00001  0.00000  0.00000  0.99786  1.00000
1.910000000e+00  0.00000  1.00000  0.64259  0.00000  0.00000  0.00000  0.99790  1.00000
1.920000000e+00  0.00000  1.00000  0.86103  0.00000  0.00000  0.00000  0.99795  1.00000
1.930000000e+00  0.00000  1.00000  0.83947  0.00001  0.00000  0.00000  0.99799  1.00000
1.940000000e+00  0.00000  1.00000  0.18740  0.00031  0.00000  0.00000  0.99803  1.00000
1.950000000e+00  0.00000  1.00000  0.00000  0.00572  0.00000  0.00000  0.99807  1.00000
1.960000000e+00  0.00000  1.00000  0.00000  0.01680  0.00000  0.00000  0.99811  1.00000
1.970000000e+00  0.00000  1.00000  0.00000  0.22530  0.00000  0.00000  0.99815  1.00000
1.980000000e+00  0.00000  1.00000  0.00000  0.34820  0.00000  0.00000  0.99818  1.00000
1.990000000e+00  0.00000  1.00000  0.00400  0.41153  0.00000  0.00000  0.99822  1.00000
2.000000000e+00  0.00000  1.00000  0.00000  0.54266  0.00000  0.00000  0.99826  1.00000
2.010000000e+00  0.00000  1.00000  0.00000  0.44091  0.00000  0.00000  0.99829  1.00000
2.020000000e+00  0.00000  1.00000  0.00000  0.59341  0.00000  0.00000  0.99832  1.00000
2.030000000e+00  0.00000  1.00000  0.00000  0.81110  0.00000  0.00000  0.99836  1.00000
2.040000000e+00  0.00000  1.00000  0.00000  0.84059  0.00000  0.00000  0.99839  1.00000
2.050000000e+00  0.00000  1.00000  0.00000  0.92404  0.00000  0.00000  0.99842  1.00000
2.060000000e+00  0.00000  1.00000  0.00000  0.84487  0.00000  0.00000  0.99845  1.00000
2.070000000e+00  0.00000  1.00000  0.00000  0.87364  0.00000  0.00000  0.99848  1.00000
2.080000000e+00  0.00000  1.00000  0.00000  0.91676  0.00000  0.00000  0.99851  1.00000
2.090000000e+00  0.00000  1.00000  0.00000  0.91488  0.00000  0.00000  0.99854  1.00000
2.100000000e+00  0.00000  1.00000  0.00004  0.94864  0.00000  0.00000  0.99856  1.00000
2.110000000e+00  0.00000  1.00000  0.01820  0.95912  0.00000  0.00000  0.99859  1.00000
2.120000000e+00  0.00000  1.00000  0.06597  0.89451  0.00000  0.00000  0.99862  1.00000
2.130000000e+00  0.00000  1.00000  0.43615  0.85380  0.00000  0.00000  0.99864  1.00000
2.140000000e+00  0.00000  1.00000  0.63031  0.96472  0.00000  0.00000  0.99867  1.00000
2.150000000e+00  0.00000  1.00000  0.27464  0.98316  0.00000  0.00000  0.99869  1.00000
2.160000000e+00  0.00000  1.00000  0.34524  0.93573  0.00000  0.00000  0.99872  1.00000
2.170000000e+00  0.00000  1.00000  0.22860  0.86815  0.00000  0.00000  0.99874  1.00000
2.180000000e+00  0.00000  1.00000  0.53923  0.89076  0.00000  0.00000  0.99876  1.00000
2.190000000e+00  0.00000  1.00000  0.82997  0.77167  0.00000  0.00000  0.99879  1.00000
2.200000000e+00  0.00000  1.00000  0.88536  0.85826  0.00000  0.00000  0.99881  1.00000
2.210000000e+00  0.00000  1.00000  0.96443  0.89881  0.00000  0.00000  0.99883  1.00000
2.220000000e+00  0.00000  1.00000  0.95047  0.92255  0.00000  0.00000  0.99885  1.00000
2.230000000e+00  0.00000  1.00000  0.95408  0.94775  0.00000  0.00000  0.99887  1.00000
2.240000000e+00  0.00000  1.00000  0.98683  0.97538  0.00000  0.00000  0.99889  1.00000
2.250000000e+00  0.00000  1.00000  0.97804  0.97920  0.00000  0.00000  0.99891  1.00000
2.260000000e+00  0.00000  1.00000  0.94823  0.99196  0.00000  0.00000  0.99893  1.00000
2.270000000e+00  0.00000  1.00000  0.98750  0.98301  0.00000  0.00000  0.99895  1.00000
2.280000000e+00  0.00000  1.00000  0.97356  0.99683  0.00000  0.00000  0.99897  1.00000
2.290000000e+00  0.00000  1.00000  0.99184  0.98399  0.00000  0.00000  0.99898  1.00000
2.300000000e+00  0.00000  1.00000  0.99598  0.90837  0.00000  0.00000  0.99900  1.00000
2.310000000e+00  0.00000  1.00000  0.99744  0.96983  0.00000  0.00000  0.99902  1.00000
2.320000000e+00  0.00000  1.00000  0.99903  0.92464  0.00000  0.00000  0.99904  1.00000
2.330000000e+00  0.00000  1.00000  0.99988  0.91767  0.00000  0.00000  0.99905  1.00000
2.340000000e+00  0.00000  1.00000  0.99989  0.93488  0.00000  0.00000  0.99907  1.00000
2.350000000e+00  0.00000  1.00000  0.99987  0.83096  0.00000  0.00000  0.99908  1.00000
2.360000000e+00  0.00000  1.00000  0.99967  0.69884  0.00000  0.00000  0.99910  1.00000
2.370000000e+00  0.00000  1.00000  0.99821  0.71925  0.00000  0.00000  0.99911  1.00000
2.380000000e+00  0.00000  1.00000  0.99714  0.53177  0.00000  0.00000  0.99913  1.00000
2.390000000e+00  0.00000  1.00000  0.99067  0.41576  0.00000  0.00000  0.99914  1.00000
2.400000000e+00  0.00000  1.00000  0.98878  0.51075  0.00000  0.00000  0.99916  1.00000
2.410000000e+00  0.00000  1.00000  0.98700  0.33601  0.00000  0.00000  0.99917  1.00000
2.420000000e+00  0.00000  1.00000  0.99684  0.15253  0.00000  0.00000  0.99919  1.00000
2.430000000e+00  0.00000  1.00000  0.99991  0.34826  0.00000  0.00000  0.99920  1.00000
2.440000000e+00  0.00000  1.00000  0.99986  0.07205  0.00000  0.00000  0.99921  1.00000
2.450000000e+00  0.00000  1.00000  0.99965  0.13367  0.00000  0.00000  0.99922  1.00000
2.460000000e+00  0.00000  1.00000  0.99948  0.21725  0.00000  0.00000  0.99924  1.00000
2.470000000e+00  0.00000  1.00000  0.99226  0.18489  0.00000  0.00000  0.99925  1.00000
2.480000000e+00  0.00000  1.00000  0.96948  0.08621  0.00000  0.00000  0.99926  1.00000
2.490000000e+00  0.00000  1.00000  0.31718  0.00349  0.00000  0.00000  0.99927  1.00000
2.500000000e+00  0.00000  1.00000  0.73493  0.00330  0.00000  0.00000  0.99928  1.00000
2.510000000e+00  0.00000  1.00000  0.70307  0.00088  0.00000  0.00000  0.99930  1.00000
2.520000000e+00  0.00000  1.00000  0.68071  0.00020  0.00000  0.00000  0.99931  1.00000
2.530000000e+00  0.00000  1.00000  0.83624  0.00000  0.00000  0.00000  0.99932  1.00000
2.540000000e+00  0.00000  1.00000  0.89865  0.00000  0.00000  0.00000  0.99933  1.00000
2.550000000e+00  0.00000  1.00000  0.97447  0.00000  0.00000  0.00000  0.99934  1.00000
2.560000000e+00  0.00000  1.00000  0.94333  0.00000  0.00000  0.00000  0.99935  1.00000
2.570000000e+00  0.00000  1.00000  0.96616  0.00000  0.00000  0.00000  0.99936  1.00000
2.580000000e+00  0.00000  1.00000  0.78596  0.00000  0.00000  0.00000  0.99937  1.00000
2.590000000e+00  0.00000  1.00000  0.53912  0.00000  0.00000  0.00000  0.99938  1.00000
2.600000000e+00  0.00000  1.00000  0.64261  0.00000  0.00000  0.00000  0.99939  1.00000
2.610000000e+00  0.00000  1.00000  0.17935  0.00000  0.00000  0.00000  0.99940  1.00000
2.620000000e+00  0.00000  1.00000  0.06774  0.00000  0.00000  0.00000  0.99941  1.00000
2.630000000e+00  0.00000  1.00000  0.24256  0.00000  0.00000  0.00000  0.99942  1.00000
2.640000000e+00  0.00000  1.00000  0.20380  0.00000  0.00000  0.00000  0.99942  1.00000
2.650000000e+00  0.00000  1.00000  0.36647  0.00000  0.00000  0.00000  0.99943  1.00000
2.660000000e+00  0.00000  1.00000  0.00059  0.00000  0.00000  0.00000  0.99944  1.00000
2.670000000e+00  0.00000  1.00000  0.00000  0.00000  0.00000  0.00000  0.99945  1.00000
2.680000000e+00  0.00000  1.00000  0.00000  0.00000  0.00000  0.00000  0.99946  1.00000
2.690000000e+00  0.00000  1.00000  0.00000  0.00000  0.00000  0.00000  0.99947  1.00000
2.700000000e+00  0.00000  1.00000  0.00000  0.00000  0.00000  0.00000  0.99947  1.00000
2.710000000e+00  0.00000  1.00000  0.00000  0.00000  0.00000  0.00000  0.99948  1.00000
2.720000000e+00  0.00000  1.00000  0.00000  0.00000  0.00000  0.00000  0.99949  1.00000
2.730000000e+00  0.00000  1.00000  0.00000  0.00000  0.00000  0.00000  0.99950  1.00000
2.740000000e+00  0.00000  1.00000  0.00000  0.00000  0.00000  0.00000  0.99950  1.00000
2.750000000e+00  0.00000  1.00000  0.00000  0.00000  0.00000  0.00000  0.99951  1.00000
2.760000000e+00  0.00000  1.00000  0.00000  0.00000  0.00000  0.00000  0.99952  1.00000
2.770000000e+00  0.00000  1.00000  0.00000  0.00000  0.00000  0.00000  0.99952  1.00000
2.780000000e+00  0.00000  1.00000  0.00000  0.00000  0.00000  0.00000  0.99953  1.00000
2.790000000e+00  0.00000  1.00000  0.00000  0.00000  0.00000  0.00000  0.99954  1.00000
2.800000000e+00  0.00000  1.00000  0.00000  0.00000  0.00000  0.00000  0.99954  1.00000
2.810000000e+00  0.00000  1.00000  0.00000  0.00000  0.00000  0.00000  0.99955  1.00000
2.820000000e+00  0.00000  1.00000  0.00000  0.00000  0.00000  0.00000  0.99956  1.00000
2.830000000e+00  0.00000  1.00000  0.00000  0.00000  0.00000  0.00000  0.99956  1.00000
2.840000000e+00  0.00000  1.00000  0.00000  0.00000  0.00000  0.00000  0.99957  1.00000
2.850000000e+00  0.00000  1.00000  0.00000  0.00000  0.00000  0.00000  0.99958  1.00000
2.860000000e+00  0.00000  1.00000  0.00000  0.00000  0.00000  0.00000  0.99958  1.00000
2.870000000e+00  0.00000  1.00000  0.00000  0.00001  0.00000  0.00000  0.99959  1.00000
2.880000000e+00  0.00000  1.00000  0.00000  0.00003  0.00000  0.00000  0.99959  1.00000
2.890000000e+00  0.00000  1.00000  0.00002  0.00002  0.00000  0.00000  0.99960  1.00000
2.900000000e+00  0.00000  1.00000  0.00387  0.00255  0.00000  0.00000  0.99960  1.00000
2.910000000e+00  0.00000  1.00000  0.07950  0.00074  0.00000  0.00000  0.99961  1.00000
2.920000000e+00  0.00000  1.00000  0.34165  0.00106  0.00000  0.00000  0.99962  1.00000
2.930000000e+00  0.00000  1.00000  0.55290  0.00652  0.00000  0.00000  0.99962  1.00000
2.940000000e+00  0.00000  1.00000  0.68462  0.03160  0.00000  0.00000  0.99963  1.00000
2.950000000e+00  0.00000  1.00000  0.81922  0.00075  0.00000  0.00000  0.99963  1.00000
2.960000000e+00  0.00000  1.00000  0.41587  0.00902  0.00000  0.00000  0.99964  1.00000
2.970000000e+00  0.00000  1.00000  0.05068  0.03151  0.00000  0.00000  0.99964  1.00000
2.980000000e+00  0.00000  1.00000  0.00373  0.00004  0.00000  0.00000  0.99965  1.00000
2.990000000e+00  0.00000  1.00000  0.01455  0.04517  0.00000  0.00000  0.99965  1.00000
3.000000000e+00  0.00000  1.00000  0.28534  0.07429  0.00000  0.00000  0.99965  1.00000
3.010000000e+00  0.00000  1.00000  0.30117  0.05232  0.00000  0.00000  0.99966  1.00000
3.020000000e+00  0.00000  1.00000  0.05643  0.03663  0.00000  0.00000  0.99966  1.00000
3.030000000e+00  0.00000  1.00000  0.11387  0.03193  0.00000  0.00000  0.99967  1.00000
3.040000000e+00  0.00000  1.00000  0.31435  0.00474  0.00000  0.00000  0.99967  1.00000
3.050000000e+00  0.00000  1.00000  0.63406  0.00598  0.00000  0.00000  0.99968  1.00000
3.060000000e+00  0.00000  1.00000  0.68595  0.01197  0.00000  0.00000  0.99968  1.00000
3.070000000e+00  0.00000  1.00000  0.83501  0.00582  0.00000  0.00000  0.99968  1.00000
3.080000000e+00  0.00000  1.00000  0.87073  0.02412  0.00000  0.00000  0.99969  1.00000
3.090000000e+00  0.00000  1.00000  0.92973  0.00049  0.00000  0.00000  0.99969  1.00000
3.100000000e+00  0.00000  1.00000  0.89648  0.00046  0.00000  0.00000  0.99970  1.00000
3.110000000e+00  0.00000  1.00000  0.71673  0.00875  0.00000  0.00000  0.99970  1.00000
3.120000000e+00  0.00000  1.00000  0.49204  0.00126  0.00000  0.00000  0.99970  1.00000
3.130000000e+00  0.00000  1.00000  0.39861  0.05461  0.00000  0.00000  0.99971  1.00000
3.140000000e+00  0.00000  1.00000  0.55727  0.12845  0.00000  0.00000  0.99971  1.00000
3.150000000e+00  0.00000  1.00000  0.75821  0.02344  0.00000  0.00000  0.99972  1.00000
3.160000000e+00  0.00000  1.00000  0.60700  0.09363  0.00000  0.00000  0.99972  1.00000
3.170000000e+00  0.00000  1.00000  0.43568  0.63131  0.00000  0.00000  0.99972  1.00000
3.180000000e+00  0.00000  1.00000  0.49898  0.47761  0.00000  0.00000  0.99973  1.00000
3.190000000e+00  0.00000  1.00000  0.66783  0.19806  0.00000  0.00000  0.99973  1.00000
3.200000000e+00  0.00000  1.00000  0.83336  0.04408  0.00000  0.00000  0.99973  1.00000
3.210000000e+00  0.00000  1.00000  0.93355  0.00001  0.00000  0.00000  0.99974  1.00000
3.220000000e+00  0.00000  1.00000  0.91092  0.00007  0.00000  0.00000  0.99974  1.00000
3.230000000e+00  0.00000  1.00000  0.90402  0.00157  0.00000  0.00000  0.99974  1.00000
3.240000000e+00  0.00000  1.00000  0.94953  0.10325  0.00000  0.00000  0.99975  1.00000
3.250000000e+00  0.00000  1.00000  0.98770  0.03302  0.00000  0.00000  0.99975  1.00000
3.260000000e+00  0.00000  1.00000  0.99652  0.25684  0.00000  0.00000  0.99975  1.00000
3.270000000e+00  0.00000  1.00000  0.99612  0.01438  0.00000  0.00000  0.99975  1.00000
3.280000000e+00  0.00000  1.00000  0.99674  0.04483  0.00000  0.00000  0.99976  1.00000
3.290000000e+00  0.00000  1.00000  0.99851  0.26498  0.00000  0.00000  0.99976  1.00000
3.300000000e+00  0.00000  1.00000  0.99935  0.12267  0.00000  0.00000  0.99976  1.00000
3.310000000e+00  0.00000  1.00000  0.99948  0.01283  0.00000  0.00000  0.99977  1.00000
3.320000000e+00  0.00000  1.00000  0.99900  0.16972  0.00000  0.00000  0.99977  1.00000
3.330000000e+00  0.00000  1.00000  0.99373  0.05048  0.00000  0.00000  0.99977  1.00000
3.340000000e+00  0.00000  1.00000  0.97875  0.33256  0.00000  0.00000  0.99977  0.99985
3.350000000e+00  0.00000  1.00000  0.96613  0.11188  0.00000  0.00000  0.99978  0.99979
3.360000000e+00  0.00000  1.00000  0.86176  0.11301  0.00000  0.00000  0.99978  0.99985
3.370000000e+00  0.00000  1.00000  0.96007  0.16047  0.00000  0.00000  0.99978  0.99974
3.380000000e+00  0.00000  1.00000  0.97143  0.26966  0.00000  0.00000  0.99979  0.99990
3.390000000e+00  0.00000  1.00000  0.98468  0.41194  0.00000  0.00000  0.99979  0.99987
3.400000000e+00  0.00000  1.00000  0.99442  0.62408  0.00000  0.00000  0.99979  0.99994
3.410000000e+00  0.00000  1.00000  0.99795  0.46971  0.00000  0.00000  0.99979  0.99995
3.420000000e+00  0.00000  1.00000  0.99930  0.59694  0.00000  0.00000  0.99979  1.00000
3.430000000e+00  0.00000  1.00000  0.99911  0.85936  0.00000  0.00000  0.99980  0.99992
3.440000000e+00  0.00000  1.00000  0.99932  0.74368  0.00000  0.00000  0.99980  0.99987
3.450000000e+00  0.00000  1.00000  0.99654  0.74910  0.00000  0.00000  0.99980  0.99971
3.460000000e+00  0.00000  1.00000  0.99740  0.69851  0.00000  0.00000  0.99980  0.99989
3.470000000e+00  0.00000  1.00000  0.99906  0.84397  0.00000  0.00000  0.99981  0.99975
3.480000000e+00  0.00000  1.00000  0.99934  0.79256  0.00000  0.00000  0.99981  0.99983
3.490000000e+00  0.00000  1.00000  0.99957  0.83337  0.00000  0.00000  0.99981  0.99983
3.500000000e+00  0.00000  1.00000  0.99959  0.79930  0.00000  0.00000  0.99981  0.99990
3.510000000e+00  0.00000  1.00000  0.99928  0.81810  0.00000  0.00000  0.99982  0.99997
3.520000000e+00  0.00000  1.00000  0.99809  0.74696  0.00000  0.00000  0.99982  0.99996
3.530000000e+00  0.00000  1.00000  0.99499  0.71141  0.00000  0.00000  0.99982  0.99994
3.540000000e+00  0.00000  1.00000  0.98888  0.69070  0.00000  0.00000  0.99982  0.99989
3.550000000e+00  0.00000  1.00000  0.97632  0.65120  0.00000  0.00000  0.99982  0.99991
3.560000000e+00  0.00000  1.00000  0.94849  0.53420  0.00000  0.00000  0.99983  0.99966
3.570000000e+00  0.00000  1.00000  0.90669  0.68160  0.00000  0.00000  0.99983  0.99966
3.580000000e+00  0.00000  1.00000  0.87552  0.61264  0.00000  0.00000  0.99983  0.99937
3.590000000e+00  0.00000  1.00000  0.82056  0.72049  0.00000  0.00000  0.99983  0.99936
3.600000000e+00  0.00000  1.00000  0.67000  0.61215  0.00000  0.00000  0.99983  0.99943
3.610000000e+00  0.00000  1.00000  0.54054  0.81363  0.00000  0.00000  0.99983  0.99946
3.620000000e+00  0.00000  1.00000  0.48901  0.64862  0.00000  0.00000  0.99984  0.99931
3.630000000e+00  0.00000  1.00000  0.68119  0.80166  0.00000  0.00000  0.99984  0.99916
3.640000000e+00  0.00000  1.00000  0.64099  0.69687  0.00000  0.00000  0.99984  0.99891
3.650000000e+00  0.00000  1.00000  0.51603  0.91478  0.00000  0.00000  0.99984  0.99873
3.660000000e+00  0.00000  1.00000  0.61909  0.75171  0.00000  0.00000  0.99984  0.99862
3.670000000e+00  0.00000  1.00000  0.80776  0.76184  0.00000  0.00000  0.99985  0.99848
3.680000000e+00  0.00000  1.00000  0.93362  0.36575  0.00000  0.00000  0.99985  0.99824
3.690000000e+00  0.00000  1.00000  0.96887  0.50924  0.00000  0.00000  0.99985  0.99787
3.700000000e+00  0.00000  1.00000  0.97980  0.74874  0.00000  0.00000  0.99985  0.99760
3.710000000e+00  0.00000  1.00000  0.98902  0.89804  0.00000  0.00000  0.99985  0.99612
3.720000000e+00  0.00000  1.00000  0.97954  0.67860  0.00000  0.00000  0.99985  0.99510
3.730000000e+00  0.00000  1.00000  0.97823  0.82375  0.00000  0.00000  0.99985  0.99462
3.740000000e+00  0.00000  1.00000  0.97746  0.68551  0.00000  0.00000  0.99986  0.99402
3.750000000e+00  0.00000  1.00000  0.94046  0.78208  0.00000  0.00000  0.99986  0.99323
3.760000000e+00  0.00000  1.00000  0.84576  0.73382  0.00000  0.00000  0.99986  0.99231
3.770000000e+00  0.00000  1.00000  0.72157  0.67644  0.00000  0.00000  0.99986  0.99133
3.780000000e+00  0.00000  1.00000  0.54858  0.69690  0.00000  0.00000  0.99986  0.99000
3.790000000e+00  0.00000  1.00000  0.37572  0.75406  0.00000  0.00000  0.99986  0.98839
3.800000000e+00  0.00000  1.00000  0.14899  0.70005  0.00000  0.00000  0.99987  0.98670
3.810000000e+00  0.00000  1.00000  0.04058  0.86724  0.00000  0.00000  0.99987  0.98471
3.820000000e+00  0.00000  1.00000  0.06393  0.66738  0.00000  0.00000  0.99987  0.98260
3.830000000e+00  0.00000  1.00000  0.26184  0.84929  0.00000  0.00000  0.99987  0.98020
3.840000000e+00  0.00000  1.00000  0.12924  0.72697  0.00000  0.00000  0.99987  0.97738
3.850000000e+00  0.00000  1.00000  0.06718  0.85801  0.00000  0.00000  0.99987  0.97406
3.860000000e+00  0.00000  1.00000  0.12133  0.82939  0.00000  0.00000  0.99987  0.97030
3.870000000e+00  0.00000  1.00000  0.28980  0.87281  0.00000  0.00000  0.99987  0.96614
3.880000000e+00  0.00000  1.00000  0.53550  0.86813  0.00000  0.00000  0.99988  0.96138
3.890000000e+00  0.00000  1.00000  0.75534  0.89828  0.00000  0.00000  0.99988  0.95589
3.900000000e+00  0.00000  1.00000  0.90334  0.93392  0.00000  0.00000  0.99988  0.94973
3.910000000e+00  0.00000  1.00000  0.95961  0.88551  0.00000  0.00000  0.99988  0.94273
3.920000000e+00  0.00000  1.00000  0.96426  0.97391  0.00000  0.00000  0.99988  0.93458
3.930000000e+00  0.00000  1.00000  0.92676  0.94347  0.00000  0.00000  0.99988  0.92522
3.940000000e+00  0.00000  1.00000  0.84395  0.97528  0.00000  0.00000  0.99988  0.91442
3.950000000e+00  0.00000  1.00000  0.71843  0.97884  0.00000  0.00000  0.99988  0.90220
3.960000000e+00  0.00000  1.00000  0.50270  0.96504  0.00000  0.00000  0.99989  0.88777
3.970000000e+00  0.00000  1.00000  0.33208  0.99024  0.00000  0.00000  0.99989  0.87129
3.980000000e+00  0.00000  1.00000  0.18160  0.97829  0.00000  0.00000  0.99989  0.85295
3.990000000e+00  0.00000  1.00000  0.13231  0.99304  0.00000  0.00000  0.99989  0.83205
4.000000000e+00  0.00000  1.00000  0.30924  0.99066  0.00000  0.00000  0.99989  0.80824
4.010000000e+00  0.00000  1.00000  0.38185  0.99058  0.00000  0.00000  0.99989  0.78219
4.020000000e+00  0.00000  1.00000  0.17073  0.99743  0.00000  0.00000  0.99989  0.75393
4.030000000e+00  0.00000  1.00000  0.14849  0.99070  0.00000  0.00000  0.99989  0.72408
4.040000000e+00  0.00000  1.00000  0.20572  0.99521  0.00000  0.00000  0.99989  0.69275
4.050000000e+00  0.00000  1.00000  0.34343  0.99570  0.00000  0.00000  0.99990  0.65974
4.060000000e+00  0.00000  1.00000  0.51172  0.99464  0.00000  0.00000  0.99990  0.62666
4.070000000e+00  0.00000  1.00000  0.56424  0.99444  0.00000  0.00000  0.99990  0.59347
4.080000000e+00  0.00000  1.00000  0.27394  0.99737  0.00000  0.00000  0.99990  0.56194
4.090000000e+00  0.00000  1.00000  0.08338  0.99711  0.00000  0.00000  0.99990  0.53254
4.100000000e+00  0.00000  1.00000  0.03671  0.99743  0.00000  0.00000  0.99990  0.50519
4.110000000e+00  0.00000  1.00000  0.04746  0.99072  0.00000  0.00000  0.99990  0.48089
4.120000000e+00  0.00000  1.00000  0.20735  0.99744  0.00000  0.00000  0.99990  0.46004
4.130000000e+00  0.00000  1.00000  0.25682  0.99370  0.00000  0.00000  0.99990  0.44266
4.140000000e+00  0.00000  1.00000  0.11261  0.99581  0.00000  0.00000  0.99990  0.42898
4.150000000e+00  0.00000  1.00000  0.04646  0.99867  0.00000  0.00000  0.99990  0.41880
4.160000000e+00  0.00000  1.00000  0.00020  0.99282  0.00000  0.00000  0.99991  0.41256
4.170000000e+00  0.00000  1.00000  0.00000  0.99571  0.00000  0.00000  0.99991  0.40909
4.180000000e+00  0.00000  1.00000  0.00000  0.99493  0.00000  0.00000  0.99991  0.41044
4.190000000e+00  0.00000  1.00000  0.00000  0.99489  0.00000  0.00000  0.99991  0.41257
4.200000000e+00  0.00000  1.00000  0.00000  0.99429  0.00000  0.00000  0.99991  0.41782
4.210000000e+00  0.00000  1.00000  0.00000  0.99114  0.00000  0.00000  0.99991  0.42096
4.220000000e+00  0.00000  1.00000  0.00000  0.99146  0.00000  0.00000  0.99991  0.42175
4.230000000e+00  0.00000  1.00000  0.00000  0.99063  0.00000  0.00000  0.99991  0.41900
4.240000000e+00  0.00000  1.00000  0.00000  0.99294  0.00000  0.00000  0.99991  0.41073
4.250000000e+00  0.00000  1.00000  0.00000  0.98243  0.00000  0.00000  0.99991  0.39526
4.260000000e+00  0.00000  1.00000  0.00000  0.97808  0.00000  0.00000  0.99991  0.36629
4.270000000e+00  0.00000  1.00000  0.00000  0.99235  0.00000  0.00000  0.99992  0.32346
4.280000000e+00  0.00000  1.00000  0.00000  0.96863  0.00000  0.00000  0.99992  0.29405
4.290000000e+00  0.00000  1.00000  0.00000  0.96387  0.00000  0.00000  0.99992  0.27615
4.300000000e+00  0.00000  1.00000  0.00000  0.95929  0.00000  0.00000  0.99992  0.28092
4.310000000e+00  0.00000  1.00000  0.00000  0.93108  0.00000  0.00000  0.99992  0.30852
4.320000000e+00  0.00000  1.00000  0.00000  0.94439  0.00000  0.00000  0.99992  0.34840
4.330000000e+00  0.00000  1.00000  0.00000  0.94299  0.00000  0.00000  0.99992  0.40279
4.340000000e+00  0.00000  1.00000  0.00000  0.93149  0.00000  0.00000  0.99992  0.44817
4.350000000e+00  0.00000  1.00000  0.00000  0.92558  0.00000  0.00000  0.99992  0.48266
4.360000000e+00  0.00000  1.00000  0.00000  0.90126  0.00000  0.00000  0.99992  0.50761
4.370000000e+00  0.00000  1.00000  0.00000  0.80575  0.00000  0.00000  0.99992  0.52553
4.380000000e+00  0.00000  1.00000  0.00000  0.93066  0.00000  0.00000  0.99992  0.53896
4.390000000e+00  0.00000  1.00000  0.00000  0.90350  0.00000  0.00000  0.99992  0.55118
4.400000000e+00  0.00000  1.00000  0.00000  0.85713  0.00000  0.00000  0.99992  0.55977
4.410000000e+00  0.00000  1.00000  0.00000  0.72992  0.00000  0.00000  0.99993  0.57094
4.420000000e+00  0.00000  1.00000  0.00000  0.95333  0.00000  0.00000  0.99993  0.58161
4.430000000e+00  0.00000  1.00000  0.00000  0.84010  0.00000  0.00000  0.99993  0.59402
4.440000000e+00  0.00000  1.00000  0.00000  0.67089  0.00000  0.00000  0.99993  0.60733
4.450000000e+00  0.00000  1.00000  0.00000  0.73902  0.00000  0.00000  0.99993  0.62298
4.460000000e+00  0.00000  1.00000  0.00000  0.77051  0.00000  0.00000  0.99993  0.63850
4.470000000e+00  0.00000  1.00000  0.00000  0.79241  0.00000  0.00000  0.99993  0.65743
4.480000000e+00  0.00000  1.00000  0.00000  0.76533  0.00000  0.00000  0.99993  0.67515
4.490000000e+00  0.00000  1.00000  0.00000  0.81485  0.00000  0.00000  0.99993  0.69567
4.500000000e+00  0.00000  1.00000  0.00000  0.84186  0.00000  0.00000  0.99993  0.71464
4.510000000e+00  0.00000  1.00000  0.00000  0.83269  0.00000  0.00000  0.99993  0.73536
4.520000000e+00  0.00000  1.00000  0.00000  0.75519  0.00000  0.00000  0.99993  0.75552
4.530000000e+00  0.00000  1.00000  0.00000  0.62142  0.00000  0.00000  0.99993  0.77521
4.540000000e+00  0.00000  1.00000  0.00002  0.59994  0.00000  0.00000  0.99993  0.79458
4.550000000e+00  0.00000  1.00000  0.00018  0.79290  0.00000  0.00000  0.99993  0.81318
4.560000000e+00  0.00000  1.00000  0.00408  0.88998  0.00000  0.00000  0.99993  0.83098
4.570000000e+00  0.00000  1.00000  0.03019  0.78003  0.00000  0.00000  0.99994  0.84710
4.580000000e+00  0.00000  1.00000  0.10798  0.67334  0.00000  0.00000  0.99994  0.86286
4.590000000e+00  0.00000  1.00000  0.15852  0.74396  0.00000  0.00000  0.99994  0.87723
4.600000000e+00  0.00000  1.00000  0.23585  0.78326  0.00000  0.00000  0.99994  0.89044
4.610000000e+00  0.00000  1.00000  0.29606  0.82295  0.00000  0.00000  0.99994  0.90262
4.620000000e+00  0.00000  1.00000  0.24586  0.77225  0.00000  0.00000  0.99994  0.91374
4.630000000e+00  0.00000  1.00000  0.10927  0.56554  0.00000  0.00000  0.99994  0.92378
4.640000000e+00  0.00000  1.00000  0.08378  0.57475  0.00000  0.00000  0.99994  0.93283
4.650000000e+00  0.00000  1.00000  0.06806  0.59087  0.00000  0.00000  0.99994  0.94100
4.660000000e+00  0.00000  1.00000  0.06821  0.52437  0.00000  0.00000  0.99994  0.94833
4.670000000e+00  0.00000  1.00000  0.07482  0.45280  0.00000  0.00000  0.99994  0.95454
4.680000000e+00  0.00000  1.00000  0.02665  0.46032  0.00000  0.00000  0.99994  0.95966
4.690000000e+00  0.00000  1.00000  0.01160  0.18817  0.00000  0.00000  0.99994  0.96468
4.700000000e+00  0.00000  1.00000  0.00129  0.84198  0.00000  0.00000  0.99994  0.96890
4.710000000e+00  0.00000  1.00000  0.00004  0.73429  0.00000  0.00000  0.99994  0.97248
4.720000000e+00  0.00000  1.00000  0.00002  0.39707  0.00000  0.00000  0.99994  0.97588
4.730000000e+00  0.00000  1.00000  0.00000  0.54762  0.00000  0.00000  0.99994  0.97848
4.740000000e+00  0.00000  1.00000  0.00000  0.38836  0.00000  0.00000  0.99994  0.98128
4.750000000e+00  0.00000  1.00000  0.00000  0.62496  0.00000  0.00000  0.99994  0.98354
4.760000000e+00  0.00000  1.00000  0.00000  0.51218  0.00000  0.00000  0.99994  0.98560
4.770000000e+00  0.00000  1.00000  0.00000  0.52231  0.00000  0.00000  0.99995  0.98737
4.780000000e+00  0.00000  1.00000  0.00000  0.38238  0.00000  0.00000  0.99995  0.98838
4.790000000e+00  0.00000  1.00000  0.00000  0.21687  0.00000  0.00000  0.99995  0.98978
4.800000000e+00  0.00000  1.00000  0.00000  0.26701  0.00000  0.00000  0.99995  0.99148
4.810000000e+00  0.00000  1.00000  0.00000  0.42404  0.00000  0.00000  0.99995  0.99267
4.820000000e+00  0.00000  1.00000  0.00000  0.36288  0.00000  0.00000  0.99995  0.99356
4.830000000e+00  0.00000  1.00000  0.00000  0.20861  0.00000  0.00000  0.99995  0.99455
4.840000000e+00  0.00000  1.00000  0.00000  0.40022  0.00000  0.00000  0.99995  0.99271
4.850000000e+00  0.00000  1.00000  0.00000  0.10330  0.00000  0.00000  0.99995  0.99480
4.860000000e+00  0.00000  1.00000  0.00000  0.06039  0.00000  0.00000  0.99995  0.99637
4.870000000e+00  0.00000  1.00000  0.00000  0.54437  0.00000  0.00000  0.99995  0.99693
4.880000000e+00  0.00000  1.00000  0.00000  0.53834  0.00000  0.00000  0.99995  0.99729
4.890000000e+00  0.00000  1.00000  0.00000  0.47248  0.00000  0.00000  0.99995  0.99714
4.900000000e+00  0.00000  1.00000  0.00000  0.05919  0.00000  0.00000  0.99995  0.99571
4.910000000e+00  0.00000  1.00000  0.00000  0.03141  0.00000  0.00000  0.99995  0.99785
4.920000000e+00  0.00000  1.00000  0.00000  0.22143  0.00000  0.00000  0.99995  0.99819
4.930000000e+00  0.00000  1.00000  0.00000  0.45470  0.00000  0.00000  0.99995  0.99838
4.940000000e+00  0.00000  1.00000  0.00011  0.22210  0.00000  0.00000  0.99995  0.99840
4.950000000e+00  0.00000  1.00000  0.00053  0.05016  0.00000  0.00000  0.99995  0.99725
4.960000000e+00  0.00000  1.00000  0.00127  0.01305  0.00000  0.00000  0.99995  0.99183
4.970000000e+00  0.00000  1.00000  0.01063  0.00542  0.00000  0.00000  0.99995  0.99886
4.980000000e+00  0.00000  1.00000  0.03163  0.11511  0.00000  0.00000  0.99995  0.99896
4.990000000e+00  0.00000  1.00000  0.08105  0.02859  0.00000  0.00000  0.99995  0.99918
5.000000000e+00  0.00000  1.00000  0.07433  0.21394  0.00000  0.00000  0.99995  0.99921
