# ------------------------------------------------------------------------
# Radiance spectrum
# NASA-GSFC Planetary Spectrum Generator (PSG) (Villanueva et al. 2015)
# Synthesized on Tue Nov 21 15:09:00 2017
# ------------------------------------------------------------------------
# Atmospheric radiances synthesized with PUMAS (Villanueva et al. 2016, Smith et al. 2009, Edwards 1992)
# Molecular abundance profile: 
# Molecules considered: N2,CO2,H2O
# Molecular sources: HIT[22],HIT[2],HIT[1]
# Molecular abundances: 1,1,1
# Molecular abundance units: scl,scl,scl
# Collission-Induced-Absorption:  N2-N2(3.33-5.41um)
# Rayleigh scattering included
# ------------------------------------------------------------------------
# Spectral unit: Wavelength [um]
# Radiance unit: Spectral radiance [W/sr/m2/um]
# Wave/freq Total Stellar TRAPPIST-1-e
1.000000000e+00  3.68049e-03  3.68049e-03  5.61142e-10
1.010000000e+00  3.70309e-03  3.70309e-03  5.64573e-10
1.020000000e+00  3.72363e-03  3.72363e-03  5.67705e-10
1.030000000e+00  3.74214e-03  3.74214e-03  5.70531e-10
1.040000000e+00  3.75867e-03  3.75867e-03  5.58714e-10
1.050000000e+00  3.77328e-03  3.77327e-03  5.75166e-10
1.060000000e+00  3.78601e-03  3.78601e-03  5.76384e-10
1.070000000e+00  3.79691e-03  3.79691e-03  5.74841e-10
1.080000000e+00  3.80605e-03  3.80605e-03  5.80040e-10
1.090000000e+00  3.81347e-03  3.81347e-03  5.81481e-10
1.100000000e+00  3.81923e-03  3.81922e-03  5.82260e-10
1.110000000e+00  3.82337e-03  3.82337e-03  5.82910e-10
1.120000000e+00  3.82595e-03  3.82595e-03  5.79956e-10
1.130000000e+00  3.82703e-03  3.82703e-03  5.78653e-10
1.140000000e+00  3.82666e-03  3.82666e-03  5.81720e-10
1.150000000e+00  3.82489e-03  3.82489e-03  5.80550e-10
1.160000000e+00  3.82177e-03  3.82177e-03  5.82529e-10
1.170000000e+00  3.81735e-03  3.81734e-03  5.82343e-10
1.180000000e+00  3.81168e-03  3.81168e-03  5.81433e-10
1.190000000e+00  3.80481e-03  3.80481e-03  5.80392e-10
1.200000000e+00  3.79680e-03  3.79679e-03  5.79289e-10
1.210000000e+00  3.78768e-03  3.78768e-03  4.99017e-10
1.220000000e+00  3.77751e-03  3.77751e-03  5.34849e-10
1.230000000e+00  3.76632e-03  3.76632e-03  5.49841e-10
1.240000000e+00  3.75418e-03  3.75418e-03  5.65409e-10
1.250000000e+00  3.74111e-03  3.74111e-03  5.70866e-10
1.260000000e+00  3.72717e-03  3.72717e-03  5.66957e-10
1.270000000e+00  3.71239e-03  3.71239e-03  5.64821e-10
1.280000000e+00  3.69682e-03  3.69682e-03  5.64713e-10
1.290000000e+00  3.68050e-03  3.68049e-03  5.58694e-10
1.300000000e+00  3.66345e-03  3.66345e-03  5.51524e-10
1.310000000e+00  3.64573e-03  3.64573e-03  5.56827e-10
1.320000000e+00  3.62737e-03  3.62736e-03  5.18603e-10
1.330000000e+00  3.60839e-03  3.60839e-03  5.50834e-10
1.340000000e+00  3.58885e-03  3.58885e-03  5.26240e-10
1.350000000e+00  3.56877e-03  3.56877e-03  5.38932e-10
1.360000000e+00  3.54817e-03  3.54817e-03  5.29696e-10
1.370000000e+00  3.52711e-03  3.52711e-03  5.23626e-10
1.380000000e+00  3.50559e-03  3.50559e-03  5.21206e-10
1.390000000e+00  3.48366e-03  3.48366e-03  5.21572e-10
1.400000000e+00  3.46134e-03  3.46134e-03  5.18912e-10
1.410000000e+00  3.43866e-03  3.43866e-03  5.13867e-10
1.420000000e+00  3.41564e-03  3.41564e-03  5.20733e-10
1.430000000e+00  3.39231e-03  3.39231e-03  5.14021e-10
1.440000000e+00  3.36870e-03  3.36870e-03  2.92557e-10
1.450000000e+00  3.34482e-03  3.34482e-03  4.35401e-10
1.460000000e+00  3.32070e-03  3.32070e-03  5.03363e-10
1.470000000e+00  3.29637e-03  3.29636e-03  5.00261e-10
1.480000000e+00  3.27183e-03  3.27183e-03  4.68777e-10
1.490000000e+00  3.24712e-03  3.24711e-03  4.88186e-10
1.500000000e+00  3.22224e-03  3.22224e-03  4.66353e-10
1.510000000e+00  3.19723e-03  3.19723e-03  4.86825e-10
1.520000000e+00  3.17209e-03  3.17209e-03  4.83635e-10
1.530000000e+00  3.14685e-03  3.14685e-03  4.51250e-10
1.540000000e+00  3.12152e-03  3.12152e-03  4.20629e-10
1.550000000e+00  3.09611e-03  3.09611e-03  4.63277e-10
1.560000000e+00  3.07064e-03  3.07064e-03  4.67050e-10
1.570000000e+00  3.04513e-03  3.04513e-03  4.23996e-10
1.580000000e+00  3.01959e-03  3.01959e-03  3.18213e-10
1.590000000e+00  2.99402e-03  2.99402e-03  4.38174e-10
1.600000000e+00  2.96846e-03  2.96846e-03  4.09922e-10
1.610000000e+00  2.94289e-03  2.94289e-03  3.11947e-10
1.620000000e+00  2.91734e-03  2.91734e-03  3.96465e-10
1.630000000e+00  2.89182e-03  2.89182e-03  4.24492e-10
1.640000000e+00  2.86634e-03  2.86634e-03  4.06926e-10
1.650000000e+00  2.84091e-03  2.84091e-03  3.97373e-10
1.660000000e+00  2.81553e-03  2.81553e-03  4.14729e-10
1.670000000e+00  2.79021e-03  2.79021e-03  4.15127e-10
1.680000000e+00  2.76497e-03  2.76497e-03  4.15632e-10
1.690000000e+00  2.73981e-03  2.73981e-03  4.18072e-10
1.700000000e+00  2.71474e-03  2.71474e-03  4.15689e-10
1.710000000e+00  2.68977e-03  2.68977e-03  4.08922e-10
1.720000000e+00  2.66490e-03  2.66490e-03  4.07602e-10
1.730000000e+00  2.64013e-03  2.64013e-03  4.04702e-10
1.740000000e+00  2.61549e-03  2.61549e-03  4.01052e-10
1.750000000e+00  2.59096e-03  2.59096e-03  3.97200e-10
1.760000000e+00  2.56656e-03  2.56656e-03  3.92977e-10
1.770000000e+00  2.54229e-03  2.54229e-03  3.89445e-10
1.780000000e+00  2.51815e-03  2.51815e-03  3.85923e-10
1.790000000e+00  2.49415e-03  2.49415e-03  3.81909e-10
1.800000000e+00  2.47030e-03  2.47030e-03  3.78222e-10
1.810000000e+00  2.44660e-03  2.44660e-03  3.74045e-10
1.820000000e+00  2.42304e-03  2.42304e-03  3.67496e-10
1.830000000e+00  2.39965e-03  2.39964e-03  3.61207e-10
1.840000000e+00  2.37640e-03  2.37640e-03  3.52827e-10
1.850000000e+00  2.35332e-03  2.35332e-03  3.50369e-10
1.860000000e+00  2.33041e-03  2.33041e-03  3.44335e-10
1.870000000e+00  2.30765e-03  2.30765e-03  3.44304e-10
1.880000000e+00  2.28507e-03  2.28507e-03  3.10777e-10
1.890000000e+00  2.26266e-03  2.26266e-03  3.10043e-10
1.900000000e+00  2.24041e-03  2.24041e-03  3.29462e-10
1.910000000e+00  2.21834e-03  2.21834e-03  3.26495e-10
1.920000000e+00  2.19645e-03  2.19645e-03  3.29048e-10
1.930000000e+00  2.17473e-03  2.17473e-03  3.26041e-10
1.940000000e+00  2.15319e-03  2.15319e-03  3.13404e-10
1.950000000e+00  2.13183e-03  2.13183e-03  2.00291e-10
1.960000000e+00  2.11065e-03  2.11065e-03  1.05818e-10
1.970000000e+00  2.08964e-03  2.08964e-03  1.11623e-10
1.980000000e+00  2.06882e-03  2.06882e-03  1.99936e-10
1.990000000e+00  2.04818e-03  2.04818e-03  2.50233e-10
2.000000000e+00  2.02772e-03  2.02772e-03  1.74804e-10
2.010000000e+00  2.00745e-03  2.00745e-03  7.46944e-11
2.020000000e+00  1.98735e-03  1.98735e-03  8.62852e-11
2.030000000e+00  1.96744e-03  1.96744e-03  1.45514e-10
2.040000000e+00  1.94771e-03  1.94771e-03  1.59705e-10
2.050000000e+00  1.92816e-03  1.92816e-03  1.50366e-10
2.060000000e+00  1.90880e-03  1.90880e-03  1.00601e-10
2.070000000e+00  1.88961e-03  1.88961e-03  1.06386e-10
2.080000000e+00  1.87061e-03  1.87061e-03  1.45262e-10
2.090000000e+00  1.85179e-03  1.85179e-03  1.69157e-10
2.100000000e+00  1.83315e-03  1.83315e-03  2.04393e-10
2.110000000e+00  1.81469e-03  1.81469e-03  2.35508e-10
2.120000000e+00  1.79641e-03  1.79641e-03  2.43362e-10
2.130000000e+00  1.77831e-03  1.77831e-03  2.61255e-10
2.140000000e+00  1.76039e-03  1.76039e-03  2.62835e-10
2.150000000e+00  1.74264e-03  1.74264e-03  2.42372e-10
2.160000000e+00  1.72507e-03  1.72507e-03  2.40189e-10
2.170000000e+00  1.70768e-03  1.70768e-03  2.37279e-10
2.180000000e+00  1.69046e-03  1.69046e-03  2.46588e-10
2.190000000e+00  1.67341e-03  1.67341e-03  2.51795e-10
2.200000000e+00  1.65654e-03  1.65654e-03  2.51170e-10
2.210000000e+00  1.63984e-03  1.63984e-03  2.49207e-10
2.220000000e+00  1.62331e-03  1.62331e-03  2.45753e-10
2.230000000e+00  1.60696e-03  1.60695e-03  2.43532e-10
2.240000000e+00  1.59076e-03  1.59076e-03  2.42079e-10
2.250000000e+00  1.57474e-03  1.57474e-03  2.39509e-10
2.260000000e+00  1.55889e-03  1.55889e-03  2.35964e-10
2.270000000e+00  1.54320e-03  1.54319e-03  2.34518e-10
2.280000000e+00  1.52767e-03  1.52767e-03  2.31914e-10
2.290000000e+00  1.51230e-03  1.51230e-03  2.29954e-10
2.300000000e+00  1.49710e-03  1.49710e-03  2.27558e-10
2.310000000e+00  1.48206e-03  1.48206e-03  2.25208e-10
2.320000000e+00  1.46718e-03  1.46718e-03  2.22892e-10
2.330000000e+00  1.45245e-03  1.45245e-03  2.20564e-10
2.340000000e+00  1.43788e-03  1.43788e-03  2.18258e-10
2.350000000e+00  1.42347e-03  1.42347e-03  2.15978e-10
2.360000000e+00  1.40921e-03  1.40921e-03  2.13718e-10
2.370000000e+00  1.39510e-03  1.39510e-03  2.11503e-10
2.380000000e+00  1.38115e-03  1.38115e-03  2.09244e-10
2.390000000e+00  1.36734e-03  1.36734e-03  2.06940e-10
2.400000000e+00  1.35368e-03  1.35368e-03  2.04667e-10
2.410000000e+00  1.34017e-03  1.34017e-03  2.02493e-10
2.420000000e+00  1.32681e-03  1.32681e-03  2.00605e-10
2.430000000e+00  1.31359e-03  1.31359e-03  1.98746e-10
2.440000000e+00  1.30051e-03  1.30051e-03  1.95881e-10
2.450000000e+00  1.28757e-03  1.28757e-03  1.94294e-10
2.460000000e+00  1.27478e-03  1.27478e-03  1.92607e-10
2.470000000e+00  1.26212e-03  1.26212e-03  1.90424e-10
2.480000000e+00  1.24960e-03  1.24960e-03  1.87296e-10
2.490000000e+00  1.23722e-03  1.23722e-03  1.80684e-10
2.500000000e+00  1.22498e-03  1.22498e-03  1.79990e-10
2.510000000e+00  1.21286e-03  1.21286e-03  1.78310e-10
2.520000000e+00  1.20088e-03  1.20088e-03  1.75582e-10
2.530000000e+00  1.18903e-03  1.18903e-03  1.76818e-10
2.540000000e+00  1.17731e-03  1.17731e-03  1.73734e-10
2.550000000e+00  1.16572e-03  1.16572e-03  1.69314e-10
2.560000000e+00  1.15425e-03  1.15425e-03  1.69432e-10
2.570000000e+00  1.14291e-03  1.14291e-03  1.57601e-10
2.580000000e+00  1.13170e-03  1.13170e-03  1.50038e-10
2.590000000e+00  1.12060e-03  1.12060e-03  1.43938e-10
2.600000000e+00  1.10963e-03  1.10963e-03  1.32481e-10
2.610000000e+00  1.09878e-03  1.09878e-03  1.36871e-10
2.620000000e+00  1.08805e-03  1.08805e-03  1.34369e-10
2.630000000e+00  1.07744e-03  1.07744e-03  1.40211e-10
2.640000000e+00  1.06694e-03  1.06694e-03  1.37483e-10
2.650000000e+00  1.05656e-03  1.05656e-03  1.45225e-10
2.660000000e+00  1.04629e-03  1.04629e-03  1.16246e-10
2.670000000e+00  1.03614e-03  1.03614e-03  2.75611e-11
2.680000000e+00  1.02610e-03  1.02610e-03  7.34315e-12
2.690000000e+00  1.01616e-03  1.01616e-03  2.57671e-12
2.700000000e+00  1.00634e-03  1.00634e-03  3.48323e-12
2.710000000e+00  9.96623e-04  9.96623e-04  3.55420e-12
2.720000000e+00  9.87014e-04  9.87014e-04  6.98946e-12
2.730000000e+00  9.77511e-04  9.77511e-04  1.10557e-11
2.740000000e+00  9.68112e-04  9.68112e-04  1.06186e-11
2.750000000e+00  9.58816e-04  9.58816e-04  6.25365e-12
2.760000000e+00  9.49622e-04  9.49622e-04  2.27864e-12
2.770000000e+00  9.40529e-04  9.40529e-04  1.78700e-12
2.780000000e+00  9.31536e-04  9.31536e-04  1.34418e-12
2.790000000e+00  9.22641e-04  9.22641e-04  1.54732e-12
2.800000000e+00  9.13844e-04  9.13844e-04  2.17223e-12
2.810000000e+00  9.05143e-04  9.05143e-04  2.74460e-12
2.820000000e+00  8.96538e-04  8.96538e-04  2.88925e-12
2.830000000e+00  8.88027e-04  8.88027e-04  2.86000e-12
2.840000000e+00  8.79608e-04  8.79608e-04  3.03578e-12
2.850000000e+00  8.71282e-04  8.71282e-04  2.22347e-12
2.860000000e+00  8.63047e-04  8.63047e-04  3.45130e-12
2.870000000e+00  8.54902e-04  8.54902e-04  7.85167e-12
2.880000000e+00  8.46846e-04  8.46846e-04  1.27285e-11
2.890000000e+00  8.38878e-04  8.38878e-04  2.08152e-11
2.900000000e+00  8.30996e-04  8.30996e-04  3.06689e-11
2.910000000e+00  8.23201e-04  8.23201e-04  3.61167e-11
2.920000000e+00  8.15490e-04  8.15490e-04  3.93207e-11
2.930000000e+00  8.07863e-04  8.07863e-04  4.04069e-11
2.940000000e+00  8.00320e-04  8.00320e-04  4.15431e-11
2.950000000e+00  7.92858e-04  7.92858e-04  4.29909e-11
2.960000000e+00  7.85477e-04  7.85477e-04  4.28555e-11
2.970000000e+00  7.78176e-04  7.78176e-04  3.97062e-11
2.980000000e+00  7.70954e-04  7.70954e-04  3.53364e-11
2.990000000e+00  7.63811e-04  7.63811e-04  3.45265e-11
3.000000000e+00  7.56745e-04  7.56745e-04  3.85463e-11
3.010000000e+00  7.49755e-04  7.49755e-04  4.24907e-11
3.020000000e+00  7.42841e-04  7.42841e-04  3.96647e-11
3.030000000e+00  7.36002e-04  7.36001e-04  4.19004e-11
3.040000000e+00  7.29236e-04  7.29236e-04  4.43868e-11
3.050000000e+00  7.22543e-04  7.22543e-04  4.56252e-11
3.060000000e+00  7.15922e-04  7.15922e-04  4.58083e-11
3.070000000e+00  7.09372e-04  7.09372e-04  4.67183e-11
3.080000000e+00  7.02893e-04  7.02893e-04  4.71231e-11
3.090000000e+00  6.96483e-04  6.96483e-04  4.69061e-11
3.100000000e+00  6.90142e-04  6.90142e-04  4.68425e-11
3.110000000e+00  6.83869e-04  6.83869e-04  4.64278e-11
3.120000000e+00  6.77663e-04  6.77663e-04  4.51024e-11
3.130000000e+00  6.71523e-04  6.71523e-04  4.40893e-11
3.140000000e+00  6.65449e-04  6.65449e-04  4.47218e-11
3.150000000e+00  6.59440e-04  6.59440e-04  4.57968e-11
3.160000000e+00  6.53495e-04  6.53494e-04  4.55822e-11
3.170000000e+00  6.47613e-04  6.47612e-04  4.52052e-11
3.180000000e+00  6.41793e-04  6.41793e-04  4.60564e-11
3.190000000e+00  6.36035e-04  6.36035e-04  4.69541e-11
3.200000000e+00  6.30339e-04  6.30339e-04  4.76912e-11
3.210000000e+00  6.24703e-04  6.24702e-04  4.84540e-11
3.220000000e+00  6.19126e-04  6.19126e-04  4.94623e-11
3.230000000e+00  6.13608e-04  6.13608e-04  5.02072e-11
3.240000000e+00  6.08149e-04  6.08149e-04  5.15469e-11
3.250000000e+00  6.02747e-04  6.02747e-04  5.22982e-11
3.260000000e+00  5.97402e-04  5.97402e-04  5.35137e-11
3.270000000e+00  5.92114e-04  5.92114e-04  5.43225e-11
3.280000000e+00  5.86881e-04  5.86881e-04  5.56261e-11
3.290000000e+00  5.81703e-04  5.81702e-04  5.69567e-11
3.300000000e+00  5.76579e-04  5.76579e-04  5.79057e-11
3.310000000e+00  5.71509e-04  5.71508e-04  5.89679e-11
3.320000000e+00  5.66491e-04  5.66491e-04  6.03801e-11
3.330000000e+00  5.61527e-04  5.61527e-04  6.11233e-11
3.340000000e+00  5.56614e-04  5.56614e-04  6.22305e-11
3.350000000e+00  5.51752e-04  5.51752e-04  6.29770e-11
3.360000000e+00  5.46941e-04  5.46941e-04  6.29994e-11
3.370000000e+00  5.42180e-04  5.42180e-04  6.48143e-11
3.380000000e+00  5.37468e-04  5.37468e-04  6.57976e-11
3.390000000e+00  5.32805e-04  5.32805e-04  6.65721e-11
3.400000000e+00  5.28190e-04  5.28190e-04  6.70038e-11
3.410000000e+00  5.23623e-04  5.23623e-04  6.73483e-11
3.420000000e+00  5.19104e-04  5.19104e-04  6.77115e-11
3.430000000e+00  5.14631e-04  5.14631e-04  6.80449e-11
3.440000000e+00  5.10204e-04  5.10203e-04  6.83653e-11
3.450000000e+00  5.05822e-04  5.05822e-04  6.86179e-11
3.460000000e+00  5.01485e-04  5.01485e-04  6.85894e-11
3.470000000e+00  4.97193e-04  4.97193e-04  6.84770e-11
3.480000000e+00  4.92945e-04  4.92945e-04  6.83479e-11
3.490000000e+00  4.88741e-04  4.88741e-04  6.82197e-11
3.500000000e+00  4.84579e-04  4.84579e-04  6.80878e-11
3.510000000e+00  4.80460e-04  4.80460e-04  6.79526e-11
3.520000000e+00  4.76383e-04  4.76383e-04  6.77599e-11
3.530000000e+00  4.72347e-04  4.72347e-04  6.74044e-11
3.540000000e+00  4.68352e-04  4.68352e-04  6.70387e-11
3.550000000e+00  4.64398e-04  4.64398e-04  6.66606e-11
3.560000000e+00  4.60484e-04  4.60484e-04  6.62371e-11
3.570000000e+00  4.56609e-04  4.56609e-04  6.57314e-11
3.580000000e+00  4.52774e-04  4.52774e-04  6.51639e-11
3.590000000e+00  4.48977e-04  4.48977e-04  6.43452e-11
3.600000000e+00  4.45219e-04  4.45219e-04  6.28622e-11
3.610000000e+00  4.41498e-04  4.41498e-04  6.13592e-11
3.620000000e+00  4.37815e-04  4.37815e-04  6.02014e-11
3.630000000e+00  4.34169e-04  4.34169e-04  6.08867e-11
3.640000000e+00  4.30559e-04  4.30559e-04  6.02171e-11
3.650000000e+00  4.26986e-04  4.26986e-04  5.91233e-11
3.660000000e+00  4.23448e-04  4.23448e-04  5.98179e-11
3.670000000e+00  4.19945e-04  4.19945e-04  6.06464e-11
3.680000000e+00  4.16478e-04  4.16478e-04  6.06947e-11
3.690000000e+00  4.13045e-04  4.13044e-04  6.02727e-11
3.700000000e+00  4.09645e-04  4.09645e-04  5.98371e-11
3.710000000e+00  4.06280e-04  4.06280e-04  5.94343e-11
3.720000000e+00  4.02948e-04  4.02948e-04  5.88718e-11
3.730000000e+00  3.99649e-04  3.99649e-04  5.84272e-11
3.740000000e+00  3.96383e-04  3.96383e-04  5.80080e-11
3.750000000e+00  3.93148e-04  3.93148e-04  5.74108e-11
3.760000000e+00  3.89946e-04  3.89946e-04  5.63861e-11
3.770000000e+00  3.86775e-04  3.86775e-04  5.51661e-11
3.780000000e+00  3.83635e-04  3.83635e-04  5.39503e-11
3.790000000e+00  3.80526e-04  3.80526e-04  5.24471e-11
3.800000000e+00  3.77448e-04  3.77448e-04  4.92120e-11
3.810000000e+00  3.74400e-04  3.74400e-04  4.49913e-11
3.820000000e+00  3.71381e-04  3.71381e-04  4.51741e-11
3.830000000e+00  3.68392e-04  3.68392e-04  4.80627e-11
3.840000000e+00  3.65432e-04  3.65432e-04  4.58731e-11
3.850000000e+00  3.62500e-04  3.62500e-04  4.45058e-11
3.860000000e+00  3.59597e-04  3.59597e-04  4.60644e-11
3.870000000e+00  3.56723e-04  3.56723e-04  4.84500e-11
3.880000000e+00  3.53876e-04  3.53876e-04  4.98120e-11
3.890000000e+00  3.51056e-04  3.51056e-04  5.02077e-11
3.900000000e+00  3.48264e-04  3.48264e-04  5.02531e-11
3.910000000e+00  3.45499e-04  3.45499e-04  4.99975e-11
3.920000000e+00  3.42760e-04  3.42760e-04  4.95552e-11
3.930000000e+00  3.40048e-04  3.40048e-04  4.89184e-11
3.940000000e+00  3.37361e-04  3.37361e-04  4.80648e-11
3.950000000e+00  3.34701e-04  3.34701e-04  4.70651e-11
3.960000000e+00  3.32066e-04  3.32066e-04  4.55131e-11
3.970000000e+00  3.29456e-04  3.29456e-04  4.39710e-11
3.980000000e+00  3.26870e-04  3.26870e-04  4.14645e-11
3.990000000e+00  3.24310e-04  3.24310e-04  3.99014e-11
4.000000000e+00  3.21774e-04  3.21774e-04  4.12726e-11
4.010000000e+00  3.19262e-04  3.19262e-04  4.17800e-11
4.020000000e+00  3.16773e-04  3.16773e-04  3.94941e-11
4.030000000e+00  3.14309e-04  3.14309e-04  3.93566e-11
4.040000000e+00  3.11867e-04  3.11867e-04  4.03226e-11
4.050000000e+00  3.09449e-04  3.09449e-04  4.15416e-11
4.060000000e+00  3.07053e-04  3.07053e-04  4.25722e-11
4.070000000e+00  3.04680e-04  3.04680e-04  4.26113e-11
4.080000000e+00  3.02329e-04  3.02329e-04  4.16281e-11
4.090000000e+00  3.00000e-04  3.00000e-04  4.03993e-11
4.100000000e+00  2.97694e-04  2.97693e-04  3.94409e-11
4.110000000e+00  2.95408e-04  2.95408e-04  3.93731e-11
4.120000000e+00  2.93144e-04  2.93144e-04  3.95799e-11
4.130000000e+00  2.90901e-04  2.90901e-04  3.93114e-11
4.140000000e+00  2.88679e-04  2.88679e-04  3.83700e-11
4.150000000e+00  2.86478e-04  2.86478e-04  3.84360e-11
4.160000000e+00  2.84297e-04  2.84297e-04  3.47547e-11
4.170000000e+00  2.82136e-04  2.82136e-04  1.75125e-11
4.180000000e+00  2.79995e-04  2.79995e-04  1.00904e-11
4.190000000e+00  2.77874e-04  2.77874e-04  6.94308e-12
4.200000000e+00  2.75773e-04  2.75773e-04  3.99917e-12
4.210000000e+00  2.73691e-04  2.73691e-04  1.49914e-12
4.220000000e+00  2.71628e-04  2.71628e-04  4.50110e-13
4.230000000e+00  2.69584e-04  2.69584e-04  2.12674e-13
4.240000000e+00  2.67559e-04  2.67559e-04  1.42457e-13
4.250000000e+00  2.65552e-04  2.65552e-04  1.27683e-13
4.260000000e+00  2.63564e-04  2.63564e-04  1.70881e-13
4.270000000e+00  2.61594e-04  2.61594e-04  1.88688e-13
4.280000000e+00  2.59642e-04  2.59642e-04  1.35905e-13
4.290000000e+00  2.57707e-04  2.57707e-04  1.39080e-13
4.300000000e+00  2.55790e-04  2.55790e-04  1.71439e-13
4.310000000e+00  2.53891e-04  2.53891e-04  2.13548e-13
4.320000000e+00  2.52009e-04  2.52009e-04  2.79681e-13
4.330000000e+00  2.50144e-04  2.50144e-04  4.48492e-13
4.340000000e+00  2.48295e-04  2.48295e-04  6.62709e-13
4.350000000e+00  2.46463e-04  2.46463e-04  8.54069e-13
4.360000000e+00  2.44648e-04  2.44648e-04  8.54060e-13
4.370000000e+00  2.42849e-04  2.42849e-04  9.18765e-13
4.380000000e+00  2.41067e-04  2.41067e-04  1.21159e-12
4.390000000e+00  2.39300e-04  2.39300e-04  1.64316e-12
4.400000000e+00  2.37549e-04  2.37549e-04  1.23861e-12
4.410000000e+00  2.35814e-04  2.35814e-04  1.24336e-12
4.420000000e+00  2.34094e-04  2.34094e-04  1.44972e-12
4.430000000e+00  2.32390e-04  2.32390e-04  1.83146e-12
4.440000000e+00  2.30700e-04  2.30700e-04  2.30214e-12
4.450000000e+00  2.29026e-04  2.29026e-04  3.03974e-12
4.460000000e+00  2.27367e-04  2.27367e-04  3.99439e-12
4.470000000e+00  2.25722e-04  2.25722e-04  4.67215e-12
4.480000000e+00  2.24092e-04  2.24092e-04  5.86611e-12
4.490000000e+00  2.22476e-04  2.22476e-04  6.87740e-12
4.500000000e+00  2.20874e-04  2.20874e-04  8.88874e-12
4.510000000e+00  2.19287e-04  2.19287e-04  1.27017e-11
4.520000000e+00  2.17714e-04  2.17714e-04  1.68029e-11
4.530000000e+00  2.16154e-04  2.16154e-04  2.11865e-11
4.540000000e+00  2.14608e-04  2.14608e-04  2.37741e-11
4.550000000e+00  2.13075e-04  2.13075e-04  2.54327e-11
4.560000000e+00  2.11556e-04  2.11556e-04  2.59019e-11
4.570000000e+00  2.10051e-04  2.10051e-04  2.63365e-11
4.580000000e+00  2.08558e-04  2.08558e-04  2.64602e-11
4.590000000e+00  2.07078e-04  2.07078e-04  2.65099e-11
4.600000000e+00  2.05611e-04  2.05611e-04  2.64866e-11
4.610000000e+00  2.04157e-04  2.04157e-04  2.63729e-11
4.620000000e+00  2.02716e-04  2.02716e-04  2.55065e-11
4.630000000e+00  2.01287e-04  2.01287e-04  2.50918e-11
4.640000000e+00  1.99870e-04  1.99870e-04  2.51800e-11
4.650000000e+00  1.98466e-04  1.98466e-04  2.51012e-11
4.660000000e+00  1.97073e-04  1.97073e-04  2.52375e-11
4.670000000e+00  1.95693e-04  1.95693e-04  2.51736e-11
4.680000000e+00  1.94324e-04  1.94324e-04  2.40409e-11
4.690000000e+00  1.92967e-04  1.92967e-04  2.33690e-11
4.700000000e+00  1.91622e-04  1.91622e-04  2.24884e-11
4.710000000e+00  1.90288e-04  1.90288e-04  1.64737e-11
4.720000000e+00  1.88966e-04  1.88966e-04  1.99266e-11
4.730000000e+00  1.87655e-04  1.87655e-04  1.77467e-11
4.740000000e+00  1.86355e-04  1.86355e-04  1.63489e-11
4.750000000e+00  1.85066e-04  1.85066e-04  1.54063e-11
4.760000000e+00  1.83788e-04  1.83788e-04  1.49036e-11
4.770000000e+00  1.82521e-04  1.82521e-04  1.52340e-11
4.780000000e+00  1.81265e-04  1.81265e-04  1.30171e-11
4.790000000e+00  1.80019e-04  1.80019e-04  1.10500e-11
4.800000000e+00  1.78783e-04  1.78783e-04  9.44948e-12
4.810000000e+00  1.77559e-04  1.77559e-04  7.23187e-12
4.820000000e+00  1.76344e-04  1.76344e-04  4.64001e-12
4.830000000e+00  1.75140e-04  1.75140e-04  5.38549e-12
4.840000000e+00  1.73945e-04  1.73945e-04  5.62547e-12
4.850000000e+00  1.72761e-04  1.72761e-04  5.53353e-12
4.860000000e+00  1.71587e-04  1.71587e-04  5.20894e-12
4.870000000e+00  1.70422e-04  1.70422e-04  5.46945e-12
4.880000000e+00  1.69267e-04  1.69267e-04  6.02816e-12
4.890000000e+00  1.68122e-04  1.68122e-04  6.52464e-12
4.900000000e+00  1.66986e-04  1.66986e-04  8.83395e-12
4.910000000e+00  1.65860e-04  1.65860e-04  1.09319e-11
4.920000000e+00  1.64743e-04  1.64743e-04  1.03648e-11
4.930000000e+00  1.63635e-04  1.63635e-04  1.46445e-11
4.940000000e+00  1.62536e-04  1.62536e-04  1.57035e-11
4.950000000e+00  1.61447e-04  1.61447e-04  1.53443e-11
4.960000000e+00  1.60366e-04  1.60366e-04  1.66741e-11
4.970000000e+00  1.59294e-04  1.59294e-04  1.80322e-11
4.980000000e+00  1.58232e-04  1.58232e-04  1.86183e-11
4.990000000e+00  1.57177e-04  1.57177e-04  1.99204e-11
5.000000000e+00  1.56132e-04  1.56132e-04  1.84699e-11
