# ------------------------------------------------------------------------
# Atmospheric radiances synthesized with PUMAS (Villanueva et al. 2016, Smith et al. 2009, Edwards 1992)
# Molecular abundance atmprofile: ExoEarth like Gatlin b - CU Boulder GCM (Eric Wolf)
# Molecules considered: N2,CO2,H2O
# Molecular sources: HIT[22],HIT[2],HIT[1]
# Molecular abundances: 1,1,1
# Molecular abundance units: scl,scl,scl
# Collission-Induced-Absorption:  N2-N2(3.71-5.00um)
# ------------------------------------------------------------------------
# Wave/freq ExoEarth-like-Gatlin-b Transit Planet
2.500000000e+00 -2.15723e-03 -2.15723e-03  1.71774e-19
2.501562500e+00 -2.15774e-03 -2.15774e-03  8.43989e-20
2.503125977e+00 -2.14264e-03 -2.14264e-03  1.22400e-17
2.504690430e+00 -2.13868e-03 -2.13868e-03  4.59098e-19
2.506255862e+00 -2.13966e-03 -2.13966e-03  2.99354e-18
2.507822272e+00 -2.10970e-03 -2.10970e-03  3.10018e-19
2.509389661e+00 -2.12280e-03 -2.12280e-03  5.83373e-19
2.510958029e+00 -2.08767e-03 -2.08767e-03  1.44835e-17
2.512527378e+00 -2.08561e-03 -2.08561e-03  2.54653e-18
2.514097708e+00 -2.08736e-03 -2.08736e-03  6.18061e-19
2.515669019e+00 -2.08643e-03 -2.08643e-03  2.83894e-18
2.517241312e+00 -2.07180e-03 -2.07180e-03  3.54897e-17
2.518814588e+00 -2.07186e-03 -2.07186e-03  0.00000e+00
2.520388847e+00 -2.07176e-03 -2.07176e-03  4.71104e-18
2.521964090e+00 -2.06413e-03 -2.06413e-03  1.49547e-18
2.523540317e+00 -2.05406e-03 -2.05406e-03  1.74046e-17
2.525117530e+00 -2.05111e-03 -2.05111e-03  2.98706e-18
2.526695728e+00 -2.03480e-03 -2.03480e-03  1.05497e-17
2.528274913e+00 -2.03899e-03 -2.03899e-03  1.00428e-18
2.529855085e+00 -2.02952e-03 -2.02952e-03  3.50528e-17
2.531436245e+00 -2.03131e-03 -2.03131e-03  4.82635e-17
2.533018392e+00 -2.01450e-03 -2.01450e-03  2.20825e-17
2.534601529e+00 -2.02137e-03 -2.02137e-03  7.79211e-18
2.536185655e+00 -2.00600e-03 -2.00600e-03  4.83331e-17
2.537770771e+00 -1.99669e-03 -1.99669e-03  2.80356e-18
2.539356877e+00 -1.98311e-03 -1.98311e-03  9.33261e-18
2.540943975e+00 -1.91811e-03 -1.91811e-03  1.33094e-17
2.542532065e+00 -1.85112e-03 -1.85112e-03  9.34882e-17
2.544121148e+00 -1.96926e-03 -1.96926e-03  2.02905e-17
2.545711224e+00 -1.96700e-03 -1.96700e-03  4.14191e-17
2.547302293e+00 -1.93567e-03 -1.93567e-03  8.85263e-17
2.548894357e+00 -1.93327e-03 -1.93327e-03  3.69405e-17
2.550487416e+00 -1.94114e-03 -1.94114e-03  5.14124e-17
2.552081471e+00 -1.88785e-03 -1.88785e-03  9.15043e-17
2.553676522e+00 -1.91854e-03 -1.91854e-03  4.05726e-17
2.555272569e+00 -1.90954e-03 -1.90954e-03  2.16879e-19
2.556869615e+00 -1.89719e-03 -1.89719e-03  2.62781e-18
2.558467658e+00 -1.90996e-03 -1.90996e-03  7.67852e-19
2.560066701e+00 -1.89109e-03 -1.89109e-03  7.09049e-17
2.561666742e+00 -1.86211e-03 -1.86211e-03  1.31765e-16
2.563267784e+00 -1.87116e-03 -1.87116e-03  1.67221e-16
2.564869826e+00 -1.87491e-03 -1.87491e-03  1.90763e-16
2.566472870e+00 -1.88652e-03 -1.88652e-03  0.00000e+00
2.568076916e+00 -1.86445e-03 -1.86445e-03  3.75681e-17
2.569681964e+00 -1.86496e-03 -1.86496e-03  1.96939e-16
2.571288015e+00 -1.85975e-03 -1.85975e-03  4.13944e-18
2.572895070e+00 -1.86623e-03 -1.86623e-03  1.59372e-16
2.574503129e+00 -1.85729e-03 -1.85729e-03  7.32745e-17
2.576112194e+00 -1.85258e-03 -1.85258e-03  6.37838e-17
2.577722264e+00 -1.84195e-03 -1.84195e-03  2.01300e-16
2.579333340e+00 -1.84376e-03 -1.84376e-03  0.00000e+00
2.580945424e+00 -1.82778e-03 -1.82778e-03  2.26665e-16
2.582558515e+00 -1.82100e-03 -1.82100e-03  2.31407e-17
2.584172614e+00 -1.80128e-03 -1.80128e-03  1.84547e-16
2.585787721e+00 -1.74392e-03 -1.74392e-03  4.65724e-17
2.587403839e+00 -1.79852e-03 -1.79852e-03  1.63162e-16
2.589020966e+00 -1.80150e-03 -1.80150e-03  1.81144e-16
2.590639104e+00 -1.79629e-03 -1.79629e-03  1.15908e-17
2.592258254e+00 -1.76892e-03 -1.76892e-03  1.75315e-16
2.593878415e+00 -1.76498e-03 -1.76498e-03  1.56297e-16
2.595499589e+00 -1.74339e-03 -1.74339e-03  5.00275e-16
2.597121776e+00 -1.74766e-03 -1.74766e-03  1.14034e-16
2.598744978e+00 -1.76849e-03 -1.76849e-03  1.79914e-17
2.600369193e+00 -1.75741e-03 -1.75741e-03  5.98386e-17
2.601994424e+00 -1.74622e-03 -1.74622e-03  1.68181e-16
2.603620670e+00 -1.75014e-03 -1.75014e-03  2.99679e-16
2.605247933e+00 -1.74235e-03 -1.74235e-03  2.08910e-16
2.606876213e+00 -1.74098e-03 -1.74098e-03  0.00000e+00
2.608505511e+00 -1.73817e-03 -1.73817e-03  1.72491e-16
2.610135827e+00 -1.73056e-03 -1.73056e-03  1.08554e-16
2.611767162e+00 -1.72195e-03 -1.72195e-03  9.56128e-17
2.613399516e+00 -1.72121e-03 -1.72121e-03  1.72796e-16
2.615032891e+00 -1.71557e-03 -1.71557e-03  1.53168e-16
2.616667286e+00 -1.70471e-03 -1.70471e-03  3.21373e-16
2.618302704e+00 -1.68449e-03 -1.68449e-03  1.74317e-16
2.619939143e+00 -1.68489e-03 -1.68489e-03  2.20917e-16
2.621576605e+00 -1.66585e-03 -1.66585e-03  4.80145e-17
2.623215090e+00 -1.62950e-03 -1.62950e-03  5.36440e-18
2.624854600e+00 -1.55182e-03 -1.55182e-03  1.05922e-17
2.626495134e+00 -1.50407e-03 -1.50407e-03  2.07974e-16
2.628136693e+00 -1.62985e-03 -1.62985e-03  1.39237e-17
2.629779279e+00 -1.64491e-03 -1.64491e-03  1.64885e-16
2.631422891e+00 -1.63881e-03 -1.63881e-03  3.57749e-16
2.633067530e+00 -1.65199e-03 -1.65199e-03  1.15568e-16
2.634713197e+00 -1.64271e-03 -1.64271e-03  1.79449e-16
2.636359893e+00 -1.64460e-03 -1.64460e-03  2.10379e-17
2.638007618e+00 -1.63492e-03 -1.63492e-03  2.11086e-17
2.639656373e+00 -1.54566e-03 -1.54566e-03  1.38309e-17
2.641306158e+00 -1.62677e-03 -1.62677e-03  1.59299e-16
2.642956974e+00 -1.60809e-03 -1.60809e-03  1.25207e-16
2.644608822e+00 -1.61810e-03 -1.61810e-03  2.88986e-17
2.646261703e+00 -1.61178e-03 -1.61178e-03  3.26408e-16
2.647915616e+00 -1.59213e-03 -1.59213e-03  7.27979e-18
2.649570564e+00 -1.60359e-03 -1.60359e-03  6.12143e-18
2.651226545e+00 -1.58926e-03 -1.58926e-03  8.77718e-17
2.652883562e+00 -1.59358e-03 -1.59358e-03  2.56085e-16
2.654541614e+00 -1.54871e-03 -1.54871e-03  3.39761e-17
2.656200702e+00 -1.57964e-03 -1.57964e-03  2.36770e-16
2.657860828e+00 -1.57682e-03 -1.57682e-03  6.84800e-17
2.659521991e+00 -1.57009e-03 -1.57009e-03  2.31661e-16
2.661184192e+00 -1.56542e-03 -1.56542e-03  1.05652e-16
2.662847432e+00 -1.54505e-03 -1.54505e-03  1.96553e-16
2.664511712e+00 -1.51928e-03 -1.51928e-03  5.68342e-16
2.666177032e+00 -1.53100e-03 -1.53100e-03  4.87067e-16
2.667843392e+00 -1.54648e-03 -1.54648e-03  4.31186e-16
2.669510795e+00 -1.54086e-03 -1.54086e-03  3.56760e-16
2.671179239e+00 -1.53614e-03 -1.53614e-03  7.66675e-16
2.672848726e+00 -1.53331e-03 -1.53331e-03  3.25330e-16
2.674519256e+00 -1.52475e-03 -1.52475e-03  2.22052e-16
2.676190831e+00 -1.51980e-03 -1.51980e-03  5.06154e-16
2.677863450e+00 -1.51853e-03 -1.51853e-03  4.64459e-16
2.679537115e+00 -1.51046e-03 -1.51046e-03  4.52582e-16
2.681211825e+00 -1.50743e-03 -1.50743e-03  1.17748e-16
2.682887583e+00 -1.50170e-03 -1.50170e-03  4.12814e-16
2.684564388e+00 -1.49848e-03 -1.49848e-03  2.56174e-16
2.686242240e+00 -1.49342e-03 -1.49342e-03  3.11500e-16
2.687921142e+00 -1.48092e-03 -1.48092e-03  3.44144e-18
2.689601092e+00 -1.48498e-03 -1.48498e-03  1.91760e-16
2.691282093e+00 -1.47695e-03 -1.47695e-03  1.02740e-16
2.692964144e+00 -1.47073e-03 -1.47073e-03  3.34096e-16
2.694647247e+00 -1.46353e-03 -1.46353e-03  3.65112e-16
2.696331402e+00 -1.45497e-03 -1.45497e-03  3.97161e-16
2.698016609e+00 -1.46021e-03 -1.46021e-03  1.37284e-16
2.699702869e+00 -1.45260e-03 -1.45260e-03  9.10703e-18
2.701390183e+00 -1.44609e-03 -1.44609e-03  4.84363e-16
2.703078552e+00 -1.44268e-03 -1.44268e-03  3.28658e-17
2.704767976e+00 -1.44159e-03 -1.44159e-03  1.07867e-16
2.706458456e+00 -1.42228e-03 -1.42228e-03  1.43803e-16
2.708149993e+00 -1.42466e-03 -1.42466e-03  3.14011e-16
2.709842587e+00 -1.42662e-03 -1.42662e-03  6.48111e-16
2.711536238e+00 -1.39925e-03 -1.39925e-03  4.92223e-16
2.713230948e+00 -1.41765e-03 -1.41765e-03  0.00000e+00
2.714926718e+00 -1.41292e-03 -1.41292e-03  1.59325e-16
2.716623547e+00 -1.40724e-03 -1.40724e-03  1.22479e-16
2.718321437e+00 -1.40322e-03 -1.40322e-03  3.75347e-16
2.720020387e+00 -1.39697e-03 -1.39697e-03  4.03542e-16
2.721720400e+00 -1.39018e-03 -1.39018e-03  7.61938e-16
2.723421475e+00 -1.39103e-03 -1.39103e-03  3.82349e-16
2.725123614e+00 -1.38388e-03 -1.38388e-03  3.80375e-16
2.726826816e+00 -1.36379e-03 -1.36379e-03  0.00000e+00
2.728531083e+00 -1.37606e-03 -1.37606e-03  3.84890e-17
2.730236415e+00 -1.36987e-03 -1.36987e-03  1.35558e-17
2.731942813e+00 -1.36727e-03 -1.36727e-03  1.36749e-16
2.733650277e+00 -1.35910e-03 -1.35910e-03  1.30200e-17
2.735358808e+00 -1.35578e-03 -1.35578e-03  3.70652e-16
2.737068408e+00 -1.35386e-03 -1.35386e-03  7.33694e-17
2.738779075e+00 -1.32238e-03 -1.32238e-03  6.08359e-16
2.740490812e+00 -1.34599e-03 -1.34599e-03  4.80752e-16
2.742203619e+00 -1.34174e-03 -1.34174e-03  8.88105e-16
2.743917496e+00 -1.33540e-03 -1.33540e-03  3.09699e-17
2.745632445e+00 -1.33319e-03 -1.33319e-03  3.02458e-16
2.747348465e+00 -1.32764e-03 -1.32764e-03  1.07263e-16
2.749065558e+00 -1.31766e-03 -1.31766e-03  2.47604e-16
2.750783724e+00 -1.31973e-03 -1.31973e-03  6.23118e-17
2.752502964e+00 -1.31617e-03 -1.31617e-03  3.16251e-16
2.754223278e+00 -1.30786e-03 -1.30786e-03  2.96470e-16
2.755944667e+00 -1.29941e-03 -1.29941e-03  1.18720e-15
2.757667133e+00 -1.29172e-03 -1.29172e-03  1.09165e-16
2.759390675e+00 -1.29212e-03 -1.29212e-03  1.47141e-16
2.761115294e+00 -1.29282e-03 -1.29282e-03  2.29812e-16
2.762840991e+00 -1.28793e-03 -1.28793e-03  5.16516e-16
2.764567767e+00 -1.28439e-03 -1.28439e-03  5.73788e-16
2.766295621e+00 -1.27584e-03 -1.27584e-03  9.07927e-16
2.768024556e+00 -1.27416e-03 -1.27416e-03  6.93009e-16
2.769754572e+00 -1.27138e-03 -1.27138e-03  0.00000e+00
2.771485668e+00 -1.26610e-03 -1.26610e-03  6.91647e-16
2.773217847e+00 -1.25358e-03 -1.25358e-03  3.81951e-16
2.774951108e+00 -1.25671e-03 -1.25671e-03  2.25377e-16
2.776685452e+00 -1.25085e-03 -1.25085e-03  4.84128e-16
2.778420881e+00 -1.24950e-03 -1.24950e-03  7.25234e-16
2.780157394e+00 -1.24766e-03 -1.24766e-03  1.49420e-16
2.781894992e+00 -1.23419e-03 -1.23419e-03  3.28005e-16
2.783633677e+00 -1.23711e-03 -1.23711e-03  2.88533e-16
2.785373448e+00 -1.23359e-03 -1.23359e-03  1.05643e-16
2.787114306e+00 -1.23057e-03 -1.23057e-03  1.31449e-15
2.788856252e+00 -1.22629e-03 -1.22629e-03  2.04371e-16
2.790599288e+00 -1.22197e-03 -1.22197e-03  3.84112e-16
2.792343412e+00 -1.21718e-03 -1.21718e-03  1.10218e-16
2.794088627e+00 -1.21417e-03 -1.21417e-03  2.37156e-16
2.795834932e+00 -1.21116e-03 -1.21116e-03  3.71510e-16
2.797582329e+00 -1.20763e-03 -1.20763e-03  4.55766e-16
2.799330818e+00 -1.20111e-03 -1.20111e-03  0.00000e+00
2.801080400e+00 -1.19551e-03 -1.19551e-03  2.11269e-16
2.802831075e+00 -1.19454e-03 -1.19454e-03  1.25165e-15
2.804582844e+00 -1.19091e-03 -1.19091e-03  5.64801e-16
2.806335709e+00 -1.18366e-03 -1.18366e-03  5.66545e-16
2.808089668e+00 -1.18374e-03 -1.18374e-03  2.85245e-16
2.809844725e+00 -1.17797e-03 -1.17797e-03  0.00000e+00
2.811600877e+00 -1.17239e-03 -1.17239e-03  2.59246e-16
2.813358128e+00 -1.17055e-03 -1.17055e-03  8.79026e-17
2.815116477e+00 -1.16733e-03 -1.16733e-03  4.91763e-16
2.816875925e+00 -1.16390e-03 -1.16390e-03  1.06936e-16
2.818636472e+00 -1.15962e-03 -1.15962e-03  5.46877e-16
2.820398120e+00 -1.15454e-03 -1.15454e-03  3.20922e-16
2.822160869e+00 -1.15243e-03 -1.15243e-03  6.05976e-16
2.823924719e+00 -1.14747e-03 -1.14747e-03  0.00000e+00
2.825689672e+00 -1.14337e-03 -1.14337e-03  5.08619e-17
2.827455728e+00 -1.14108e-03 -1.14108e-03  2.19147e-16
2.829222888e+00 -1.13681e-03 -1.13681e-03  2.97296e-18
2.830991152e+00 -1.13445e-03 -1.13445e-03  3.06256e-17
2.832760522e+00 -1.12853e-03 -1.12853e-03  4.94033e-16
2.834530997e+00 -1.12736e-03 -1.12736e-03  6.02000e-16
2.836302579e+00 -1.12339e-03 -1.12339e-03  8.04394e-17
2.838075268e+00 -1.11948e-03 -1.11948e-03  5.45091e-16
2.839849065e+00 -1.10116e-03 -1.10116e-03  3.57750e-17
2.841623971e+00 -1.11111e-03 -1.11111e-03  1.83703e-16
2.843399986e+00 -1.10718e-03 -1.10718e-03  8.57662e-18
2.845177111e+00 -1.10145e-03 -1.10145e-03  1.25535e-17
2.846955347e+00 -1.10015e-03 -1.10015e-03  2.38965e-16
2.848734694e+00 -1.09753e-03 -1.09753e-03  3.31908e-16
2.850515153e+00 -1.09031e-03 -1.09031e-03  1.17257e-16
2.852296725e+00 -1.08802e-03 -1.08802e-03  5.29577e-17
2.854079410e+00 -1.08086e-03 -1.08086e-03  8.17529e-16
2.855863210e+00 -1.08198e-03 -1.08198e-03  1.40122e-17
2.857648124e+00 -1.07922e-03 -1.07922e-03  1.82794e-17
2.859434154e+00 -1.06923e-03 -1.06923e-03  2.28394e-16
2.861221301e+00 -1.07129e-03 -1.07129e-03  1.27764e-16
2.863009564e+00 -1.06588e-03 -1.06588e-03  9.63780e-18
2.864798945e+00 -1.06551e-03 -1.06551e-03  1.20176e-17
2.866589444e+00 -1.06056e-03 -1.06056e-03  2.74128e-16
2.868381063e+00 -1.05513e-03 -1.05513e-03  5.70993e-17
2.870173801e+00 -1.04250e-03 -1.04250e-03  2.38208e-17
2.871967660e+00 -1.03515e-03 -1.03515e-03  4.57750e-16
2.873762639e+00 -1.03716e-03 -1.03716e-03  5.57012e-17
2.875558741e+00 -1.03581e-03 -1.03581e-03  3.05559e-18
2.877355965e+00 -1.03915e-03 -1.03915e-03  2.46664e-16
2.879154313e+00 -1.03732e-03 -1.03732e-03  3.34096e-17
2.880953784e+00 -1.03412e-03 -1.03412e-03  2.36478e-17
2.882754380e+00 -1.02673e-03 -1.02673e-03  1.94056e-17
2.884556102e+00 -1.02204e-03 -1.02204e-03  1.22446e-16
2.886358949e+00 -1.02280e-03 -1.02280e-03  7.78687e-19
2.888162924e+00 -1.00979e-03 -1.00979e-03  3.95403e-16
2.889968026e+00 -1.01731e-03 -1.01731e-03  4.97372e-17
2.891774256e+00 -1.01336e-03 -1.01336e-03  2.17603e-17
2.893581614e+00 -1.00892e-03 -1.00892e-03  3.97383e-17
2.895390103e+00 -1.00607e-03 -1.00607e-03  0.00000e+00
2.897199722e+00 -1.00308e-03 -1.00308e-03  2.79825e-19
2.899010472e+00 -1.00008e-03 -1.00008e-03  7.88765e-19
2.900822353e+00 -9.95792e-04 -9.95792e-04  6.78175e-16
2.902635367e+00 -9.92022e-04 -9.92022e-04  1.05521e-16
2.904449514e+00 -9.87018e-04 -9.87018e-04  3.27396e-16
2.906264795e+00 -9.82168e-04 -9.82168e-04  4.19291e-17
2.908081211e+00 -9.83603e-04 -9.83603e-04  1.72415e-17
2.909898761e+00 -9.80749e-04 -9.80749e-04  3.15142e-18
2.911717448e+00 -9.76278e-04 -9.76278e-04  1.22247e-18
2.913537272e+00 -9.73091e-04 -9.73091e-04  3.13334e-17
2.915358232e+00 -9.63512e-04 -9.63512e-04  1.23410e-16
2.917180331e+00 -9.68076e-04 -9.68076e-04  8.01083e-17
2.919003569e+00 -9.64372e-04 -9.64372e-04  6.59052e-18
2.920827946e+00 -9.61858e-04 -9.61858e-04  1.26294e-17
2.922653464e+00 -9.57068e-04 -9.57068e-04  2.81234e-16
2.924480122e+00 -9.54193e-04 -9.54193e-04  3.61820e-16
2.926307922e+00 -9.50572e-04 -9.50572e-04  3.05815e-17
2.928136865e+00 -9.38865e-04 -9.38865e-04  0.00000e+00
2.929966950e+00 -9.45394e-04 -9.45394e-04  1.96835e-17
2.931798180e+00 -9.42605e-04 -9.42605e-04  2.33504e-18
2.933630553e+00 -9.37202e-04 -9.37202e-04  4.12046e-17
2.935464072e+00 -9.32847e-04 -9.32847e-04  5.57838e-18
2.937298738e+00 -9.32365e-04 -9.32365e-04  1.11773e-16
2.939134549e+00 -9.22765e-04 -9.22765e-04  7.42663e-17
2.940971508e+00 -9.26515e-04 -9.26515e-04  0.00000e+00
2.942809616e+00 -9.20902e-04 -9.20902e-04  1.52266e-17
2.944648872e+00 -9.20549e-04 -9.20549e-04  1.59659e-16
2.946489277e+00 -9.16196e-04 -9.16196e-04  2.23537e-16
2.948330833e+00 -9.14886e-04 -9.14886e-04  1.97126e-16
2.950173540e+00 -9.10639e-04 -9.10639e-04  1.08688e-17
2.952017398e+00 -9.08899e-04 -9.08899e-04  1.16580e-18
2.953862409e+00 -9.05974e-04 -9.05974e-04  3.07728e-16
2.955708573e+00 -9.01749e-04 -9.01749e-04  1.47519e-16
2.957555891e+00 -8.99746e-04 -8.99746e-04  0.00000e+00
2.959404363e+00 -8.96470e-04 -8.96470e-04  7.19460e-18
2.961253991e+00 -8.93227e-04 -8.93227e-04  1.24677e-17
2.963104775e+00 -8.90269e-04 -8.90269e-04  2.54407e-17
2.964956715e+00 -8.85038e-04 -8.85038e-04  1.37713e-18
2.966809813e+00 -8.84268e-04 -8.84268e-04  2.18460e-17
2.968664069e+00 -8.80533e-04 -8.80533e-04  1.03513e-16
2.970519484e+00 -8.73021e-04 -8.73021e-04  5.75383e-16
2.972376059e+00 -8.74395e-04 -8.74395e-04  3.00458e-16
2.974233794e+00 -8.73552e-04 -8.73552e-04  9.13783e-17
2.976092690e+00 -8.68274e-04 -8.68274e-04  8.63766e-17
2.977952748e+00 -8.67417e-04 -8.67417e-04  6.24061e-17
2.979813969e+00 -8.63622e-04 -8.63622e-04  8.33963e-17
2.981676352e+00 -8.61669e-04 -8.61669e-04  1.01594e-16
2.983539900e+00 -8.58729e-04 -8.58729e-04  2.22504e-17
2.985404612e+00 -8.56427e-04 -8.56427e-04  3.60492e-18
2.987270490e+00 -8.50209e-04 -8.50209e-04  3.99553e-18
2.989137534e+00 -8.49233e-04 -8.49233e-04  5.93657e-18
2.991005745e+00 -8.46728e-04 -8.46728e-04  1.00891e-17
2.992875124e+00 -8.44408e-04 -8.44408e-04  1.79094e-17
2.994745671e+00 -8.41414e-04 -8.41414e-04  9.77922e-18
2.996617387e+00 -8.34599e-04 -8.34599e-04  2.39417e-16
2.998490273e+00 -8.36301e-04 -8.36301e-04  5.30057e-17
3.000364329e+00 -8.25918e-04 -8.25918e-04  0.00000e+00
3.002239557e+00 -8.30479e-04 -8.30479e-04  1.46470e-19
3.004115957e+00 -8.28178e-04 -8.28178e-04  2.50160e-17
3.005993529e+00 -8.25377e-04 -8.25377e-04  1.06411e-16
3.007872275e+00 -8.21508e-04 -8.21508e-04  6.73020e-17
3.009752195e+00 -8.18524e-04 -8.18524e-04  1.17078e-16
3.011633290e+00 -8.16842e-04 -8.16842e-04  3.22872e-18
3.013515561e+00 -8.14012e-04 -8.14012e-04  2.08837e-17
3.015399008e+00 -8.08977e-04 -8.08977e-04  7.70655e-18
3.017283633e+00 -8.08185e-04 -8.08185e-04  1.32659e-19
3.019169435e+00 -8.05395e-04 -8.05395e-04  4.49688e-16
3.021056416e+00 -8.00753e-04 -8.00753e-04  1.82864e-16
3.022944576e+00 -8.00502e-04 -8.00502e-04  5.18305e-16
3.024833917e+00 -7.94903e-04 -7.94903e-04  3.24070e-17
3.026724438e+00 -7.93110e-04 -7.93110e-04  5.60376e-17
3.028616141e+00 -7.92377e-04 -7.92377e-04  0.00000e+00
3.030509026e+00 -7.90236e-04 -7.90236e-04  1.47606e-17
3.032403094e+00 -7.87393e-04 -7.87393e-04  2.88327e-16
3.034298346e+00 -7.84310e-04 -7.84310e-04  4.33914e-17
3.036194782e+00 -7.80220e-04 -7.80220e-04  5.29430e-16
3.038092404e+00 -7.72361e-04 -7.72361e-04  3.11772e-16
3.039991212e+00 -7.63734e-04 -7.63734e-04  3.88319e-16
3.041891206e+00 -7.71078e-04 -7.71078e-04  7.15274e-18
3.043792388e+00 -7.71393e-04 -7.71393e-04  4.16759e-18
3.045694758e+00 -7.66759e-04 -7.66759e-04  1.31757e-16
3.047598318e+00 -7.66211e-04 -7.66211e-04  0.00000e+00
3.049503067e+00 -7.63417e-04 -7.63417e-04  3.14778e-16
3.051409006e+00 -7.61047e-04 -7.61047e-04  6.70825e-16
3.053316137e+00 -7.59021e-04 -7.59021e-04  8.13420e-17
3.055224459e+00 -7.54609e-04 -7.54609e-04  1.11569e-15
3.057133975e+00 -7.53923e-04 -7.53923e-04  1.59302e-16
3.059044683e+00 -7.50996e-04 -7.50996e-04  0.00000e+00
3.060956586e+00 -7.49184e-04 -7.49184e-04  4.54511e-17
3.062869684e+00 -7.46355e-04 -7.46355e-04  2.56443e-16
3.064783978e+00 -7.39841e-04 -7.39841e-04  3.59299e-17
3.066699468e+00 -7.41476e-04 -7.41476e-04  3.36056e-16
3.068616155e+00 -7.38180e-04 -7.38180e-04  4.14314e-17
3.070534040e+00 -7.34922e-04 -7.34922e-04  4.17819e-16
3.072453124e+00 -7.33952e-04 -7.33952e-04  7.98973e-16
3.074373407e+00 -7.30938e-04 -7.30938e-04  0.00000e+00
3.076294890e+00 -7.28739e-04 -7.28739e-04  1.45394e-18
3.078217575e+00 -7.26769e-04 -7.26769e-04  2.85595e-18
3.080141461e+00 -7.21622e-04 -7.21622e-04  6.38297e-18
3.082066549e+00 -7.20418e-04 -7.20418e-04  1.05803e-15
3.083992841e+00 -7.18208e-04 -7.18208e-04  1.44768e-16
3.085920336e+00 -7.10945e-04 -7.10945e-04  2.91579e-16
3.087849036e+00 -7.14042e-04 -7.14042e-04  1.73935e-17
3.089778942e+00 -7.11210e-04 -7.11210e-04  7.15382e-16
3.091710054e+00 -7.07004e-04 -7.07004e-04  0.00000e+00
3.093642373e+00 -7.07562e-04 -7.07562e-04  6.85008e-16
3.095575899e+00 -7.05164e-04 -7.05164e-04  6.69774e-16
3.097510634e+00 -7.00464e-04 -7.00464e-04  2.98995e-16
3.099446578e+00 -6.99440e-04 -6.99440e-04  3.90887e-17
3.101383732e+00 -6.98014e-04 -6.98014e-04  2.73626e-18
3.103322097e+00 -6.95662e-04 -6.95662e-04  3.73049e-16
3.105261673e+00 -6.92511e-04 -6.92511e-04  3.12530e-16
3.107202462e+00 -6.88623e-04 -6.88623e-04  9.73056e-16
3.109144463e+00 -6.88654e-04 -6.88654e-04  2.14692e-16
3.111087679e+00 -6.86743e-04 -6.86743e-04  1.53864e-15
3.113032109e+00 -6.82385e-04 -6.82385e-04  0.00000e+00
3.114977754e+00 -6.56276e-04 -6.56276e-04  1.06182e-15
3.116924615e+00 -6.75644e-04 -6.75644e-04  8.44613e-17
3.118872693e+00 -6.76803e-04 -6.76803e-04  4.91223e-18
3.120821988e+00 -6.74551e-04 -6.74551e-04  1.21838e-18
3.122772502e+00 -6.72568e-04 -6.72568e-04  1.09933e-18
3.124724235e+00 -6.70091e-04 -6.70091e-04  3.26684e-16
3.126677187e+00 -6.60742e-04 -6.60742e-04  1.33777e-15
3.128631360e+00 -6.63797e-04 -6.63797e-04  5.28956e-16
3.130586755e+00 -6.61733e-04 -6.61733e-04  5.12454e-17
3.132543372e+00 -6.61060e-04 -6.61060e-04  1.41728e-18
3.134501211e+00 -6.58433e-04 -6.58433e-04  1.31614e-18
3.136460275e+00 -6.56026e-04 -6.56026e-04  1.15073e-18
3.138420562e+00 -6.54193e-04 -6.54193e-04  2.25800e-19
3.140382075e+00 -6.52956e-04 -6.52956e-04  1.45193e-15
3.142344814e+00 -6.49297e-04 -6.49297e-04  0.00000e+00
3.144308779e+00 -6.48547e-04 -6.48547e-04  1.73557e-17
3.146273972e+00 -6.45003e-04 -6.45003e-04  1.51077e-15
3.148240394e+00 -6.43448e-04 -6.43448e-04  1.19581e-16
3.150208044e+00 -6.41097e-04 -6.41097e-04  5.03963e-17
3.152176924e+00 -6.19619e-04 -6.19619e-04  9.47162e-18
3.154147035e+00 -6.37591e-04 -6.37591e-04  4.22499e-17
3.156118376e+00 -6.35094e-04 -6.35094e-04  2.48971e-16
3.158090950e+00 -6.31294e-04 -6.31294e-04  0.00000e+00
3.160064757e+00 -6.30577e-04 -6.30577e-04  3.70232e-17
3.162039798e+00 -6.28294e-04 -6.28294e-04  3.83906e-18
3.164016073e+00 -6.26181e-04 -6.26181e-04  1.90360e-19
3.165993583e+00 -6.24214e-04 -6.24214e-04  1.16466e-19
3.167972329e+00 -6.22805e-04 -6.22805e-04  2.56946e-19
3.169952311e+00 -6.17050e-04 -6.17050e-04  5.19414e-18
3.171933532e+00 -6.17968e-04 -6.17968e-04  7.22120e-18
3.173915990e+00 -6.15074e-04 -6.15074e-04  8.84653e-17
3.175899687e+00 -6.14590e-04 -6.14590e-04  0.00000e+00
3.177884625e+00 -6.11933e-04 -6.11933e-04  2.89211e-19
3.179870803e+00 -6.09653e-04 -6.09653e-04  7.18170e-20
3.181858222e+00 -6.04811e-04 -6.04811e-04  3.12382e-16
3.183846883e+00 -6.05935e-04 -6.05935e-04  0.00000e+00
3.185836788e+00 -6.04234e-04 -6.04234e-04  7.44560e-19
3.187827936e+00 -6.00486e-04 -6.00486e-04  1.60071e-18
3.189820328e+00 -6.00010e-04 -6.00010e-04  1.74539e-18
3.191813966e+00 -5.97487e-04 -5.97487e-04  1.55072e-15
3.193808850e+00 -5.96106e-04 -5.96106e-04  1.56930e-16
3.195804980e+00 -5.94152e-04 -5.94152e-04  1.01153e-17
3.197802358e+00 -5.92024e-04 -5.92024e-04  1.16461e-15
3.199800985e+00 -5.89861e-04 -5.89861e-04  6.29171e-16
3.201800860e+00 -5.84364e-04 -5.84364e-04  2.13981e-15
3.203801986e+00 -5.84035e-04 -5.84035e-04  0.00000e+00
3.205804362e+00 -5.82202e-04 -5.82202e-04  1.49154e-15
3.207807990e+00 -5.82223e-04 -5.82223e-04  2.92969e-16
3.209812870e+00 -5.79900e-04 -5.79900e-04  2.53526e-15
3.211819003e+00 -5.78317e-04 -5.78317e-04  2.21888e-16
3.213826390e+00 -5.74645e-04 -5.74645e-04  5.67854e-16
3.215835031e+00 -5.73862e-04 -5.73862e-04  3.07708e-16
3.217844928e+00 -5.66301e-04 -5.66301e-04  6.95466e-16
3.219856081e+00 -5.70602e-04 -5.70602e-04  0.00000e+00
3.221868491e+00 -5.68761e-04 -5.68761e-04  7.30242e-18
3.223882159e+00 -5.64368e-04 -5.64368e-04  2.71686e-15
3.225897085e+00 -5.64778e-04 -5.64778e-04  1.28049e-15
3.227913271e+00 -5.61929e-04 -5.61929e-04  1.82036e-16
3.229930717e+00 -5.60251e-04 -5.60251e-04  2.30131e-15
3.231949424e+00 -5.58529e-04 -5.58529e-04  6.40320e-16
3.233969392e+00 -5.56089e-04 -5.56089e-04  0.00000e+00
3.235990623e+00 -5.55128e-04 -5.55128e-04  6.46906e-18
3.238013117e+00 -5.52846e-04 -5.52846e-04  9.77603e-18
3.240036875e+00 -5.50972e-04 -5.50972e-04  1.34987e-16
3.242061898e+00 -5.44580e-04 -5.44580e-04  2.30899e-17
3.244088187e+00 -5.47717e-04 -5.47717e-04  5.08280e-16
3.246115742e+00 -5.45855e-04 -5.45855e-04  2.13636e-15
3.248144564e+00 -5.44352e-04 -5.44352e-04  1.67309e-15
3.250174655e+00 -5.42487e-04 -5.42487e-04  0.00000e+00
3.252206014e+00 -5.40442e-04 -5.40442e-04  0.00000e+00
3.254238643e+00 -5.37807e-04 -5.37807e-04  9.11665e-19
3.256272542e+00 -5.36256e-04 -5.36256e-04  3.92381e-19
3.258307712e+00 -5.35220e-04 -5.35220e-04  3.41303e-18
3.260344154e+00 -5.33331e-04 -5.33331e-04  2.31663e-15
3.262381869e+00 -5.31226e-04 -5.31226e-04  2.45350e-15
3.264420858e+00 -5.29733e-04 -5.29733e-04  2.85539e-18
3.266461121e+00 -5.27528e-04 -5.27528e-04  7.14793e-18
3.268502659e+00 -5.25922e-04 -5.25922e-04  9.90869e-16
3.270545474e+00 -5.24429e-04 -5.24429e-04  0.00000e+00
3.272589564e+00 -5.22866e-04 -5.22866e-04  1.56443e-15
3.274634933e+00 -5.20759e-04 -5.20759e-04  1.71278e-16
3.276681580e+00 -5.15981e-04 -5.15981e-04  8.84038e-18
3.278729506e+00 -5.17008e-04 -5.17008e-04  7.95512e-16
3.280778712e+00 -5.14844e-04 -5.14844e-04  1.05255e-15
3.282829198e+00 -5.11532e-04 -5.11532e-04  0.00000e+00
3.284880967e+00 -5.09835e-04 -5.09835e-04  6.09030e-18
3.286934017e+00 -5.09541e-04 -5.09541e-04  9.64822e-19
3.288988351e+00 -5.08430e-04 -5.08430e-04  7.23036e-20
3.291043969e+00 -5.05419e-04 -5.05419e-04  1.81152e-18
3.293100871e+00 -5.00295e-04 -5.00295e-04  4.78693e-16
3.295159059e+00 -4.96940e-04 -4.96940e-04  1.55134e-15
3.297218534e+00 -4.88911e-04 -4.88911e-04  9.55304e-16
3.299279295e+00 -4.95791e-04 -4.95791e-04  3.36062e-15
3.301341345e+00 -4.96531e-04 -4.96531e-04  0.00000e+00
3.303404683e+00 -4.94377e-04 -4.94377e-04  0.00000e+00
3.305469311e+00 -4.92901e-04 -4.92901e-04  9.94466e-16
3.307535229e+00 -4.93163e-04 -4.93163e-04  4.36227e-16
3.309602439e+00 -4.89656e-04 -4.89656e-04  3.47929e-17
3.311670940e+00 -4.89866e-04 -4.89866e-04  1.04706e-17
3.313740735e+00 -4.87593e-04 -4.87593e-04  1.63558e-19
3.315811823e+00 -4.81360e-04 -4.81360e-04  7.25135e-16
3.317884205e+00 -4.73053e-04 -4.73053e-04  2.30916e-16
3.319957883e+00 -4.51936e-04 -4.51936e-04  1.94324e-15
3.322032856e+00 -4.80626e-04 -4.80626e-04  9.90631e-16
3.324109127e+00 -4.78974e-04 -4.78974e-04  1.11938e-16
3.326186695e+00 -4.77677e-04 -4.77677e-04  5.14972e-17
3.328265562e+00 -4.74681e-04 -4.74681e-04  7.60207e-16
3.330345728e+00 -4.74423e-04 -4.74423e-04  8.79287e-17
3.332427194e+00 -4.73566e-04 -4.73566e-04  1.76956e-18
3.334509961e+00 -4.71414e-04 -4.71414e-04  4.41308e-18
3.336594030e+00 -4.69960e-04 -4.69960e-04  1.97751e-19
3.338679401e+00 -4.67386e-04 -4.67386e-04  3.45988e-16
3.340766076e+00 -4.64458e-04 -4.64458e-04  1.54134e-16
3.342854054e+00 -4.65277e-04 -4.65277e-04  2.09478e-16
3.344943338e+00 -4.63759e-04 -4.63759e-04  1.72030e-16
3.347033928e+00 -4.61992e-04 -4.61992e-04  4.48486e-16
3.349125824e+00 -4.60540e-04 -4.60540e-04  0.00000e+00
3.351219028e+00 -4.59349e-04 -4.59349e-04  2.39142e-16
3.353313539e+00 -4.52937e-04 -4.52937e-04  0.00000e+00
3.355409360e+00 -4.55353e-04 -4.55353e-04  1.21871e-16
3.357506491e+00 -4.55237e-04 -4.55237e-04  2.54908e-16
3.359604933e+00 -4.53510e-04 -4.53510e-04  2.66894e-17
3.361704686e+00 -4.52230e-04 -4.52230e-04  1.68358e-16
3.363805751e+00 -4.49586e-04 -4.49586e-04  5.53012e-16
3.365908130e+00 -4.47811e-04 -4.47811e-04  0.00000e+00
3.368011822e+00 -4.46813e-04 -4.46813e-04  9.58901e-18
3.370116830e+00 -4.39557e-04 -4.39557e-04  3.81326e-17
3.372223153e+00 -4.41975e-04 -4.41975e-04  1.46877e-16
3.374330792e+00 -4.39736e-04 -4.39736e-04  1.89498e-17
3.376439749e+00 -4.40836e-04 -4.40836e-04  8.73664e-17
3.378550024e+00 -4.36999e-04 -4.36999e-04  5.64020e-18
3.380661618e+00 -4.37386e-04 -4.37386e-04  3.34845e-18
3.382774531e+00 -4.33305e-04 -4.33305e-04  5.53460e-17
3.384888765e+00 -4.34942e-04 -4.34942e-04  5.92369e-17
3.387004321e+00 -4.33059e-04 -4.33059e-04  0.00000e+00
3.389121198e+00 -4.31702e-04 -4.31702e-04  6.63906e-19
3.391239399e+00 -4.28211e-04 -4.28211e-04  1.22778e-18
3.393358924e+00 -4.28519e-04 -4.28519e-04  2.14189e-17
3.395479773e+00 -4.26976e-04 -4.26976e-04  4.65354e-18
3.397601948e+00 -4.10126e-04 -4.10126e-04  3.40735e-19
3.399725449e+00 -4.23721e-04 -4.23721e-04  2.07674e-19
3.401850278e+00 -4.12256e-04 -4.12256e-04  1.26180e-18
3.403976434e+00 -4.21947e-04 -4.21947e-04  5.26167e-19
3.406103919e+00 -4.19957e-04 -4.19957e-04  2.04260e-16
3.408232734e+00 -4.15806e-04 -4.15806e-04  9.57686e-17
3.410362880e+00 -4.17069e-04 -4.17069e-04  9.57076e-18
3.412494357e+00 -4.15910e-04 -4.15910e-04  2.01871e-17
3.414627166e+00 -4.10957e-04 -4.10957e-04  1.12242e-18
3.416761308e+00 -4.05566e-04 -4.05566e-04  1.80365e-19
3.418896783e+00 -4.11400e-04 -4.11400e-04  9.84882e-19
3.421033594e+00 -4.10735e-04 -4.10735e-04  1.06456e-18
3.423171740e+00 -4.09349e-04 -4.09349e-04  2.76052e-18
3.425311222e+00 -4.06780e-04 -4.06780e-04  2.14471e-18
3.427452042e+00 -4.03954e-04 -4.03954e-04  1.28831e-18
3.429594199e+00 -4.05178e-04 -4.05178e-04  5.57475e-19
3.431737696e+00 -4.03499e-04 -4.03499e-04  1.29767e-18
3.433882532e+00 -4.02498e-04 -4.02498e-04  7.15032e-18
3.436028708e+00 -4.00827e-04 -4.00827e-04  2.01857e-19
3.438176226e+00 -3.98504e-04 -3.98504e-04  1.39857e-18
3.440325086e+00 -3.97100e-04 -3.97100e-04  1.77707e-17
3.442475289e+00 -3.95833e-04 -3.95833e-04  4.39056e-18
3.444626837e+00 -3.95489e-04 -3.95489e-04  5.88537e-18
3.446779728e+00 -3.94561e-04 -3.94561e-04  8.72451e-18
3.448933966e+00 -3.92027e-04 -3.92027e-04  3.35400e-18
3.451089549e+00 -3.91578e-04 -3.91578e-04  7.11720e-19
3.453246480e+00 -3.89993e-04 -3.89993e-04  1.32098e-18
3.455404759e+00 -3.88698e-04 -3.88698e-04  5.25873e-17
3.457564387e+00 -3.85743e-04 -3.85743e-04  0.00000e+00
3.459725365e+00 -3.85355e-04 -3.85355e-04  1.01335e-17
3.461887693e+00 -3.83535e-04 -3.83535e-04  1.54156e-18
3.464051373e+00 -3.83745e-04 -3.83745e-04  2.96687e-19
3.466216405e+00 -3.80463e-04 -3.80463e-04  2.42372e-18
3.468382791e+00 -3.80431e-04 -3.80431e-04  3.49055e-18
3.470550530e+00 -3.79950e-04 -3.79950e-04  2.15860e-18
3.472719624e+00 -3.76528e-04 -3.76528e-04  3.32169e-17
3.474890074e+00 -3.77409e-04 -3.77409e-04  3.14192e-19
3.477061880e+00 -3.75791e-04 -3.75791e-04  4.11945e-18
3.479235044e+00 -3.74638e-04 -3.74638e-04  1.45338e-18
3.481409566e+00 -3.71837e-04 -3.71837e-04  5.06547e-18
3.483585447e+00 -3.71959e-04 -3.71959e-04  1.23613e-17
3.485762687e+00 -3.69787e-04 -3.69787e-04  1.54648e-18
3.487941289e+00 -3.68980e-04 -3.68980e-04  1.46697e-17
3.490121252e+00 -3.68014e-04 -3.68014e-04  4.05579e-18
3.492302578e+00 -3.64741e-04 -3.64741e-04  5.06469e-18
3.494485267e+00 -3.64448e-04 -3.64448e-04  8.42580e-18
3.496669321e+00 -3.64359e-04 -3.64359e-04  1.92922e-18
3.498854739e+00 -3.61750e-04 -3.61750e-04  5.68625e-18
3.501041523e+00 -3.59266e-04 -3.59266e-04  1.25693e-17
3.503229674e+00 -3.58252e-04 -3.58252e-04  2.03810e-17
3.505419193e+00 -3.59418e-04 -3.59418e-04  0.00000e+00
3.507610080e+00 -3.58103e-04 -3.58103e-04  1.48651e-17
3.509802336e+00 -3.55526e-04 -3.55526e-04  4.87332e-18
3.511995962e+00 -3.53828e-04 -3.53828e-04  7.88944e-18
3.514190960e+00 -3.53414e-04 -3.53414e-04  1.96800e-17
3.516387329e+00 -3.52096e-04 -3.52096e-04  7.45732e-18
3.518585071e+00 -3.51006e-04 -3.51006e-04  2.73403e-17
3.520784187e+00 -3.50174e-04 -3.50174e-04  1.09156e-17
3.522984677e+00 -3.46125e-04 -3.46125e-04  2.62602e-17
3.525186543e+00 -3.48426e-04 -3.48426e-04  5.93641e-19
3.527389784e+00 -3.45988e-04 -3.45988e-04  2.11469e-17
3.529594403e+00 -3.45365e-04 -3.45365e-04  1.27536e-17
3.531800399e+00 -3.43957e-04 -3.43957e-04  1.47701e-17
3.534007775e+00 -3.42601e-04 -3.42601e-04  2.15809e-17
3.536216529e+00 -3.41670e-04 -3.41670e-04  5.39948e-17
3.538426665e+00 -3.38436e-04 -3.38436e-04  0.00000e+00
3.540638181e+00 -3.38175e-04 -3.38175e-04  5.86486e-17
3.542851080e+00 -3.37292e-04 -3.37292e-04  1.01387e-17
3.545065362e+00 -3.36869e-04 -3.36869e-04  3.23863e-17
3.547281028e+00 -3.37001e-04 -3.37001e-04  1.10442e-17
3.549498079e+00 -3.34947e-04 -3.34947e-04  2.79214e-17
3.551716515e+00 -3.34554e-04 -3.34554e-04  4.88249e-17
3.553936338e+00 -3.33623e-04 -3.33623e-04  6.29047e-17
3.556157548e+00 -3.31507e-04 -3.31507e-04  5.84375e-17
3.558380146e+00 -3.30089e-04 -3.30089e-04  8.76209e-18
3.560604134e+00 -3.28553e-04 -3.28553e-04  4.21773e-17
3.562829512e+00 -3.29013e-04 -3.29013e-04  1.05553e-18
3.565056280e+00 -3.27916e-04 -3.27916e-04  3.87934e-18
3.567284440e+00 -3.26947e-04 -3.26947e-04  6.08425e-17
3.569513993e+00 -3.24927e-04 -3.24927e-04  1.77809e-16
3.571744939e+00 -3.23856e-04 -3.23856e-04  2.50905e-17
3.573977280e+00 -3.22791e-04 -3.22791e-04  5.82745e-17
3.576211016e+00 -3.21868e-04 -3.21868e-04  7.21910e-17
3.578446148e+00 -3.18804e-04 -3.18804e-04  0.00000e+00
3.580682676e+00 -3.19524e-04 -3.19524e-04  1.58517e-19
3.582920603e+00 -3.16877e-04 -3.16877e-04  6.91155e-17
3.585159928e+00 -3.18006e-04 -3.18006e-04  9.97916e-17
3.587400653e+00 -3.16599e-04 -3.16599e-04  9.73958e-17
3.589642779e+00 -3.15073e-04 -3.15073e-04  7.21342e-17
3.591886306e+00 -3.13897e-04 -3.13897e-04  3.38813e-17
3.594131234e+00 -3.13634e-04 -3.13634e-04  8.49992e-17
3.596377566e+00 -3.11489e-04 -3.11489e-04  1.23753e-16
3.598625302e+00 -3.11670e-04 -3.11670e-04  0.00000e+00
3.600874443e+00 -3.10361e-04 -3.10361e-04  9.47836e-17
3.603124990e+00 -3.09377e-04 -3.09377e-04  1.01013e-17
3.605376943e+00 -3.07536e-04 -3.07536e-04  1.33658e-18
3.607630304e+00 -3.07205e-04 -3.07205e-04  1.11433e-16
3.609885072e+00 -3.06369e-04 -3.06369e-04  5.93791e-17
3.612141251e+00 -3.05322e-04 -3.05322e-04  5.69028e-17
3.614398839e+00 -3.03875e-04 -3.03875e-04  1.51884e-16
3.616657838e+00 -3.03212e-04 -3.03212e-04  1.26214e-16
3.618918249e+00 -3.02095e-04 -3.02095e-04  5.41381e-18
3.621180073e+00 -3.01180e-04 -3.01180e-04  7.58091e-19
3.623443311e+00 -2.98469e-04 -2.98469e-04  3.40821e-18
3.625707963e+00 -2.98971e-04 -2.98971e-04  2.02196e-17
3.627974030e+00 -2.98089e-04 -2.98089e-04  1.04413e-16
3.630241514e+00 -2.95176e-04 -2.95176e-04  0.00000e+00
3.632510415e+00 -2.95725e-04 -2.95725e-04  1.88595e-16
3.634780734e+00 -2.94236e-04 -2.94236e-04  1.21909e-16
3.637052472e+00 -2.93180e-04 -2.93180e-04  5.13557e-18
3.639325630e+00 -2.90282e-04 -2.90282e-04  1.72941e-17
3.641600208e+00 -2.85913e-04 -2.85913e-04  2.46135e-18
3.643876208e+00 -2.89537e-04 -2.89537e-04  1.76999e-17
3.646153631e+00 -2.89422e-04 -2.89422e-04  1.54232e-18
3.648432477e+00 -2.88040e-04 -2.88040e-04  5.98510e-19
3.650712747e+00 -2.87507e-04 -2.87507e-04  1.16268e-16
3.652994443e+00 -2.86737e-04 -2.86737e-04  5.20634e-17
3.655277564e+00 -2.86050e-04 -2.86050e-04  1.35302e-17
3.657562113e+00 -2.82672e-04 -2.82672e-04  1.48669e-18
3.659848089e+00 -2.81898e-04 -2.81898e-04  2.71653e-18
3.662135494e+00 -2.82327e-04 -2.82327e-04  6.50787e-17
3.664424329e+00 -2.81598e-04 -2.81598e-04  1.76501e-17
3.666714594e+00 -2.80001e-04 -2.80001e-04  9.08233e-18
3.669006291e+00 -2.79585e-04 -2.79585e-04  1.60972e-16
3.671299420e+00 -2.75888e-04 -2.75888e-04  2.67823e-16
3.673593982e+00 -2.78290e-04 -2.78290e-04  2.85497e-16
3.675889978e+00 -2.77031e-04 -2.77031e-04  4.12299e-16
3.678187409e+00 -2.66508e-04 -2.66508e-04  1.00916e-16
3.680486276e+00 -2.74218e-04 -2.74218e-04  8.35020e-17
3.682786580e+00 -2.65166e-04 -2.65166e-04  1.05540e-16
3.685088322e+00 -2.73269e-04 -2.73269e-04  3.15929e-18
3.687391502e+00 -2.72505e-04 -2.72505e-04  7.06573e-18
3.689696122e+00 -2.71788e-04 -2.71788e-04  2.74089e-17
3.692002182e+00 -2.70552e-04 -2.70552e-04  8.95198e-17
3.694309683e+00 -2.69490e-04 -2.69490e-04  5.30839e-17
3.696618627e+00 -2.65949e-04 -2.65949e-04  7.92286e-18
3.698929013e+00 -2.60331e-04 -2.60331e-04  2.18481e-18
3.701240844e+00 -2.66824e-04 -2.66824e-04  9.18248e-18
3.703554120e+00 -2.66173e-04 -2.66173e-04  7.64431e-18
3.705868841e+00 -2.64524e-04 -2.64524e-04  1.02118e-17
3.708185009e+00 -2.62843e-04 -2.62843e-04  4.88290e-18
3.710502625e+00 -2.63148e-04 -2.63148e-04  9.67704e-17
3.712821689e+00 -2.62088e-04 -2.62088e-04  1.74529e-16
3.715142202e+00 -2.57667e-04 -2.57667e-04  1.64464e-17
3.717464166e+00 -2.60139e-04 -2.60139e-04  1.15114e-16
3.719787581e+00 -2.59310e-04 -2.59310e-04  7.55728e-18
3.722112449e+00 -2.57641e-04 -2.57641e-04  1.13896e-17
3.724438769e+00 -2.57103e-04 -2.57103e-04  1.78208e-18
3.726766543e+00 -2.57124e-04 -2.57124e-04  6.67715e-19
3.729095772e+00 -2.55839e-04 -2.55839e-04  1.40951e-16
3.731426457e+00 -2.55189e-04 -2.55189e-04  1.64008e-17
3.733758599e+00 -2.53983e-04 -2.53983e-04  2.06867e-16
3.736092198e+00 -2.52138e-04 -2.52138e-04  9.25703e-17
3.738427255e+00 -2.49769e-04 -2.49769e-04  7.31172e-17
3.740763772e+00 -2.44277e-04 -2.44277e-04  1.53976e-16
3.743101750e+00 -2.49133e-04 -2.49133e-04  0.00000e+00
3.745441188e+00 -2.45071e-04 -2.45071e-04  1.51751e-18
3.747782089e+00 -2.48999e-04 -2.48999e-04  1.85598e-19
3.750124453e+00 -2.48132e-04 -2.48132e-04  1.57590e-16
3.752468281e+00 -2.47067e-04 -2.47067e-04  2.20781e-17
3.754813573e+00 -2.46745e-04 -2.46745e-04  2.13409e-16
3.757160332e+00 -2.45885e-04 -2.45885e-04  5.14608e-18
3.759508557e+00 -2.45061e-04 -2.45061e-04  1.94097e-16
3.761858250e+00 -2.43441e-04 -2.43441e-04  0.00000e+00
3.764209411e+00 -2.43393e-04 -2.43393e-04  1.15337e-16
3.766562042e+00 -2.42415e-04 -2.42415e-04  1.61269e-16
3.768916143e+00 -2.41045e-04 -2.41045e-04  2.19800e-17
3.771271716e+00 -2.40618e-04 -2.40618e-04  1.54188e-16
3.773628761e+00 -2.39730e-04 -2.39730e-04  1.56837e-16
3.775987279e+00 -2.38963e-04 -2.38963e-04  7.13821e-18
3.778347271e+00 -2.37974e-04 -2.37974e-04  1.84347e-18
3.780708738e+00 -2.37166e-04 -2.37166e-04  9.48336e-17
3.783071681e+00 -2.36136e-04 -2.36136e-04  0.00000e+00
3.785436101e+00 -2.35736e-04 -2.35736e-04  7.50120e-17
3.787801998e+00 -2.34970e-04 -2.34970e-04  1.16382e-17
3.790169374e+00 -2.34275e-04 -2.34275e-04  2.12338e-16
3.792538230e+00 -2.33435e-04 -2.33435e-04  1.13350e-16
3.794908567e+00 -2.32469e-04 -2.32469e-04  1.26616e-16
3.797280385e+00 -2.31987e-04 -2.31987e-04  0.00000e+00
3.799653685e+00 -2.30940e-04 -2.30940e-04  6.93502e-19
3.802028468e+00 -2.30194e-04 -2.30194e-04  4.17619e-18
3.804404736e+00 -2.29613e-04 -2.29613e-04  5.37865e-17
3.806782489e+00 -2.28853e-04 -2.28853e-04  6.50746e-18
3.809161728e+00 -2.27976e-04 -2.27976e-04  5.29230e-17
3.811542454e+00 -2.26988e-04 -2.26988e-04  1.02440e-16
3.813924668e+00 -2.26321e-04 -2.26321e-04  1.69455e-16
3.816308371e+00 -2.25220e-04 -2.25220e-04  6.76459e-17
3.818693564e+00 -2.24573e-04 -2.24573e-04  0.00000e+00
3.821080247e+00 -2.23861e-04 -2.23861e-04  1.09814e-18
3.823468423e+00 -2.23070e-04 -2.23070e-04  3.19485e-19
3.825858090e+00 -2.22538e-04 -2.22538e-04  7.75837e-19
3.828249252e+00 -2.21610e-04 -2.21610e-04  3.90550e-17
3.830641907e+00 -2.21011e-04 -2.21011e-04  3.85617e-18
3.833036059e+00 -2.20227e-04 -2.20227e-04  6.81833e-17
3.835431706e+00 -2.17895e-04 -2.17895e-04  6.87635e-17
3.837828851e+00 -2.18198e-04 -2.18198e-04  6.76560e-17
3.840227494e+00 -2.17614e-04 -2.17614e-04  0.00000e+00
3.842627636e+00 -2.16779e-04 -2.16779e-04  1.26036e-19
3.845029278e+00 -2.16051e-04 -2.16051e-04  3.67957e-17
3.847432422e+00 -2.15715e-04 -2.15715e-04  4.73068e-18
3.849837067e+00 -2.14272e-04 -2.14272e-04  2.44144e-17
3.852243215e+00 -2.13631e-04 -2.13631e-04  5.72335e-19
3.854650867e+00 -2.12446e-04 -2.12446e-04  2.15173e-17
3.857060024e+00 -2.11558e-04 -2.11558e-04  2.06425e-17
3.859470686e+00 -2.11476e-04 -2.11476e-04  4.37052e-17
3.861882856e+00 -2.11040e-04 -2.11040e-04  1.04720e-17
3.864296532e+00 -2.06922e-04 -2.06922e-04  1.48609e-18
3.866711718e+00 -1.90459e-04 -1.90459e-04  1.04392e-17
3.869128413e+00 -2.03972e-04 -2.03972e-04  8.65607e-19
3.871546618e+00 -2.04259e-04 -2.04259e-04  1.96697e-17
3.873966334e+00 -2.02971e-04 -2.02971e-04  1.28295e-17
3.876387563e+00 -2.06295e-04 -2.06295e-04  0.00000e+00
3.878810306e+00 -2.04279e-04 -2.04279e-04  2.42656e-17
3.881234562e+00 -2.01870e-04 -2.01870e-04  9.24629e-18
3.883660334e+00 -2.01446e-04 -2.01446e-04  1.38932e-18
3.886087621e+00 -2.01826e-04 -2.01826e-04  5.00962e-18
3.888516426e+00 -1.94177e-04 -1.94177e-04  4.77937e-18
3.890946749e+00 -1.97438e-04 -1.97438e-04  3.00559e-18
3.893378591e+00 -1.97957e-04 -1.97957e-04  5.90248e-19
3.895811952e+00 -1.96896e-04 -1.96896e-04  3.24243e-18
3.898246835e+00 -1.94725e-04 -1.94725e-04  1.02190e-17
3.900683239e+00 -1.96087e-04 -1.96087e-04  1.89776e-17
3.903121166e+00 -1.97261e-04 -1.97261e-04  4.27761e-18
3.905560617e+00 -1.94710e-04 -1.94710e-04  6.59135e-19
3.908001592e+00 -1.96344e-04 -1.96344e-04  2.83265e-19
3.910444093e+00 -1.89301e-04 -1.89301e-04  7.25153e-19
3.912888121e+00 -1.91925e-04 -1.91925e-04  2.89711e-18
3.915333676e+00 -1.95477e-04 -1.95477e-04  1.92208e-19
3.917780759e+00 -1.94398e-04 -1.94398e-04  2.64818e-18
3.920229372e+00 -1.94211e-04 -1.94211e-04  1.16620e-18
3.922679516e+00 -1.93306e-04 -1.93306e-04  4.42245e-18
3.925131190e+00 -1.92409e-04 -1.92409e-04  6.04153e-18
3.927584397e+00 -1.91668e-04 -1.91668e-04  7.52608e-19
3.930039138e+00 -1.91134e-04 -1.91134e-04  2.59280e-18
3.932495412e+00 -1.89846e-04 -1.89846e-04  1.41346e-18
3.934953222e+00 -1.88552e-04 -1.88552e-04  3.57696e-19
3.937412567e+00 -1.89423e-04 -1.89423e-04  1.61836e-18
3.939873450e+00 -1.89102e-04 -1.89102e-04  2.27712e-18
3.942335871e+00 -1.87820e-04 -1.87820e-04  7.07091e-19
3.944799831e+00 -1.86728e-04 -1.86728e-04  1.49002e-18
3.947265331e+00 -1.87075e-04 -1.87075e-04  2.82427e-18
3.949732372e+00 -1.85473e-04 -1.85473e-04  6.94606e-19
3.952200955e+00 -1.83849e-04 -1.83849e-04  1.84013e-18
3.954671080e+00 -1.85312e-04 -1.85312e-04  1.65286e-18
3.957142750e+00 -1.84646e-04 -1.84646e-04  1.00057e-18
3.959615964e+00 -1.83384e-04 -1.83384e-04  5.75906e-19
3.962090724e+00 -1.83309e-04 -1.83309e-04  1.38794e-18
3.964567031e+00 -1.82507e-04 -1.82507e-04  1.03629e-18
3.967044885e+00 -1.81370e-04 -1.81370e-04  9.37218e-19
3.969524288e+00 -1.76059e-04 -1.76059e-04  1.11664e-18
3.972005241e+00 -1.80659e-04 -1.80659e-04  1.40720e-18
3.974487744e+00 -1.76140e-04 -1.76140e-04  1.05433e-18
3.976971799e+00 -1.79214e-04 -1.79214e-04  2.51329e-18
3.979457406e+00 -1.73592e-04 -1.73592e-04  7.47879e-19
3.981944567e+00 -1.75757e-04 -1.75757e-04  1.00226e-18
3.984433282e+00 -1.74729e-04 -1.74729e-04  1.00455e-18
3.986923553e+00 -1.71039e-04 -1.71039e-04  1.16853e-18
3.989415380e+00 -1.71994e-04 -1.71994e-04  1.37859e-18
3.991908765e+00 -1.73978e-04 -1.73978e-04  2.10715e-18
3.994403708e+00 -1.73525e-04 -1.73525e-04  1.75202e-18
3.996900210e+00 -1.72269e-04 -1.72269e-04  1.43115e-18
3.999398273e+00 -1.68753e-04 -1.68753e-04  1.28226e-18
4.001897897e+00 -1.70906e-04 -1.70906e-04  2.09992e-18
4.004399083e+00 -1.71783e-04 -1.71783e-04  1.76440e-18
4.006901832e+00 -1.70970e-04 -1.70970e-04  1.57934e-18
4.009406146e+00 -1.71054e-04 -1.71054e-04  1.59663e-18
4.011912025e+00 -1.70301e-04 -1.70301e-04  1.67292e-18
4.014419470e+00 -1.68595e-04 -1.68595e-04  2.15658e-18
4.016928482e+00 -1.67939e-04 -1.67939e-04  1.85814e-18
4.019439062e+00 -1.68308e-04 -1.68308e-04  1.96251e-18
4.021951212e+00 -1.67951e-04 -1.67951e-04  2.43030e-18
4.024464931e+00 -1.67884e-04 -1.67884e-04  2.58858e-18
4.026980222e+00 -1.66981e-04 -1.66981e-04  2.30932e-18
4.029497085e+00 -1.67039e-04 -1.67039e-04  2.30627e-18
4.032015520e+00 -1.65982e-04 -1.65982e-04  2.40175e-18
4.034535530e+00 -1.64522e-04 -1.64522e-04  3.52336e-18
4.037057115e+00 -1.64933e-04 -1.64933e-04  4.32066e-18
4.039580275e+00 -1.63787e-04 -1.63787e-04  2.69743e-18
4.042105013e+00 -1.63959e-04 -1.63959e-04  2.88872e-18
4.044631329e+00 -1.60352e-04 -1.60352e-04  3.06456e-18
4.047159223e+00 -1.62453e-04 -1.62453e-04  4.64686e-18
4.049688698e+00 -1.59463e-04 -1.59463e-04  3.35466e-18
4.052219753e+00 -1.47607e-04 -1.47607e-04  3.52381e-18
4.054752391e+00 -1.57970e-04 -1.57970e-04  3.81435e-18
4.057286611e+00 -1.59916e-04 -1.59916e-04  3.75870e-18
4.059822415e+00 -1.55913e-04 -1.55913e-04  8.86785e-18
4.062359804e+00 -1.59187e-04 -1.59187e-04  4.21024e-18
4.064898779e+00 -1.57650e-04 -1.57650e-04  4.24177e-18
4.067439341e+00 -1.58032e-04 -1.58032e-04  5.16343e-18
4.069981490e+00 -1.56563e-04 -1.56563e-04  4.61156e-18
4.072525229e+00 -1.57390e-04 -1.57390e-04  7.52422e-18
4.075070557e+00 -1.56773e-04 -1.56773e-04  4.83280e-18
4.077617476e+00 -1.56264e-04 -1.56264e-04  5.43373e-18
4.080165987e+00 -1.55170e-04 -1.55170e-04  5.62056e-18
4.082716091e+00 -1.54339e-04 -1.54339e-04  5.79170e-18
4.085267788e+00 -1.54590e-04 -1.54590e-04  1.29170e-17
4.087821081e+00 -1.52250e-04 -1.52250e-04  6.62742e-18
4.090375969e+00 -1.53514e-04 -1.53514e-04  6.21473e-18
4.092932454e+00 -1.52861e-04 -1.52861e-04  6.38115e-18
4.095490536e+00 -1.52579e-04 -1.52579e-04  6.60215e-18
4.098050218e+00 -1.51991e-04 -1.51991e-04  1.32891e-17
4.100611499e+00 -1.50952e-04 -1.50952e-04  6.57448e-18
4.103174382e+00 -1.50521e-04 -1.50521e-04  7.76374e-18
4.105738866e+00 -1.50346e-04 -1.50346e-04  7.53916e-18
4.108304952e+00 -1.49704e-04 -1.49704e-04  2.25743e-17
4.110872643e+00 -1.46743e-04 -1.46743e-04  8.60165e-18
4.113441938e+00 -1.48873e-04 -1.48873e-04  8.22834e-18
4.116012840e+00 -1.48378e-04 -1.48378e-04  8.67160e-18
4.118585348e+00 -1.47860e-04 -1.47860e-04  8.61988e-18
4.121159463e+00 -1.47359e-04 -1.47359e-04  2.05982e-17
4.123735188e+00 -1.46602e-04 -1.46602e-04  9.06091e-18
4.126312523e+00 -1.46334e-04 -1.46334e-04  9.59364e-18
4.128891468e+00 -1.45876e-04 -1.45876e-04  9.60931e-18
4.131472025e+00 -1.45351e-04 -1.45351e-04  1.00326e-17
4.134054195e+00 -1.43119e-04 -1.43119e-04  3.78463e-17
4.136637979e+00 -1.43615e-04 -1.43615e-04  9.07253e-18
4.139223378e+00 -1.42952e-04 -1.42952e-04  1.04703e-17
4.141810392e+00 -1.43263e-04 -1.43263e-04  1.07596e-17
4.144399024e+00 -1.41613e-04 -1.41613e-04  1.08283e-17
4.146989273e+00 -1.41803e-04 -1.41803e-04  2.61394e-17
4.149581142e+00 -1.41457e-04 -1.41457e-04  1.26174e-17
4.152174630e+00 -1.41107e-04 -1.41107e-04  1.13791e-17
4.154769739e+00 -1.40803e-04 -1.40803e-04  1.19339e-17
4.157366470e+00 -1.40377e-04 -1.40377e-04  1.18676e-17
4.159964824e+00 -1.39837e-04 -1.39837e-04  5.42474e-17
4.162564802e+00 -1.39332e-04 -1.39332e-04  7.22179e-18
4.165166405e+00 -1.38913e-04 -1.38913e-04  1.24055e-17
4.167769634e+00 -1.37715e-04 -1.37715e-04  1.24540e-17
4.170374490e+00 -1.37808e-04 -1.37808e-04  1.25533e-17
4.172980974e+00 -1.37303e-04 -1.37303e-04  3.53132e-17
4.175589087e+00 -1.36995e-04 -1.36995e-04  1.28701e-17
4.178198830e+00 -1.36164e-04 -1.36164e-04  1.29788e-17
4.180810205e+00 -1.35222e-04 -1.35222e-04  1.30298e-17
4.183423211e+00 -1.34265e-04 -1.34265e-04  1.29868e-17
4.186037851e+00 -1.34945e-04 -1.34945e-04  4.87815e-17
4.188654124e+00 -1.34711e-04 -1.34711e-04  1.73581e-17
4.191272033e+00 -1.32202e-04 -1.32202e-04  1.33146e-17
4.193891578e+00 -1.33637e-04 -1.33637e-04  1.35934e-17
4.196512760e+00 -1.33127e-04 -1.33127e-04  1.34883e-17
4.199135581e+00 -1.32311e-04 -1.32311e-04  1.33209e-17
4.201760041e+00 -1.28113e-04 -1.28113e-04  4.05373e-17
4.204386141e+00 -1.30692e-04 -1.30692e-04  1.09183e-17
4.207013882e+00 -1.27262e-04 -1.27262e-04  1.36613e-17
4.209643266e+00 -1.29965e-04 -1.29965e-04  1.37310e-17
4.212274293e+00 -1.30399e-04 -1.30399e-04  1.36430e-17
4.214906964e+00 -1.30099e-04 -1.30099e-04  6.06247e-17
4.217541281e+00 -1.29505e-04 -1.29505e-04  1.40851e-17
4.220177244e+00 -1.29106e-04 -1.29106e-04  1.40700e-17
4.222814855e+00 -1.28637e-04 -1.28637e-04  1.38055e-17
4.225454114e+00 -1.28230e-04 -1.28230e-04  1.45658e-17
4.228095023e+00 -1.27737e-04 -1.27737e-04  3.11836e-17
4.230737582e+00 -1.27341e-04 -1.27341e-04  1.60287e-17
4.233381793e+00 -1.26723e-04 -1.26723e-04  1.46575e-17
4.236027657e+00 -1.26460e-04 -1.26460e-04  1.43397e-17
4.238675174e+00 -1.26078e-04 -1.26078e-04  1.44597e-17
4.241324346e+00 -1.25465e-04 -1.25465e-04  5.75742e-17
4.243975174e+00 -1.25166e-04 -1.25166e-04  1.23225e-17
4.246627659e+00 -1.24471e-04 -1.24471e-04  1.53287e-17
4.249281801e+00 -1.24270e-04 -1.24270e-04  1.62101e-17
4.251937602e+00 -1.23492e-04 -1.23492e-04  1.58401e-17
4.254595063e+00 -1.23334e-04 -1.23334e-04  3.02636e-17
4.257254185e+00 -1.22940e-04 -1.22940e-04  1.76141e-17
4.259914969e+00 -1.22405e-04 -1.22405e-04  1.72080e-17
4.262577416e+00 -1.22140e-04 -1.22140e-04  1.74975e-17
4.265241526e+00 -1.21512e-04 -1.21512e-04  1.82965e-17
4.267907302e+00 -1.21209e-04 -1.21209e-04  1.91533e-17
4.270574745e+00 -1.20844e-04 -1.20844e-04  3.30855e-17
4.273243854e+00 -1.20350e-04 -1.20350e-04  2.28342e-17
4.275914631e+00 -1.20069e-04 -1.20069e-04  2.14393e-17
4.278587078e+00 -1.19643e-04 -1.19643e-04  2.18109e-17
4.281261195e+00 -1.19224e-04 -1.19224e-04  2.22598e-17
4.283936983e+00 -1.18822e-04 -1.18822e-04  2.45954e-17
4.286614444e+00 -1.18301e-04 -1.18301e-04  2.53353e-17
4.289293578e+00 -1.17930e-04 -1.17930e-04  2.39962e-17
4.291974386e+00 -1.17646e-04 -1.17646e-04  1.28458e-16
4.294656870e+00 -1.12273e-04 -1.12273e-04  1.11772e-16
4.297341031e+00 -1.12286e-04 -1.12286e-04  5.41363e-17
4.300026869e+00 -1.13158e-04 -1.13158e-04  3.11526e-17
4.302714386e+00 -1.13465e-04 -1.13465e-04  2.78747e-17
4.305403582e+00 -1.13463e-04 -1.13463e-04  2.43859e-17
4.308094459e+00 -1.12861e-04 -1.12861e-04  2.35824e-17
4.310787018e+00 -1.11918e-04 -1.11918e-04  2.46310e-17
4.313481260e+00 -1.12977e-04 -1.12977e-04  3.49825e-17
4.316177186e+00 -1.12611e-04 -1.12611e-04  2.32517e-17
4.318874797e+00 -1.11354e-04 -1.11354e-04  2.59576e-17
4.321574093e+00 -1.11764e-04 -1.11764e-04  2.08435e-17
4.324275077e+00 -1.11403e-04 -1.11403e-04  1.88300e-17
4.326977749e+00 -1.11076e-04 -1.11076e-04  1.79602e-17
4.329682110e+00 -1.10452e-04 -1.10452e-04  3.43227e-17
4.332388162e+00 -1.07976e-04 -1.07976e-04  1.51195e-17
4.335095904e+00 -1.09776e-04 -1.09776e-04  2.15794e-17
4.337805339e+00 -1.09507e-04 -1.09507e-04  1.65852e-17
4.340516468e+00 -1.09404e-04 -1.09404e-04  1.58034e-17
4.343229290e+00 -1.09279e-04 -1.09279e-04  5.01934e-17
4.345943809e+00 -1.07943e-04 -1.07943e-04  1.62370e-17
4.348660023e+00 -1.07242e-04 -1.07242e-04  1.56537e-17
4.351377936e+00 -1.01592e-04 -1.01592e-04  1.54031e-17
4.354097547e+00 -1.04227e-04 -1.04227e-04  1.95601e-17
4.356818858e+00 -1.04041e-04 -1.04041e-04  1.40429e-17
4.359541870e+00 -1.04486e-04 -1.04486e-04  3.33223e-17
4.362266584e+00 -1.05207e-04 -1.05207e-04  1.63808e-17
4.364993000e+00 -1.03791e-04 -1.03791e-04  1.90800e-17
4.367721121e+00 -1.03089e-04 -1.03089e-04  2.70472e-17
4.370450947e+00 -1.03889e-04 -1.03889e-04  1.34324e-17
4.373182478e+00 -1.03407e-04 -1.03407e-04  1.37847e-17
4.375915717e+00 -1.03142e-04 -1.03142e-04  6.08572e-17
4.378650665e+00 -1.02098e-04 -1.02098e-04  1.47874e-17
4.381387321e+00 -1.02270e-04 -1.02270e-04  2.26672e-17
4.384125689e+00 -1.03164e-04 -1.03164e-04  1.41047e-17
4.386865767e+00 -1.00859e-04 -1.00859e-04  1.32506e-17
4.389607558e+00 -1.00900e-04 -1.00900e-04  4.11670e-17
4.392351063e+00 -1.01969e-04 -1.01969e-04  1.43240e-17
4.395096282e+00 -1.00289e-04 -1.00289e-04  3.08506e-17
4.397843218e+00 -1.00684e-04 -1.00684e-04  1.95237e-17
4.400591870e+00 -1.00718e-04 -1.00718e-04  2.28400e-17
4.403342239e+00 -9.78440e-05 -9.78440e-05  2.21546e-17
4.406094328e+00 -9.68864e-05 -9.68864e-05  5.47232e-17
4.408848137e+00 -9.58942e-05 -9.58942e-05  1.69434e-17
4.411603667e+00 -9.55485e-05 -9.55485e-05  1.27471e-17
4.414360920e+00 -9.69935e-05 -9.69935e-05  3.84973e-17
4.417119895e+00 -9.60024e-05 -9.60024e-05  1.13829e-17
4.419880595e+00 -9.63432e-05 -9.63432e-05  1.22729e-17
4.422643021e+00 -9.71949e-05 -9.71949e-05  3.98453e-17
4.425407172e+00 -9.47212e-05 -9.47212e-05  2.08757e-17
4.428173052e+00 -9.64545e-05 -9.64545e-05  7.48153e-17
4.430940660e+00 -9.49336e-05 -9.49336e-05  5.62583e-17
4.433709998e+00 -9.40532e-05 -9.40532e-05  1.49598e-16
4.436481067e+00 -9.52194e-05 -9.52194e-05  7.77559e-17
4.439253867e+00 -9.45940e-05 -9.45940e-05  4.50793e-17
4.442028401e+00 -9.48376e-05 -9.48376e-05  1.69658e-17
4.444804669e+00 -9.31566e-05 -9.31566e-05  2.68144e-17
4.447582672e+00 -9.41771e-05 -9.41771e-05  1.16536e-17
4.450362411e+00 -9.30251e-05 -9.30251e-05  2.84788e-17
4.453143887e+00 -9.32695e-05 -9.32695e-05  5.45910e-17
4.455927102e+00 -9.27519e-05 -9.27519e-05  3.21094e-17
4.458712057e+00 -9.22741e-05 -9.22741e-05  4.86411e-17
4.461498752e+00 -9.09929e-05 -9.09929e-05  9.25658e-18
4.464287189e+00 -9.15163e-05 -9.15163e-05  1.24237e-17
4.467077368e+00 -8.74756e-05 -8.74756e-05  1.12641e-17
4.469869291e+00 -8.91555e-05 -8.91555e-05  3.77106e-17
4.472662960e+00 -8.97592e-05 -8.97592e-05  2.14873e-17
4.475458374e+00 -8.93568e-05 -8.93568e-05  1.01866e-17
4.478255536e+00 -8.93962e-05 -8.93962e-05  2.20672e-17
4.481054445e+00 -8.85628e-05 -8.85628e-05  3.75364e-17
4.483855104e+00 -8.81467e-05 -8.81467e-05  2.14374e-17
4.486657514e+00 -8.99156e-05 -8.99156e-05  7.27923e-18
4.489461675e+00 -8.66256e-05 -8.66256e-05  5.90539e-17
4.492267588e+00 -8.84681e-05 -8.84681e-05  2.16232e-17
4.495075255e+00 -8.72788e-05 -8.72788e-05  4.58659e-17
4.497884677e+00 -8.83463e-05 -8.83463e-05  1.09437e-17
4.500695855e+00 -8.62988e-05 -8.62988e-05  8.52141e-18
4.503508790e+00 -8.81897e-05 -8.81897e-05  2.31137e-17
4.506323483e+00 -8.30830e-05 -8.30830e-05  6.45039e-17
4.509139935e+00 -8.70449e-05 -8.70449e-05  4.11499e-18
4.511958148e+00 -8.55501e-05 -8.55501e-05  7.81529e-18
4.514778122e+00 -8.63957e-05 -8.63957e-05  2.21434e-17
4.517599858e+00 -8.56086e-05 -8.56086e-05  2.31718e-17
4.520423358e+00 -8.51158e-05 -8.51158e-05  7.35249e-17
4.523248623e+00 -8.43584e-05 -8.43584e-05  1.42871e-16
4.526075653e+00 -8.10347e-05 -8.10347e-05  4.14102e-17
4.528904450e+00 -8.39457e-05 -8.39457e-05  9.16383e-17
4.531735016e+00 -8.19515e-05 -8.19515e-05  5.66011e-17
4.534567350e+00 -8.36306e-05 -8.36306e-05  1.75831e-16
4.537401455e+00 -8.32848e-05 -8.32848e-05  8.98578e-18
4.540237330e+00 -8.24754e-05 -8.24754e-05  5.62114e-18
4.543074979e+00 -8.29313e-05 -8.29313e-05  5.83159e-18
4.545914401e+00 -8.03758e-05 -8.03758e-05  2.69433e-16
4.548755597e+00 -8.24832e-05 -8.24832e-05  1.78316e-17
4.551598569e+00 -8.05503e-05 -8.05503e-05  4.18915e-18
4.554443319e+00 -8.27451e-05 -8.27451e-05  4.48669e-18
4.557289846e+00 -8.07567e-05 -8.07567e-05  1.11637e-16
4.560138152e+00 -8.16658e-05 -8.16658e-05  1.42391e-17
4.562988238e+00 -7.99583e-05 -7.99583e-05  8.77165e-18
4.565840106e+00 -8.01338e-05 -8.01338e-05  1.16040e-17
4.568693756e+00 -7.95861e-05 -7.95861e-05  4.69931e-18
4.571549189e+00 -8.08303e-05 -8.08303e-05  1.81995e-16
4.574406408e+00 -7.74618e-05 -7.74618e-05  0.00000e+00
4.577265412e+00 -8.03572e-05 -8.03572e-05  3.24754e-16
4.580126203e+00 -7.85826e-05 -7.85826e-05  0.00000e+00
4.582988781e+00 -7.85187e-05 -7.85187e-05  2.92081e-16
4.585853149e+00 -7.74685e-05 -7.74685e-05  3.31333e-17
4.588719308e+00 -7.52976e-05 -7.52976e-05  1.18793e-17
4.591587257e+00 -7.90581e-05 -7.90581e-05  4.07590e-18
4.594456999e+00 -7.57482e-05 -7.57482e-05  2.95504e-18
4.597328535e+00 -7.75587e-05 -7.75587e-05  1.35821e-17
4.600201865e+00 -7.72041e-05 -7.72041e-05  2.36040e-18
4.603076991e+00 -7.46976e-05 -7.46976e-05  2.18224e-17
4.605953914e+00 -7.77259e-05 -7.77259e-05  8.86081e-16
4.608832636e+00 -7.34504e-05 -7.34504e-05  9.62614e-17
4.611713156e+00 -7.70946e-05 -7.70946e-05  3.76307e-18
4.614595477e+00 -7.51026e-05 -7.51026e-05  7.30111e-18
4.617479599e+00 -7.41473e-05 -7.41473e-05  8.12479e-18
4.620365524e+00 -7.39892e-05 -7.39892e-05  2.37455e-18
4.623253252e+00 -7.54902e-05 -7.54902e-05  1.46676e-16
4.626142785e+00 -7.32719e-05 -7.32719e-05  9.97466e-16
4.629034125e+00 -7.44117e-05 -7.44117e-05  1.27197e-17
4.631927271e+00 -7.38912e-05 -7.38912e-05  3.03880e-18
4.634822226e+00 -7.50724e-05 -7.50724e-05  8.79130e-18
4.637718989e+00 -7.33110e-05 -7.33110e-05  3.93305e-16
4.640617564e+00 -7.35985e-05 -7.35985e-05  2.62800e-17
4.643517950e+00 -7.24872e-05 -7.24872e-05  8.40814e-19
4.646420148e+00 -7.32551e-05 -7.32551e-05  1.82786e-15
4.649324161e+00 -7.02849e-05 -7.02849e-05  0.00000e+00
4.652229989e+00 -7.05167e-05 -7.05167e-05  7.05408e-18
4.655137632e+00 -7.15732e-05 -7.15732e-05  5.19009e-16
4.658047093e+00 -7.20932e-05 -7.20932e-05  5.11289e-17
4.660958373e+00 -7.02883e-05 -7.02883e-05  1.98195e-15
4.663871472e+00 -7.17605e-05 -7.17605e-05  1.03253e-17
4.666786392e+00 -7.03751e-05 -7.03751e-05  1.87138e-17
4.669703133e+00 -7.12031e-05 -7.12031e-05  5.64620e-18
4.672621697e+00 -6.98949e-05 -6.98949e-05  2.51253e-17
4.675542086e+00 -7.07016e-05 -7.07016e-05  1.20917e-15
4.678464300e+00 -7.03773e-05 -7.03773e-05  3.58477e-15
4.681388340e+00 -6.97832e-05 -6.97832e-05  4.35300e-15
4.684314208e+00 -6.86484e-05 -6.86484e-05  2.01055e-16
4.687241904e+00 -7.04729e-05 -7.04729e-05  1.40666e-18
4.690171430e+00 -6.86760e-05 -6.86760e-05  1.33816e-17
4.693102787e+00 -6.91960e-05 -6.91960e-05  1.86741e-18
4.696035977e+00 -6.90984e-05 -6.90984e-05  1.40250e-17
4.698970999e+00 -6.78637e-05 -6.78637e-05  5.05556e-18
4.701907856e+00 -6.85672e-05 -6.85672e-05  4.91232e-18
4.704846548e+00 -6.84827e-05 -6.84827e-05  4.00731e-15
4.707787078e+00 -6.70226e-05 -6.70226e-05  2.80983e-16
4.710729444e+00 -6.77897e-05 -6.77897e-05  4.98032e-17
4.713673650e+00 -6.66604e-05 -6.66604e-05  1.27501e-15
4.716619696e+00 -6.73098e-05 -6.73098e-05  0.00000e+00
4.719567584e+00 -6.58608e-05 -6.58608e-05  1.15760e-17
4.722517313e+00 -6.73240e-05 -6.73240e-05  8.99392e-19
4.725468887e+00 -6.55990e-05 -6.55990e-05  6.87398e-17
4.728422305e+00 -6.66109e-05 -6.66109e-05  4.45231e-15
4.731377569e+00 -6.67194e-05 -6.67194e-05  2.54350e-16
4.734334680e+00 -6.46414e-05 -6.46414e-05  1.44168e-17
4.737293639e+00 -6.63698e-05 -6.63698e-05  4.57468e-18
4.740254447e+00 -6.46596e-05 -6.46596e-05  4.05873e-18
4.743217107e+00 -6.57238e-05 -6.57238e-05  5.75439e-18
4.746181617e+00 -6.45766e-05 -6.45766e-05  3.10803e-15
4.749147981e+00 -6.45565e-05 -6.45565e-05  1.93015e-15
4.752116198e+00 -6.43613e-05 -6.43613e-05  1.66135e-16
4.755086271e+00 -6.40569e-05 -6.40569e-05  2.15872e-17
4.758058200e+00 -6.36481e-05 -6.36481e-05  1.29378e-18
4.761031986e+00 -6.47173e-05 -6.47173e-05  3.49348e-15
4.764007631e+00 -6.27436e-05 -6.27436e-05  0.00000e+00
4.766985136e+00 -6.31320e-05 -6.31320e-05  4.75076e-15
4.769964502e+00 -6.29739e-05 -6.29739e-05  4.32011e-17
4.772945729e+00 -6.29558e-05 -6.29558e-05  4.70447e-17
4.775928820e+00 -6.20160e-05 -6.20160e-05  5.83311e-17
4.778913776e+00 -6.25289e-05 -6.25289e-05  2.61926e-17
4.781900597e+00 -6.18191e-05 -6.18191e-05  2.70285e-17
4.784889285e+00 -6.19857e-05 -6.19857e-05  2.51702e-14
4.787879841e+00 -6.15028e-05 -6.15028e-05  0.00000e+00
4.790872266e+00 -6.26584e-05 -6.26584e-05  3.01928e-15
4.793866561e+00 -5.97826e-05 -5.97826e-05  3.76605e-17
4.796862727e+00 -6.16518e-05 -6.16518e-05  1.75270e-17
4.799860767e+00 -6.12673e-05 -6.12673e-05  1.38606e-17
4.802860680e+00 -6.00825e-05 -6.00825e-05  1.64677e-15
4.805862468e+00 -6.04649e-05 -6.04649e-05  3.18151e-17
4.808866132e+00 -6.02619e-05 -6.02619e-05  3.38852e-17
4.811871673e+00 -6.01276e-05 -6.01276e-05  1.13301e-15
4.814879093e+00 -5.99322e-05 -5.99322e-05  0.00000e+00
4.817888392e+00 -5.92695e-05 -5.92695e-05  1.12092e-17
4.820899572e+00 -6.04782e-05 -6.04782e-05  1.40761e-14
4.823912635e+00 -5.80487e-05 -5.80487e-05  5.07057e-15
4.826927580e+00 -5.93010e-05 -5.93010e-05  2.23805e-16
4.829944410e+00 -5.95831e-05 -5.95831e-05  6.34897e-18
4.832963125e+00 -5.75665e-05 -5.75665e-05  3.40845e-18
4.835983727e+00 -5.91545e-05 -5.91545e-05  1.77417e-17
4.839006217e+00 -5.87769e-05 -5.87769e-05  4.02745e-17
4.842030596e+00 -5.87639e-05 -5.87639e-05  6.79768e-14
4.845056865e+00 -5.70767e-05 -5.70767e-05  8.30970e-15
4.848085025e+00 -5.72684e-05 -5.72684e-05  5.88369e-17
4.851115078e+00 -5.84947e-05 -5.84947e-05  1.74033e-17
4.854147025e+00 -5.65564e-05 -5.65564e-05  3.48960e-14
4.857180867e+00 -5.68567e-05 -5.68567e-05  0.00000e+00
4.860216605e+00 -5.76104e-05 -5.76104e-05  0.00000e+00
4.863254241e+00 -5.62094e-05 -5.62094e-05  8.37941e-19
4.866293775e+00 -5.62313e-05 -5.62313e-05  3.99245e-17
4.869335208e+00 -5.68013e-05 -5.68013e-05  1.91138e-16
4.872378543e+00 -5.55870e-05 -5.55870e-05  2.21990e-17
4.875423779e+00 -5.50880e-05 -5.50880e-05  2.44542e-17
4.878470919e+00 -5.61526e-05 -5.61526e-05  7.47496e-17
4.881519964e+00 -5.59661e-05 -5.59661e-05  1.28124e-17
4.884570914e+00 -5.48088e-05 -5.48088e-05  1.86971e-17
4.887623770e+00 -5.50513e-05 -5.50513e-05  2.84306e-15
4.890678535e+00 -5.51334e-05 -5.51334e-05  4.32108e-14
4.893735209e+00 -5.43856e-05 -5.43856e-05  5.44369e-15
4.896793794e+00 -5.45315e-05 -5.45315e-05  2.03744e-14
4.899854290e+00 -5.48299e-05 -5.48299e-05  5.72768e-14
4.902916699e+00 -5.48804e-05 -5.48804e-05  1.24394e-15
4.905981022e+00 -5.34022e-05 -5.34022e-05  2.74750e-17
4.909047260e+00 -5.34884e-05 -5.34884e-05  3.96994e-15
4.912115414e+00 -5.40727e-05 -5.40727e-05  0.00000e+00
4.915185487e+00 -5.26386e-05 -5.26386e-05  6.31852e-16
4.918257477e+00 -5.33375e-05 -5.33375e-05  8.09658e-17
4.921331388e+00 -5.30072e-05 -5.30072e-05  1.03975e-17
4.924407221e+00 -5.31209e-05 -5.31209e-05  5.47638e-17
4.927484975e+00 -5.20418e-05 -5.20418e-05  1.47266e-16
4.930564653e+00 -5.27197e-05 -5.27197e-05  5.78300e-18
4.933646256e+00 -5.29154e-05 -5.29154e-05  5.12577e-14
4.936729785e+00 -5.11418e-05 -5.11418e-05  0.00000e+00
4.939815241e+00 -5.27897e-05 -5.27897e-05  1.40019e-18
4.942902626e+00 -5.15734e-05 -5.15734e-05  6.39190e-15
4.945991940e+00 -5.20026e-05 -5.20026e-05  5.84105e-16
4.949083185e+00 -5.08973e-05 -5.08973e-05  4.13723e-16
4.952176362e+00 -5.16410e-05 -5.16410e-05  3.68296e-14
4.955271472e+00 -5.08777e-05 -5.08777e-05  4.55824e-14
4.958368517e+00 -5.06311e-05 -5.06311e-05  2.66183e-13
4.961467497e+00 -5.02032e-05 -5.02032e-05  0.00000e+00
4.964568414e+00 -5.15064e-05 -5.15064e-05  2.55457e-16
4.967671269e+00 -4.95724e-05 -4.95724e-05  7.88573e-17
4.970776064e+00 -5.01372e-05 -5.01372e-05  4.00829e-17
4.973882799e+00 -5.04545e-05 -5.04545e-05  1.45959e-16
4.976991476e+00 -5.05870e-05 -5.05870e-05  2.87331e-14
4.980102095e+00 -4.88885e-05 -4.88885e-05  1.53704e-14
4.983214659e+00 -4.93783e-05 -4.93783e-05  0.00000e+00
4.986329168e+00 -4.97794e-05 -4.97794e-05  8.76146e-16
4.989445624e+00 -4.83491e-05 -4.83491e-05  0.00000e+00
4.992564028e+00 -4.89384e-05 -4.89384e-05  9.27859e-17
4.995684380e+00 -4.91673e-05 -4.91673e-05  2.11507e-17
4.998806683e+00 -4.87367e-05 -4.87367e-05  9.43100e-16
