# ------------------------------------------------------------------------
# Noise and sensitivity radiance spectrum
# NASA-GSFC Planetary Spectrum Generator (PSG) (Villanueva et al. 2015)
# Background sky sources include: CMB, Zodiacal dust (emitted and reflected), and Cirrus
# Synthesized on Sun Jun 10 15:35:42 2018
# ------------------------------------------------------------------------
# Spectral unit: Wavelength [um]
# Radiance unit: Contrast [radiance ratio w.r.t. parent star]
# Wave/freq Total Source Detector Telescope Background
2.500000000e+00  7.68691e-04  7.49019e-04  1.72787e-04  9.94169e-26  3.18723e-07
2.501562500e+00  7.67863e-04  7.48229e-04  1.72530e-04  1.02774e-25  3.18013e-07
2.503125977e+00  7.69724e-04  7.49932e-04  1.73425e-04  1.06985e-25  3.19524e-07
2.504690430e+00  7.69479e-04  7.49683e-04  1.73418e-04  1.10788e-25  3.19373e-07
2.506255862e+00  7.68313e-04  7.48579e-04  1.73016e-04  1.14461e-25  3.18495e-07
2.507822272e+00  7.73030e-04  7.52928e-04  1.75141e-04  1.19985e-25  3.22269e-07
2.509389661e+00  7.69532e-04  7.49664e-04  1.73735e-04  1.23248e-25  3.19542e-07
2.510958029e+00  7.75330e-04  7.55012e-04  1.76332e-04  1.29531e-25  3.24180e-07
2.512527378e+00  7.74734e-04  7.54437e-04  1.76174e-04  1.34004e-25  3.23750e-07
2.514097708e+00  7.73394e-04  7.53173e-04  1.75694e-04  1.38376e-25  3.22727e-07
2.515669019e+00  7.72591e-04  7.52407e-04  1.75446e-04  1.43075e-25  3.22134e-07
2.517241312e+00  7.74474e-04  7.54126e-04  1.76359e-04  1.48911e-25  3.23670e-07
2.518814588e+00  7.73445e-04  7.53151e-04  1.76013e-04  1.53876e-25  3.22896e-07
2.520388847e+00  7.72484e-04  7.52238e-04  1.75696e-04  1.59029e-25  3.22176e-07
2.521964090e+00  7.72991e-04  7.52684e-04  1.76015e-04  1.64946e-25  3.22620e-07
2.523540317e+00  7.74002e-04  7.53597e-04  1.76552e-04  1.71291e-25  3.23466e-07
2.525117530e+00  7.73584e-04  7.53186e-04  1.76470e-04  1.77252e-25  3.23176e-07
2.526695728e+00  7.75851e-04  7.55261e-04  1.77555e-04  1.84629e-25  3.25021e-07
2.528274913e+00  7.74007e-04  7.53531e-04  1.76853e-04  1.90379e-25  3.23597e-07
2.529855085e+00  7.74924e-04  7.54357e-04  1.77351e-04  1.97639e-25  3.24369e-07
2.531436245e+00  7.73576e-04  7.53086e-04  1.76865e-04  2.04033e-25  3.23340e-07
2.533018392e+00  7.75966e-04  7.55273e-04  1.78005e-04  2.12570e-25  3.25284e-07
2.534601529e+00  7.73576e-04  7.53039e-04  1.77064e-04  2.18877e-25  3.23425e-07
2.536185655e+00  7.75705e-04  7.54985e-04  1.78091e-04  2.27879e-25  3.25161e-07
2.537770771e+00  7.76597e-04  7.55786e-04  1.78581e-04  2.36526e-25  3.25914e-07
2.539356877e+00  7.78404e-04  7.57431e-04  1.79471e-04  2.46043e-25  3.27398e-07
2.540943975e+00  7.91174e-04  7.69192e-04  1.85203e-04  2.62801e-25  3.37709e-07
2.542532065e+00  8.05150e-04  7.82030e-04  1.91557e-04  2.81339e-25  3.49145e-07
2.544121148e+00  7.78282e-04  7.57247e-04  1.79721e-04  2.73195e-25  3.27429e-07
2.545711224e+00  7.77755e-04  7.56737e-04  1.79591e-04  2.82548e-25  3.27052e-07
2.547302293e+00  7.83370e-04  7.61896e-04  1.82162e-04  2.96613e-25  3.31591e-07
2.548894357e+00  7.82866e-04  7.61406e-04  1.82041e-04  3.06773e-25  3.31229e-07
2.550487416e+00  7.80187e-04  7.58909e-04  1.80962e-04  3.15603e-25  3.29124e-07
2.552081471e+00  7.90719e-04  7.68597e-04  1.85728e-04  3.35216e-25  3.37646e-07
2.553676522e+00  7.83011e-04  7.61467e-04  1.82412e-04  3.40711e-25  3.31474e-07
2.555272569e+00  7.83931e-04  7.62291e-04  1.82921e-04  3.53569e-25  3.32257e-07
2.556869615e+00  7.85608e-04  7.63812e-04  1.83767e-04  3.67573e-25  3.33649e-07
2.558467658e+00  7.81826e-04  7.60300e-04  1.82195e-04  3.77112e-25  3.30652e-07
2.560066701e+00  7.84945e-04  7.63152e-04  1.83679e-04  3.93406e-25  3.33202e-07
2.561666742e+00  7.90366e-04  7.68121e-04  1.86195e-04  4.12656e-25  3.37621e-07
2.563267784e+00  7.87338e-04  7.65307e-04  1.84949e-04  4.24131e-25  3.35217e-07
2.564869826e+00  7.85509e-04  7.63597e-04  1.84238e-04  4.37167e-25  3.33785e-07
2.566472870e+00  7.81903e-04  7.60248e-04  1.82740e-04  4.48653e-25  3.30929e-07
2.568076916e+00  7.85777e-04  7.63795e-04  1.84564e-04  4.68840e-25  3.34088e-07
2.569681964e+00  7.84689e-04  7.62767e-04  1.84182e-04  4.84080e-25  3.33255e-07
2.571288015e+00  7.84790e-04  7.62836e-04  1.84331e-04  5.01243e-25  3.33380e-07
2.572895070e+00  7.82386e-04  7.60595e-04  1.83364e-04  5.15866e-25  3.31489e-07
2.574503129e+00  7.83343e-04  7.61452e-04  1.83893e-04  5.35240e-25  3.32302e-07
2.576112194e+00  7.83379e-04  7.61461e-04  1.84011e-04  5.54092e-25  3.32373e-07
2.577722264e+00  7.84786e-04  7.62731e-04  1.84741e-04  5.75499e-25  3.33549e-07
2.579333340e+00  7.83331e-04  7.61367e-04  1.84196e-04  5.93601e-25  3.32421e-07
2.580945424e+00  7.85972e-04  7.63773e-04  1.85478e-04  6.18346e-25  3.34592e-07
2.582558515e+00  7.86462e-04  7.64199e-04  1.85801e-04  6.40770e-25  3.35031e-07
2.584172614e+00  7.90028e-04  7.67454e-04  1.87505e-04  6.68915e-25  3.37957e-07
2.585787721e+00  8.02590e-04  7.78967e-04  1.93293e-04  7.13297e-25  3.48240e-07
2.587403839e+00  7.88623e-04  7.66111e-04  1.87082e-04  7.14126e-25  3.36907e-07
2.589020966e+00  7.86932e-04  7.64530e-04  1.86428e-04  7.36087e-25  3.35584e-07
2.590639104e+00  7.87087e-04  7.64647e-04  1.86601e-04  7.62080e-25  3.35752e-07
2.592258254e+00  7.92509e-04  7.69607e-04  1.89148e-04  7.98998e-25  3.40188e-07
2.593878415e+00  7.92436e-04  7.69513e-04  1.89220e-04  8.26725e-25  3.40173e-07
2.595499589e+00  7.96655e-04  7.73362e-04  1.91237e-04  8.64181e-25  3.43651e-07
2.597121776e+00  7.94513e-04  7.71369e-04  1.90371e-04  8.89744e-25  3.41950e-07
2.598744978e+00  7.88515e-04  7.65833e-04  1.87766e-04  9.07614e-25  3.37125e-07
2.600369193e+00  7.90135e-04  7.67296e-04  1.88602e-04  9.42847e-25  3.38481e-07
2.601994424e+00  7.91805e-04  7.68803e-04  1.89462e-04  9.79534e-25  3.39879e-07
2.603620670e+00  7.89874e-04  7.67004e-04  1.88694e-04  1.00890e-24  3.38357e-07
2.605247933e+00  7.90726e-04  7.67761e-04  1.89185e-04  1.04607e-24  3.39092e-07
2.606876213e+00  7.89976e-04  7.67046e-04  1.88950e-04  1.08043e-24  3.38527e-07
2.608505511e+00  7.89672e-04  7.66740e-04  1.88918e-04  1.11708e-24  3.38325e-07
2.610135827e+00  7.90478e-04  7.67455e-04  1.89389e-04  1.15803e-24  3.39022e-07
2.611767162e+00  7.91545e-04  7.68408e-04  1.89978e-04  1.20120e-24  3.39933e-07
2.613399516e+00  7.90717e-04  7.67623e-04  1.89708e-04  1.24033e-24  3.39305e-07
2.615032891e+00  7.91068e-04  7.67918e-04  1.89973e-04  1.28431e-24  3.39634e-07
2.616667286e+00  7.92756e-04  7.69441e-04  1.90847e-04  1.33407e-24  3.41050e-07
2.618302704e+00  7.96711e-04  7.73041e-04  1.92757e-04  1.39320e-24  3.44317e-07
2.619939143e+00  7.95609e-04  7.72004e-04  1.92361e-04  1.43753e-24  3.43462e-07
2.621576605e+00  7.99342e-04  7.75399e-04  1.94177e-04  1.50034e-24  3.46558e-07
2.623215090e+00  8.07684e-04  7.83006e-04  1.98130e-04  1.58278e-24  3.53462e-07
2.624854600e+00  8.27837e-04  8.01368e-04  2.07661e-04  1.71513e-24  3.70308e-07
2.626495134e+00  8.40677e-04  8.13016e-04  2.13875e-04  1.82627e-24  3.81227e-07
2.628136693e+00  8.04482e-04  7.79994e-04  1.96977e-04  1.73890e-24  3.50958e-07
2.629779279e+00  7.99582e-04  7.75483e-04  1.94827e-04  1.77808e-24  3.46979e-07
2.631422891e+00  8.00155e-04  7.75980e-04  1.95199e-04  1.84168e-24  3.47494e-07
2.633067530e+00  7.95688e-04  7.71863e-04  1.93254e-04  1.88490e-24  3.43885e-07
2.634713197e+00  7.97060e-04  7.73092e-04  1.93991e-04  1.95595e-24  3.45050e-07
2.636359893e+00  7.95517e-04  7.71653e-04  1.93390e-04  2.01565e-24  3.43835e-07
2.638007618e+00  7.96982e-04  7.72967e-04  1.94171e-04  2.09201e-24  3.45077e-07
2.639656373e+00  8.20024e-04  7.93986e-04  2.05002e-04  2.28310e-24  3.64171e-07
2.641306158e+00  7.97068e-04  7.72991e-04  1.94425e-04  2.23820e-24  3.45237e-07
2.642956974e+00  8.00916e-04  7.76485e-04  1.96309e-04  2.33591e-24  3.48435e-07
2.644608822e+00  7.97249e-04  7.73103e-04  1.94725e-04  2.39495e-24  3.45476e-07
2.646261703e+00  7.97920e-04  7.73690e-04  1.95142e-04  2.48072e-24  3.46070e-07
2.647915616e+00  8.02040e-04  7.77430e-04  1.97157e-04  2.59048e-24  3.49495e-07
2.649570564e+00  7.97970e-04  7.73681e-04  1.95382e-04  2.65329e-24  3.46202e-07
2.651226545e+00  8.00762e-04  7.76206e-04  1.96782e-04  2.76191e-24  3.48536e-07
2.652883562e+00  7.98614e-04  7.74215e-04  1.95896e-04  2.84161e-24  3.46820e-07
2.654541614e+00  8.09725e-04  7.84335e-04  2.01177e-04  3.01592e-24  3.56019e-07
2.656200702e+00  8.00269e-04  7.75673e-04  1.96881e-04  3.05029e-24  3.48269e-07
2.657860828e+00  7.99967e-04  7.75369e-04  1.96849e-04  3.15180e-24  3.48067e-07
2.659521991e+00  8.00783e-04  7.76087e-04  1.97337e-04  3.26521e-24  3.48783e-07
2.661184192e+00  8.00992e-04  7.76250e-04  1.97544e-04  3.37779e-24  3.49000e-07
2.662847432e+00  8.05557e-04  7.80391e-04  1.99782e-04  3.53008e-24  3.52806e-07
2.664511712e+00  8.11792e-04  7.86048e-04  2.02816e-04  3.70323e-24  3.58013e-07
2.666177032e+00  8.07437e-04  7.82049e-04  2.00883e-04  3.79020e-24  3.54452e-07
2.667843392e+00  8.02087e-04  7.77139e-04  1.98492e-04  3.86984e-24  3.50086e-07
2.669510795e+00  8.02591e-04  7.77570e-04  1.98837e-04  4.00562e-24  3.50547e-07
2.671179239e+00  8.02921e-04  7.77844e-04  1.99101e-04  4.14438e-24  3.50866e-07
2.672848726e+00  8.02622e-04  7.77543e-04  1.99071e-04  4.28153e-24  3.50666e-07
2.674519256e+00  8.03952e-04  7.78728e-04  1.99803e-04  4.44005e-24  3.51809e-07
2.676190831e+00  8.04337e-04  7.79051e-04  2.00094e-04  4.59415e-24  3.52173e-07
2.677863450e+00  8.03647e-04  7.78393e-04  1.99881e-04  4.74154e-24  3.51651e-07
2.679537115e+00  8.04903e-04  7.79510e-04  2.00580e-04  4.91592e-24  3.52734e-07
2.681211825e+00  8.04681e-04  7.79280e-04  2.00587e-04  5.07899e-24  3.52598e-07
2.682887583e+00  8.05286e-04  7.79802e-04  2.00982e-04  5.25752e-24  3.53145e-07
2.684564388e+00  8.05160e-04  7.79659e-04  2.01033e-04  5.43291e-24  3.53088e-07
2.686242240e+00  8.05590e-04  7.80022e-04  2.01347e-04  5.62134e-24  3.53491e-07
2.687921142e+00  8.08103e-04  7.82283e-04  2.02642e-04  5.84449e-24  3.55616e-07
2.689601092e+00  8.05902e-04  7.80249e-04  2.01716e-04  6.00994e-24  3.53844e-07
2.691282093e+00  8.07179e-04  7.81383e-04  2.02429e-04  6.23028e-24  3.54947e-07
2.692964144e+00  8.07990e-04  7.82093e-04  2.02924e-04  6.45153e-24  3.55667e-07
2.694647247e+00  8.09049e-04  7.83028e-04  2.03536e-04  6.68432e-24  3.56592e-07
2.696331402e+00  8.10537e-04  7.84353e-04  2.04353e-04  6.93225e-24  3.57875e-07
2.698016609e+00  8.07926e-04  7.81948e-04  2.03229e-04  7.12108e-24  3.55758e-07
2.699702869e+00  8.09107e-04  7.82993e-04  2.03900e-04  7.37965e-24  3.56785e-07
2.701390183e+00  8.10045e-04  7.83817e-04  2.04457e-04  7.64312e-24  3.57611e-07
2.703078552e+00  8.09968e-04  7.83718e-04  2.04533e-04  7.89720e-24  3.57597e-07
2.704767976e+00  8.09252e-04  7.83038e-04  2.04306e-04  8.14745e-24  3.57051e-07
2.706458456e+00  8.14042e-04  7.87363e-04  2.06698e-04  8.51335e-24  3.61083e-07
2.708149993e+00  8.12283e-04  7.85735e-04  2.05973e-04  8.76168e-24  3.59668e-07
2.709842587e+00  8.10673e-04  7.84241e-04  2.05319e-04  9.02009e-24  3.58378e-07
2.711536238e+00  8.18023e-04  7.90888e-04  2.08944e-04  9.48000e-24  3.64556e-07
2.713230948e+00  8.11230e-04  7.84689e-04  2.05810e-04  9.64342e-24  3.58939e-07
2.714926718e+00  8.11647e-04  7.85038e-04  2.06122e-04  9.97393e-24  3.59336e-07
2.716623547e+00  8.12343e-04  7.85640e-04  2.06567e-04  1.03222e-23  3.59964e-07
2.718321437e+00  8.12548e-04  7.85797e-04  2.06779e-04  1.06703e-23  3.60185e-07
2.720020387e+00  8.13453e-04  7.86589e-04  2.07326e-04  1.10478e-23  3.60989e-07
2.721720400e+00  8.14532e-04  7.87538e-04  2.07956e-04  1.14429e-23  3.61939e-07
2.723421475e+00  8.13185e-04  7.86286e-04  2.07425e-04  1.17857e-23  3.60866e-07
2.725123614e+00  8.14375e-04  7.87336e-04  2.08109e-04  1.22099e-23  3.61909e-07
2.726826816e+00  8.19644e-04  7.92084e-04  2.10759e-04  1.27679e-23  3.66366e-07
2.728531083e+00  8.14703e-04  7.87573e-04  2.08495e-04  1.30417e-23  3.62283e-07
2.730236415e+00  8.15597e-04  7.88353e-04  2.09039e-04  1.35009e-23  3.63081e-07
2.731942813e+00  8.15383e-04  7.88129e-04  2.09051e-04  1.39404e-23  3.62953e-07
2.733650277e+00  8.16917e-04  7.89489e-04  2.09904e-04  1.44519e-23  3.64286e-07
2.735358808e+00  8.16969e-04  7.89506e-04  2.10044e-04  1.49309e-23  3.64382e-07
2.737068408e+00  8.16496e-04  7.89047e-04  2.09931e-04  1.54068e-23  3.64037e-07
2.738779075e+00  8.25787e-04  7.97429e-04  2.14549e-04  1.62560e-23  3.71895e-07
2.740490812e+00  8.16969e-04  7.89414e-04  2.10389e-04  1.64572e-23  3.64537e-07
2.742203619e+00  8.17312e-04  7.89694e-04  2.10670e-04  1.70125e-23  3.64876e-07
2.743917496e+00  8.18254e-04  7.90517e-04  2.11241e-04  1.76104e-23  3.65716e-07
2.745632445e+00  8.17952e-04  7.90212e-04  2.11210e-04  1.81771e-23  3.65515e-07
2.747348465e+00  8.18695e-04  7.90855e-04  2.11686e-04  1.88065e-23  3.66191e-07
2.749065558e+00  8.20946e-04  7.92861e-04  2.12894e-04  1.95245e-23  3.68133e-07
2.750783724e+00  8.19189e-04  7.91239e-04  2.12157e-04  2.00846e-23  3.66710e-07
2.752502964e+00  8.19332e-04  7.91337e-04  2.12342e-04  2.07502e-23  3.66883e-07
2.754223278e+00  8.21035e-04  7.92848e-04  2.13287e-04  2.15141e-23  3.68367e-07
2.755944667e+00  8.22887e-04  7.94491e-04  2.14306e-04  2.23129e-23  3.69979e-07
2.757667133e+00  8.24343e-04  7.95776e-04  2.15134e-04  2.31199e-23  3.71259e-07
2.759390675e+00  8.23158e-04  7.94673e-04  2.14672e-04  2.38121e-23  3.70314e-07
2.761115294e+00  8.21860e-04  7.93468e-04  2.14155e-04  2.45182e-23  3.69276e-07
2.762840991e+00  8.22481e-04  7.93997e-04  2.14575e-04  2.53552e-23  3.69852e-07
2.764567767e+00  8.22627e-04  7.94098e-04  2.14764e-04  2.61920e-23  3.70030e-07
2.766295621e+00  8.24533e-04  7.95788e-04  2.15814e-04  2.71642e-23  3.71691e-07
2.768024556e+00  8.24021e-04  7.95294e-04  2.15680e-04  2.80176e-23  3.71314e-07
2.769754572e+00  8.23876e-04  7.95131e-04  2.15727e-04  2.89212e-23  3.71246e-07
2.771485668e+00  8.24681e-04  7.95826e-04  2.16239e-04  2.99179e-23  3.71981e-07
2.773217847e+00  8.27989e-04  7.98779e-04  2.17983e-04  3.11240e-23  3.74832e-07
2.774951108e+00  8.25812e-04  7.96783e-04  2.17030e-04  3.19786e-23  3.73047e-07
2.776685452e+00  8.26820e-04  7.97661e-04  2.17645e-04  3.30937e-23  3.73955e-07
2.778420881e+00  8.26251e-04  7.97114e-04  2.17483e-04  3.41248e-23  3.73530e-07
2.780157394e+00  8.25786e-04  7.96663e-04  2.17372e-04  3.51957e-23  3.73193e-07
2.781894992e+00  8.29542e-04  8.00018e-04  2.19344e-04  3.66473e-23  3.76430e-07
2.783633677e+00  8.27416e-04  7.98068e-04  2.18412e-04  3.76545e-23  3.74685e-07
2.785373448e+00  8.27594e-04  7.98197e-04  2.18619e-04  3.88903e-23  3.74893e-07
2.787114306e+00  8.27674e-04  7.98236e-04  2.18778e-04  4.01570e-23  3.75018e-07
2.788856252e+00  8.28089e-04  7.98577e-04  2.19101e-04  4.14954e-23  3.75426e-07
2.790599288e+00  8.28597e-04  7.99002e-04  2.19472e-04  4.28865e-23  3.75914e-07
2.792343412e+00  8.29246e-04  7.99554e-04  2.19912e-04  4.43375e-23  3.76523e-07
2.794088627e+00  8.29283e-04  7.99555e-04  2.20050e-04  4.57734e-23  3.76612e-07
2.795834932e+00  8.29307e-04  7.99543e-04  2.20181e-04  4.72534e-23  3.76690e-07
2.797582329e+00  8.29545e-04  7.99725e-04  2.20419e-04  4.88039e-23  3.76951e-07
2.799330818e+00  8.30847e-04  8.00864e-04  2.21185e-04  5.05249e-23  3.78116e-07
2.801080400e+00  8.31863e-04  8.01746e-04  2.21811e-04  5.22719e-23  3.79040e-07
2.802831075e+00  8.31195e-04  8.01111e-04  2.21599e-04  5.38739e-23  3.78531e-07
2.804582844e+00  8.31452e-04  8.01309e-04  2.21847e-04  5.56393e-23  3.78808e-07
2.806335709e+00  8.33100e-04  8.02758e-04  2.22789e-04  5.76411e-23  3.80272e-07
2.808089668e+00  8.31975e-04  8.01713e-04  2.22348e-04  5.93433e-23  3.79374e-07
2.809844725e+00  8.33056e-04  8.02652e-04  2.23009e-04  6.13976e-23  3.80355e-07
2.811600877e+00  8.34108e-04  8.03564e-04  2.23655e-04  6.35173e-23  3.81312e-07
2.813358128e+00  8.33733e-04  8.03193e-04  2.23589e-04  6.54993e-23  3.81053e-07
2.815116477e+00  8.33897e-04  8.03307e-04  2.23792e-04  6.76234e-23  3.81254e-07
2.816875925e+00  8.34117e-04  8.03470e-04  2.24023e-04  6.98236e-23  3.81503e-07
2.818636472e+00  8.34702e-04  8.03962e-04  2.24438e-04  7.21529e-23  3.82065e-07
2.820398120e+00  8.35580e-04  8.04717e-04  2.25000e-04  7.46071e-23  3.82877e-07
2.822160869e+00  8.35339e-04  8.04466e-04  2.25000e-04  7.69505e-23  3.82733e-07
2.823924719e+00  8.36145e-04  8.05155e-04  2.25526e-04  7.95516e-23  3.83484e-07
2.825689672e+00  8.36682e-04  8.05604e-04  2.25919e-04  8.21898e-23  3.84007e-07
2.827455728e+00  8.36508e-04  8.05413e-04  2.25953e-04  8.47791e-23  3.83921e-07
2.829222888e+00  8.37083e-04  8.05895e-04  2.26365e-04  8.75943e-23  3.84476e-07
2.830991152e+00  8.36937e-04  8.05730e-04  2.26413e-04  9.03560e-23  3.84415e-07
2.832760522e+00  8.38225e-04  8.06850e-04  2.27186e-04  9.35008e-23  3.85583e-07
2.834530997e+00  8.37614e-04  8.06268e-04  2.27000e-04  9.63453e-23  3.85124e-07
2.836302579e+00  8.38094e-04  8.06664e-04  2.27365e-04  9.95154e-23  3.85600e-07
2.838075268e+00  8.38597e-04  8.07080e-04  2.27741e-04  1.02793e-22  3.86096e-07
2.839849065e+00  8.44944e-04  8.12729e-04  2.31085e-04  1.07557e-22  3.91620e-07
2.841623971e+00  8.39784e-04  8.08074e-04  2.28588e-04  1.09712e-22  3.87246e-07
2.843399986e+00  8.40284e-04  8.08488e-04  2.28965e-04  1.13318e-22  3.87742e-07
2.845177111e+00  8.41540e-04  8.09577e-04  2.29726e-04  1.17236e-22  3.88888e-07
2.846955347e+00  8.40995e-04  8.09054e-04  2.29573e-04  1.20804e-22  3.88486e-07
2.848734694e+00  8.40988e-04  8.09013e-04  2.29693e-04  1.24626e-22  3.88547e-07
2.850515153e+00  8.42865e-04  8.10658e-04  2.30772e-04  1.29103e-22  3.90230e-07
2.852296725e+00  8.42733e-04  8.10504e-04  2.30829e-04  1.33146e-22  3.90184e-07
2.854079410e+00  8.44655e-04  8.12188e-04  2.31934e-04  1.37937e-22  3.91910e-07
2.855863210e+00  8.43079e-04  8.10743e-04  2.31254e-04  1.41799e-22  3.90619e-07
2.857648124e+00  8.43127e-04  8.10750e-04  2.31402e-04  1.46288e-22  3.90729e-07
2.859434154e+00  8.46264e-04  8.13518e-04  2.33131e-04  1.51947e-22  3.93506e-07
2.861221301e+00  8.44285e-04  8.11714e-04  2.32243e-04  1.56055e-22  3.91867e-07
2.863009564e+00  8.45487e-04  8.12753e-04  2.32983e-04  1.61396e-22  3.92975e-07
2.864798945e+00  8.44548e-04  8.11878e-04  2.32627e-04  1.66133e-22  3.92235e-07
2.866589444e+00  8.45587e-04  8.12770e-04  2.33284e-04  1.71750e-22  3.93203e-07
2.868381063e+00  8.46815e-04  8.13831e-04  2.34040e-04  1.77627e-22  3.94336e-07
2.870173801e+00  8.51216e-04  8.17722e-04  2.36431e-04  1.84979e-22  3.98224e-07
2.871967660e+00  8.53374e-04  8.19609e-04  2.37672e-04  1.91685e-22  4.00172e-07
2.873762639e+00  8.51358e-04  8.17775e-04  2.36758e-04  1.96832e-22  3.98492e-07
2.875558741e+00  8.50848e-04  8.17284e-04  2.36621e-04  2.02777e-22  3.98122e-07
2.877355965e+00  8.48284e-04  8.14960e-04  2.35424e-04  2.07962e-22  3.95971e-07
2.879154313e+00  8.47982e-04  8.14655e-04  2.35395e-04  2.14331e-22  3.95782e-07
2.880953784e+00  8.48291e-04  8.14894e-04  2.35680e-04  2.21188e-22  3.96124e-07
2.882754380e+00  8.50470e-04  8.16800e-04  2.36932e-04  2.29193e-22  3.98091e-07
2.884556102e+00  8.51473e-04  8.17657e-04  2.37578e-04  2.36873e-22  3.99038e-07
2.886358949e+00  8.50016e-04  8.16322e-04  2.36951e-04  2.43496e-22  3.97847e-07
2.888162924e+00  8.54815e-04  8.20559e-04  2.39567e-04  2.53731e-22  4.02100e-07
2.889968026e+00  8.50276e-04  8.16480e-04  2.37339e-04  2.59074e-22  3.98225e-07
2.891774256e+00  8.50959e-04  8.17051e-04  2.37820e-04  2.67547e-22  3.98895e-07
2.893581614e+00  8.51869e-04  8.17825e-04  2.38419e-04  2.76428e-22  3.99764e-07
2.895390103e+00  8.52056e-04  8.17954e-04  2.38644e-04  2.85150e-22  4.00005e-07
2.897199722e+00  8.52318e-04  8.18149e-04  2.38907e-04  2.94187e-22  4.00310e-07
2.899010472e+00  8.52586e-04  8.18351e-04  2.39174e-04  3.03510e-22  4.00623e-07
2.900822353e+00  8.53482e-04  8.19111e-04  2.39768e-04  3.13550e-22  4.01483e-07
2.902635367e+00  8.54102e-04  8.19625e-04  2.40219e-04  3.23721e-22  4.02103e-07
2.904449514e+00  8.55331e-04  8.20680e-04  2.40989e-04  3.34656e-22  4.03256e-07
2.906264795e+00  8.56488e-04  8.21670e-04  2.41721e-04  3.45897e-22  4.04348e-07
2.908081211e+00  8.54697e-04  8.20041e-04  2.40914e-04  3.55236e-22  4.02864e-07
2.909898761e+00  8.54924e-04  8.20205e-04  2.41161e-04  3.66417e-22  4.03144e-07
2.911717448e+00  8.55922e-04  8.21053e-04  2.41812e-04  3.78574e-22  4.04098e-07
2.913537272e+00  8.56325e-04  8.21373e-04  2.42151e-04  3.90623e-22  4.04533e-07
2.915358232e+00  8.59798e-04  8.24418e-04  2.44103e-04  4.05725e-22  4.07659e-07
2.917180331e+00  8.56490e-04  8.21445e-04  2.42496e-04  4.15284e-22  4.04845e-07
2.919003569e+00  8.57145e-04  8.21988e-04  2.42969e-04  4.28709e-22  4.05502e-07
2.920827946e+00  8.57243e-04  8.22036e-04  2.43149e-04  4.42026e-22  4.05672e-07
2.922653464e+00  8.58453e-04  8.23072e-04  2.43915e-04  4.56845e-22  4.06818e-07
2.924480122e+00  8.58734e-04  8.23283e-04  2.44192e-04  4.71204e-22  4.07150e-07
2.926307922e+00  8.59370e-04  8.23808e-04  2.44656e-04  4.86377e-22  4.07794e-07
2.928136865e+00  8.64018e-04  8.27889e-04  2.47241e-04  5.06368e-22  4.11971e-07
2.929966950e+00  8.59671e-04  8.23998e-04  2.45075e-04  5.17092e-22  4.08233e-07
2.931798180e+00  8.59924e-04  8.24183e-04  2.45339e-04  5.33272e-22  4.08544e-07
2.933630553e+00  8.61484e-04  8.25526e-04  2.46293e-04  5.51492e-22  4.10004e-07
2.935464072e+00  8.62531e-04  8.26415e-04  2.46978e-04  5.69695e-22  4.11015e-07
2.937298738e+00  8.61660e-04  8.25604e-04  2.46648e-04  5.86070e-22  4.10338e-07
2.939134549e+00  8.65369e-04  8.28848e-04  2.48745e-04  6.08846e-22  4.13699e-07
2.940971508e+00  8.62343e-04  8.26131e-04  2.47271e-04  6.23446e-22  4.11121e-07
2.942809616e+00  8.64061e-04  8.27612e-04  2.48314e-04  6.44896e-22  4.12727e-07
2.944648872e+00  8.63120e-04  8.26740e-04  2.47946e-04  6.63286e-22  4.11990e-07
2.946489277e+00  8.64218e-04  8.27672e-04  2.48660e-04  6.85169e-22  4.13051e-07
2.948330833e+00  8.63763e-04  8.27230e-04  2.48550e-04  7.05414e-22  4.12743e-07
2.950173540e+00  8.64805e-04  8.28111e-04  2.49236e-04  7.28570e-22  4.13757e-07
2.952017398e+00  8.64574e-04  8.27868e-04  2.49245e-04  7.50428e-22  4.13647e-07
2.953862409e+00  8.64968e-04  8.28176e-04  2.49586e-04  7.73959e-22  4.14091e-07
2.955708573e+00  8.66032e-04  8.29077e-04  2.50286e-04  7.99355e-22  4.15128e-07
2.957555891e+00  8.65939e-04  8.28955e-04  2.50369e-04  8.23532e-22  4.15142e-07
2.959404363e+00  8.66524e-04  8.29432e-04  2.50813e-04  8.49651e-22  4.15757e-07
2.961253991e+00  8.67100e-04  8.29900e-04  2.51253e-04  8.76563e-22  4.16365e-07
2.963104775e+00  8.67531e-04  8.30240e-04  2.51617e-04  9.04031e-22  4.16845e-07
2.964956715e+00  8.69170e-04  8.31647e-04  2.52628e-04  9.34737e-22  4.18399e-07
2.966809813e+00  8.68453e-04  8.30973e-04  2.52376e-04  9.61642e-22  4.17862e-07
2.968664069e+00  8.69322e-04  8.31699e-04  2.52976e-04  9.92639e-22  4.18735e-07
2.970519484e+00  8.72241e-04  8.34232e-04  2.54678e-04  1.02907e-21  4.21433e-07
2.972376059e+00  8.70364e-04  8.32537e-04  2.53803e-04  1.05604e-21  4.19865e-07
2.974233794e+00  8.69676e-04  8.31890e-04  2.53566e-04  1.08643e-21  4.19356e-07
2.976092690e+00  8.71405e-04  8.33372e-04  2.54630e-04  1.12340e-21  4.20997e-07
2.977952748e+00  8.70733e-04  8.32740e-04  2.54403e-04  1.15572e-21  4.20504e-07
2.979813969e+00  8.71673e-04  8.33527e-04  2.55043e-04  1.19301e-21  4.21446e-07
2.981676352e+00  8.71609e-04  8.33430e-04  2.55143e-04  1.22886e-21  4.21495e-07
2.983539900e+00  8.72086e-04  8.33808e-04  2.55534e-04  1.26722e-21  4.22026e-07
2.985404612e+00  8.72218e-04  8.33883e-04  2.55740e-04  1.30580e-21  4.22251e-07
2.987270490e+00  8.74536e-04  8.35882e-04  2.57128e-04  1.35174e-21  4.24428e-07
2.989137534e+00  8.73942e-04  8.35318e-04  2.56942e-04  1.39071e-21  4.24007e-07
2.991005745e+00  8.74207e-04  8.35509e-04  2.57220e-04  1.43336e-21  4.24353e-07
2.992875124e+00  8.74372e-04  8.35612e-04  2.57444e-04  1.47699e-21  4.24610e-07
2.994745671e+00  8.74918e-04  8.36051e-04  2.57876e-04  1.52313e-21  4.25210e-07
2.996617387e+00  8.77658e-04  8.38417e-04  2.59500e-04  1.57794e-21  4.27776e-07
2.998490273e+00  8.75537e-04  8.36511e-04  2.58483e-04  1.61808e-21  4.25988e-07
3.000364329e+00  8.80351e-04  8.40698e-04  2.61239e-04  1.68352e-21  4.30421e-07
3.002239557e+00  8.76575e-04  8.37339e-04  2.59318e-04  1.72033e-21  4.27146e-07
3.004115957e+00  8.76758e-04  8.37458e-04  2.59554e-04  1.77256e-21  4.27426e-07
3.005993529e+00  8.77236e-04  8.37836e-04  2.59951e-04  1.82746e-21  4.27971e-07
3.007872275e+00  8.78332e-04  8.38755e-04  2.60684e-04  1.88647e-21  4.29071e-07
3.009752195e+00  8.78924e-04  8.39232e-04  2.61144e-04  1.94528e-21  4.29721e-07
3.011633290e+00  8.78755e-04  8.39042e-04  2.61189e-04  2.00271e-21  4.29688e-07
3.013515561e+00  8.79271e-04  8.39452e-04  2.61607e-04  2.06474e-21  4.30272e-07
3.015399008e+00  8.81093e-04  8.41006e-04  2.62741e-04  2.13446e-21  4.32032e-07
3.017283633e+00  8.80412e-04  8.40366e-04  2.62506e-04  2.19500e-21  4.31540e-07
3.019169435e+00  8.80934e-04  8.40781e-04  2.62929e-04  2.26288e-21  4.32133e-07
3.021056416e+00  8.82555e-04  8.42159e-04  2.63956e-04  2.33817e-21  4.33718e-07
3.022944576e+00  8.81560e-04  8.41244e-04  2.63547e-04  2.40279e-21  4.32945e-07
3.024833917e+00  8.83769e-04  8.43135e-04  2.64899e-04  2.48565e-21  4.35064e-07
3.026724438e+00  8.83706e-04  8.43036e-04  2.65003e-04  2.55921e-21  4.35133e-07
3.028616141e+00  8.82993e-04  8.42368e-04  2.64748e-04  2.63134e-21  4.34616e-07
3.030509026e+00  8.83144e-04  8.42457e-04  2.64970e-04  2.71031e-21  4.34881e-07
3.032403094e+00  8.83733e-04  8.42929e-04  2.65432e-04  2.79414e-21  4.35542e-07
3.034298346e+00  8.84463e-04  8.43524e-04  2.65974e-04  2.88136e-21  4.36333e-07
3.036194782e+00  8.85848e-04  8.44692e-04  2.66877e-04  2.97526e-21  4.37718e-07
3.038092404e+00  8.89579e-04  8.47907e-04  2.69081e-04  3.08705e-21  4.41236e-07
3.039991212e+00  8.93886e-04  8.51621e-04  2.71613e-04  3.20665e-21  4.45291e-07
3.041891206e+00  8.88054e-04  8.46487e-04  2.68515e-04  3.26213e-21  4.40119e-07
3.043792388e+00  8.86697e-04  8.45257e-04  2.67903e-04  3.34914e-21  4.39022e-07
3.045694758e+00  8.88464e-04  8.46756e-04  2.69022e-04  3.46066e-21  4.40763e-07
3.047598318e+00  8.87642e-04  8.45994e-04  2.68706e-04  3.55677e-21  4.40153e-07
3.049503067e+00  8.88260e-04  8.46489e-04  2.69189e-04  3.66636e-21  4.40853e-07
3.051409006e+00  8.88614e-04  8.46753e-04  2.69525e-04  3.77719e-21  4.41314e-07
3.053316137e+00  8.88734e-04  8.46813e-04  2.69732e-04  3.88942e-21  4.41563e-07
3.055224459e+00  8.90419e-04  8.48238e-04  2.70810e-04  4.01784e-21  4.43240e-07
3.057133975e+00  8.89689e-04  8.47557e-04  2.70543e-04  4.12984e-21  4.42717e-07
3.059044683e+00  8.90406e-04  8.48137e-04  2.71083e-04  4.25753e-21  4.43514e-07
3.060956586e+00  8.90421e-04  8.48105e-04  2.71232e-04  4.38277e-21  4.43672e-07
3.062869684e+00  8.91101e-04  8.48653e-04  2.71753e-04  4.51777e-21  4.44439e-07
3.064783978e+00  8.94208e-04  8.51313e-04  2.73630e-04  4.68004e-21  4.47425e-07
3.066699468e+00  8.91966e-04  8.49315e-04  2.72517e-04  4.79521e-21  4.45524e-07
3.068616155e+00  8.92966e-04  8.50141e-04  2.73218e-04  4.94587e-21  4.46588e-07
3.070534040e+00  8.93965e-04  8.50965e-04  2.73919e-04  5.10114e-21  4.47652e-07
3.072453124e+00  8.93444e-04  8.50466e-04  2.73769e-04  5.24486e-21  4.47328e-07
3.074373407e+00  8.94275e-04  8.51144e-04  2.74377e-04  5.40744e-21  4.48241e-07
3.076294890e+00  8.94580e-04  8.51363e-04  2.74689e-04  5.56897e-21  4.48675e-07
3.078217575e+00  8.94734e-04  8.51451e-04  2.74918e-04  5.73345e-21  4.48972e-07
3.080141461e+00  8.97047e-04  8.53415e-04  2.76361e-04  5.92872e-21  4.51251e-07
3.082066549e+00  8.96710e-04  8.53076e-04  2.76314e-04  6.09750e-21  4.51100e-07
3.083992841e+00  8.97033e-04  8.53311e-04  2.76639e-04  6.27939e-21  4.51556e-07
3.085920336e+00  9.00862e-04  8.56589e-04  2.78942e-04  6.51280e-21  4.55243e-07
3.087849036e+00  8.97538e-04  8.53656e-04  2.77209e-04  6.65734e-21  4.52342e-07
3.089778942e+00  8.98326e-04  8.54294e-04  2.77797e-04  6.86204e-21  4.53231e-07
3.091710054e+00  9.00061e-04  8.55753e-04  2.78920e-04  7.08649e-21  4.54994e-07
3.093642373e+00  8.98508e-04  8.54359e-04  2.78187e-04  7.26948e-21  4.53729e-07
3.095575899e+00  8.98998e-04  8.54737e-04  2.78607e-04  7.48804e-21  4.54347e-07
3.097510634e+00  9.01117e-04  8.56527e-04  2.79950e-04  7.73851e-21  4.56471e-07
3.099446578e+00  9.00654e-04  8.56079e-04  2.79832e-04  7.95550e-21  4.56213e-07
3.101383732e+00  9.00481e-04  8.55882e-04  2.79878e-04  8.18321e-21  4.56224e-07
3.103322097e+00  9.00974e-04  8.56262e-04  2.80302e-04  8.42866e-21  4.56852e-07
3.105261673e+00  9.02039e-04  8.57138e-04  2.81050e-04  8.69134e-21  4.58011e-07
3.107202462e+00  9.03647e-04  8.58482e-04  2.82109e-04  8.97183e-21  4.59675e-07
3.109144463e+00  9.02437e-04  8.57387e-04  2.81566e-04  9.20868e-21  4.58731e-07
3.111087679e+00  9.02639e-04  8.57515e-04  2.81826e-04  9.47860e-21  4.59096e-07
3.113032109e+00  9.04597e-04  8.59161e-04  2.83086e-04  9.79083e-21  4.61091e-07
3.114977754e+00  9.23010e-04  8.75001e-04  2.93804e-04  1.04493e-20  4.78491e-07
3.116924615e+00  9.07162e-04  8.61282e-04  2.84841e-04  1.04173e-20  4.63839e-07
3.118872693e+00  9.05120e-04  8.59469e-04  2.83820e-04  1.06736e-20  4.62124e-07
3.120821988e+00  9.05589e-04  8.59827e-04  2.84234e-04  1.09914e-20  4.62746e-07
3.122772502e+00  9.05866e-04  8.60018e-04  2.84538e-04  1.13140e-20  4.63190e-07
3.124724235e+00  9.06525e-04  8.60539e-04  2.85061e-04  1.16548e-20  4.63992e-07
3.126677187e+00  9.12358e-04  8.65525e-04  2.88554e-04  1.21304e-20  4.69629e-07
3.128631360e+00  9.08851e-04  8.62450e-04  2.86687e-04  1.23917e-20  4.66542e-07
3.130586755e+00  9.09207e-04  8.62709e-04  2.87038e-04  1.27565e-20  4.67068e-07
3.132543372e+00  9.08522e-04  8.62069e-04  2.86792e-04  1.31044e-20  4.66623e-07
3.134501211e+00  9.09320e-04  8.62708e-04  2.87396e-04  1.35016e-20  4.67564e-07
3.136460275e+00  9.09958e-04  8.63210e-04  2.87911e-04  1.39061e-20  4.68359e-07
3.138420562e+00  9.10165e-04  8.63339e-04  2.88177e-04  1.43101e-20  4.68751e-07
3.140382075e+00  9.09939e-04  8.63095e-04  2.88194e-04  1.47129e-20  4.68741e-07
3.142344814e+00  9.11538e-04  8.64424e-04  2.89263e-04  1.51820e-20  4.70441e-07
3.144308779e+00  9.10924e-04  8.63845e-04  2.89056e-04  1.55966e-20  4.70069e-07
3.146273972e+00  9.12489e-04  8.65144e-04  2.90107e-04  1.60921e-20  4.71743e-07
3.148240394e+00  9.12492e-04  8.65097e-04  2.90257e-04  1.65514e-20  4.71953e-07
3.150208044e+00  9.13135e-04  8.65600e-04  2.90776e-04  1.70452e-20  4.72766e-07
3.152176924e+00  9.29232e-04  8.79373e-04  3.00291e-04  1.80953e-20  4.88204e-07
3.154147035e+00  9.13494e-04  8.65810e-04  2.91281e-04  1.80431e-20  4.73528e-07
3.156118376e+00  9.14277e-04  8.66434e-04  2.91883e-04  1.85855e-20  4.74479e-07
3.158090950e+00  9.16091e-04  8.67943e-04  2.93084e-04  1.91830e-20  4.76405e-07
3.160064757e+00  9.15465e-04  8.67355e-04  2.92870e-04  1.97038e-20  4.76032e-07
3.162039798e+00  9.16091e-04  8.67842e-04  2.93382e-04  2.02887e-20  4.76842e-07
3.164016073e+00  9.16589e-04  8.68219e-04  2.93821e-04  2.08852e-20  4.77534e-07
3.165993583e+00  9.16975e-04  8.68500e-04  2.94195e-04  2.14941e-20  4.78122e-07
3.167972329e+00  9.16912e-04  8.68395e-04  2.94308e-04  2.21007e-20  4.78287e-07
3.169952311e+00  9.20411e-04  8.71347e-04  2.96497e-04  2.28843e-20  4.81828e-07
3.171933532e+00  9.18448e-04  8.69612e-04  2.95502e-04  2.34413e-20  4.80196e-07
3.173915990e+00  9.19624e-04  8.70570e-04  2.96338e-04  2.41606e-20  4.81541e-07
3.175899687e+00  9.18812e-04  8.69822e-04  2.96014e-04  2.48040e-20  4.81003e-07
3.177884625e+00  9.19801e-04  8.70619e-04  2.96743e-04  2.55547e-20  4.82176e-07
3.179870803e+00  9.20488e-04  8.71157e-04  2.97295e-04  2.63120e-20  4.83065e-07
3.181858222e+00  9.23342e-04  8.73550e-04  2.99117e-04  2.72066e-20  4.86019e-07
3.183846883e+00  9.21177e-04  8.71644e-04  2.98000e-04  2.78553e-20  4.84198e-07
3.185836788e+00  9.21396e-04  8.71780e-04  2.98279e-04  2.86527e-20  4.84648e-07
3.187827936e+00  9.23353e-04  8.73404e-04  2.99578e-04  2.95731e-20  4.86758e-07
3.189820328e+00  9.22544e-04  8.72659e-04  2.99254e-04  3.03573e-20  4.86231e-07
3.191813966e+00  9.23491e-04  8.73417e-04  2.99962e-04  3.12693e-20  4.87383e-07
3.193808850e+00  9.23448e-04  8.73328e-04  3.00088e-04  3.21456e-20  4.87592e-07
3.195804980e+00  9.23908e-04  8.73670e-04  3.00511e-04  3.30785e-20  4.88284e-07
3.197802358e+00  9.24540e-04  8.74158e-04  3.01034e-04  3.40492e-20  4.89141e-07
3.199800985e+00  9.25191e-04  8.74662e-04  3.01570e-04  3.50491e-20  4.90020e-07
3.201800860e+00  9.28784e-04  8.77678e-04  3.03844e-04  3.62852e-20  4.93725e-07
3.203801986e+00  9.27830e-04  8.76811e-04  3.03433e-04  3.72327e-20  4.93070e-07
3.205804362e+00  9.28239e-04  8.77107e-04  3.03828e-04  3.83058e-20  4.93726e-07
3.207807990e+00  9.26990e-04  8.75987e-04  3.03242e-04  3.92820e-20  4.92790e-07
3.209812870e+00  9.27836e-04  8.76657e-04  3.03895e-04  4.04472e-20  4.93871e-07
3.211819003e+00  9.27999e-04  8.76743e-04  3.04145e-04  4.15908e-20  4.94296e-07
3.213826390e+00  9.30068e-04  8.78454e-04  3.05524e-04  4.29247e-20  4.96560e-07
3.215835031e+00  9.29540e-04  8.77950e-04  3.05364e-04  4.40774e-20  4.96324e-07
3.217844928e+00  9.35165e-04  8.82688e-04  3.08862e-04  4.58028e-20  5.02034e-07
3.219856081e+00  9.30014e-04  8.78248e-04  3.05953e-04  4.66128e-20  4.97335e-07
3.221868491e+00  9.30455e-04  8.78570e-04  3.06369e-04  4.79522e-20  4.98040e-07
3.223882159e+00  9.33254e-04  8.80898e-04  3.08188e-04  4.95549e-20  5.01029e-07
3.225897085e+00  9.31644e-04  8.79474e-04  3.07385e-04  5.07752e-20  4.99756e-07
3.227913271e+00  9.33020e-04  8.80591e-04  3.08358e-04  5.23259e-20  5.01375e-07
3.229930717e+00  9.33346e-04  8.80814e-04  3.08707e-04  5.38136e-20  5.01981e-07
3.231949424e+00  9.33707e-04  8.81068e-04  3.09078e-04  5.53465e-20  5.02624e-07
3.233969392e+00  9.34734e-04  8.81886e-04  3.09846e-04  5.69949e-20  5.03914e-07
3.235990623e+00  9.34399e-04  8.81547e-04  3.09801e-04  5.85376e-20  5.03886e-07
3.238013117e+00  9.35305e-04  8.82262e-04  3.10498e-04  6.02649e-20  5.05065e-07
3.240036875e+00  9.35838e-04  8.82660e-04  3.10972e-04  6.19975e-20  5.05886e-07
3.242061898e+00  9.40679e-04  8.86714e-04  3.14032e-04  6.43079e-20  5.10913e-07
3.244088187e+00  9.36453e-04  8.83073e-04  3.11653e-04  6.55531e-20  5.07095e-07
3.246115742e+00  9.36999e-04  8.83481e-04  3.12136e-04  6.74357e-20  5.07937e-07
3.248144564e+00  9.37197e-04  8.83593e-04  3.12410e-04  6.93246e-20  5.08441e-07
3.250174655e+00  9.37733e-04  8.83993e-04  3.12888e-04  7.13116e-20  5.09278e-07
3.252206014e+00  9.38463e-04  8.84557e-04  3.13483e-04  7.33815e-20  5.10308e-07
3.254238643e+00  9.39775e-04  8.85614e-04  3.14429e-04  7.55943e-20  5.11912e-07
3.256272542e+00  9.40045e-04  8.85786e-04  3.14748e-04  7.77169e-20  5.12498e-07
3.258307712e+00  9.39816e-04  8.85536e-04  3.14767e-04  7.98217e-20  5.12597e-07
3.260344154e+00  9.40439e-04  8.86008e-04  3.15300e-04  8.21157e-20  5.13536e-07
3.262381869e+00  9.41264e-04  8.86651e-04  3.15955e-04  8.45067e-20  5.14676e-07
3.264420858e+00  9.41482e-04  8.86780e-04  3.16244e-04  8.68651e-20  5.15222e-07
3.266461121e+00  9.42426e-04  8.87522e-04  3.16972e-04  8.94112e-20  5.16485e-07
3.268502659e+00  9.42788e-04  8.87772e-04  3.17349e-04  9.19284e-20  5.17180e-07
3.270545474e+00  9.43030e-04  8.87920e-04  3.17653e-04  9.44929e-20  5.17759e-07
3.272589564e+00  9.43361e-04  8.88143e-04  3.18011e-04  9.71438e-20  5.18428e-07
3.274634933e+00  9.44227e-04  8.88819e-04  3.18694e-04  9.99692e-20  5.19629e-07
3.276681580e+00  9.47834e-04  8.91808e-04  3.21042e-04  1.03411e-19  5.23548e-07
3.278729506e+00  9.45542e-04  8.89815e-04  3.19809e-04  1.05779e-19  5.21629e-07
3.280778712e+00  9.46508e-04  8.90574e-04  3.20554e-04  1.08869e-19  5.22941e-07
3.282829198e+00  9.48652e-04  8.92326e-04  3.22018e-04  1.12298e-19  5.25426e-07
3.284880967e+00  9.49157e-04  8.92694e-04  3.22485e-04  1.15474e-19  5.26289e-07
3.286934017e+00  9.48208e-04  8.91836e-04  3.22067e-04  1.18412e-19  5.25709e-07
3.288988351e+00  9.48109e-04  8.91695e-04  3.22166e-04  1.21617e-19  5.25977e-07
3.291043969e+00  9.50000e-04  8.93230e-04  3.23479e-04  1.25378e-19  5.28229e-07
3.293100871e+00  9.54162e-04  8.96676e-04  3.26183e-04  1.29804e-19  5.32757e-07
3.295159059e+00  9.56495e-04  8.98580e-04  3.27774e-04  1.33921e-19  5.35471e-07
3.297218534e+00  9.63968e-04  9.04796e-04  3.32533e-04  1.39490e-19  5.43364e-07
3.299279295e+00  9.55209e-04  8.97381e-04  3.27309e-04  1.40961e-19  5.34948e-07
3.301341345e+00  9.53132e-04  8.95576e-04  3.26197e-04  1.44226e-19  5.33253e-07
3.303404683e+00  9.54186e-04  8.96403e-04  3.27005e-04  1.48433e-19  5.34697e-07
3.305469311e+00  9.54526e-04  8.96630e-04  3.27375e-04  1.52556e-19  5.35430e-07
3.307535229e+00  9.52980e-04  8.95272e-04  3.26587e-04  1.56237e-19  5.34272e-07
3.309602439e+00  9.55518e-04  8.97346e-04  3.28307e-04  1.61235e-19  5.37219e-07
3.311670940e+00  9.54026e-04  8.96033e-04  3.27552e-04  1.65137e-19  5.36119e-07
3.313740735e+00  9.55244e-04  8.96997e-04  3.28462e-04  1.69992e-19  5.37747e-07
3.315811823e+00  9.60877e-04  9.01664e-04  3.32096e-04  1.76432e-19  5.43840e-07
3.317884205e+00  9.69006e-04  9.08408e-04  3.37294e-04  1.83944e-19  5.52499e-07
3.319957883e+00  9.92884e-04  9.28241e-04  3.52403e-04  1.97275e-19  5.77405e-07
3.322032856e+00  9.57888e-04  8.98977e-04  3.30740e-04  1.90050e-19  5.42061e-07
3.324109127e+00  9.58457e-04  8.99395e-04  3.31254e-04  1.95382e-19  5.43057e-07
3.326186695e+00  9.58644e-04  8.99492e-04  3.31532e-04  2.00717e-19  5.43670e-07
3.328265562e+00  9.60765e-04  9.01208e-04  3.33007e-04  2.06937e-19  5.46248e-07
3.330345728e+00  9.59775e-04  9.00319e-04  3.32558e-04  2.12115e-19  5.45673e-07
3.332427194e+00  9.59473e-04  9.00005e-04  3.32534e-04  2.17697e-19  5.45799e-07
3.334509961e+00  9.60650e-04  9.00931e-04  3.33426e-04  2.24037e-19  5.47433e-07
3.336594030e+00  9.61039e-04  9.01196e-04  3.33831e-04  2.30221e-19  5.48268e-07
3.338679401e+00  9.62733e-04  9.02551e-04  3.35045e-04  2.37144e-19  5.50438e-07
3.340766076e+00  9.64850e-04  9.04260e-04  3.36525e-04  2.44461e-19  5.53048e-07
3.342854054e+00  9.62620e-04  9.02335e-04  3.35303e-04  2.49980e-19  5.51221e-07
3.344943338e+00  9.63108e-04  9.02682e-04  3.35771e-04  2.56908e-19  5.52174e-07
3.347033928e+00  9.63895e-04  9.03278e-04  3.36425e-04  2.64170e-19  5.53436e-07
3.349125824e+00  9.64312e-04  9.03565e-04  3.36849e-04  2.71447e-19  5.54325e-07
3.351219028e+00  9.64440e-04  9.03611e-04  3.37094e-04  2.78771e-19  5.54921e-07
3.353313539e+00  9.70789e-04  9.08844e-04  3.41223e-04  2.89583e-19  5.61917e-07
3.355409360e+00  9.66614e-04  9.05301e-04  3.38779e-04  2.95042e-19  5.58094e-07
3.357506491e+00  9.65471e-04  9.04286e-04  3.38231e-04  3.02278e-19  5.57395e-07
3.359604933e+00  9.66247e-04  9.04872e-04  3.38881e-04  3.10782e-19  5.58672e-07
3.361704686e+00  9.66503e-04  9.05023e-04  3.39206e-04  3.19215e-19  5.59419e-07
3.363805751e+00  9.68407e-04  9.06548e-04  3.40563e-04  3.28867e-19  5.61871e-07
3.365908130e+00  9.69269e-04  9.07203e-04  3.41269e-04  3.38154e-19  5.63253e-07
3.368011822e+00  9.69199e-04  9.07082e-04  3.41391e-04  3.47103e-19  5.63675e-07
3.370116830e+00  9.76868e-04  9.13397e-04  3.46377e-04  3.61357e-19  5.72135e-07
3.372223153e+00  9.72567e-04  9.09759e-04  3.43838e-04  3.68057e-19  5.68170e-07
3.374330792e+00  9.74053e-04  9.10931e-04  3.44940e-04  3.78854e-19  5.70224e-07
3.376439749e+00  9.71397e-04  9.08660e-04  3.43437e-04  3.87021e-19  5.67974e-07
3.378550024e+00  9.74888e-04  9.11498e-04  3.45801e-04  3.99821e-19  5.72124e-07
3.380661618e+00  9.73109e-04  9.09957e-04  3.44848e-04  4.09084e-19  5.70789e-07
3.382774531e+00  9.76962e-04  9.13092e-04  3.47446e-04  4.22872e-19  5.75336e-07
3.384888765e+00  9.73596e-04  9.10234e-04  3.45490e-04  4.31408e-19  5.72347e-07
3.387004321e+00  9.74679e-04  9.11069e-04  3.46341e-04  4.43690e-19  5.74009e-07
3.389121198e+00  9.75108e-04  9.11361e-04  3.46779e-04  4.55770e-19  5.74993e-07
3.391239399e+00  9.78278e-04  9.13926e-04  3.48951e-04  4.70507e-19  5.78857e-07
3.393358924e+00  9.76584e-04  9.12457e-04  3.48048e-04  4.81440e-19  5.77624e-07
3.395479773e+00  9.77270e-04  9.12962e-04  3.48651e-04  4.94753e-19  5.78893e-07
3.397601948e+00  9.98417e-04  9.30364e-04  3.62296e-04  5.27410e-19  6.01831e-07
3.399725449e+00  9.78889e-04  9.14173e-04  3.50015e-04  5.22698e-19  5.81706e-07
3.401850278e+00  9.92848e-04  9.25641e-04  3.59075e-04  5.50076e-19  5.97051e-07
3.403976434e+00  9.78603e-04  9.13807e-04  3.50171e-04  5.50281e-19  5.82530e-07
3.406103919e+00  9.79917e-04  9.14830e-04  3.51175e-04  5.66090e-19  5.84487e-07
3.408232734e+00  9.84116e-04  9.18236e-04  3.54016e-04  5.85378e-19  5.89508e-07
3.410362880e+00  9.81123e-04  9.15697e-04  3.52281e-04  5.97513e-19  5.86915e-07
3.412494357e+00  9.81360e-04  9.15827e-04  3.52601e-04  6.13450e-19  5.87748e-07
3.414627166e+00  9.86708e-04  9.20177e-04  3.56182e-04  6.35619e-19  5.94023e-07
3.416761308e+00  9.92781e-04  9.25116e-04  3.60240e-04  6.59387e-19  6.01105e-07
3.418896783e+00  9.83486e-04  9.17386e-04  3.54467e-04  6.65487e-19  5.91783e-07
3.421033594e+00  9.83076e-04  9.16982e-04  3.54376e-04  6.82397e-19  5.91947e-07
3.423171740e+00  9.83646e-04  9.17386e-04  3.54910e-04  7.00959e-19  5.93159e-07
3.425311222e+00  9.85840e-04  9.19130e-04  3.56483e-04  7.22116e-19  5.96112e-07
3.427452042e+00  9.88417e-04  9.21187e-04  3.58304e-04  7.44402e-19  5.99488e-07
3.429594199e+00  9.85414e-04  9.18646e-04  3.56553e-04  7.59731e-19  5.96890e-07
3.431737696e+00  9.86416e-04  9.19405e-04  3.57366e-04  7.80948e-19  5.98588e-07
3.433882532e+00  9.86489e-04  9.19399e-04  3.57584e-04  8.01407e-19  5.99294e-07
3.436028708e+00  9.87497e-04  9.20162e-04  3.58402e-04  8.23766e-19  6.01010e-07
3.438176226e+00  9.89432e-04  9.21688e-04  3.59816e-04  8.48137e-19  6.03731e-07
3.440325086e+00  9.90092e-04  9.22163e-04  3.60413e-04  8.71224e-19  6.05087e-07
3.442475289e+00  9.90566e-04  9.22485e-04  3.60890e-04  8.94627e-19  6.06247e-07
3.444626837e+00  9.89734e-04  9.21733e-04  3.60527e-04  9.16507e-19  6.06001e-07
3.446779728e+00  9.89732e-04  9.21664e-04  3.60698e-04  9.40298e-19  6.06655e-07
3.448933966e+00  9.92028e-04  9.23483e-04  3.62350e-04  9.68647e-19  6.09805e-07
3.451089549e+00  9.91349e-04  9.22858e-04  3.62085e-04  9.92561e-19  6.09735e-07
3.453246480e+00  9.92306e-04  9.23576e-04  3.62876e-04  1.02002e-18  6.11448e-07
3.455404759e+00  9.92857e-04  9.23960e-04  3.63404e-04  1.04745e-18  6.12724e-07
3.457564387e+00  9.95833e-04  9.26332e-04  3.65501e-04  1.08024e-18  6.16650e-07
3.459725365e+00  9.95074e-04  9.25642e-04  3.65185e-04  1.10669e-18  6.16511e-07
3.461887693e+00  9.96420e-04  9.26676e-04  3.66230e-04  1.13800e-18  6.18677e-07
3.464051373e+00  9.94783e-04  9.25266e-04  3.65344e-04  1.16401e-18  6.17584e-07
3.466216405e+00  9.98313e-04  9.28088e-04  3.67806e-04  1.20152e-18  6.22155e-07
3.468382791e+00  9.97029e-04  9.26967e-04  3.67148e-04  1.22972e-18  6.21455e-07
3.470550530e+00  9.96414e-04  9.26395e-04  3.66924e-04  1.26005e-18  6.21494e-07
3.472719624e+00  1.00021e-03  9.29435e-04  3.69566e-04  1.30120e-18  6.26395e-07
3.474890074e+00  9.97552e-04  9.27188e-04  3.68012e-04  1.32845e-18  6.24187e-07
3.477061880e+00  9.98659e-04  9.28023e-04  3.68906e-04  1.36528e-18  6.26135e-07
3.479235044e+00  9.99068e-04  9.28289e-04  3.69347e-04  1.40139e-18  6.27322e-07
3.481409566e+00  1.00200e-03  9.30615e-04  3.71432e-04  1.44483e-18  6.31307e-07
3.483585447e+00  1.00048e-03  9.29300e-04  3.70616e-04  1.47796e-18  6.30366e-07
3.485762687e+00  1.00248e-03  9.30861e-04  3.72094e-04  1.52121e-18  6.33333e-07
3.487941289e+00  1.00238e-03  9.30715e-04  3.72209e-04  1.55996e-18  6.33988e-07
3.490121252e+00  1.00254e-03  9.30771e-04  3.72487e-04  1.60037e-18  6.34923e-07
3.492302578e+00  1.00631e-03  9.33772e-04  3.75127e-04  1.65220e-18  6.39892e-07
3.494485267e+00  1.00542e-03  9.32981e-04  3.74726e-04  1.69187e-18  6.39682e-07
3.496669321e+00  1.00422e-03  9.31929e-04  3.74115e-04  1.73149e-18  6.39117e-07
3.498854739e+00  1.00699e-03  9.34116e-04  3.76108e-04  1.78436e-18  6.43006e-07
3.501041523e+00  1.00960e-03  9.36169e-04  3.77999e-04  1.83826e-18  6.46730e-07
3.503229674e+00  1.00988e-03  9.36322e-04  3.78359e-04  1.88609e-18  6.47843e-07
3.505419193e+00  1.00666e-03  9.33634e-04  3.76425e-04  1.92340e-18  6.45029e-07
3.507610080e+00  1.00742e-03  9.34178e-04  3.77100e-04  1.97503e-18  6.46688e-07
3.509802336e+00  1.01023e-03  9.36387e-04  3.79122e-04  2.03525e-18  6.50667e-07
3.511995962e+00  1.01163e-03  9.37459e-04  3.80228e-04  2.09216e-18  6.53082e-07
3.514190960e+00  1.01096e-03  9.36837e-04  3.79960e-04  2.14287e-18  6.53144e-07
3.516387329e+00  1.01176e-03  9.37416e-04  3.80668e-04  2.20041e-18  6.54888e-07
3.518585071e+00  1.01220e-03  9.37699e-04  3.81136e-04  2.25802e-18  6.56224e-07
3.520784187e+00  1.01221e-03  9.37640e-04  3.81326e-04  2.31542e-18  6.57088e-07
3.522984677e+00  1.01760e-03  9.41931e-04  3.85065e-04  2.39632e-18  6.64077e-07
3.525186543e+00  1.01240e-03  9.37642e-04  3.81805e-04  2.43514e-18  6.59003e-07
3.527389784e+00  1.01511e-03  9.39764e-04  3.83775e-04  2.50856e-18  6.62957e-07
3.529594403e+00  1.01479e-03  9.39438e-04  3.83748e-04  2.57069e-18  6.63469e-07
3.531800399e+00  1.01581e-03  9.40183e-04  3.84597e-04  2.64035e-18  6.65504e-07
3.534007775e+00  1.01674e-03  9.40866e-04  3.85397e-04  2.71148e-18  6.67458e-07
3.536216529e+00  1.01696e-03  9.40970e-04  3.85723e-04  2.78106e-18  6.68600e-07
3.538426665e+00  1.02114e-03  9.44274e-04  3.88679e-04  2.87182e-18  6.74309e-07
3.540638181e+00  1.02022e-03  9.43459e-04  3.88251e-04  2.93969e-18  6.74158e-07
3.542851080e+00  1.02038e-03  9.43512e-04  3.88538e-04  3.01466e-18  6.75250e-07
3.545065362e+00  1.01975e-03  9.42926e-04  3.88298e-04  3.08730e-18  6.75433e-07
3.547281028e+00  1.01815e-03  9.41565e-04  3.87419e-04  3.15644e-18  6.74508e-07
3.549498079e+00  1.02036e-03  9.43267e-04  3.89064e-04  3.24813e-18  6.77984e-07
3.551716515e+00  1.01967e-03  9.42643e-04  3.88792e-04  3.32597e-18  6.78125e-07
3.553936338e+00  1.01994e-03  9.42779e-04  3.89148e-04  3.41112e-18  6.79367e-07
3.556157548e+00  1.02229e-03  9.44602e-04  3.90898e-04  3.51092e-18  6.83052e-07
3.558380146e+00  1.02343e-03  9.45445e-04  3.91841e-04  3.60608e-18  6.85334e-07
3.560604134e+00  1.02479e-03  9.46470e-04  3.92936e-04  3.70517e-18  6.87893e-07
3.562829512e+00  1.02260e-03  9.44625e-04  3.91651e-04  3.78390e-18  6.86287e-07
3.565056280e+00  1.02319e-03  9.45024e-04  3.92227e-04  3.88262e-18  6.87948e-07
3.567284440e+00  1.02355e-03  9.45243e-04  3.92653e-04  3.98234e-18  6.89354e-07
3.569513993e+00  1.02582e-03  9.46993e-04  3.94355e-04  4.09779e-18  6.93007e-07
3.571744939e+00  1.02639e-03  9.47371e-04  3.94917e-04  4.20431e-18  6.94665e-07
3.573977280e+00  1.02695e-03  9.47748e-04  3.95478e-04  4.31352e-18  6.96330e-07
3.576211016e+00  1.02726e-03  9.47921e-04  3.95870e-04  4.42359e-18  6.97703e-07
3.578446148e+00  1.03153e-03  9.51274e-04  3.98925e-04  4.56689e-18  7.03782e-07
3.580682676e+00  1.02881e-03  9.49014e-04  3.97279e-04  4.65934e-18  7.01575e-07
3.582920603e+00  1.03236e-03  9.51782e-04  3.99850e-04  4.80418e-18  7.06821e-07
3.585159928e+00  1.02887e-03  9.48905e-04  3.97685e-04  4.89494e-18  7.03702e-07
3.587400653e+00  1.03011e-03  9.49824e-04  3.98704e-04  5.02733e-18  7.06220e-07
3.589642779e+00  1.03159e-03  9.50931e-04  3.99884e-04  5.16527e-18  7.09033e-07
3.591886306e+00  1.03242e-03  9.51521e-04  4.00630e-04  5.30114e-18  7.11085e-07
3.594131234e+00  1.03153e-03  9.50731e-04  4.00216e-04  5.42473e-18  7.11084e-07
3.596377566e+00  1.03423e-03  9.52808e-04  4.02218e-04  5.58466e-18  7.15383e-07
3.598625302e+00  1.03249e-03  9.51340e-04  4.01229e-04  5.70655e-18  7.14372e-07
3.600874443e+00  1.03361e-03  9.52156e-04  4.02169e-04  5.85907e-18  7.16799e-07
3.603124990e+00  1.03410e-03  9.52476e-04  4.02691e-04  6.00930e-18  7.18490e-07
3.605376943e+00  1.03627e-03  9.54129e-04  4.04343e-04  6.18054e-18  7.22207e-07
3.607630304e+00  1.03552e-03  9.53452e-04  4.04022e-04  6.32557e-18  7.22407e-07
3.609885072e+00  1.03576e-03  9.53560e-04  4.04366e-04  6.48456e-18  7.23802e-07
3.612141251e+00  1.03641e-03  9.54000e-04  4.04992e-04  6.65208e-18  7.25710e-07
3.614398839e+00  1.03785e-03  9.55075e-04  4.06159e-04  6.83288e-18  7.28595e-07
3.616657838e+00  1.03776e-03  9.54924e-04  4.06284e-04  7.00051e-18  7.29622e-07
3.618918249e+00  1.03857e-03  9.55493e-04  4.07023e-04  7.18295e-18  7.31756e-07
3.621180073e+00  1.03899e-03  9.55748e-04  4.07495e-04  7.36519e-18  7.33419e-07
3.623443311e+00  1.04302e-03  9.58880e-04  4.10426e-04  7.59744e-18  7.39520e-07
3.625707963e+00  1.04061e-03  9.56878e-04  4.08969e-04  7.75332e-18  7.37725e-07
3.627974030e+00  1.04099e-03  9.57097e-04  4.09412e-04  7.94904e-18  7.39359e-07
3.630241514e+00  1.04550e-03  9.60605e-04  4.12677e-04  8.20569e-18  7.46103e-07
3.632510415e+00  1.04297e-03  9.58517e-04  4.11142e-04  8.37222e-18  7.44178e-07
3.634780734e+00  1.04461e-03  9.59738e-04  4.12448e-04  8.60113e-18  7.47402e-07
3.637052472e+00  1.04537e-03  9.60264e-04  4.13157e-04  8.82333e-18  7.49555e-07
3.639325630e+00  1.04998e-03  9.63840e-04  4.16500e-04  9.10870e-18  7.56499e-07
3.641600208e+00  1.05782e-03  9.69963e-04  4.22073e-04  9.45247e-18  7.67518e-07
3.643876208e+00  1.04871e-03  9.62670e-04  4.16010e-04  9.54052e-18  7.57383e-07
3.646153631e+00  1.04754e-03  9.61658e-04  4.15395e-04  9.75514e-18  7.57159e-07
3.648432477e+00  1.04903e-03  9.62758e-04  4.16606e-04  1.00183e-17  7.60271e-07
3.650712747e+00  1.04874e-03  9.62448e-04  4.16598e-04  1.02583e-17  7.61166e-07
3.652994443e+00  1.04896e-03  9.62536e-04  4.16934e-04  1.05126e-17  7.62697e-07
3.655277564e+00  1.04900e-03  9.62487e-04  4.17153e-04  1.07700e-17  7.64019e-07
3.657562113e+00  1.05482e-03  9.67012e-04  4.21348e-04  1.11386e-17  7.72641e-07
3.659848089e+00  1.05507e-03  9.67130e-04  4.21713e-04  1.14149e-17  7.74257e-07
3.662135494e+00  1.05272e-03  9.65188e-04  4.20285e-04  1.16481e-17  7.72582e-07
3.664424329e+00  1.05288e-03  9.65229e-04  4.20583e-04  1.19348e-17  7.74086e-07
3.666714594e+00  1.05493e-03  9.66768e-04  4.22189e-04  1.22663e-17  7.78007e-07
3.669006291e+00  1.05442e-03  9.66280e-04  4.22027e-04  1.25540e-17  7.78679e-07
3.671299420e+00  1.06117e-03  9.71520e-04  4.26882e-04  1.30011e-17  7.88626e-07
3.673593982e+00  1.05442e-03  9.66111e-04  4.22406e-04  1.31713e-17  7.81342e-07
3.675889978e+00  1.05577e-03  9.67096e-04  4.23533e-04  1.35208e-17  7.84419e-07
3.678187409e+00  1.07836e-03  9.84769e-04  4.39428e-04  1.43619e-17  8.14895e-07
3.680486276e+00  1.05918e-03  9.69613e-04  4.26272e-04  1.42632e-17  7.91511e-07
3.682786580e+00  1.07862e-03  9.84793e-04  4.39999e-04  1.50722e-17  8.18050e-07
3.685088322e+00  1.05845e-03  9.68870e-04  4.26151e-04  1.49445e-17  7.93329e-07
3.687391502e+00  1.05874e-03  9.69015e-04  4.26546e-04  1.53132e-17  7.95095e-07
3.689696122e+00  1.05893e-03  9.69081e-04  4.26870e-04  1.56882e-17  7.96739e-07
3.692002182e+00  1.06031e-03  9.70080e-04  4.28018e-04  1.61032e-17  7.99931e-07
3.694309683e+00  1.06130e-03  9.70777e-04  4.28901e-04  1.65185e-17  8.02638e-07
3.696618627e+00  1.06806e-03  9.75997e-04  4.33797e-04  1.71024e-17  8.12876e-07
3.698929013e+00  1.07998e-03  9.85239e-04  4.42328e-04  1.78511e-17  8.29965e-07
3.701240844e+00  1.06314e-03  9.71962e-04  4.30756e-04  1.77950e-17  8.09333e-07
3.703554120e+00  1.06321e-03  9.71935e-04  4.31000e-04  1.82256e-17  8.10881e-07
3.705868841e+00  1.06562e-03  9.73742e-04  4.32875e-04  1.87369e-17  8.15508e-07
3.708185009e+00  1.06814e-03  9.75630e-04  4.34827e-04  1.92653e-17  8.20296e-07
3.710502625e+00  1.06598e-03  9.73849e-04  4.33512e-04  1.96598e-17  8.18930e-07
3.712821689e+00  1.06705e-03  9.74599e-04  4.34451e-04  2.01665e-17  8.21828e-07
3.715142202e+00  1.07623e-03  9.81695e-04  4.41076e-04  2.09560e-17  8.35507e-07
3.717464166e+00  1.06880e-03  9.75800e-04  4.36067e-04  2.12054e-17  8.27160e-07
3.719787581e+00  1.06935e-03  9.76137e-04  4.36641e-04  2.17325e-17  8.29398e-07
3.722112449e+00  1.07193e-03  9.78071e-04  4.38647e-04  2.23452e-17  8.34371e-07
3.724438769e+00  1.07178e-03  9.77869e-04  4.38740e-04  2.28747e-17  8.35716e-07
3.726766543e+00  1.07028e-03  9.76608e-04  4.37883e-04  2.33657e-17  8.35256e-07
3.729095772e+00  1.07197e-03  9.77838e-04  4.39261e-04  2.39888e-17  8.39068e-07
3.731426457e+00  1.07211e-03  9.77858e-04  4.39553e-04  2.45672e-17  8.40818e-07
3.733758599e+00  1.07363e-03  9.78955e-04  4.40816e-04  2.52147e-17  8.44434e-07
3.736092198e+00  1.07675e-03  9.81302e-04  4.43208e-04  2.59448e-17  8.50232e-07
3.738427255e+00  1.08124e-03  9.84713e-04  4.46574e-04  2.67532e-17  8.57919e-07
3.740763772e+00  1.09394e-03  9.94479e-04  4.55760e-04  2.79417e-17  8.76831e-07
3.743101750e+00  1.07992e-03  9.83507e-04  4.46037e-04  2.79842e-17  8.59369e-07
3.745441188e+00  1.08890e-03  9.90385e-04  4.52581e-04  2.90575e-17  8.73245e-07
3.747782089e+00  1.07734e-03  9.81316e-04  4.44608e-04  2.92114e-17  8.59116e-07
3.750124453e+00  1.07808e-03  9.81803e-04  4.45327e-04  2.99407e-17  8.61768e-07
3.752468281e+00  1.07933e-03  9.82687e-04  4.46408e-04  3.07125e-17  8.65132e-07
3.754813573e+00  1.07869e-03  9.82102e-04  4.46156e-04  3.14096e-17  8.65922e-07
3.757160332e+00  1.07943e-03  9.82588e-04  4.46877e-04  3.21922e-17  8.68609e-07
3.759508557e+00  1.08009e-03  9.83009e-04  4.47539e-04  3.29895e-17  8.71195e-07
3.761858250e+00  1.08283e-03  9.85041e-04  4.49672e-04  3.39168e-17  8.76657e-07
3.764209411e+00  1.08148e-03  9.83910e-04  4.48920e-04  3.46462e-17  8.76507e-07
3.766562042e+00  1.08257e-03  9.84662e-04  4.49888e-04  3.55265e-17  8.79722e-07
3.768916143e+00  1.08470e-03  9.86223e-04  4.51597e-04  3.64884e-17  8.84403e-07
3.771271716e+00  1.08436e-03  9.85865e-04  4.51552e-04  3.73301e-17  8.85659e-07
3.773628761e+00  1.08524e-03  9.86455e-04  4.52375e-04  3.82642e-17  8.88628e-07
3.775987279e+00  1.08580e-03  9.86802e-04  4.52977e-04  3.92017e-17  8.91173e-07
3.778347271e+00  1.08697e-03  9.87616e-04  4.54008e-04  4.01996e-17  8.94576e-07
3.780708738e+00  1.08767e-03  9.88063e-04  4.54703e-04  4.11915e-17  8.97328e-07
3.783071681e+00  1.08897e-03  9.88977e-04  4.55829e-04  4.22473e-17  9.00945e-07
3.785436101e+00  1.08858e-03  9.88582e-04  4.55749e-04  4.32148e-17  9.02189e-07
3.787801998e+00  1.08918e-03  9.88954e-04  4.56378e-04  4.42725e-17  9.04844e-07
3.790169374e+00  1.08960e-03  9.89184e-04  4.56876e-04  4.53424e-17  9.07251e-07
3.792538230e+00  1.09042e-03  9.89724e-04  4.57660e-04  4.64665e-17  9.10239e-07
3.794908567e+00  1.09159e-03  9.90541e-04  4.58702e-04  4.76444e-17  9.13752e-07
3.797280385e+00  1.09144e-03  9.90328e-04  4.58792e-04  4.87499e-17  9.15378e-07
3.799653685e+00  1.09286e-03  9.91331e-04  4.60009e-04  5.00030e-17  9.19267e-07
3.802028468e+00  1.09346e-03  9.91696e-04  4.60636e-04  5.12215e-17  9.21987e-07
3.804404736e+00  1.09360e-03  9.91711e-04  4.60937e-04  5.24318e-17  9.24068e-07
3.806782489e+00  1.09424e-03  9.92115e-04  4.61601e-04  5.37120e-17  9.26886e-07
3.809161728e+00  1.09523e-03  9.92781e-04  4.62510e-04  5.50518e-17  9.30209e-07
3.811542454e+00  1.09654e-03  9.93696e-04  4.63653e-04  5.64524e-17  9.34017e-07
3.813924668e+00  1.09695e-03  9.93917e-04  4.64149e-04  5.78068e-17  9.36533e-07
3.816308371e+00  1.09862e-03  9.95099e-04  4.65545e-04  5.93074e-17  9.40880e-07
3.818693564e+00  1.09898e-03  9.95287e-04  4.66011e-04  6.07245e-17  9.43363e-07
3.821080247e+00  1.09954e-03  9.95623e-04  4.66618e-04  6.21931e-17  9.46140e-07
3.823468423e+00  1.10035e-03  9.96142e-04  4.67396e-04  6.37197e-17  9.49278e-07
3.825858090e+00  1.10040e-03  9.96087e-04  4.67636e-04  6.52074e-17  9.51334e-07
3.828249252e+00  1.10161e-03  9.96923e-04  4.68714e-04  6.68485e-17  9.55106e-07
3.830641907e+00  1.10187e-03  9.97027e-04  4.69105e-04  6.84292e-17  9.57491e-07
3.833036059e+00  1.10268e-03  9.97552e-04  4.69893e-04  7.01055e-17  9.60699e-07
3.835431706e+00  1.10813e-03  1.00162e-03  4.74033e-04  7.23330e-17  9.70784e-07
3.837828851e+00  1.10571e-03  9.99678e-04  4.72488e-04  7.37374e-17  9.69244e-07
3.840227494e+00  1.10596e-03  9.99768e-04  4.72868e-04  7.54744e-17  9.71656e-07
3.842627636e+00  1.10696e-03  1.00044e-03  4.73801e-04  7.73412e-17  9.75216e-07
3.845029278e+00  1.10766e-03  1.00087e-03  4.74507e-04  7.92152e-17  9.78325e-07
3.847432422e+00  1.10717e-03  1.00040e-03  4.74356e-04  8.09866e-17  9.79675e-07
3.849837067e+00  1.11006e-03  1.00251e-03  4.76658e-04  8.32248e-17  9.86107e-07
3.852243215e+00  1.11051e-03  1.00276e-03  4.77192e-04  8.52060e-17  9.88900e-07
3.854650867e+00  1.11266e-03  1.00430e-03  4.78955e-04  8.74573e-17  9.94255e-07
3.857060024e+00  1.11390e-03  1.00515e-03  4.80064e-04  8.96435e-17  9.98272e-07
3.859470686e+00  1.11264e-03  1.00409e-03  4.79351e-04  9.15346e-17  9.98509e-07
3.861882856e+00  1.11248e-03  1.00387e-03  4.79443e-04  9.36212e-17  1.00043e-06
3.864296532e+00  1.12403e-03  1.01254e-03  4.88067e-04  9.74575e-17  1.02019e-06
3.866711718e+00  1.17949e-03  1.05408e-03  5.29263e-04  1.08069e-16  1.10823e-06
3.869128413e+00  1.13058e-03  1.01729e-03  4.93275e-04  1.02992e-16  1.03467e-06
3.871546618e+00  1.12808e-03  1.01531e-03  4.91657e-04  1.04968e-16  1.03309e-06
3.873966334e+00  1.13079e-03  1.01725e-03  4.93851e-04  1.07812e-16  1.03952e-06
3.876387563e+00  1.11839e-03  1.00776e-03  4.84984e-04  1.08259e-16  1.02265e-06
3.878810306e+00  1.12340e-03  1.01146e-03  4.88853e-04  1.11578e-16  1.03263e-06
3.881234562e+00  1.12981e-03  1.01620e-03  4.93761e-04  1.15231e-16  1.04484e-06
3.883660334e+00  1.12968e-03  1.01600e-03  4.93873e-04  1.17847e-16  1.04693e-06
3.886087621e+00  1.12687e-03  1.01378e-03  4.92021e-04  1.20041e-16  1.04486e-06
3.888516426e+00  1.15157e-03  1.03226e-03  5.10445e-04  1.27330e-16  1.08592e-06
3.890946749e+00  1.13861e-03  1.02242e-03  5.01075e-04  1.27795e-16  1.06790e-06
3.893378591e+00  1.13527e-03  1.01981e-03  4.98823e-04  1.30071e-16  1.06501e-06
3.895811952e+00  1.13735e-03  1.02127e-03  5.00572e-04  1.33450e-16  1.07067e-06
3.898246835e+00  1.14334e-03  1.02567e-03  5.05204e-04  1.37699e-16  1.08252e-06
3.900683239e+00  1.13703e-03  1.02082e-03  5.00757e-04  1.39539e-16  1.07493e-06
3.903121166e+00  1.13144e-03  1.01651e-03  4.96846e-04  1.41543e-16  1.06847e-06
3.905560617e+00  1.13870e-03  1.02187e-03  5.02412e-04  1.46325e-16  1.08241e-06
3.908001592e+00  1.13148e-03  1.01634e-03  4.97297e-04  1.48068e-16  1.07334e-06
3.910444093e+00  1.15488e-03  1.03378e-03  5.14833e-04  1.56708e-16  1.11322e-06
3.912888121e+00  1.14383e-03  1.02541e-03  5.06844e-04  1.57715e-16  1.09795e-06
3.915333676e+00  1.12982e-03  1.01478e-03  4.96703e-04  1.58002e-16  1.07796e-06
3.917780759e+00  1.13200e-03  1.01632e-03  4.98524e-04  1.62111e-16  1.08391e-06
3.920229372e+00  1.13110e-03  1.01554e-03  4.98070e-04  1.65567e-16  1.08492e-06
3.922679516e+00  1.13271e-03  1.01664e-03  4.99466e-04  1.69721e-16  1.08997e-06
3.925131190e+00  1.13430e-03  1.01774e-03  5.00854e-04  1.73974e-16  1.09503e-06
3.927584397e+00  1.13536e-03  1.01843e-03  5.01849e-04  1.78190e-16  1.09925e-06
3.930039138e+00  1.13570e-03  1.01858e-03  5.02309e-04  1.82310e-16  1.10230e-06
3.932495412e+00  1.13874e-03  1.02075e-03  5.04768e-04  1.87265e-16  1.10977e-06
3.934953222e+00  1.14184e-03  1.02297e-03  5.07281e-04  1.92367e-16  1.11738e-06
3.937412567e+00  1.13713e-03  1.01934e-03  5.04002e-04  1.95355e-16  1.11225e-06
3.939873450e+00  1.13673e-03  1.01893e-03  5.03913e-04  1.99643e-16  1.11414e-06
3.942335871e+00  1.13980e-03  1.02112e-03  5.06401e-04  2.05065e-16  1.12176e-06
3.944799831e+00  1.14221e-03  1.02283e-03  5.08409e-04  2.10428e-16  1.12833e-06
3.947265331e+00  1.13938e-03  1.02060e-03  5.06516e-04  2.14275e-16  1.12626e-06
3.949732372e+00  1.14369e-03  1.02372e-03  5.09933e-04  2.20481e-16  1.13601e-06
3.952200955e+00  1.14816e-03  1.02695e-03  5.13477e-04  2.26910e-16  1.14608e-06
3.954671080e+00  1.14115e-03  1.02161e-03  5.08469e-04  2.29649e-16  1.13707e-06
3.957142750e+00  1.14205e-03  1.02217e-03  5.09347e-04  2.35113e-16  1.14121e-06
3.959615964e+00  1.14518e-03  1.02440e-03  5.11890e-04  2.41488e-16  1.14911e-06
3.962090724e+00  1.14388e-03  1.02333e-03  5.11142e-04  2.46439e-16  1.14963e-06
3.964567031e+00  1.14532e-03  1.02430e-03  5.12427e-04  2.52490e-16  1.15474e-06
3.967044885e+00  1.14805e-03  1.02622e-03  5.14674e-04  2.59168e-16  1.16204e-06
3.969524288e+00  1.16715e-03  1.04028e-03  5.29205e-04  2.72335e-16  1.19715e-06
3.972005241e+00  1.14760e-03  1.02567e-03  5.14765e-04  2.70716e-16  1.16674e-06
3.974487744e+00  1.16362e-03  1.03744e-03  5.26982e-04  2.83217e-16  1.19675e-06
3.976971799e+00  1.14998e-03  1.02723e-03  5.16975e-04  2.83927e-16  1.17630e-06
3.979457406e+00  1.17065e-03  1.04242e-03  5.32716e-04  2.98978e-16  1.21448e-06
3.981944567e+00  1.16034e-03  1.03469e-03  5.25169e-04  3.01192e-16  1.19961e-06
3.984433282e+00  1.16284e-03  1.03643e-03  5.27270e-04  3.09010e-16  1.20677e-06
3.986923553e+00  1.17630e-03  1.04624e-03  5.37637e-04  3.21971e-16  1.23291e-06
3.989415380e+00  1.17074e-03  1.04203e-03  5.33652e-04  3.26564e-16  1.22617e-06
3.991908765e+00  1.16106e-03  1.03478e-03  5.26576e-04  3.29266e-16  1.21229e-06
3.994403708e+00  1.16128e-03  1.03484e-03  5.26964e-04  3.36695e-16  1.21558e-06
3.996900210e+00  1.16477e-03  1.03730e-03  5.29810e-04  3.45891e-16  1.22456e-06
3.999398273e+00  1.17775e-03  1.04675e-03  5.39836e-04  3.60113e-16  1.25020e-06
4.001897897e+00  1.16715e-03  1.03883e-03  5.32039e-04  3.62637e-16  1.23458e-06
4.004399083e+00  1.16195e-03  1.03489e-03  5.28332e-04  3.67944e-16  1.22842e-06
4.006901832e+00  1.16367e-03  1.03605e-03  5.29848e-04  3.77021e-16  1.23439e-06
4.009406146e+00  1.16173e-03  1.03450e-03  5.28598e-04  3.84302e-16  1.23394e-06
4.011912025e+00  1.16322e-03  1.03549e-03  5.29940e-04  3.93642e-16  1.23954e-06
4.014419470e+00  1.16870e-03  1.03942e-03  5.34301e-04  4.05492e-16  1.25224e-06
4.016928482e+00  1.16984e-03  1.04014e-03  5.35384e-04  4.15122e-16  1.25729e-06
4.019439062e+00  1.16668e-03  1.03770e-03  5.33209e-04  4.22394e-16  1.25470e-06
4.021951212e+00  1.16657e-03  1.03751e-03  5.33341e-04  4.31646e-16  1.25753e-06
4.024464931e+00  1.16524e-03  1.03642e-03  5.32556e-04  4.40337e-16  1.25821e-06
4.026980222e+00  1.16743e-03  1.03792e-03  5.34431e-04  4.51443e-16  1.26519e-06
4.029497085e+00  1.16558e-03  1.03644e-03  5.33246e-04  4.60176e-16  1.26494e-06
4.032015520e+00  1.16845e-03  1.03844e-03  5.35636e-04  4.72220e-16  1.27318e-06
4.034535530e+00  1.17309e-03  1.04174e-03  5.39380e-04  4.85782e-16  1.28468e-06
4.037057115e+00  1.16970e-03  1.03914e-03  5.37028e-04  4.94095e-16  1.28168e-06
4.039580275e+00  1.17303e-03  1.04146e-03  5.39770e-04  5.07321e-16  1.29084e-06
4.042105013e+00  1.17067e-03  1.03962e-03  5.38197e-04  5.16739e-16  1.28971e-06
4.044631329e+00  1.18493e-03  1.04993e-03  5.49272e-04  5.38722e-16  1.31893e-06
4.047159223e+00  1.17398e-03  1.04182e-03  5.41152e-04  5.42176e-16  1.30209e-06
4.049688698e+00  1.18565e-03  1.05023e-03  5.50268e-04  5.63159e-16  1.32674e-06
4.052219753e+00  1.24124e-03  1.09023e-03  5.93354e-04  6.20299e-16  1.43356e-06
4.054752391e+00  1.18916e-03  1.05255e-03  5.53390e-04  5.90940e-16  1.33975e-06
4.057286611e+00  1.17871e-03  1.04481e-03  5.45631e-04  5.95154e-16  1.32368e-06
4.059822415e+00  1.19537e-03  1.05682e-03  5.58592e-04  6.22354e-16  1.35792e-06
4.062359804e+00  1.17872e-03  1.04459e-03  5.46078e-04  6.21446e-16  1.33024e-06
4.064898779e+00  1.18405e-03  1.04836e-03  5.50372e-04  6.39744e-16  1.34347e-06
4.067439341e+00  1.18067e-03  1.04578e-03  5.48011e-04  6.50629e-16  1.34048e-06
4.069981490e+00  1.18575e-03  1.04937e-03  5.52118e-04  6.69521e-16  1.35332e-06
4.072525229e+00  1.18032e-03  1.04530e-03  5.48189e-04  6.78962e-16  1.34648e-06
4.075070557e+00  1.18151e-03  1.04604e-03  5.49314e-04  6.94883e-16  1.35205e-06
4.077617476e+00  1.18221e-03  1.04644e-03  5.50071e-04  7.10691e-16  1.35673e-06
4.080165987e+00  1.18563e-03  1.04881e-03  5.52911e-04  7.29594e-16  1.36658e-06
4.082716091e+00  1.18787e-03  1.05032e-03  5.54850e-04  7.47757e-16  1.37424e-06
4.085267788e+00  1.18505e-03  1.04815e-03  5.52910e-04  7.61012e-16  1.37230e-06
4.087821081e+00  1.19446e-03  1.05486e-03  5.60359e-04  7.87681e-16  1.39370e-06
4.090375969e+00  1.18681e-03  1.04920e-03  5.54705e-04  7.96317e-16  1.38253e-06
4.092932454e+00  1.18825e-03  1.05012e-03  5.56031e-04  8.15188e-16  1.38874e-06
4.095490536e+00  1.18793e-03  1.04978e-03  5.56014e-04  8.32479e-16  1.39162e-06
4.098050218e+00  1.18908e-03  1.05049e-03  5.57120e-04  8.51842e-16  1.39732e-06
4.100611499e+00  1.19241e-03  1.05278e-03  5.59902e-04  8.74257e-16  1.40726e-06
4.103174382e+00  1.19284e-03  1.05297e-03  5.60455e-04  8.93673e-16  1.41162e-06
4.105738866e+00  1.19203e-03  1.05227e-03  5.60058e-04  9.11960e-16  1.41360e-06
4.108304952e+00  1.19349e-03  1.05321e-03  5.61406e-04  9.33509e-16  1.42001e-06
4.110872643e+00  1.20649e-03  1.06245e-03  5.71662e-04  9.70675e-16  1.44901e-06
4.113441938e+00  1.19424e-03  1.05351e-03  5.62427e-04  9.75187e-16  1.42863e-06
4.116012840e+00  1.19501e-03  1.05395e-03  5.63248e-04  9.97246e-16  1.43375e-06
4.118585348e+00  1.19591e-03  1.05447e-03  5.64162e-04  1.01996e-15  1.43913e-06
4.121159463e+00  1.19672e-03  1.05494e-03  5.65017e-04  1.04306e-15  1.44438e-06
4.123735188e+00  1.19884e-03  1.05634e-03  5.66873e-04  1.06855e-15  1.45222e-06
4.126312523e+00  1.19851e-03  1.05599e-03  5.66848e-04  1.09102e-15  1.45525e-06
4.128891468e+00  1.19915e-03  1.05632e-03  5.67562e-04  1.11541e-15  1.46020e-06
4.131472025e+00  1.20013e-03  1.05691e-03  5.68547e-04  1.14086e-15  1.46586e-06
4.134054195e+00  1.20988e-03  1.06379e-03  5.76331e-04  1.18080e-15  1.48911e-06
4.136637979e+00  1.20564e-03  1.06062e-03  5.73264e-04  1.19921e-15  1.48436e-06
4.139223378e+00  1.20738e-03  1.06175e-03  5.74847e-04  1.22777e-15  1.49166e-06
4.141810392e+00  1.20410e-03  1.05927e-03  5.72522e-04  1.24848e-15  1.48882e-06
4.144399024e+00  1.21100e-03  1.06410e-03  5.78109e-04  1.28711e-15  1.50658e-06
4.146989273e+00  1.20832e-03  1.06206e-03  5.76254e-04  1.30987e-15  1.50498e-06
4.149581142e+00  1.20845e-03  1.06203e-03  5.76581e-04  1.33807e-15  1.50908e-06
4.152174630e+00  1.20861e-03  1.06202e-03  5.76929e-04  1.36691e-15  1.51325e-06
4.154769739e+00  1.20852e-03  1.06183e-03  5.77091e-04  1.39590e-15  1.51694e-06
4.157366470e+00  1.20909e-03  1.06212e-03  5.77760e-04  1.42674e-15  1.52198e-06
4.159964824e+00  1.21027e-03  1.06284e-03  5.78904e-04  1.45943e-15  1.52830e-06
4.162564802e+00  1.21127e-03  1.06343e-03  5.79913e-04  1.49251e-15  1.53428e-06
4.165166405e+00  1.21183e-03  1.06370e-03  5.80576e-04  1.52539e-15  1.53936e-06
4.167769634e+00  1.21661e-03  1.06699e-03  5.84529e-04  1.56780e-15  1.55321e-06
4.170374490e+00  1.21441e-03  1.06529e-03  5.83041e-04  1.59640e-15  1.55262e-06
4.172980974e+00  1.21546e-03  1.06592e-03  5.84091e-04  1.63258e-15  1.55880e-06
4.175589087e+00  1.21545e-03  1.06578e-03  5.84306e-04  1.66717e-15  1.56277e-06
4.178198830e+00  1.21831e-03  1.06769e-03  5.86770e-04  1.70902e-15  1.57278e-06
4.180810205e+00  1.22183e-03  1.07007e-03  5.89752e-04  1.75341e-15  1.58423e-06
4.183423211e+00  1.22548e-03  1.07253e-03  5.92841e-04  1.79921e-15  1.59600e-06
4.186037851e+00  1.21997e-03  1.06850e-03  5.88754e-04  1.82389e-15  1.58846e-06
4.188654124e+00  1.21956e-03  1.06808e-03  5.88668e-04  1.86145e-15  1.59170e-06
4.191272033e+00  1.23208e-03  1.07683e-03  5.98721e-04  1.93249e-15  1.62243e-06
4.193891578e+00  1.22219e-03  1.06969e-03  5.91181e-04  1.94768e-15  1.60551e-06
4.196512760e+00  1.22336e-03  1.07040e-03  5.92332e-04  1.99187e-15  1.61216e-06
4.199135581e+00  1.22630e-03  1.07235e-03  5.94869e-04  2.04179e-15  1.62262e-06
4.201760041e+00  1.24928e-03  1.08842e-03  6.13214e-04  2.14827e-15  1.67633e-06
4.204386141e+00  1.23222e-03  1.07628e-03  5.99984e-04  2.14535e-15  1.64377e-06
4.207013882e+00  1.25095e-03  1.08933e-03  6.15004e-04  2.24446e-15  1.68863e-06
4.209643266e+00  1.23303e-03  1.07660e-03  6.01086e-04  2.23894e-15  1.65405e-06
4.212274293e+00  1.22877e-03  1.07346e-03  5.97961e-04  2.27322e-15  1.64908e-06
4.214906964e+00  1.22880e-03  1.07335e-03  5.98218e-04  2.32106e-15  1.65343e-06
4.217541281e+00  1.23057e-03  1.07447e-03  5.99837e-04  2.37527e-15  1.66156e-06
4.220177244e+00  1.23119e-03  1.07478e-03  6.00562e-04  2.42709e-15  1.66725e-06
4.222814855e+00  1.23225e-03  1.07540e-03  6.01624e-04  2.48138e-15  1.67388e-06
4.225454114e+00  1.23294e-03  1.07576e-03  6.02405e-04  2.53567e-15  1.67977e-06
4.228095023e+00  1.23416e-03  1.07649e-03  6.03596e-04  2.59287e-15  1.68682e-06
4.230737582e+00  1.23481e-03  1.07681e-03  6.04343e-04  2.64936e-15  1.69264e-06
4.233381793e+00  1.23681e-03  1.07809e-03  6.06152e-04  2.71179e-15  1.70147e-06
4.236027657e+00  1.23667e-03  1.07786e-03  6.06275e-04  2.76794e-15  1.70560e-06
4.238675174e+00  1.23726e-03  1.07815e-03  6.06974e-04  2.82790e-15  1.71135e-06
4.241324346e+00  1.23927e-03  1.07942e-03  6.08794e-04  2.89445e-15  1.72030e-06
4.243975174e+00  1.23937e-03  1.07936e-03  6.09105e-04  2.95517e-15  1.72500e-06
4.246627659e+00  1.24192e-03  1.08102e-03  6.11360e-04  3.02675e-15  1.73524e-06
4.249281801e+00  1.24143e-03  1.08054e-03  6.11201e-04  3.08779e-15  1.73866e-06
4.251937602e+00  1.24454e-03  1.08259e-03  6.13902e-04  3.16475e-15  1.75023e-06
4.254595063e+00  1.24378e-03  1.08193e-03  6.13535e-04  3.22739e-15  1.75308e-06
4.257254185e+00  1.24451e-03  1.08231e-03  6.14349e-04  3.29757e-15  1.75933e-06
4.259914969e+00  1.24615e-03  1.08332e-03  6.15882e-04  3.37316e-15  1.76765e-06
4.262577416e+00  1.24608e-03  1.08314e-03  6.16062e-04  3.44285e-15  1.77212e-06
4.265241526e+00  1.24833e-03  1.08457e-03  6.18083e-04  3.52444e-15  1.78190e-06
4.267907302e+00  1.24852e-03  1.08457e-03  6.18467e-04  3.59835e-15  1.78700e-06
4.270574745e+00  1.24912e-03  1.08485e-03  6.19176e-04  3.67569e-15  1.79305e-06
4.273243854e+00  1.25055e-03  1.08572e-03  6.20555e-04  3.75870e-15  1.80107e-06
4.275914631e+00  1.25062e-03  1.08563e-03  6.20841e-04  3.83675e-15  1.80593e-06
4.278587078e+00  1.25164e-03  1.08621e-03  6.21887e-04  3.92116e-15  1.81303e-06
4.281261195e+00  1.25261e-03  1.08675e-03  6.22901e-04  4.00717e-15  1.82006e-06
4.283936983e+00  1.25349e-03  1.08723e-03  6.23837e-04  4.09448e-15  1.82688e-06
4.286614444e+00  1.25517e-03  1.08826e-03  6.25411e-04  4.18791e-15  1.83561e-06
4.289293578e+00  1.25587e-03  1.08861e-03  6.26203e-04  4.27803e-15  1.84206e-06
4.291974386e+00  1.25599e-03  1.08856e-03  6.26540e-04  4.36686e-15  1.84719e-06
4.294656870e+00  1.29151e-03  1.11292e-03  6.55297e-04  4.65957e-15  1.93632e-06
4.297341031e+00  1.28959e-03  1.11146e-03  6.53993e-04  4.74418e-15  1.93681e-06
4.300026869e+00  1.28154e-03  1.10579e-03  6.47739e-04  4.79362e-15  1.92261e-06
4.302714386e+00  1.27756e-03  1.10291e-03  6.44775e-04  4.86790e-15  1.91812e-06
4.305403582e+00  1.27578e-03  1.10155e-03  6.43582e-04  4.95679e-15  1.91888e-06
4.308094459e+00  1.27824e-03  1.10310e-03  6.45802e-04  5.07405e-15  1.92984e-06
4.310787018e+00  1.28318e-03  1.10635e-03  6.50020e-04  5.20996e-15  1.94683e-06
4.313481260e+00  1.27382e-03  1.09978e-03  6.42725e-04  5.25508e-15  1.92932e-06
4.316177186e+00  1.27461e-03  1.10019e-03  6.43603e-04  5.36801e-15  1.93632e-06
4.318874797e+00  1.28182e-03  1.10500e-03  6.49650e-04  5.52726e-15  1.95892e-06
4.321574093e+00  1.27707e-03  1.10160e-03  6.46057e-04  5.60701e-15  1.95249e-06
4.324275077e+00  1.27786e-03  1.10200e-03  6.46937e-04  5.72725e-15  1.95956e-06
4.326977749e+00  1.27842e-03  1.10224e-03  6.47626e-04  5.84827e-15  1.96609e-06
4.329682110e+00  1.28115e-03  1.10397e-03  6.50062e-04  5.98785e-15  1.97794e-06
4.332388162e+00  1.29773e-03  1.11516e-03  6.63723e-04  6.23605e-15  2.02408e-06
4.335095904e+00  1.28248e-03  1.10460e-03  6.51624e-04  6.24484e-15  1.99168e-06
4.337805339e+00  1.28265e-03  1.10458e-03  6.51997e-04  6.37333e-15  1.99733e-06
4.340516468e+00  1.28160e-03  1.10371e-03  6.51387e-04  6.49457e-15  1.99998e-06
4.343229290e+00  1.28071e-03  1.10297e-03  6.50912e-04  6.61939e-15  2.00305e-06
4.345943809e+00  1.28885e-03  1.10839e-03  6.57735e-04  6.82223e-15  2.02864e-06
4.348660023e+00  1.29233e-03  1.11062e-03  6.60798e-04  6.99065e-15  2.04270e-06
4.351377936e+00  1.33550e-03  1.13965e-03  6.96236e-04  7.51230e-15  2.15713e-06
4.354097547e+00  1.31212e-03  1.12375e-03  6.77368e-04  7.45424e-15  2.10344e-06
4.356818858e+00  1.31174e-03  1.12335e-03  6.77306e-04  7.60187e-15  2.10802e-06
4.359541870e+00  1.30635e-03  1.11956e-03  6.73160e-04  7.70557e-15  2.09987e-06
4.362266584e+00  1.29885e-03  1.11432e-03  6.67296e-04  7.79024e-15  2.08631e-06
4.364993000e+00  1.30817e-03  1.12050e-03  6.75132e-04  8.03823e-15  2.11560e-06
4.367721121e+00  1.31195e-03  1.12290e-03  6.78456e-04  8.23811e-15  2.13084e-06
4.370450947e+00  1.30370e-03  1.11717e-03  6.71971e-04  8.32119e-15  2.11528e-06
4.373182478e+00  1.30569e-03  1.11837e-03  6.73837e-04  8.50967e-15  2.12597e-06
4.375915717e+00  1.30596e-03  1.11841e-03  6.74307e-04  8.68427e-15  2.13229e-06
4.378650665e+00  1.31255e-03  1.12271e-03  6.79923e-04  8.92992e-15  2.15494e-06
4.381387321e+00  1.30929e-03  1.12037e-03  6.77512e-04  9.07425e-15  2.15219e-06
4.384125689e+00  1.30025e-03  1.11411e-03  6.70383e-04  9.15626e-15  2.13439e-06
4.386865767e+00  1.31714e-03  1.12536e-03  6.84415e-04  9.53256e-15  2.18402e-06
4.389607558e+00  1.31494e-03  1.12372e-03  6.82858e-04  9.69863e-15  2.18402e-06
4.392351063e+00  1.30432e-03  1.11642e-03  6.74432e-04  9.76793e-15  2.16198e-06
4.395096282e+00  1.31628e-03  1.12433e-03  6.84448e-04  1.01084e-14  2.19908e-06
4.397843218e+00  1.31114e-03  1.12072e-03  6.80485e-04  1.02479e-14  2.19134e-06
4.400591870e+00  1.30900e-03  1.11913e-03  6.78982e-04  1.04266e-14  2.19148e-06
4.403342239e+00  1.33143e-03  1.13403e-03  6.97617e-04  1.09235e-14  2.25676e-06
4.406094328e+00  1.33790e-03  1.13820e-03  7.03193e-04  1.12273e-14  2.27998e-06
4.408848137e+00  1.34481e-03  1.14264e-03  7.09138e-04  1.15447e-14  2.30450e-06
4.411603667e+00  1.34600e-03  1.14328e-03  7.10371e-04  1.17919e-14  2.31377e-06
4.414360920e+00  1.33127e-03  1.13331e-03  6.98477e-04  1.18220e-14  2.28022e-06
4.417119895e+00  1.33812e-03  1.13772e-03  7.04366e-04  1.21555e-14  2.30469e-06
4.419880595e+00  1.33320e-03  1.13429e-03  7.00560e-04  1.23267e-14  2.29747e-06
4.422643021e+00  1.32385e-03  1.12790e-03  6.93121e-04  1.24346e-14  2.27826e-06
4.425407172e+00  1.34390e-03  1.14111e-03  7.09891e-04  1.29848e-14  2.33871e-06
4.428173052e+00  1.32654e-03  1.12940e-03  6.95829e-04  1.29765e-14  2.29761e-06
4.430940660e+00  1.33817e-03  1.13699e-03  7.05652e-04  1.34169e-14  2.33537e-06
4.433709998e+00  1.34425e-03  1.14087e-03  7.10924e-04  1.37812e-14  2.35819e-06
4.436481067e+00  1.33180e-03  1.13244e-03  7.00902e-04  1.38521e-14  2.33025e-06
4.439253867e+00  1.33552e-03  1.13476e-03  7.04214e-04  1.41890e-14  2.34661e-06
4.442028401e+00  1.33143e-03  1.13189e-03  7.01089e-04  1.44015e-14  2.34154e-06
4.444804669e+00  1.34483e-03  1.14063e-03  7.12404e-04  1.49190e-14  2.38476e-06
4.447582672e+00  1.33359e-03  1.13302e-03  7.03365e-04  1.50164e-14  2.35988e-06
4.450362411e+00  1.34221e-03  1.13859e-03  7.10743e-04  1.54692e-14  2.39009e-06
4.453143887e+00  1.33805e-03  1.13567e-03  7.07553e-04  1.56991e-14  2.38479e-06
4.455927102e+00  1.34092e-03  1.13742e-03  7.10169e-04  1.60634e-14  2.39908e-06
4.458712057e+00  1.34344e-03  1.13893e-03  7.12509e-04  1.64292e-14  2.41249e-06
4.461498752e+00  1.35361e-03  1.14549e-03  7.21188e-04  1.69520e-14  2.44745e-06
4.464287189e+00  1.34672e-03  1.14078e-03  7.15720e-04  1.71497e-14  2.43445e-06
4.467077368e+00  1.38444e-03  1.16538e-03  7.47378e-04  1.82553e-14  2.54794e-06
4.469869291e+00  1.36562e-03  1.15290e-03  7.31924e-04  1.82241e-14  2.50096e-06
4.472662960e+00  1.35776e-03  1.14759e-03  7.25640e-04  1.84173e-14  2.48516e-06
4.475458374e+00  1.35974e-03  1.14873e-03  7.27542e-04  1.88227e-14  2.49737e-06
4.478255536e+00  1.35742e-03  1.14704e-03  7.25859e-04  1.91421e-14  2.49729e-06
4.481054445e+00  1.36367e-03  1.15099e-03  7.31318e-04  1.96585e-14  2.52182e-06
4.483855104e+00  1.36586e-03  1.15226e-03  7.33394e-04  2.00949e-14  2.53476e-06
4.486657514e+00  1.34659e-03  1.13944e-03  7.17619e-04  2.00419e-14  2.48591e-06
4.489461675e+00  1.37733e-03  1.15943e-03  7.43479e-04  2.11644e-14  2.58138e-06
4.492267588e+00  1.35683e-03  1.14586e-03  7.26633e-04  2.10833e-14  2.52866e-06
4.495075255e+00  1.36676e-03  1.15220e-03  7.35156e-04  2.17412e-14  2.56417e-06
4.497884677e+00  1.35416e-03  1.14379e-03  7.24912e-04  2.18507e-14  2.53422e-06
4.500695855e+00  1.37282e-03  1.15583e-03  7.40721e-04  2.27564e-14  2.59540e-06
4.503508790e+00  1.35184e-03  1.14195e-03  7.23482e-04  2.26539e-14  2.54080e-06
4.506323483e+00  1.40296e-03  1.17505e-03  7.66512e-04  2.44620e-14  2.69807e-06
4.509139935e+00  1.35937e-03  1.14656e-03  7.30253e-04  2.37521e-14  2.57632e-06
4.511958148e+00  1.37268e-03  1.15509e-03  7.41621e-04  2.45843e-14  2.62240e-06
4.514778122e+00  1.36204e-03  1.14799e-03  7.32989e-04  2.47638e-14  2.59780e-06
4.517599858e+00  1.36815e-03  1.15181e-03  7.38342e-04  2.54223e-14  2.62276e-06
4.520423358e+00  1.37130e-03  1.15370e-03  7.41227e-04  2.60100e-14  2.63902e-06
4.523248623e+00  1.37727e-03  1.15742e-03  7.46481e-04  2.66953e-14  2.66380e-06
4.526075653e+00  1.41164e-03  1.17944e-03  7.75642e-04  2.82683e-14  2.77419e-06
4.528904450e+00  1.37769e-03  1.15737e-03  7.47343e-04  2.77571e-14  2.67908e-06
4.531735016e+00  1.39733e-03  1.16990e-03  7.64096e-04  2.89209e-14  2.74540e-06
4.534567350e+00  1.37709e-03  1.15665e-03  7.47353e-04  2.88267e-14  2.69138e-06
4.537401455e+00  1.37881e-03  1.15760e-03  7.49050e-04  2.94429e-14  2.70365e-06
4.540237330e+00  1.38558e-03  1.16182e-03  7.54985e-04  3.02415e-14  2.73130e-06
4.543074979e+00  1.37866e-03  1.15717e-03  7.49429e-04  3.05903e-14  2.71739e-06
4.545914401e+00  1.40494e-03  1.17396e-03  7.71808e-04  3.21031e-14  2.80493e-06
4.548755597e+00  1.37954e-03  1.15741e-03  7.50680e-04  3.18178e-14  2.73438e-06
4.551598569e+00  1.39893e-03  1.16976e-03  7.67254e-04  3.31381e-14  2.80113e-06
4.554443319e+00  1.37277e-03  1.15270e-03  7.45504e-04  3.28100e-14  2.72794e-06
4.557289846e+00  1.39260e-03  1.16534e-03  7.62430e-04  3.41916e-14  2.79624e-06
4.560138152e+00  1.38053e-03  1.15739e-03  7.52531e-04  3.43875e-14  2.76624e-06
4.562988238e+00  1.39760e-03  1.16822e-03  7.67162e-04  3.57203e-14  2.82646e-06
4.565840106e+00  1.39361e-03  1.16549e-03  7.64048e-04  3.62489e-14  2.82141e-06
4.568693756e+00  1.39783e-03  1.16803e-03  7.67866e-04  3.71193e-14  2.84198e-06
4.571549189e+00  1.38182e-03  1.15756e-03  7.54630e-04  3.71693e-14  2.79936e-06
4.574406408e+00  1.41862e-03  1.18098e-03  7.85971e-04  3.94446e-14  2.92227e-06
4.577265412e+00  1.38311e-03  1.15806e-03  7.56233e-04  3.86689e-14  2.81812e-06
4.580126203e+00  1.40134e-03  1.16960e-03  7.71861e-04  4.02128e-14  2.88292e-06
4.582988781e+00  1.40007e-03  1.16862e-03  7.71044e-04  4.09279e-14  2.88643e-06
4.585853149e+00  1.41039e-03  1.17504e-03  7.80033e-04  4.21854e-14  2.92674e-06
4.588719308e+00  1.43479e-03  1.19037e-03  8.01019e-04  4.41363e-14  3.01233e-06
4.591587257e+00  1.38784e-03  1.16027e-03  7.61489e-04  4.27479e-14  2.87020e-06
4.594456999e+00  1.42507e-03  1.18386e-03  7.93274e-04  4.53699e-14  2.99682e-06
4.597328535e+00  1.40122e-03  1.16850e-03  7.73305e-04  4.50592e-14  2.92804e-06
4.600201865e+00  1.40339e-03  1.16972e-03  7.75402e-04  4.60301e-14  2.94267e-06
4.603076991e+00  1.43196e-03  1.18770e-03  7.99920e-04  4.83770e-14  3.04263e-06
4.605953914e+00  1.39322e-03  1.16288e-03  7.67317e-04  4.72757e-14  2.92526e-06
4.608832636e+00  1.44371e-03  1.19475e-03  8.10460e-04  5.08700e-14  3.09677e-06
4.611713156e+00  1.39662e-03  1.16472e-03  7.70704e-04  4.92810e-14  2.95156e-06
4.614595477e+00  1.41868e-03  1.17859e-03  7.89664e-04  5.14387e-14  3.03106e-06
4.617479599e+00  1.42857e-03  1.18467e-03  7.98340e-04  5.29768e-14  3.07133e-06
4.620365524e+00  1.42851e-03  1.18446e-03  7.98547e-04  5.39814e-14  3.07912e-06
4.623253252e+00  1.40780e-03  1.17116e-03  7.81204e-04  5.37958e-14  3.01909e-06
4.626142785e+00  1.43352e-03  1.18727e-03  8.03349e-04  5.63537e-14  3.11173e-06
4.629034125e+00  1.41703e-03  1.17667e-03  7.89562e-04  5.64202e-14  3.06528e-06
4.631927271e+00  1.42151e-03  1.17933e-03  7.93635e-04  5.77688e-14  3.08810e-06
4.634822226e+00  1.40479e-03  1.16856e-03  7.79685e-04  5.78110e-14  3.04071e-06
4.637718989e+00  1.42476e-03  1.18104e-03  7.96923e-04  6.01896e-14  3.11500e-06
4.640617564e+00  1.41905e-03  1.17726e-03  7.92323e-04  6.09559e-14  3.10405e-06
4.643517950e+00  1.43123e-03  1.18476e-03  8.02963e-04  6.29234e-14  3.15287e-06
4.646420148e+00  1.41931e-03  1.17707e-03  7.93060e-04  6.33025e-14  3.12106e-06
4.649324161e+00  1.45640e-03  1.20018e-03  8.25023e-04  6.70771e-14  3.25422e-06
4.652229989e+00  1.45113e-03  1.19671e-03  8.20773e-04  6.79701e-14  3.24479e-06
4.655137632e+00  1.43490e-03  1.18636e-03  8.07144e-04  6.80814e-14  3.19815e-06
4.658047093e+00  1.42602e-03  1.18060e-03  7.99821e-04  6.87143e-14  3.17632e-06
4.660958373e+00  1.44794e-03  1.19417e-03  8.18826e-04  7.16502e-14  3.25916e-06
4.663871472e+00  1.42623e-03  1.18038e-03  8.00522e-04  7.13454e-14  3.19353e-06
4.666786392e+00  1.44257e-03  1.19045e-03  8.14751e-04  7.39570e-14  3.25766e-06
4.669703133e+00  1.42942e-03  1.18203e-03  8.03769e-04  7.43090e-14  3.22103e-06
4.672621697e+00  1.44490e-03  1.19155e-03  8.17280e-04  7.69541e-14  3.28259e-06
4.675542086e+00  1.43194e-03  1.18326e-03  8.06445e-04  7.73359e-14  3.24640e-06
4.678464300e+00  1.43421e-03  1.18450e-03  8.08647e-04  7.89780e-14  3.26263e-06
4.681388340e+00  1.44016e-03  1.18805e-03  8.14004e-04  8.09671e-14  3.29167e-06
4.684314208e+00  1.45373e-03  1.19633e-03  8.25905e-04  8.36648e-14  3.34735e-06
4.687241904e+00  1.42671e-03  1.17926e-03  8.03015e-04  8.28440e-14  3.26194e-06
4.690171430e+00  1.44913e-03  1.19310e-03  8.22483e-04  8.64139e-14  3.34857e-06
4.693102787e+00  1.43984e-03  1.18712e-03  8.14774e-04  8.71783e-14  3.32468e-06
4.696035977e+00  1.43909e-03  1.18648e-03  8.14397e-04  8.87394e-14  3.33065e-06
4.698970999e+00  1.45424e-03  1.19573e-03  8.27662e-04  9.18412e-14  3.39254e-06
4.701907856e+00  1.44226e-03  1.18809e-03  8.17635e-04  9.23938e-14  3.35901e-06
4.704846548e+00  1.44134e-03  1.18734e-03  8.17115e-04  9.40287e-14  3.36445e-06
4.707787078e+00  1.45992e-03  1.19871e-03  8.33349e-04  9.76545e-14  3.43903e-06
4.710729444e+00  1.44686e-03  1.19042e-03  8.22376e-04  9.81339e-14  3.40140e-06
4.713673650e+00  1.46093e-03  1.19896e-03  8.34743e-04  1.01433e-13  3.46033e-06
4.716619696e+00  1.44946e-03  1.19167e-03  8.25140e-04  1.02100e-13  3.42823e-06
4.719567584e+00  1.46840e-03  1.20320e-03  8.41714e-04  1.06055e-13  3.50497e-06
4.722517313e+00  1.44506e-03  1.18857e-03  8.21879e-04  1.05448e-13  3.43008e-06
4.725468887e+00  1.46801e-03  1.20259e-03  8.41912e-04  1.09990e-13  3.52160e-06
4.728422305e+00  1.45107e-03  1.19194e-03  8.27574e-04  1.10090e-13  3.46942e-06
4.731377569e+00  1.44740e-03  1.18948e-03  8.24676e-04  1.11704e-13  3.46504e-06
4.734334680e+00  1.47598e-03  1.20693e-03  8.49593e-04  1.17176e-13  3.57776e-06
4.737293639e+00  1.44823e-03  1.18963e-03  8.25918e-04  1.15985e-13  3.48588e-06
4.740254447e+00  1.47141e-03  1.20375e-03  8.46175e-04  1.20992e-13  3.57941e-06
4.743217107e+00  1.45342e-03  1.19247e-03  8.30914e-04  1.20971e-13  3.52275e-06
4.746181617e+00  1.46839e-03  1.20152e-03  8.44096e-04  1.25123e-13  3.58666e-06
4.749147981e+00  1.46656e-03  1.20021e-03  8.42778e-04  1.27196e-13  3.58910e-06
4.752116198e+00  1.46737e-03  1.20052e-03  8.43748e-04  1.29654e-13  3.60130e-06
4.755086271e+00  1.46987e-03  1.20187e-03  8.46169e-04  1.32384e-13  3.61973e-06
4.758058200e+00  1.47400e-03  1.20422e-03  8.50009e-04  1.35395e-13  3.64431e-06
4.761031986e+00  1.45563e-03  1.19274e-03  8.34404e-04  1.35317e-13  3.58542e-06
4.764007631e+00  1.48380e-03  1.20984e-03  8.59036e-04  1.41833e-13  3.69954e-06
4.766985136e+00  1.47556e-03  1.20461e-03  8.52157e-04  1.43242e-13  3.67813e-06
4.769964502e+00  1.47587e-03  1.20461e-03  8.52692e-04  1.45923e-13  3.68868e-06
4.772945729e+00  1.47400e-03  1.20328e-03  8.51340e-04  1.48323e-13  3.69107e-06
4.775928820e+00  1.48670e-03  1.21085e-03  8.62624e-04  1.53002e-13  3.74835e-06
4.778913776e+00  1.47639e-03  1.20436e-03  8.53945e-04  1.54195e-13  3.71894e-06
4.781900597e+00  1.48552e-03  1.20975e-03  8.62133e-04  1.58480e-13  3.76298e-06
4.784889285e+00  1.48071e-03  1.20662e-03  8.58220e-04  1.60603e-13  3.75428e-06
4.787879841e+00  1.48628e-03  1.20982e-03  8.63323e-04  1.64467e-13  3.78503e-06
4.790872266e+00  1.46578e-03  1.19712e-03  8.45818e-04  1.64031e-13  3.71656e-06
4.793866561e+00  1.51038e-03  1.22405e-03  8.84843e-04  1.74685e-13  3.89671e-06
4.796862727e+00  1.47739e-03  1.20384e-03  8.56408e-04  1.72110e-13  3.77990e-06
4.799860767e+00  1.48142e-03  1.20611e-03  8.60169e-04  1.75969e-13  3.80496e-06
4.802860680e+00  1.49873e-03  1.21642e-03  8.75491e-04  1.82318e-13  3.88137e-06
4.805862468e+00  1.49018e-03  1.21105e-03  8.68323e-04  1.84068e-13  3.85816e-06
4.808866132e+00  1.49136e-03  1.21157e-03  8.69616e-04  1.87646e-13  3.87251e-06
4.811871673e+00  1.49141e-03  1.21141e-03  8.69928e-04  1.91075e-13  3.88252e-06
4.814879093e+00  1.49248e-03  1.21187e-03  8.71126e-04  1.94762e-13  3.89652e-06
4.817888392e+00  1.50146e-03  1.21710e-03  8.79218e-04  2.00087e-13  3.94145e-06
4.820899572e+00  1.47912e-03  1.20338e-03  8.60041e-04  1.99221e-13  3.86405e-06
4.823912635e+00  1.51817e-03  1.22677e-03  8.94355e-04  2.10870e-13  4.02714e-06
4.826927580e+00  1.49435e-03  1.21223e-03  8.73824e-04  2.09707e-13  3.94343e-06
4.829944410e+00  1.48742e-03  1.20784e-03  8.68059e-04  2.12039e-13  3.92611e-06
4.832963125e+00  1.52002e-03  1.22728e-03  8.96785e-04  2.22961e-13  4.06503e-06
4.835983727e+00  1.49027e-03  1.20919e-03  8.71076e-04  2.20427e-13  3.95725e-06
4.839006217e+00  1.49450e-03  1.21155e-03  8.75029e-04  2.25370e-13  3.98402e-06
4.842030596e+00  1.49256e-03  1.21018e-03  8.73603e-04  2.29005e-13  3.98633e-06
4.845056865e+00  1.51986e-03  1.22639e-03  8.97727e-04  2.39513e-13  4.10548e-06
4.848085025e+00  1.51420e-03  1.22281e-03  8.93044e-04  2.42497e-13  4.09310e-06
4.851115078e+00  1.49059e-03  1.20841e-03  8.72684e-04  2.41176e-13  4.00863e-06
4.854147025e+00  1.52257e-03  1.22742e-03  9.00913e-04  2.53395e-13  4.14745e-06
4.857180867e+00  1.51490e-03  1.22264e-03  8.94466e-04  2.56043e-13  4.12687e-06
4.860216605e+00  1.49932e-03  1.21310e-03  8.81111e-04  2.56689e-13  4.07423e-06
4.863254241e+00  1.52218e-03  1.22659e-03  9.01380e-04  2.67244e-13  4.17716e-06
4.866293775e+00  1.51954e-03  1.22482e-03  8.99343e-04  2.71359e-13  4.17692e-06
4.869335208e+00  1.50703e-03  1.21713e-03  8.88652e-04  2.72875e-13  4.13636e-06
4.872378543e+00  1.52693e-03  1.22882e-03  9.06363e-04  2.83232e-13  4.22810e-06
4.875423779e+00  1.53401e-03  1.23283e-03  9.12860e-04  2.90300e-13  4.26779e-06
4.878470919e+00  1.51207e-03  1.21956e-03  8.93875e-04  2.89280e-13  4.18824e-06
4.881519964e+00  1.51325e-03  1.22007e-03  8.95176e-04  2.94810e-13  4.20356e-06
4.884570914e+00  1.53252e-03  1.23134e-03  9.12364e-04  3.05767e-13  4.29370e-06
4.887623770e+00  1.52571e-03  1.22709e-03  9.06649e-04  3.09204e-13  4.27618e-06
4.890678535e+00  1.52194e-03  1.22465e-03  9.03610e-04  3.13592e-13  4.27122e-06
4.893735209e+00  1.53381e-03  1.23150e-03  9.14311e-04  3.22888e-13  4.33130e-06
4.896793794e+00  1.52879e-03  1.22832e-03  9.10164e-04  3.27073e-13  4.32112e-06
4.899854290e+00  1.52092e-03  1.22345e-03  9.03520e-04  3.30390e-13  4.29898e-06
4.902916699e+00  1.51772e-03  1.22135e-03  9.00985e-04  3.35247e-13  4.29633e-06
4.905981022e+00  1.54379e-03  1.23659e-03  9.24191e-04  3.49915e-13  4.41664e-06
4.909047260e+00  1.53984e-03  1.23405e-03  9.20976e-04  3.54811e-13  4.41092e-06
4.912115414e+00  1.52628e-03  1.22583e-03  9.09314e-04  3.56456e-13  4.36460e-06
4.915185487e+00  1.55210e-03  1.24087e-03  9.32341e-04  3.71882e-13  4.48492e-06
4.918257477e+00  1.53599e-03  1.23117e-03  9.18400e-04  3.72731e-13  4.42753e-06
4.921331388e+00  1.54021e-03  1.23346e-03  9.22393e-04  3.80898e-13  4.45650e-06
4.924407221e+00  1.53571e-03  1.23060e-03  9.18695e-04  3.86000e-13  4.44833e-06
4.927484975e+00  1.55499e-03  1.24174e-03  9.35988e-04  4.00134e-13  4.54196e-06
4.930564653e+00  1.53909e-03  1.23219e-03  9.22221e-04  4.01128e-13  4.48492e-06
4.933646256e+00  1.53298e-03  1.22838e-03  9.17108e-04  4.05861e-13  4.46979e-06
4.936729785e+00  1.56664e-03  1.24793e-03  9.47116e-04  4.26446e-13  4.62610e-06
4.939815241e+00  1.53092e-03  1.22676e-03  9.15834e-04  4.19543e-13  4.48306e-06
4.942902626e+00  1.55310e-03  1.23960e-03  9.35682e-04  4.36096e-13  4.59019e-06
4.945991940e+00  1.54208e-03  1.23293e-03  9.26219e-04  4.39194e-13  4.55366e-06
4.949083185e+00  1.56252e-03  1.24469e-03  9.44561e-04  4.55676e-13  4.65393e-06
4.952176362e+00  1.54487e-03  1.23415e-03  9.29223e-04  4.56063e-13  4.58832e-06
4.955271472e+00  1.55833e-03  1.24183e-03  9.41400e-04  4.70060e-13  4.65855e-06
4.958368517e+00  1.56122e-03  1.24331e-03  9.44235e-04  4.79655e-13  4.68273e-06
4.961467497e+00  1.56794e-03  1.24701e-03  9.50462e-04  4.91188e-13  4.72384e-06
4.964568414e+00  1.53850e-03  1.22960e-03  9.24682e-04  4.86144e-13  4.60568e-06
4.967671269e+00  1.57690e-03  1.25179e-03  9.58959e-04  5.12893e-13  4.78677e-06
4.970776064e+00  1.56241e-03  1.24316e-03  9.46381e-04  5.14923e-13  4.73422e-06
4.973882799e+00  1.55339e-03  1.23770e-03  9.38669e-04  5.19557e-13  4.70581e-06
4.976991476e+00  1.54833e-03  1.23454e-03  9.34465e-04  5.26168e-13  4.69488e-06
4.980102095e+00  1.58258e-03  1.25423e-03  9.65117e-04  5.52809e-13  4.85936e-06
4.983214659e+00  1.56948e-03  1.24643e-03  9.53746e-04  5.55723e-13  4.81249e-06
4.986329168e+00  1.55851e-03  1.23985e-03  9.44291e-04  5.59702e-13  4.77508e-06
4.989445624e+00  1.58760e-03  1.25649e-03  9.70404e-04  5.85091e-13  4.91772e-06
4.992564028e+00  1.57213e-03  1.24734e-03  9.56925e-04  5.86900e-13  4.85988e-06
4.995684380e+00  1.56479e-03  1.24288e-03  9.50687e-04  5.93108e-13  4.83862e-06
4.998806683e+00  1.57192e-03  1.24680e-03  9.57291e-04  6.07500e-13  4.88273e-06
